 # action(x) =  9.305273667978209
 # |grad_action(x)| =  1.332509896885963E-11
 # PRINTSTEPS = 50
 #
 #BODY NUMBER  1
 1.472076970400934 -2.200844175376126
 1.455538679645605 -2.193248939440462
 1.438733794749471 -2.185215143467282
 1.421536654407661 -2.176589464316095
 1.403960685051333 -2.167434686989323
 1.386046931941904 -2.157780321942623
 1.367789670837410 -2.147569209746041
 1.349161331639315 -2.136786634984620
 1.330160199647393 -2.125485249952293
 1.310802994341260 -2.113675201488055
 1.291088559416799 -2.101304332268684
 1.270996542294762 -2.088360817051023
 1.250516355473307 -2.074894609881030
 1.229653796393749 -2.060918074244108
 1.208407499667354 -2.046379443451485
 1.186758546940180 -2.031260316119791
 1.164689338643327 -2.015609394606465
 1.142196499638368 -1.999446539506992
 1.119275888427229 -1.982720413130568
 1.095907565998038 -1.965402810782136
 1.072066839127242 -1.947540965513125
 1.047740432250311 -1.929165507148894
 1.022918689916253 -1.910227383103555
 0.9975781169028257 -1.890687124835479
 0.9716853519016149 -1.870590001768045
 0.9452147294913840 -1.849980886733923
 0.9181471652008609 -1.828816547088303
 0.8904518107329135 -1.807046100152158
 0.8620831182946208 -1.784713078311838
 0.8329982293894244 -1.761881995676006
 0.8031624056353259 -1.738521951859423
 0.7725311519502509 -1.714572869065170
 0.7410401604479679 -1.690079491501473
 0.7086209431792428 -1.665136778234290
 0.6752129912647847 -1.639739612830027
 0.6407478887431558 -1.613827084783901
 0.6051316613764428 -1.587456266470653
 0.5682569832655793 -1.560777919184057
 0.5300231197459661 -1.533844241929416
 0.4903248019931671 -1.506619004566941
 0.4490270529014387 -1.479205959724305
 0.4059733993058189 -1.451876145047416
 0.3610188641303440 -1.424817278268350
 0.3140327500025153 -1.398084157379983
 0.2648713617717224 -1.371912559899867
 0.2133887839805437 -1.346841267555915
 0.1595040951763937 -1.323344782187743
 0.1032457098872678 -1.301625364724221
 4.472649737864785E-02 -1.282083260372938
 -1.586086526268738E-02 -1.265672404976033
 -7.813355659197992E-02 -1.253066056616228
 -0.1413852853565913 -1.243247673900214
 -0.2052264874446814 -1.238612725470969
 -0.2687396651680256 -1.236914385076327
 -0.3314648180534052 -1.239301827769624
 -0.3928777260163310 -1.245204946536642
 -0.4525764342176221 -1.253737428589365
 -0.5103610840391085 -1.264534592929940
 -0.5661585706302618 -1.277405723671089
 -0.6199412039014268 -1.291870265367089
 -0.6717301946415986 -1.307370430268277
 -0.7216126269386168 -1.323644196055328
 -0.7697035563533846 -1.340608817086973
 -0.8161021075634259 -1.358048815759142
 -0.8608998990301553 -1.375664940815480
 -0.9042051644338041 -1.393325781079465
 -0.9461286196752541 -1.411043004358871
 -0.9867567062964913 -1.428743125494375
 -1.026160157476125 -1.446255133861265
 -1.064417732687651 -1.463502313368060
 -1.101609777778251 -1.480528656948523
 -1.137796405359323 -1.497325563653720
 -1.173023032297313 -1.513785120872520
 -1.207342277436324 -1.529849287191711
 -1.240810989595938 -1.545566615322118
 -1.273469958507664 -1.560959416399927
 -1.305346462188548 -1.575955200213876
 -1.336475110539503 -1.590501318640927
 -1.366897389388907 -1.604640428339494
 -1.396641603385781 -1.618410372743175
 -1.425722686778105 -1.631761661921718
 -1.454162984132629 -1.644642691438030
 -1.481994253023094 -1.657086646345344
 -1.509236916668108 -1.669139158606785
 -1.535897033979770 -1.680767399631168
 -1.561988061867611 -1.691919797836963
 -1.587535763307319 -1.702619360573038
 -1.612555701465562 -1.712915184665641
 -1.637046705774660 -1.722787158809893
 -1.661014990709080 -1.732183872454821
 -1.684483123402744 -1.741119009148664
 -1.707464058129696 -1.749642707111751
 -1.729949369377512 -1.757744220329129
 -1.751938157553895 -1.765372493021139
 -1.773452910780584 -1.772534478477536
 -1.794506467299566 -1.779280742526187
 -1.815080256186907 -1.785605151642489
 -1.835164125751476 -1.791456013008557
 -1.854788246294587 -1.796841475654321
 -1.873971030530718 -1.801815954093691
 -1.892665854993987 -1.806359907781514
 -1.910845538286693 -1.810415169740874
 -1.928666960255313 -1.814102931814393
 -1.945870926354700 -1.817233041047239
 -1.962722047209470 -1.820037313594244
 -1.979053478680775 -1.822365461426860
 -1.994881113395367 -1.824237857042414
 -2.010256631908711 -1.825706180364636
 -2.025171501059702 -1.826765454652467
 -2.039591334557821 -1.827388538621207
 -2.053517441874567 -1.827582099485633
 -2.066975327203746 -1.827373071994310
 -2.079967850871256 -1.826765965963990
 -2.092475417160858 -1.825745984397141
 -2.104493436368971 -1.824313318786322
 -2.116038977677799 -1.822486279986984
 -2.127120152629245 -1.820273033731677
 -2.137724641062944 -1.817664118018169
 -2.147844530967234 -1.814655762951031
 -2.157491150897589 -1.811260478466388
 -2.166675182044161 -1.807487980460869
 -2.175389260995860 -1.803332295199422
 -2.183623236713779 -1.798786999605776
 -2.191383360819123 -1.793859833387986
 -2.198681325326620 -1.788561044912867
 -2.205513769140832 -1.782887562995804
 -2.211869042429151 -1.776831258970102
 -2.217748465121526 -1.770395610851012
 -2.223163626759089 -1.763590758121160
 -2.228114765865269 -1.756416401044934
 -2.232589399544358 -1.748863522755561
 -2.236583842215008 -1.740931617985510
 -2.240108630841879 -1.732630213864348
 -2.243167512889878 -1.723961896053360
 -2.245747876349970 -1.714917572277861
 -2.247840775404436 -1.705492888437053
 -2.249454748439591 -1.695696294114284
 -2.250597270037517 -1.685533623343842
 -2.251256474034233 -1.674996649302361
 -2.251417626212998 -1.664077141708680
 -2.251086176775570 -1.652781964041571
 -2.250274112491057 -1.641120997252609
 -2.248971654767248 -1.629088170474110
 -2.247157127589967 -1.616670961932318
 -2.244831374933741 -1.603873887128909
 -2.242013215993369 -1.590712718861285
 -2.238697613851204 -1.577185682482446
 -2.234852594807342 -1.563273973017078
 -2.230471367866711 -1.548977811495508
 -2.225588102387438 -1.534324611806119
 -2.220209564073234 -1.519321571729352
 -2.214273788256759 -1.503929934661487
 -2.207757354111885 -1.488138788263826
 -2.200844175376126 -1.472076970400934
 -2.193248939440462 -1.455538679645605
 -2.185215143467282 -1.438733794749471
 -2.176589464316095 -1.421536654407661
 -2.167434686989323 -1.403960685051333
 -2.157780321942623 -1.386046931941904
 -2.147569209746041 -1.367789670837410
 -2.136786634984620 -1.349161331639315
 -2.125485249952293 -1.330160199647393
 -2.113675201488055 -1.310802994341260
 -2.101304332268684 -1.291088559416799
 -2.088360817051023 -1.270996542294762
 -2.074894609881030 -1.250516355473307
 -2.060918074244108 -1.229653796393749
 -2.046379443451485 -1.208407499667354
 -2.031260316119791 -1.186758546940180
 -2.015609394606465 -1.164689338643327
 -1.999446539506992 -1.142196499638368
 -1.982720413130568 -1.119275888427229
 -1.965402810782136 -1.095907565998038
 -1.947540965513125 -1.072066839127242
 -1.929165507148894 -1.047740432250311
 -1.910227383103555 -1.022918689916253
 -1.890687124835479 -0.9975781169028257
 -1.870590001768045 -0.9716853519016149
 -1.849980886733923 -0.9452147294913840
 -1.828816547088303 -0.9181471652008609
 -1.807046100152158 -0.8904518107329135
 -1.784713078311838 -0.8620831182946208
 -1.761881995676006 -0.8329982293894244
 -1.738521951859423 -0.8031624056353259
 -1.714572869065170 -0.7725311519502509
 -1.690079491501473 -0.7410401604479679
 -1.665136778234290 -0.7086209431792428
 -1.639739612830027 -0.6752129912647847
 -1.613827084783901 -0.6407478887431558
 -1.587456266470653 -0.6051316613764428
 -1.560777919184057 -0.5682569832655793
 -1.533844241929416 -0.5300231197459661
 -1.506619004566941 -0.4903248019931671
 -1.479205959724305 -0.4490270529014387
 -1.451876145047416 -0.4059733993058189
 -1.424817278268350 -0.3610188641303440
 -1.398084157379983 -0.3140327500025153
 -1.371912559899867 -0.2648713617717224
 -1.346841267555915 -0.2133887839805437
 -1.323344782187743 -0.1595040951763937
 -1.301625364724221 -0.1032457098872678
 -1.282083260372938 -4.472649737864785E-02
 -1.265672404976033 1.586086526268738E-02
 -1.253066056616228 7.813355659197992E-02
 -1.243247673900214 0.1413852853565913
 -1.238612725470969 0.2052264874446814
 -1.236914385076327 0.2687396651680256
 -1.239301827769624 0.3314648180534052
 -1.245204946536642 0.3928777260163310
 -1.253737428589365 0.4525764342176221
 -1.264534592929940 0.5103610840391085
 -1.277405723671089 0.5661585706302618
 -1.291870265367089 0.6199412039014268
 -1.307370430268277 0.6717301946415986
 -1.323644196055328 0.7216126269386168
 -1.340608817086973 0.7697035563533846
 -1.358048815759142 0.8161021075634259
 -1.375664940815480 0.8608998990301553
 -1.393325781079465 0.9042051644338041
 -1.411043004358871 0.9461286196752541
 -1.428743125494375 0.9867567062964913
 -1.446255133861265 1.026160157476125
 -1.463502313368060 1.064417732687651
 -1.480528656948523 1.101609777778251
 -1.497325563653720 1.137796405359323
 -1.513785120872520 1.173023032297313
 -1.529849287191711 1.207342277436324
 -1.545566615322118 1.240810989595938
 -1.560959416399927 1.273469958507664
 -1.575955200213876 1.305346462188548
 -1.590501318640927 1.336475110539503
 -1.604640428339494 1.366897389388907
 -1.618410372743175 1.396641603385781
 -1.631761661921718 1.425722686778105
 -1.644642691438030 1.454162984132629
 -1.657086646345344 1.481994253023094
 -1.669139158606785 1.509236916668108
 -1.680767399631168 1.535897033979770
 -1.691919797836963 1.561988061867611
 -1.702619360573038 1.587535763307319
 -1.712915184665641 1.612555701465562
 -1.722787158809893 1.637046705774660
 -1.732183872454821 1.661014990709080
 -1.741119009148664 1.684483123402744
 -1.749642707111751 1.707464058129696
 -1.757744220329129 1.729949369377512
 -1.765372493021139 1.751938157553895
 -1.772534478477536 1.773452910780584
 -1.779280742526187 1.794506467299566
 -1.785605151642489 1.815080256186907
 -1.791456013008557 1.835164125751476
 -1.796841475654321 1.854788246294587
 -1.801815954093691 1.873971030530718
 -1.806359907781514 1.892665854993987
 -1.810415169740874 1.910845538286693
 -1.814102931814393 1.928666960255313
 -1.817233041047239 1.945870926354700
 -1.820037313594244 1.962722047209470
 -1.822365461426860 1.979053478680775
 -1.824237857042414 1.994881113395367
 -1.825706180364636 2.010256631908711
 -1.826765454652467 2.025171501059702
 -1.827388538621207 2.039591334557821
 -1.827582099485633 2.053517441874567
 -1.827373071994310 2.066975327203746
 -1.826765965963990 2.079967850871256
 -1.825745984397141 2.092475417160858
 -1.824313318786322 2.104493436368971
 -1.822486279986984 2.116038977677799
 -1.820273033731677 2.127120152629245
 -1.817664118018169 2.137724641062944
 -1.814655762951031 2.147844530967234
 -1.811260478466388 2.157491150897589
 -1.807487980460869 2.166675182044161
 -1.803332295199422 2.175389260995860
 -1.798786999605776 2.183623236713779
 -1.793859833387986 2.191383360819123
 -1.788561044912867 2.198681325326620
 -1.782887562995804 2.205513769140832
 -1.776831258970102 2.211869042429151
 -1.770395610851012 2.217748465121526
 -1.763590758121160 2.223163626759089
 -1.756416401044934 2.228114765865269
 -1.748863522755561 2.232589399544358
 -1.740931617985510 2.236583842215008
 -1.732630213864348 2.240108630841879
 -1.723961896053360 2.243167512889878
 -1.714917572277861 2.245747876349970
 -1.705492888437053 2.247840775404436
 -1.695696294114284 2.249454748439591
 -1.685533623343842 2.250597270037517
 -1.674996649302361 2.251256474034233
 -1.664077141708680 2.251417626212998
 -1.652781964041571 2.251086176775570
 -1.641120997252609 2.250274112491057
 -1.629088170474110 2.248971654767248
 -1.616670961932318 2.247157127589967
 -1.603873887128909 2.244831374933741
 -1.590712718861285 2.242013215993369
 -1.577185682482446 2.238697613851204
 -1.563273973017078 2.234852594807342
 -1.548977811495508 2.230471367866711
 -1.534324611806119 2.225588102387438
 -1.519321571729352 2.220209564073234
 -1.503929934661487 2.214273788256759
 -1.488138788263826 2.207757354111885
 -1.472076970400934 2.200844175376126
 -1.455538679645605 2.193248939440462
 -1.438733794749471 2.185215143467282
 -1.421536654407661 2.176589464316095
 -1.403960685051333 2.167434686989323
 -1.386046931941904 2.157780321942623
 -1.367789670837410 2.147569209746041
 -1.349161331639315 2.136786634984620
 -1.330160199647393 2.125485249952293
 -1.310802994341260 2.113675201488055
 -1.291088559416799 2.101304332268684
 -1.270996542294762 2.088360817051023
 -1.250516355473307 2.074894609881030
 -1.229653796393749 2.060918074244108
 -1.208407499667354 2.046379443451485
 -1.186758546940180 2.031260316119791
 -1.164689338643327 2.015609394606465
 -1.142196499638368 1.999446539506992
 -1.119275888427229 1.982720413130568
 -1.095907565998038 1.965402810782136
 -1.072066839127242 1.947540965513125
 -1.047740432250311 1.929165507148894
 -1.022918689916253 1.910227383103555
 -0.9975781169028257 1.890687124835479
 -0.9716853519016149 1.870590001768045
 -0.9452147294913840 1.849980886733923
 -0.9181471652008609 1.828816547088303
 -0.8904518107329135 1.807046100152158
 -0.8620831182946208 1.784713078311838
 -0.8329982293894244 1.761881995676006
 -0.8031624056353259 1.738521951859423
 -0.7725311519502509 1.714572869065170
 -0.7410401604479679 1.690079491501473
 -0.7086209431792428 1.665136778234290
 -0.6752129912647847 1.639739612830027
 -0.6407478887431558 1.613827084783901
 -0.6051316613764428 1.587456266470653
 -0.5682569832655793 1.560777919184057
 -0.5300231197459661 1.533844241929416
 -0.4903248019931671 1.506619004566941
 -0.4490270529014387 1.479205959724305
 -0.4059733993058189 1.451876145047416
 -0.3610188641303440 1.424817278268350
 -0.3140327500025153 1.398084157379983
 -0.2648713617717224 1.371912559899867
 -0.2133887839805437 1.346841267555915
 -0.1595040951763937 1.323344782187743
 -0.1032457098872678 1.301625364724221
 -4.472649737864785E-02 1.282083260372938
 1.586086526268738E-02 1.265672404976033
 7.813355659197992E-02 1.253066056616228
 0.1413852853565913 1.243247673900214
 0.2052264874446814 1.238612725470969
 0.2687396651680256 1.236914385076327
 0.3314648180534052 1.239301827769624
 0.3928777260163310 1.245204946536642
 0.4525764342176221 1.253737428589365
 0.5103610840391085 1.264534592929940
 0.5661585706302618 1.277405723671089
 0.6199412039014268 1.291870265367089
 0.6717301946415986 1.307370430268277
 0.7216126269386168 1.323644196055328
 0.7697035563533846 1.340608817086973
 0.8161021075634259 1.358048815759142
 0.8608998990301553 1.375664940815480
 0.9042051644338041 1.393325781079465
 0.9461286196752541 1.411043004358871
 0.9867567062964913 1.428743125494375
 1.026160157476125 1.446255133861265
 1.064417732687651 1.463502313368060
 1.101609777778251 1.480528656948523
 1.137796405359323 1.497325563653720
 1.173023032297313 1.513785120872520
 1.207342277436324 1.529849287191711
 1.240810989595938 1.545566615322118
 1.273469958507664 1.560959416399927
 1.305346462188548 1.575955200213876
 1.336475110539503 1.590501318640927
 1.366897389388907 1.604640428339494
 1.396641603385781 1.618410372743175
 1.425722686778105 1.631761661921718
 1.454162984132629 1.644642691438030
 1.481994253023094 1.657086646345344
 1.509236916668108 1.669139158606785
 1.535897033979770 1.680767399631168
 1.561988061867611 1.691919797836963
 1.587535763307319 1.702619360573038
 1.612555701465562 1.712915184665641
 1.637046705774660 1.722787158809893
 1.661014990709080 1.732183872454821
 1.684483123402744 1.741119009148664
 1.707464058129696 1.749642707111751
 1.729949369377512 1.757744220329129
 1.751938157553895 1.765372493021139
 1.773452910780584 1.772534478477536
 1.794506467299566 1.779280742526187
 1.815080256186907 1.785605151642489
 1.835164125751476 1.791456013008557
 1.854788246294587 1.796841475654321
 1.873971030530718 1.801815954093691
 1.892665854993987 1.806359907781514
 1.910845538286693 1.810415169740874
 1.928666960255313 1.814102931814393
 1.945870926354700 1.817233041047239
 1.962722047209470 1.820037313594244
 1.979053478680775 1.822365461426860
 1.994881113395367 1.824237857042414
 2.010256631908711 1.825706180364636
 2.025171501059702 1.826765454652467
 2.039591334557821 1.827388538621207
 2.053517441874567 1.827582099485633
 2.066975327203746 1.827373071994310
 2.079967850871256 1.826765965963990
 2.092475417160858 1.825745984397141
 2.104493436368971 1.824313318786322
 2.116038977677799 1.822486279986984
 2.127120152629245 1.820273033731677
 2.137724641062944 1.817664118018169
 2.147844530967234 1.814655762951031
 2.157491150897589 1.811260478466388
 2.166675182044161 1.807487980460869
 2.175389260995860 1.803332295199422
 2.183623236713779 1.798786999605776
 2.191383360819123 1.793859833387986
 2.198681325326620 1.788561044912867
 2.205513769140832 1.782887562995804
 2.211869042429151 1.776831258970102
 2.217748465121526 1.770395610851012
 2.223163626759089 1.763590758121160
 2.228114765865269 1.756416401044934
 2.232589399544358 1.748863522755561
 2.236583842215008 1.740931617985510
 2.240108630841879 1.732630213864348
 2.243167512889878 1.723961896053360
 2.245747876349970 1.714917572277861
 2.247840775404436 1.705492888437053
 2.249454748439591 1.695696294114284
 2.250597270037517 1.685533623343842
 2.251256474034233 1.674996649302361
 2.251417626212998 1.664077141708680
 2.251086176775570 1.652781964041571
 2.250274112491057 1.641120997252609
 2.248971654767248 1.629088170474110
 2.247157127589967 1.616670961932318
 2.244831374933741 1.603873887128909
 2.242013215993369 1.590712718861285
 2.238697613851204 1.577185682482446
 2.234852594807342 1.563273973017078
 2.230471367866711 1.548977811495508
 2.225588102387438 1.534324611806119
 2.220209564073234 1.519321571729352
 2.214273788256759 1.503929934661487
 2.207757354111885 1.488138788263826
 2.200844175376126 1.472076970400934
 2.193248939440462 1.455538679645605
 2.185215143467282 1.438733794749471
 2.176589464316095 1.421536654407661
 2.167434686989323 1.403960685051333
 2.157780321942623 1.386046931941904
 2.147569209746041 1.367789670837410
 2.136786634984620 1.349161331639315
 2.125485249952293 1.330160199647393
 2.113675201488055 1.310802994341260
 2.101304332268684 1.291088559416799
 2.088360817051023 1.270996542294762
 2.074894609881030 1.250516355473307
 2.060918074244108 1.229653796393749
 2.046379443451485 1.208407499667354
 2.031260316119791 1.186758546940180
 2.015609394606465 1.164689338643327
 1.999446539506992 1.142196499638368
 1.982720413130568 1.119275888427229
 1.965402810782136 1.095907565998038
 1.947540965513125 1.072066839127242
 1.929165507148894 1.047740432250311
 1.910227383103555 1.022918689916253
 1.890687124835479 0.9975781169028257
 1.870590001768045 0.9716853519016149
 1.849980886733923 0.9452147294913840
 1.828816547088303 0.9181471652008609
 1.807046100152158 0.8904518107329135
 1.784713078311838 0.8620831182946208
 1.761881995676006 0.8329982293894244
 1.738521951859423 0.8031624056353259
 1.714572869065170 0.7725311519502509
 1.690079491501473 0.7410401604479679
 1.665136778234290 0.7086209431792428
 1.639739612830027 0.6752129912647847
 1.613827084783901 0.6407478887431558
 1.587456266470653 0.6051316613764428
 1.560777919184057 0.5682569832655793
 1.533844241929416 0.5300231197459661
 1.506619004566941 0.4903248019931671
 1.479205959724305 0.4490270529014387
 1.451876145047416 0.4059733993058189
 1.424817278268350 0.3610188641303440
 1.398084157379983 0.3140327500025153
 1.371912559899867 0.2648713617717224
 1.346841267555915 0.2133887839805437
 1.323344782187743 0.1595040951763937
 1.301625364724221 0.1032457098872678
 1.282083260372938 4.472649737864785E-02
 1.265672404976033 -1.586086526268738E-02
 1.253066056616228 -7.813355659197992E-02
 1.243247673900214 -0.1413852853565913
 1.238612725470969 -0.2052264874446814
 1.236914385076327 -0.2687396651680256
 1.239301827769624 -0.3314648180534052
 1.245204946536642 -0.3928777260163310
 1.253737428589365 -0.4525764342176221
 1.264534592929940 -0.5103610840391085
 1.277405723671089 -0.5661585706302618
 1.291870265367089 -0.6199412039014268
 1.307370430268277 -0.6717301946415986
 1.323644196055328 -0.7216126269386168
 1.340608817086973 -0.7697035563533846
 1.358048815759142 -0.8161021075634259
 1.375664940815480 -0.8608998990301553
 1.393325781079465 -0.9042051644338041
 1.411043004358871 -0.9461286196752541
 1.428743125494375 -0.9867567062964913
 1.446255133861265 -1.026160157476125
 1.463502313368060 -1.064417732687651
 1.480528656948523 -1.101609777778251
 1.497325563653720 -1.137796405359323
 1.513785120872520 -1.173023032297313
 1.529849287191711 -1.207342277436324
 1.545566615322118 -1.240810989595938
 1.560959416399927 -1.273469958507664
 1.575955200213876 -1.305346462188548
 1.590501318640927 -1.336475110539503
 1.604640428339494 -1.366897389388907
 1.618410372743175 -1.396641603385781
 1.631761661921718 -1.425722686778105
 1.644642691438030 -1.454162984132629
 1.657086646345344 -1.481994253023094
 1.669139158606785 -1.509236916668108
 1.680767399631168 -1.535897033979770
 1.691919797836963 -1.561988061867611
 1.702619360573038 -1.587535763307319
 1.712915184665641 -1.612555701465562
 1.722787158809893 -1.637046705774660
 1.732183872454821 -1.661014990709080
 1.741119009148664 -1.684483123402744
 1.749642707111751 -1.707464058129696
 1.757744220329129 -1.729949369377512
 1.765372493021139 -1.751938157553895
 1.772534478477536 -1.773452910780584
 1.779280742526187 -1.794506467299566
 1.785605151642489 -1.815080256186907
 1.791456013008557 -1.835164125751476
 1.796841475654321 -1.854788246294587
 1.801815954093691 -1.873971030530718
 1.806359907781514 -1.892665854993987
 1.810415169740874 -1.910845538286693
 1.814102931814393 -1.928666960255313
 1.817233041047239 -1.945870926354700
 1.820037313594244 -1.962722047209470
 1.822365461426860 -1.979053478680775
 1.824237857042414 -1.994881113395367
 1.825706180364636 -2.010256631908711
 1.826765454652467 -2.025171501059702
 1.827388538621207 -2.039591334557821
 1.827582099485633 -2.053517441874567
 1.827373071994310 -2.066975327203746
 1.826765965963990 -2.079967850871256
 1.825745984397141 -2.092475417160858
 1.824313318786322 -2.104493436368971
 1.822486279986984 -2.116038977677799
 1.820273033731677 -2.127120152629245
 1.817664118018169 -2.137724641062944
 1.814655762951031 -2.147844530967234
 1.811260478466388 -2.157491150897589
 1.807487980460869 -2.166675182044161
 1.803332295199422 -2.175389260995860
 1.798786999605776 -2.183623236713779
 1.793859833387986 -2.191383360819123
 1.788561044912867 -2.198681325326620
 1.782887562995804 -2.205513769140832
 1.776831258970102 -2.211869042429151
 1.770395610851012 -2.217748465121526
 1.763590758121160 -2.223163626759089
 1.756416401044934 -2.228114765865269
 1.748863522755561 -2.232589399544358
 1.740931617985510 -2.236583842215008
 1.732630213864348 -2.240108630841879
 1.723961896053360 -2.243167512889878
 1.714917572277861 -2.245747876349970
 1.705492888437053 -2.247840775404436
 1.695696294114284 -2.249454748439591
 1.685533623343842 -2.250597270037517
 1.674996649302361 -2.251256474034233
 1.664077141708680 -2.251417626212998
 1.652781964041571 -2.251086176775570
 1.641120997252609 -2.250274112491057
 1.629088170474110 -2.248971654767248
 1.616670961932318 -2.247157127589967
 1.603873887128909 -2.244831374933741
 1.590712718861285 -2.242013215993369
 1.577185682482446 -2.238697613851204
 1.563273973017078 -2.234852594807342
 1.548977811495508 -2.230471367866711
 1.534324611806119 -2.225588102387438
 1.519321571729352 -2.220209564073234
 1.503929934661487 -2.214273788256759
 1.488138788263826 -2.207757354111885
 1.472076970400934 -2.200844175376126
   
   
 #BODY NUMBER  2
 -1.243247673900214 0.1413852853565913
 -1.238612725470969 0.2052264874446814
 -1.236914385076327 0.2687396651680256
 -1.239301827769624 0.3314648180534052
 -1.245204946536642 0.3928777260163310
 -1.253737428589365 0.4525764342176221
 -1.264534592929940 0.5103610840391085
 -1.277405723671089 0.5661585706302618
 -1.291870265367089 0.6199412039014268
 -1.307370430268277 0.6717301946415986
 -1.323644196055328 0.7216126269386168
 -1.340608817086973 0.7697035563533846
 -1.358048815759142 0.8161021075634259
 -1.375664940815480 0.8608998990301553
 -1.393325781079465 0.9042051644338041
 -1.411043004358871 0.9461286196752541
 -1.428743125494375 0.9867567062964913
 -1.446255133861265 1.026160157476125
 -1.463502313368060 1.064417732687651
 -1.480528656948523 1.101609777778251
 -1.497325563653720 1.137796405359323
 -1.513785120872520 1.173023032297313
 -1.529849287191711 1.207342277436324
 -1.545566615322118 1.240810989595938
 -1.560959416399927 1.273469958507664
 -1.575955200213876 1.305346462188548
 -1.590501318640927 1.336475110539503
 -1.604640428339494 1.366897389388907
 -1.618410372743175 1.396641603385781
 -1.631761661921718 1.425722686778105
 -1.644642691438030 1.454162984132629
 -1.657086646345344 1.481994253023094
 -1.669139158606785 1.509236916668108
 -1.680767399631168 1.535897033979770
 -1.691919797836963 1.561988061867611
 -1.702619360573038 1.587535763307319
 -1.712915184665641 1.612555701465562
 -1.722787158809893 1.637046705774660
 -1.732183872454821 1.661014990709080
 -1.741119009148664 1.684483123402744
 -1.749642707111751 1.707464058129696
 -1.757744220329129 1.729949369377512
 -1.765372493021139 1.751938157553895
 -1.772534478477536 1.773452910780584
 -1.779280742526187 1.794506467299566
 -1.785605151642489 1.815080256186907
 -1.791456013008557 1.835164125751476
 -1.796841475654321 1.854788246294587
 -1.801815954093691 1.873971030530718
 -1.806359907781514 1.892665854993987
 -1.810415169740874 1.910845538286693
 -1.814102931814393 1.928666960255313
 -1.817233041047239 1.945870926354700
 -1.820037313594244 1.962722047209470
 -1.822365461426860 1.979053478680775
 -1.824237857042414 1.994881113395367
 -1.825706180364636 2.010256631908711
 -1.826765454652467 2.025171501059702
 -1.827388538621207 2.039591334557821
 -1.827582099485633 2.053517441874567
 -1.827373071994310 2.066975327203746
 -1.826765965963990 2.079967850871256
 -1.825745984397141 2.092475417160858
 -1.824313318786322 2.104493436368971
 -1.822486279986984 2.116038977677799
 -1.820273033731677 2.127120152629245
 -1.817664118018169 2.137724641062944
 -1.814655762951031 2.147844530967234
 -1.811260478466388 2.157491150897589
 -1.807487980460869 2.166675182044161
 -1.803332295199422 2.175389260995860
 -1.798786999605776 2.183623236713779
 -1.793859833387986 2.191383360819123
 -1.788561044912867 2.198681325326620
 -1.782887562995804 2.205513769140832
 -1.776831258970102 2.211869042429151
 -1.770395610851012 2.217748465121526
 -1.763590758121160 2.223163626759089
 -1.756416401044934 2.228114765865269
 -1.748863522755561 2.232589399544358
 -1.740931617985510 2.236583842215008
 -1.732630213864348 2.240108630841879
 -1.723961896053360 2.243167512889878
 -1.714917572277861 2.245747876349970
 -1.705492888437053 2.247840775404436
 -1.695696294114284 2.249454748439591
 -1.685533623343842 2.250597270037517
 -1.674996649302361 2.251256474034233
 -1.664077141708680 2.251417626212998
 -1.652781964041571 2.251086176775570
 -1.641120997252609 2.250274112491057
 -1.629088170474110 2.248971654767248
 -1.616670961932318 2.247157127589967
 -1.603873887128909 2.244831374933741
 -1.590712718861285 2.242013215993369
 -1.577185682482446 2.238697613851204
 -1.563273973017078 2.234852594807342
 -1.548977811495508 2.230471367866711
 -1.534324611806119 2.225588102387438
 -1.519321571729352 2.220209564073234
 -1.503929934661487 2.214273788256759
 -1.488138788263826 2.207757354111885
 -1.472076970400934 2.200844175376126
 -1.455538679645605 2.193248939440462
 -1.438733794749471 2.185215143467282
 -1.421536654407661 2.176589464316095
 -1.403960685051333 2.167434686989323
 -1.386046931941904 2.157780321942623
 -1.367789670837410 2.147569209746041
 -1.349161331639315 2.136786634984620
 -1.330160199647393 2.125485249952293
 -1.310802994341260 2.113675201488055
 -1.291088559416799 2.101304332268684
 -1.270996542294762 2.088360817051023
 -1.250516355473307 2.074894609881030
 -1.229653796393749 2.060918074244108
 -1.208407499667354 2.046379443451485
 -1.186758546940180 2.031260316119791
 -1.164689338643327 2.015609394606465
 -1.142196499638368 1.999446539506992
 -1.119275888427229 1.982720413130568
 -1.095907565998038 1.965402810782136
 -1.072066839127242 1.947540965513125
 -1.047740432250311 1.929165507148894
 -1.022918689916253 1.910227383103555
 -0.9975781169028257 1.890687124835479
 -0.9716853519016149 1.870590001768045
 -0.9452147294913840 1.849980886733923
 -0.9181471652008609 1.828816547088303
 -0.8904518107329135 1.807046100152158
 -0.8620831182946208 1.784713078311838
 -0.8329982293894244 1.761881995676006
 -0.8031624056353259 1.738521951859423
 -0.7725311519502509 1.714572869065170
 -0.7410401604479679 1.690079491501473
 -0.7086209431792428 1.665136778234290
 -0.6752129912647847 1.639739612830027
 -0.6407478887431558 1.613827084783901
 -0.6051316613764428 1.587456266470653
 -0.5682569832655793 1.560777919184057
 -0.5300231197459661 1.533844241929416
 -0.4903248019931671 1.506619004566941
 -0.4490270529014387 1.479205959724305
 -0.4059733993058189 1.451876145047416
 -0.3610188641303440 1.424817278268350
 -0.3140327500025153 1.398084157379983
 -0.2648713617717224 1.371912559899867
 -0.2133887839805437 1.346841267555915
 -0.1595040951763937 1.323344782187743
 -0.1032457098872678 1.301625364724221
 -4.472649737864785E-02 1.282083260372938
 1.586086526268738E-02 1.265672404976033
 7.813355659197992E-02 1.253066056616228
 0.1413852853565913 1.243247673900214
 0.2052264874446814 1.238612725470969
 0.2687396651680256 1.236914385076327
 0.3314648180534052 1.239301827769624
 0.3928777260163310 1.245204946536642
 0.4525764342176221 1.253737428589365
 0.5103610840391085 1.264534592929940
 0.5661585706302618 1.277405723671089
 0.6199412039014268 1.291870265367089
 0.6717301946415986 1.307370430268277
 0.7216126269386168 1.323644196055328
 0.7697035563533846 1.340608817086973
 0.8161021075634259 1.358048815759142
 0.8608998990301553 1.375664940815480
 0.9042051644338041 1.393325781079465
 0.9461286196752541 1.411043004358871
 0.9867567062964913 1.428743125494375
 1.026160157476125 1.446255133861265
 1.064417732687651 1.463502313368060
 1.101609777778251 1.480528656948523
 1.137796405359323 1.497325563653720
 1.173023032297313 1.513785120872520
 1.207342277436324 1.529849287191711
 1.240810989595938 1.545566615322118
 1.273469958507664 1.560959416399927
 1.305346462188548 1.575955200213876
 1.336475110539503 1.590501318640927
 1.366897389388907 1.604640428339494
 1.396641603385781 1.618410372743175
 1.425722686778105 1.631761661921718
 1.454162984132629 1.644642691438030
 1.481994253023094 1.657086646345344
 1.509236916668108 1.669139158606785
 1.535897033979770 1.680767399631168
 1.561988061867611 1.691919797836963
 1.587535763307319 1.702619360573038
 1.612555701465562 1.712915184665641
 1.637046705774660 1.722787158809893
 1.661014990709080 1.732183872454821
 1.684483123402744 1.741119009148664
 1.707464058129696 1.749642707111751
 1.729949369377512 1.757744220329129
 1.751938157553895 1.765372493021139
 1.773452910780584 1.772534478477536
 1.794506467299566 1.779280742526187
 1.815080256186907 1.785605151642489
 1.835164125751476 1.791456013008557
 1.854788246294587 1.796841475654321
 1.873971030530718 1.801815954093691
 1.892665854993987 1.806359907781514
 1.910845538286693 1.810415169740874
 1.928666960255313 1.814102931814393
 1.945870926354700 1.817233041047239
 1.962722047209470 1.820037313594244
 1.979053478680775 1.822365461426860
 1.994881113395367 1.824237857042414
 2.010256631908711 1.825706180364636
 2.025171501059702 1.826765454652467
 2.039591334557821 1.827388538621207
 2.053517441874567 1.827582099485633
 2.066975327203746 1.827373071994310
 2.079967850871256 1.826765965963990
 2.092475417160858 1.825745984397141
 2.104493436368971 1.824313318786322
 2.116038977677799 1.822486279986984
 2.127120152629245 1.820273033731677
 2.137724641062944 1.817664118018169
 2.147844530967234 1.814655762951031
 2.157491150897589 1.811260478466388
 2.166675182044161 1.807487980460869
 2.175389260995860 1.803332295199422
 2.183623236713779 1.798786999605776
 2.191383360819123 1.793859833387986
 2.198681325326620 1.788561044912867
 2.205513769140832 1.782887562995804
 2.211869042429151 1.776831258970102
 2.217748465121526 1.770395610851012
 2.223163626759089 1.763590758121160
 2.228114765865269 1.756416401044934
 2.232589399544358 1.748863522755561
 2.236583842215008 1.740931617985510
 2.240108630841879 1.732630213864348
 2.243167512889878 1.723961896053360
 2.245747876349970 1.714917572277861
 2.247840775404436 1.705492888437053
 2.249454748439591 1.695696294114284
 2.250597270037517 1.685533623343842
 2.251256474034233 1.674996649302361
 2.251417626212998 1.664077141708680
 2.251086176775570 1.652781964041571
 2.250274112491057 1.641120997252609
 2.248971654767248 1.629088170474110
 2.247157127589967 1.616670961932318
 2.244831374933741 1.603873887128909
 2.242013215993369 1.590712718861285
 2.238697613851204 1.577185682482446
 2.234852594807342 1.563273973017078
 2.230471367866711 1.548977811495508
 2.225588102387438 1.534324611806119
 2.220209564073234 1.519321571729352
 2.214273788256759 1.503929934661487
 2.207757354111885 1.488138788263826
 2.200844175376126 1.472076970400934
 2.193248939440462 1.455538679645605
 2.185215143467282 1.438733794749471
 2.176589464316095 1.421536654407661
 2.167434686989323 1.403960685051333
 2.157780321942623 1.386046931941904
 2.147569209746041 1.367789670837410
 2.136786634984620 1.349161331639315
 2.125485249952293 1.330160199647393
 2.113675201488055 1.310802994341260
 2.101304332268684 1.291088559416799
 2.088360817051023 1.270996542294762
 2.074894609881030 1.250516355473307
 2.060918074244108 1.229653796393749
 2.046379443451485 1.208407499667354
 2.031260316119791 1.186758546940180
 2.015609394606465 1.164689338643327
 1.999446539506992 1.142196499638368
 1.982720413130568 1.119275888427229
 1.965402810782136 1.095907565998038
 1.947540965513125 1.072066839127242
 1.929165507148894 1.047740432250311
 1.910227383103555 1.022918689916253
 1.890687124835479 0.9975781169028257
 1.870590001768045 0.9716853519016149
 1.849980886733923 0.9452147294913840
 1.828816547088303 0.9181471652008609
 1.807046100152158 0.8904518107329135
 1.784713078311838 0.8620831182946208
 1.761881995676006 0.8329982293894244
 1.738521951859423 0.8031624056353259
 1.714572869065170 0.7725311519502509
 1.690079491501473 0.7410401604479679
 1.665136778234290 0.7086209431792428
 1.639739612830027 0.6752129912647847
 1.613827084783901 0.6407478887431558
 1.587456266470653 0.6051316613764428
 1.560777919184057 0.5682569832655793
 1.533844241929416 0.5300231197459661
 1.506619004566941 0.4903248019931671
 1.479205959724305 0.4490270529014387
 1.451876145047416 0.4059733993058189
 1.424817278268350 0.3610188641303440
 1.398084157379983 0.3140327500025153
 1.371912559899867 0.2648713617717224
 1.346841267555915 0.2133887839805437
 1.323344782187743 0.1595040951763937
 1.301625364724221 0.1032457098872678
 1.282083260372938 4.472649737864785E-02
 1.265672404976033 -1.586086526268738E-02
 1.253066056616228 -7.813355659197992E-02
 1.243247673900214 -0.1413852853565913
 1.238612725470969 -0.2052264874446814
 1.236914385076327 -0.2687396651680256
 1.239301827769624 -0.3314648180534052
 1.245204946536642 -0.3928777260163310
 1.253737428589365 -0.4525764342176221
 1.264534592929940 -0.5103610840391085
 1.277405723671089 -0.5661585706302618
 1.291870265367089 -0.6199412039014268
 1.307370430268277 -0.6717301946415986
 1.323644196055328 -0.7216126269386168
 1.340608817086973 -0.7697035563533846
 1.358048815759142 -0.8161021075634259
 1.375664940815480 -0.8608998990301553
 1.393325781079465 -0.9042051644338041
 1.411043004358871 -0.9461286196752541
 1.428743125494375 -0.9867567062964913
 1.446255133861265 -1.026160157476125
 1.463502313368060 -1.064417732687651
 1.480528656948523 -1.101609777778251
 1.497325563653720 -1.137796405359323
 1.513785120872520 -1.173023032297313
 1.529849287191711 -1.207342277436324
 1.545566615322118 -1.240810989595938
 1.560959416399927 -1.273469958507664
 1.575955200213876 -1.305346462188548
 1.590501318640927 -1.336475110539503
 1.604640428339494 -1.366897389388907
 1.618410372743175 -1.396641603385781
 1.631761661921718 -1.425722686778105
 1.644642691438030 -1.454162984132629
 1.657086646345344 -1.481994253023094
 1.669139158606785 -1.509236916668108
 1.680767399631168 -1.535897033979770
 1.691919797836963 -1.561988061867611
 1.702619360573038 -1.587535763307319
 1.712915184665641 -1.612555701465562
 1.722787158809893 -1.637046705774660
 1.732183872454821 -1.661014990709080
 1.741119009148664 -1.684483123402744
 1.749642707111751 -1.707464058129696
 1.757744220329129 -1.729949369377512
 1.765372493021139 -1.751938157553895
 1.772534478477536 -1.773452910780584
 1.779280742526187 -1.794506467299566
 1.785605151642489 -1.815080256186907
 1.791456013008557 -1.835164125751476
 1.796841475654321 -1.854788246294587
 1.801815954093691 -1.873971030530718
 1.806359907781514 -1.892665854993987
 1.810415169740874 -1.910845538286693
 1.814102931814393 -1.928666960255313
 1.817233041047239 -1.945870926354700
 1.820037313594244 -1.962722047209470
 1.822365461426860 -1.979053478680775
 1.824237857042414 -1.994881113395367
 1.825706180364636 -2.010256631908711
 1.826765454652467 -2.025171501059702
 1.827388538621207 -2.039591334557821
 1.827582099485633 -2.053517441874567
 1.827373071994310 -2.066975327203746
 1.826765965963990 -2.079967850871256
 1.825745984397141 -2.092475417160858
 1.824313318786322 -2.104493436368971
 1.822486279986984 -2.116038977677799
 1.820273033731677 -2.127120152629245
 1.817664118018169 -2.137724641062944
 1.814655762951031 -2.147844530967234
 1.811260478466388 -2.157491150897589
 1.807487980460869 -2.166675182044161
 1.803332295199422 -2.175389260995860
 1.798786999605776 -2.183623236713779
 1.793859833387986 -2.191383360819123
 1.788561044912867 -2.198681325326620
 1.782887562995804 -2.205513769140832
 1.776831258970102 -2.211869042429151
 1.770395610851012 -2.217748465121526
 1.763590758121160 -2.223163626759089
 1.756416401044934 -2.228114765865269
 1.748863522755561 -2.232589399544358
 1.740931617985510 -2.236583842215008
 1.732630213864348 -2.240108630841879
 1.723961896053360 -2.243167512889878
 1.714917572277861 -2.245747876349970
 1.705492888437053 -2.247840775404436
 1.695696294114284 -2.249454748439591
 1.685533623343842 -2.250597270037517
 1.674996649302361 -2.251256474034233
 1.664077141708680 -2.251417626212998
 1.652781964041571 -2.251086176775570
 1.641120997252609 -2.250274112491057
 1.629088170474110 -2.248971654767248
 1.616670961932318 -2.247157127589967
 1.603873887128909 -2.244831374933741
 1.590712718861285 -2.242013215993369
 1.577185682482446 -2.238697613851204
 1.563273973017078 -2.234852594807342
 1.548977811495508 -2.230471367866711
 1.534324611806119 -2.225588102387438
 1.519321571729352 -2.220209564073234
 1.503929934661487 -2.214273788256759
 1.488138788263826 -2.207757354111885
 1.472076970400934 -2.200844175376126
 1.455538679645605 -2.193248939440462
 1.438733794749471 -2.185215143467282
 1.421536654407661 -2.176589464316095
 1.403960685051333 -2.167434686989323
 1.386046931941904 -2.157780321942623
 1.367789670837410 -2.147569209746041
 1.349161331639315 -2.136786634984620
 1.330160199647393 -2.125485249952293
 1.310802994341260 -2.113675201488055
 1.291088559416799 -2.101304332268684
 1.270996542294762 -2.088360817051023
 1.250516355473307 -2.074894609881030
 1.229653796393749 -2.060918074244108
 1.208407499667354 -2.046379443451485
 1.186758546940180 -2.031260316119791
 1.164689338643327 -2.015609394606465
 1.142196499638368 -1.999446539506992
 1.119275888427229 -1.982720413130568
 1.095907565998038 -1.965402810782136
 1.072066839127242 -1.947540965513125
 1.047740432250311 -1.929165507148894
 1.022918689916253 -1.910227383103555
 0.9975781169028257 -1.890687124835479
 0.9716853519016149 -1.870590001768045
 0.9452147294913840 -1.849980886733923
 0.9181471652008609 -1.828816547088303
 0.8904518107329135 -1.807046100152158
 0.8620831182946208 -1.784713078311838
 0.8329982293894244 -1.761881995676006
 0.8031624056353259 -1.738521951859423
 0.7725311519502509 -1.714572869065170
 0.7410401604479679 -1.690079491501473
 0.7086209431792428 -1.665136778234290
 0.6752129912647847 -1.639739612830027
 0.6407478887431558 -1.613827084783901
 0.6051316613764428 -1.587456266470653
 0.5682569832655793 -1.560777919184057
 0.5300231197459661 -1.533844241929416
 0.4903248019931671 -1.506619004566941
 0.4490270529014387 -1.479205959724305
 0.4059733993058189 -1.451876145047416
 0.3610188641303440 -1.424817278268350
 0.3140327500025153 -1.398084157379983
 0.2648713617717224 -1.371912559899867
 0.2133887839805437 -1.346841267555915
 0.1595040951763937 -1.323344782187743
 0.1032457098872678 -1.301625364724221
 4.472649737864785E-02 -1.282083260372938
 -1.586086526268738E-02 -1.265672404976033
 -7.813355659197992E-02 -1.253066056616228
 -0.1413852853565913 -1.243247673900214
 -0.2052264874446814 -1.238612725470969
 -0.2687396651680256 -1.236914385076327
 -0.3314648180534052 -1.239301827769624
 -0.3928777260163310 -1.245204946536642
 -0.4525764342176221 -1.253737428589365
 -0.5103610840391085 -1.264534592929940
 -0.5661585706302618 -1.277405723671089
 -0.6199412039014268 -1.291870265367089
 -0.6717301946415986 -1.307370430268277
 -0.7216126269386168 -1.323644196055328
 -0.7697035563533846 -1.340608817086973
 -0.8161021075634259 -1.358048815759142
 -0.8608998990301553 -1.375664940815480
 -0.9042051644338041 -1.393325781079465
 -0.9461286196752541 -1.411043004358871
 -0.9867567062964913 -1.428743125494375
 -1.026160157476125 -1.446255133861265
 -1.064417732687651 -1.463502313368060
 -1.101609777778251 -1.480528656948523
 -1.137796405359323 -1.497325563653720
 -1.173023032297313 -1.513785120872520
 -1.207342277436324 -1.529849287191711
 -1.240810989595938 -1.545566615322118
 -1.273469958507664 -1.560959416399927
 -1.305346462188548 -1.575955200213876
 -1.336475110539503 -1.590501318640927
 -1.366897389388907 -1.604640428339494
 -1.396641603385781 -1.618410372743175
 -1.425722686778105 -1.631761661921718
 -1.454162984132629 -1.644642691438030
 -1.481994253023094 -1.657086646345344
 -1.509236916668108 -1.669139158606785
 -1.535897033979770 -1.680767399631168
 -1.561988061867611 -1.691919797836963
 -1.587535763307319 -1.702619360573038
 -1.612555701465562 -1.712915184665641
 -1.637046705774660 -1.722787158809893
 -1.661014990709080 -1.732183872454821
 -1.684483123402744 -1.741119009148664
 -1.707464058129696 -1.749642707111751
 -1.729949369377512 -1.757744220329129
 -1.751938157553895 -1.765372493021139
 -1.773452910780584 -1.772534478477536
 -1.794506467299566 -1.779280742526187
 -1.815080256186907 -1.785605151642489
 -1.835164125751476 -1.791456013008557
 -1.854788246294587 -1.796841475654321
 -1.873971030530718 -1.801815954093691
 -1.892665854993987 -1.806359907781514
 -1.910845538286693 -1.810415169740874
 -1.928666960255313 -1.814102931814393
 -1.945870926354700 -1.817233041047239
 -1.962722047209470 -1.820037313594244
 -1.979053478680775 -1.822365461426860
 -1.994881113395367 -1.824237857042414
 -2.010256631908711 -1.825706180364636
 -2.025171501059702 -1.826765454652467
 -2.039591334557821 -1.827388538621207
 -2.053517441874567 -1.827582099485633
 -2.066975327203746 -1.827373071994310
 -2.079967850871256 -1.826765965963990
 -2.092475417160858 -1.825745984397141
 -2.104493436368971 -1.824313318786322
 -2.116038977677799 -1.822486279986984
 -2.127120152629245 -1.820273033731677
 -2.137724641062944 -1.817664118018169
 -2.147844530967234 -1.814655762951031
 -2.157491150897589 -1.811260478466388
 -2.166675182044161 -1.807487980460869
 -2.175389260995860 -1.803332295199422
 -2.183623236713779 -1.798786999605776
 -2.191383360819123 -1.793859833387986
 -2.198681325326620 -1.788561044912867
 -2.205513769140832 -1.782887562995804
 -2.211869042429151 -1.776831258970102
 -2.217748465121526 -1.770395610851012
 -2.223163626759089 -1.763590758121160
 -2.228114765865269 -1.756416401044934
 -2.232589399544358 -1.748863522755561
 -2.236583842215008 -1.740931617985510
 -2.240108630841879 -1.732630213864348
 -2.243167512889878 -1.723961896053360
 -2.245747876349970 -1.714917572277861
 -2.247840775404436 -1.705492888437053
 -2.249454748439591 -1.695696294114284
 -2.250597270037517 -1.685533623343842
 -2.251256474034233 -1.674996649302361
 -2.251417626212998 -1.664077141708680
 -2.251086176775570 -1.652781964041571
 -2.250274112491057 -1.641120997252609
 -2.248971654767248 -1.629088170474110
 -2.247157127589967 -1.616670961932318
 -2.244831374933741 -1.603873887128909
 -2.242013215993369 -1.590712718861285
 -2.238697613851204 -1.577185682482446
 -2.234852594807342 -1.563273973017078
 -2.230471367866711 -1.548977811495508
 -2.225588102387438 -1.534324611806119
 -2.220209564073234 -1.519321571729352
 -2.214273788256759 -1.503929934661487
 -2.207757354111885 -1.488138788263826
 -2.200844175376126 -1.472076970400934
 -2.193248939440462 -1.455538679645605
 -2.185215143467282 -1.438733794749471
 -2.176589464316095 -1.421536654407661
 -2.167434686989323 -1.403960685051333
 -2.157780321942623 -1.386046931941904
 -2.147569209746041 -1.367789670837410
 -2.136786634984620 -1.349161331639315
 -2.125485249952293 -1.330160199647393
 -2.113675201488055 -1.310802994341260
 -2.101304332268684 -1.291088559416799
 -2.088360817051023 -1.270996542294762
 -2.074894609881030 -1.250516355473307
 -2.060918074244108 -1.229653796393749
 -2.046379443451485 -1.208407499667354
 -2.031260316119791 -1.186758546940180
 -2.015609394606465 -1.164689338643327
 -1.999446539506992 -1.142196499638368
 -1.982720413130568 -1.119275888427229
 -1.965402810782136 -1.095907565998038
 -1.947540965513125 -1.072066839127242
 -1.929165507148894 -1.047740432250311
 -1.910227383103555 -1.022918689916253
 -1.890687124835479 -0.9975781169028257
 -1.870590001768045 -0.9716853519016149
 -1.849980886733923 -0.9452147294913840
 -1.828816547088303 -0.9181471652008609
 -1.807046100152158 -0.8904518107329135
 -1.784713078311838 -0.8620831182946208
 -1.761881995676006 -0.8329982293894244
 -1.738521951859423 -0.8031624056353259
 -1.714572869065170 -0.7725311519502509
 -1.690079491501473 -0.7410401604479679
 -1.665136778234290 -0.7086209431792428
 -1.639739612830027 -0.6752129912647847
 -1.613827084783901 -0.6407478887431558
 -1.587456266470653 -0.6051316613764428
 -1.560777919184057 -0.5682569832655793
 -1.533844241929416 -0.5300231197459661
 -1.506619004566941 -0.4903248019931671
 -1.479205959724305 -0.4490270529014387
 -1.451876145047416 -0.4059733993058189
 -1.424817278268350 -0.3610188641303440
 -1.398084157379983 -0.3140327500025153
 -1.371912559899867 -0.2648713617717224
 -1.346841267555915 -0.2133887839805437
 -1.323344782187743 -0.1595040951763937
 -1.301625364724221 -0.1032457098872678
 -1.282083260372938 -4.472649737864785E-02
 -1.265672404976033 1.586086526268738E-02
 -1.253066056616228 7.813355659197992E-02
 -1.243247673900214 0.1413852853565913
   
   
 #BODY NUMBER  3
 1.928666960255313 1.814102931814393
 1.945870926354700 1.817233041047239
 1.962722047209470 1.820037313594244
 1.979053478680775 1.822365461426860
 1.994881113395367 1.824237857042414
 2.010256631908711 1.825706180364636
 2.025171501059702 1.826765454652467
 2.039591334557821 1.827388538621207
 2.053517441874567 1.827582099485633
 2.066975327203746 1.827373071994310
 2.079967850871256 1.826765965963990
 2.092475417160858 1.825745984397141
 2.104493436368971 1.824313318786322
 2.116038977677799 1.822486279986984
 2.127120152629245 1.820273033731677
 2.137724641062944 1.817664118018169
 2.147844530967234 1.814655762951031
 2.157491150897589 1.811260478466388
 2.166675182044161 1.807487980460869
 2.175389260995860 1.803332295199422
 2.183623236713779 1.798786999605776
 2.191383360819123 1.793859833387986
 2.198681325326620 1.788561044912867
 2.205513769140832 1.782887562995804
 2.211869042429151 1.776831258970102
 2.217748465121526 1.770395610851012
 2.223163626759089 1.763590758121160
 2.228114765865269 1.756416401044934
 2.232589399544358 1.748863522755561
 2.236583842215008 1.740931617985510
 2.240108630841879 1.732630213864348
 2.243167512889878 1.723961896053360
 2.245747876349970 1.714917572277861
 2.247840775404436 1.705492888437053
 2.249454748439591 1.695696294114284
 2.250597270037517 1.685533623343842
 2.251256474034233 1.674996649302361
 2.251417626212998 1.664077141708680
 2.251086176775570 1.652781964041571
 2.250274112491057 1.641120997252609
 2.248971654767248 1.629088170474110
 2.247157127589967 1.616670961932318
 2.244831374933741 1.603873887128909
 2.242013215993369 1.590712718861285
 2.238697613851204 1.577185682482446
 2.234852594807342 1.563273973017078
 2.230471367866711 1.548977811495508
 2.225588102387438 1.534324611806119
 2.220209564073234 1.519321571729352
 2.214273788256759 1.503929934661487
 2.207757354111885 1.488138788263826
 2.200844175376126 1.472076970400934
 2.193248939440462 1.455538679645605
 2.185215143467282 1.438733794749471
 2.176589464316095 1.421536654407661
 2.167434686989323 1.403960685051333
 2.157780321942623 1.386046931941904
 2.147569209746041 1.367789670837410
 2.136786634984620 1.349161331639315
 2.125485249952293 1.330160199647393
 2.113675201488055 1.310802994341260
 2.101304332268684 1.291088559416799
 2.088360817051023 1.270996542294762
 2.074894609881030 1.250516355473307
 2.060918074244108 1.229653796393749
 2.046379443451485 1.208407499667354
 2.031260316119791 1.186758546940180
 2.015609394606465 1.164689338643327
 1.999446539506992 1.142196499638368
 1.982720413130568 1.119275888427229
 1.965402810782136 1.095907565998038
 1.947540965513125 1.072066839127242
 1.929165507148894 1.047740432250311
 1.910227383103555 1.022918689916253
 1.890687124835479 0.9975781169028257
 1.870590001768045 0.9716853519016149
 1.849980886733923 0.9452147294913840
 1.828816547088303 0.9181471652008609
 1.807046100152158 0.8904518107329135
 1.784713078311838 0.8620831182946208
 1.761881995676006 0.8329982293894244
 1.738521951859423 0.8031624056353259
 1.714572869065170 0.7725311519502509
 1.690079491501473 0.7410401604479679
 1.665136778234290 0.7086209431792428
 1.639739612830027 0.6752129912647847
 1.613827084783901 0.6407478887431558
 1.587456266470653 0.6051316613764428
 1.560777919184057 0.5682569832655793
 1.533844241929416 0.5300231197459661
 1.506619004566941 0.4903248019931671
 1.479205959724305 0.4490270529014387
 1.451876145047416 0.4059733993058189
 1.424817278268350 0.3610188641303440
 1.398084157379983 0.3140327500025153
 1.371912559899867 0.2648713617717224
 1.346841267555915 0.2133887839805437
 1.323344782187743 0.1595040951763937
 1.301625364724221 0.1032457098872678
 1.282083260372938 4.472649737864785E-02
 1.265672404976033 -1.586086526268738E-02
 1.253066056616228 -7.813355659197992E-02
 1.243247673900214 -0.1413852853565913
 1.238612725470969 -0.2052264874446814
 1.236914385076327 -0.2687396651680256
 1.239301827769624 -0.3314648180534052
 1.245204946536642 -0.3928777260163310
 1.253737428589365 -0.4525764342176221
 1.264534592929940 -0.5103610840391085
 1.277405723671089 -0.5661585706302618
 1.291870265367089 -0.6199412039014268
 1.307370430268277 -0.6717301946415986
 1.323644196055328 -0.7216126269386168
 1.340608817086973 -0.7697035563533846
 1.358048815759142 -0.8161021075634259
 1.375664940815480 -0.8608998990301553
 1.393325781079465 -0.9042051644338041
 1.411043004358871 -0.9461286196752541
 1.428743125494375 -0.9867567062964913
 1.446255133861265 -1.026160157476125
 1.463502313368060 -1.064417732687651
 1.480528656948523 -1.101609777778251
 1.497325563653720 -1.137796405359323
 1.513785120872520 -1.173023032297313
 1.529849287191711 -1.207342277436324
 1.545566615322118 -1.240810989595938
 1.560959416399927 -1.273469958507664
 1.575955200213876 -1.305346462188548
 1.590501318640927 -1.336475110539503
 1.604640428339494 -1.366897389388907
 1.618410372743175 -1.396641603385781
 1.631761661921718 -1.425722686778105
 1.644642691438030 -1.454162984132629
 1.657086646345344 -1.481994253023094
 1.669139158606785 -1.509236916668108
 1.680767399631168 -1.535897033979770
 1.691919797836963 -1.561988061867611
 1.702619360573038 -1.587535763307319
 1.712915184665641 -1.612555701465562
 1.722787158809893 -1.637046705774660
 1.732183872454821 -1.661014990709080
 1.741119009148664 -1.684483123402744
 1.749642707111751 -1.707464058129696
 1.757744220329129 -1.729949369377512
 1.765372493021139 -1.751938157553895
 1.772534478477536 -1.773452910780584
 1.779280742526187 -1.794506467299566
 1.785605151642489 -1.815080256186907
 1.791456013008557 -1.835164125751476
 1.796841475654321 -1.854788246294587
 1.801815954093691 -1.873971030530718
 1.806359907781514 -1.892665854993987
 1.810415169740874 -1.910845538286693
 1.814102931814393 -1.928666960255313
 1.817233041047239 -1.945870926354700
 1.820037313594244 -1.962722047209470
 1.822365461426860 -1.979053478680775
 1.824237857042414 -1.994881113395367
 1.825706180364636 -2.010256631908711
 1.826765454652467 -2.025171501059702
 1.827388538621207 -2.039591334557821
 1.827582099485633 -2.053517441874567
 1.827373071994310 -2.066975327203746
 1.826765965963990 -2.079967850871256
 1.825745984397141 -2.092475417160858
 1.824313318786322 -2.104493436368971
 1.822486279986984 -2.116038977677799
 1.820273033731677 -2.127120152629245
 1.817664118018169 -2.137724641062944
 1.814655762951031 -2.147844530967234
 1.811260478466388 -2.157491150897589
 1.807487980460869 -2.166675182044161
 1.803332295199422 -2.175389260995860
 1.798786999605776 -2.183623236713779
 1.793859833387986 -2.191383360819123
 1.788561044912867 -2.198681325326620
 1.782887562995804 -2.205513769140832
 1.776831258970102 -2.211869042429151
 1.770395610851012 -2.217748465121526
 1.763590758121160 -2.223163626759089
 1.756416401044934 -2.228114765865269
 1.748863522755561 -2.232589399544358
 1.740931617985510 -2.236583842215008
 1.732630213864348 -2.240108630841879
 1.723961896053360 -2.243167512889878
 1.714917572277861 -2.245747876349970
 1.705492888437053 -2.247840775404436
 1.695696294114284 -2.249454748439591
 1.685533623343842 -2.250597270037517
 1.674996649302361 -2.251256474034233
 1.664077141708680 -2.251417626212998
 1.652781964041571 -2.251086176775570
 1.641120997252609 -2.250274112491057
 1.629088170474110 -2.248971654767248
 1.616670961932318 -2.247157127589967
 1.603873887128909 -2.244831374933741
 1.590712718861285 -2.242013215993369
 1.577185682482446 -2.238697613851204
 1.563273973017078 -2.234852594807342
 1.548977811495508 -2.230471367866711
 1.534324611806119 -2.225588102387438
 1.519321571729352 -2.220209564073234
 1.503929934661487 -2.214273788256759
 1.488138788263826 -2.207757354111885
 1.472076970400934 -2.200844175376126
 1.455538679645605 -2.193248939440462
 1.438733794749471 -2.185215143467282
 1.421536654407661 -2.176589464316095
 1.403960685051333 -2.167434686989323
 1.386046931941904 -2.157780321942623
 1.367789670837410 -2.147569209746041
 1.349161331639315 -2.136786634984620
 1.330160199647393 -2.125485249952293
 1.310802994341260 -2.113675201488055
 1.291088559416799 -2.101304332268684
 1.270996542294762 -2.088360817051023
 1.250516355473307 -2.074894609881030
 1.229653796393749 -2.060918074244108
 1.208407499667354 -2.046379443451485
 1.186758546940180 -2.031260316119791
 1.164689338643327 -2.015609394606465
 1.142196499638368 -1.999446539506992
 1.119275888427229 -1.982720413130568
 1.095907565998038 -1.965402810782136
 1.072066839127242 -1.947540965513125
 1.047740432250311 -1.929165507148894
 1.022918689916253 -1.910227383103555
 0.9975781169028257 -1.890687124835479
 0.9716853519016149 -1.870590001768045
 0.9452147294913840 -1.849980886733923
 0.9181471652008609 -1.828816547088303
 0.8904518107329135 -1.807046100152158
 0.8620831182946208 -1.784713078311838
 0.8329982293894244 -1.761881995676006
 0.8031624056353259 -1.738521951859423
 0.7725311519502509 -1.714572869065170
 0.7410401604479679 -1.690079491501473
 0.7086209431792428 -1.665136778234290
 0.6752129912647847 -1.639739612830027
 0.6407478887431558 -1.613827084783901
 0.6051316613764428 -1.587456266470653
 0.5682569832655793 -1.560777919184057
 0.5300231197459661 -1.533844241929416
 0.4903248019931671 -1.506619004566941
 0.4490270529014387 -1.479205959724305
 0.4059733993058189 -1.451876145047416
 0.3610188641303440 -1.424817278268350
 0.3140327500025153 -1.398084157379983
 0.2648713617717224 -1.371912559899867
 0.2133887839805437 -1.346841267555915
 0.1595040951763937 -1.323344782187743
 0.1032457098872678 -1.301625364724221
 4.472649737864785E-02 -1.282083260372938
 -1.586086526268738E-02 -1.265672404976033
 -7.813355659197992E-02 -1.253066056616228
 -0.1413852853565913 -1.243247673900214
 -0.2052264874446814 -1.238612725470969
 -0.2687396651680256 -1.236914385076327
 -0.3314648180534052 -1.239301827769624
 -0.3928777260163310 -1.245204946536642
 -0.4525764342176221 -1.253737428589365
 -0.5103610840391085 -1.264534592929940
 -0.5661585706302618 -1.277405723671089
 -0.6199412039014268 -1.291870265367089
 -0.6717301946415986 -1.307370430268277
 -0.7216126269386168 -1.323644196055328
 -0.7697035563533846 -1.340608817086973
 -0.8161021075634259 -1.358048815759142
 -0.8608998990301553 -1.375664940815480
 -0.9042051644338041 -1.393325781079465
 -0.9461286196752541 -1.411043004358871
 -0.9867567062964913 -1.428743125494375
 -1.026160157476125 -1.446255133861265
 -1.064417732687651 -1.463502313368060
 -1.101609777778251 -1.480528656948523
 -1.137796405359323 -1.497325563653720
 -1.173023032297313 -1.513785120872520
 -1.207342277436324 -1.529849287191711
 -1.240810989595938 -1.545566615322118
 -1.273469958507664 -1.560959416399927
 -1.305346462188548 -1.575955200213876
 -1.336475110539503 -1.590501318640927
 -1.366897389388907 -1.604640428339494
 -1.396641603385781 -1.618410372743175
 -1.425722686778105 -1.631761661921718
 -1.454162984132629 -1.644642691438030
 -1.481994253023094 -1.657086646345344
 -1.509236916668108 -1.669139158606785
 -1.535897033979770 -1.680767399631168
 -1.561988061867611 -1.691919797836963
 -1.587535763307319 -1.702619360573038
 -1.612555701465562 -1.712915184665641
 -1.637046705774660 -1.722787158809893
 -1.661014990709080 -1.732183872454821
 -1.684483123402744 -1.741119009148664
 -1.707464058129696 -1.749642707111751
 -1.729949369377512 -1.757744220329129
 -1.751938157553895 -1.765372493021139
 -1.773452910780584 -1.772534478477536
 -1.794506467299566 -1.779280742526187
 -1.815080256186907 -1.785605151642489
 -1.835164125751476 -1.791456013008557
 -1.854788246294587 -1.796841475654321
 -1.873971030530718 -1.801815954093691
 -1.892665854993987 -1.806359907781514
 -1.910845538286693 -1.810415169740874
 -1.928666960255313 -1.814102931814393
 -1.945870926354700 -1.817233041047239
 -1.962722047209470 -1.820037313594244
 -1.979053478680775 -1.822365461426860
 -1.994881113395367 -1.824237857042414
 -2.010256631908711 -1.825706180364636
 -2.025171501059702 -1.826765454652467
 -2.039591334557821 -1.827388538621207
 -2.053517441874567 -1.827582099485633
 -2.066975327203746 -1.827373071994310
 -2.079967850871256 -1.826765965963990
 -2.092475417160858 -1.825745984397141
 -2.104493436368971 -1.824313318786322
 -2.116038977677799 -1.822486279986984
 -2.127120152629245 -1.820273033731677
 -2.137724641062944 -1.817664118018169
 -2.147844530967234 -1.814655762951031
 -2.157491150897589 -1.811260478466388
 -2.166675182044161 -1.807487980460869
 -2.175389260995860 -1.803332295199422
 -2.183623236713779 -1.798786999605776
 -2.191383360819123 -1.793859833387986
 -2.198681325326620 -1.788561044912867
 -2.205513769140832 -1.782887562995804
 -2.211869042429151 -1.776831258970102
 -2.217748465121526 -1.770395610851012
 -2.223163626759089 -1.763590758121160
 -2.228114765865269 -1.756416401044934
 -2.232589399544358 -1.748863522755561
 -2.236583842215008 -1.740931617985510
 -2.240108630841879 -1.732630213864348
 -2.243167512889878 -1.723961896053360
 -2.245747876349970 -1.714917572277861
 -2.247840775404436 -1.705492888437053
 -2.249454748439591 -1.695696294114284
 -2.250597270037517 -1.685533623343842
 -2.251256474034233 -1.674996649302361
 -2.251417626212998 -1.664077141708680
 -2.251086176775570 -1.652781964041571
 -2.250274112491057 -1.641120997252609
 -2.248971654767248 -1.629088170474110
 -2.247157127589967 -1.616670961932318
 -2.244831374933741 -1.603873887128909
 -2.242013215993369 -1.590712718861285
 -2.238697613851204 -1.577185682482446
 -2.234852594807342 -1.563273973017078
 -2.230471367866711 -1.548977811495508
 -2.225588102387438 -1.534324611806119
 -2.220209564073234 -1.519321571729352
 -2.214273788256759 -1.503929934661487
 -2.207757354111885 -1.488138788263826
 -2.200844175376126 -1.472076970400934
 -2.193248939440462 -1.455538679645605
 -2.185215143467282 -1.438733794749471
 -2.176589464316095 -1.421536654407661
 -2.167434686989323 -1.403960685051333
 -2.157780321942623 -1.386046931941904
 -2.147569209746041 -1.367789670837410
 -2.136786634984620 -1.349161331639315
 -2.125485249952293 -1.330160199647393
 -2.113675201488055 -1.310802994341260
 -2.101304332268684 -1.291088559416799
 -2.088360817051023 -1.270996542294762
 -2.074894609881030 -1.250516355473307
 -2.060918074244108 -1.229653796393749
 -2.046379443451485 -1.208407499667354
 -2.031260316119791 -1.186758546940180
 -2.015609394606465 -1.164689338643327
 -1.999446539506992 -1.142196499638368
 -1.982720413130568 -1.119275888427229
 -1.965402810782136 -1.095907565998038
 -1.947540965513125 -1.072066839127242
 -1.929165507148894 -1.047740432250311
 -1.910227383103555 -1.022918689916253
 -1.890687124835479 -0.9975781169028257
 -1.870590001768045 -0.9716853519016149
 -1.849980886733923 -0.9452147294913840
 -1.828816547088303 -0.9181471652008609
 -1.807046100152158 -0.8904518107329135
 -1.784713078311838 -0.8620831182946208
 -1.761881995676006 -0.8329982293894244
 -1.738521951859423 -0.8031624056353259
 -1.714572869065170 -0.7725311519502509
 -1.690079491501473 -0.7410401604479679
 -1.665136778234290 -0.7086209431792428
 -1.639739612830027 -0.6752129912647847
 -1.613827084783901 -0.6407478887431558
 -1.587456266470653 -0.6051316613764428
 -1.560777919184057 -0.5682569832655793
 -1.533844241929416 -0.5300231197459661
 -1.506619004566941 -0.4903248019931671
 -1.479205959724305 -0.4490270529014387
 -1.451876145047416 -0.4059733993058189
 -1.424817278268350 -0.3610188641303440
 -1.398084157379983 -0.3140327500025153
 -1.371912559899867 -0.2648713617717224
 -1.346841267555915 -0.2133887839805437
 -1.323344782187743 -0.1595040951763937
 -1.301625364724221 -0.1032457098872678
 -1.282083260372938 -4.472649737864785E-02
 -1.265672404976033 1.586086526268738E-02
 -1.253066056616228 7.813355659197992E-02
 -1.243247673900214 0.1413852853565913
 -1.238612725470969 0.2052264874446814
 -1.236914385076327 0.2687396651680256
 -1.239301827769624 0.3314648180534052
 -1.245204946536642 0.3928777260163310
 -1.253737428589365 0.4525764342176221
 -1.264534592929940 0.5103610840391085
 -1.277405723671089 0.5661585706302618
 -1.291870265367089 0.6199412039014268
 -1.307370430268277 0.6717301946415986
 -1.323644196055328 0.7216126269386168
 -1.340608817086973 0.7697035563533846
 -1.358048815759142 0.8161021075634259
 -1.375664940815480 0.8608998990301553
 -1.393325781079465 0.9042051644338041
 -1.411043004358871 0.9461286196752541
 -1.428743125494375 0.9867567062964913
 -1.446255133861265 1.026160157476125
 -1.463502313368060 1.064417732687651
 -1.480528656948523 1.101609777778251
 -1.497325563653720 1.137796405359323
 -1.513785120872520 1.173023032297313
 -1.529849287191711 1.207342277436324
 -1.545566615322118 1.240810989595938
 -1.560959416399927 1.273469958507664
 -1.575955200213876 1.305346462188548
 -1.590501318640927 1.336475110539503
 -1.604640428339494 1.366897389388907
 -1.618410372743175 1.396641603385781
 -1.631761661921718 1.425722686778105
 -1.644642691438030 1.454162984132629
 -1.657086646345344 1.481994253023094
 -1.669139158606785 1.509236916668108
 -1.680767399631168 1.535897033979770
 -1.691919797836963 1.561988061867611
 -1.702619360573038 1.587535763307319
 -1.712915184665641 1.612555701465562
 -1.722787158809893 1.637046705774660
 -1.732183872454821 1.661014990709080
 -1.741119009148664 1.684483123402744
 -1.749642707111751 1.707464058129696
 -1.757744220329129 1.729949369377512
 -1.765372493021139 1.751938157553895
 -1.772534478477536 1.773452910780584
 -1.779280742526187 1.794506467299566
 -1.785605151642489 1.815080256186907
 -1.791456013008557 1.835164125751476
 -1.796841475654321 1.854788246294587
 -1.801815954093691 1.873971030530718
 -1.806359907781514 1.892665854993987
 -1.810415169740874 1.910845538286693
 -1.814102931814393 1.928666960255313
 -1.817233041047239 1.945870926354700
 -1.820037313594244 1.962722047209470
 -1.822365461426860 1.979053478680775
 -1.824237857042414 1.994881113395367
 -1.825706180364636 2.010256631908711
 -1.826765454652467 2.025171501059702
 -1.827388538621207 2.039591334557821
 -1.827582099485633 2.053517441874567
 -1.827373071994310 2.066975327203746
 -1.826765965963990 2.079967850871256
 -1.825745984397141 2.092475417160858
 -1.824313318786322 2.104493436368971
 -1.822486279986984 2.116038977677799
 -1.820273033731677 2.127120152629245
 -1.817664118018169 2.137724641062944
 -1.814655762951031 2.147844530967234
 -1.811260478466388 2.157491150897589
 -1.807487980460869 2.166675182044161
 -1.803332295199422 2.175389260995860
 -1.798786999605776 2.183623236713779
 -1.793859833387986 2.191383360819123
 -1.788561044912867 2.198681325326620
 -1.782887562995804 2.205513769140832
 -1.776831258970102 2.211869042429151
 -1.770395610851012 2.217748465121526
 -1.763590758121160 2.223163626759089
 -1.756416401044934 2.228114765865269
 -1.748863522755561 2.232589399544358
 -1.740931617985510 2.236583842215008
 -1.732630213864348 2.240108630841879
 -1.723961896053360 2.243167512889878
 -1.714917572277861 2.245747876349970
 -1.705492888437053 2.247840775404436
 -1.695696294114284 2.249454748439591
 -1.685533623343842 2.250597270037517
 -1.674996649302361 2.251256474034233
 -1.664077141708680 2.251417626212998
 -1.652781964041571 2.251086176775570
 -1.641120997252609 2.250274112491057
 -1.629088170474110 2.248971654767248
 -1.616670961932318 2.247157127589967
 -1.603873887128909 2.244831374933741
 -1.590712718861285 2.242013215993369
 -1.577185682482446 2.238697613851204
 -1.563273973017078 2.234852594807342
 -1.548977811495508 2.230471367866711
 -1.534324611806119 2.225588102387438
 -1.519321571729352 2.220209564073234
 -1.503929934661487 2.214273788256759
 -1.488138788263826 2.207757354111885
 -1.472076970400934 2.200844175376126
 -1.455538679645605 2.193248939440462
 -1.438733794749471 2.185215143467282
 -1.421536654407661 2.176589464316095
 -1.403960685051333 2.167434686989323
 -1.386046931941904 2.157780321942623
 -1.367789670837410 2.147569209746041
 -1.349161331639315 2.136786634984620
 -1.330160199647393 2.125485249952293
 -1.310802994341260 2.113675201488055
 -1.291088559416799 2.101304332268684
 -1.270996542294762 2.088360817051023
 -1.250516355473307 2.074894609881030
 -1.229653796393749 2.060918074244108
 -1.208407499667354 2.046379443451485
 -1.186758546940180 2.031260316119791
 -1.164689338643327 2.015609394606465
 -1.142196499638368 1.999446539506992
 -1.119275888427229 1.982720413130568
 -1.095907565998038 1.965402810782136
 -1.072066839127242 1.947540965513125
 -1.047740432250311 1.929165507148894
 -1.022918689916253 1.910227383103555
 -0.9975781169028257 1.890687124835479
 -0.9716853519016149 1.870590001768045
 -0.9452147294913840 1.849980886733923
 -0.9181471652008609 1.828816547088303
 -0.8904518107329135 1.807046100152158
 -0.8620831182946208 1.784713078311838
 -0.8329982293894244 1.761881995676006
 -0.8031624056353259 1.738521951859423
 -0.7725311519502509 1.714572869065170
 -0.7410401604479679 1.690079491501473
 -0.7086209431792428 1.665136778234290
 -0.6752129912647847 1.639739612830027
 -0.6407478887431558 1.613827084783901
 -0.6051316613764428 1.587456266470653
 -0.5682569832655793 1.560777919184057
 -0.5300231197459661 1.533844241929416
 -0.4903248019931671 1.506619004566941
 -0.4490270529014387 1.479205959724305
 -0.4059733993058189 1.451876145047416
 -0.3610188641303440 1.424817278268350
 -0.3140327500025153 1.398084157379983
 -0.2648713617717224 1.371912559899867
 -0.2133887839805437 1.346841267555915
 -0.1595040951763937 1.323344782187743
 -0.1032457098872678 1.301625364724221
 -4.472649737864785E-02 1.282083260372938
 1.586086526268738E-02 1.265672404976033
 7.813355659197992E-02 1.253066056616228
 0.1413852853565913 1.243247673900214
 0.2052264874446814 1.238612725470969
 0.2687396651680256 1.236914385076327
 0.3314648180534052 1.239301827769624
 0.3928777260163310 1.245204946536642
 0.4525764342176221 1.253737428589365
 0.5103610840391085 1.264534592929940
 0.5661585706302618 1.277405723671089
 0.6199412039014268 1.291870265367089
 0.6717301946415986 1.307370430268277
 0.7216126269386168 1.323644196055328
 0.7697035563533846 1.340608817086973
 0.8161021075634259 1.358048815759142
 0.8608998990301553 1.375664940815480
 0.9042051644338041 1.393325781079465
 0.9461286196752541 1.411043004358871
 0.9867567062964913 1.428743125494375
 1.026160157476125 1.446255133861265
 1.064417732687651 1.463502313368060
 1.101609777778251 1.480528656948523
 1.137796405359323 1.497325563653720
 1.173023032297313 1.513785120872520
 1.207342277436324 1.529849287191711
 1.240810989595938 1.545566615322118
 1.273469958507664 1.560959416399927
 1.305346462188548 1.575955200213876
 1.336475110539503 1.590501318640927
 1.366897389388907 1.604640428339494
 1.396641603385781 1.618410372743175
 1.425722686778105 1.631761661921718
 1.454162984132629 1.644642691438030
 1.481994253023094 1.657086646345344
 1.509236916668108 1.669139158606785
 1.535897033979770 1.680767399631168
 1.561988061867611 1.691919797836963
 1.587535763307319 1.702619360573038
 1.612555701465562 1.712915184665641
 1.637046705774660 1.722787158809893
 1.661014990709080 1.732183872454821
 1.684483123402744 1.741119009148664
 1.707464058129696 1.749642707111751
 1.729949369377512 1.757744220329129
 1.751938157553895 1.765372493021139
 1.773452910780584 1.772534478477536
 1.794506467299566 1.779280742526187
 1.815080256186907 1.785605151642489
 1.835164125751476 1.791456013008557
 1.854788246294587 1.796841475654321
 1.873971030530718 1.801815954093691
 1.892665854993987 1.806359907781514
 1.910845538286693 1.810415169740874
 1.928666960255313 1.814102931814393
   
   
 #BODY NUMBER  4
 -2.157496256756048 0.2453559582051525
 -2.162796880529350 0.1707894109485517
 -2.164541456882630 9.643816470502344E-02
 -2.161288305318826 2.275918483583830E-02
 -2.153636851910072 -4.968089606941190E-02
 -2.142566135261263 -0.1205022926396267
 -2.128426578967186 -0.1895573289455259
 -2.111346942526062 -0.2567604742668416
 -2.091807376154885 -0.3220380534347594
 -2.070407891276743 -0.3854280651478467
 -2.047412214232741 -0.4470742606339159
 -2.022863142368662 -0.5070887236994970
 -1.996960976083149 -0.5655208164687137
 -1.970027833256080 -0.6224681047730265
 -1.942201871217150 -0.6780987547139946
 -1.913440183644266 -0.7325324215736290
 -1.883790744116201 -0.7858030746410546
 -1.853432516674706 -0.8379740964355192
 -1.822448757103345 -0.8891853000179496
 -1.790768170045388 -0.9395392621955360
 -1.758364512187314 -0.9890424394519720
 -1.725338672196926 -1.037717358536405
 -1.691750728051175 -1.085675939245636
 -1.657525270721553 -1.133011427756264
 -1.622594977930852 -1.179711215709722
 -1.587007994399046 -1.225761186305638
 -1.550809473319035 -1.271249321572363
 -1.513926148258701 -1.316267690281686
 -1.476262145095816 -1.360792047829507
 -1.437820409682728 -1.404772309087613
 -1.398628345039188 -1.448271246137558
 -1.358612018494797 -1.491383280011290
 -1.317648878191165 -1.534074997444504
 -1.275694318952524 -1.576253144182538
 -1.232747941867425 -1.617944743151874
 -1.188725798207646 -1.659242301867267
 -1.143472950745047 -1.700096084297277
 -1.096887450668697 -1.740345928299290
 -1.048925424066726 -1.779952712821244
 -0.9994799053355721 -1.818985116088421
 -0.9483560005569465 -1.857346268879510
 -0.8953863065666684 -1.894744186262424
 -0.8404777460429573 -1.930994766414464
 -0.7835114875183605 -1.966081472261897
 -0.7242882330967495 -1.999779589882156
 -0.6626362271454074 -2.031512961648083
 -0.5985194500345600 -2.060797155059251
 -0.5319923366203970 -2.087487493376500
 -0.4631201073582026 -2.111209341887146
 -0.3920530152125687 -2.130923384679456
 -0.3192086277790419 -2.145918269934306
 -0.2453559582051525 -2.157496256756048
 -0.1707894109485517 -2.162796880529350
 -9.643816470502344E-02 -2.164541456882630
 -2.275918483583830E-02 -2.161288305318826
 4.968089606941190E-02 -2.153636851910072
 0.1205022926396267 -2.142566135261263
 0.1895573289455259 -2.128426578967186
 0.2567604742668416 -2.111346942526062
 0.3220380534347594 -2.091807376154885
 0.3854280651478467 -2.070407891276743
 0.4470742606339159 -2.047412214232741
 0.5070887236994970 -2.022863142368662
 0.5655208164687137 -1.996960976083149
 0.6224681047730265 -1.970027833256080
 0.6780987547139946 -1.942201871217150
 0.7325324215736290 -1.913440183644266
 0.7858030746410546 -1.883790744116201
 0.8379740964355192 -1.853432516674706
 0.8891853000179496 -1.822448757103345
 0.9395392621955360 -1.790768170045388
 0.9890424394519720 -1.758364512187314
 1.037717358536405 -1.725338672196926
 1.085675939245636 -1.691750728051175
 1.133011427756264 -1.657525270721553
 1.179711215709722 -1.622594977930852
 1.225761186305638 -1.587007994399046
 1.271249321572363 -1.550809473319035
 1.316267690281686 -1.513926148258701
 1.360792047829507 -1.476262145095816
 1.404772309087613 -1.437820409682728
 1.448271246137558 -1.398628345039188
 1.491383280011290 -1.358612018494797
 1.534074997444504 -1.317648878191165
 1.576253144182538 -1.275694318952524
 1.617944743151874 -1.232747941867425
 1.659242301867267 -1.188725798207646
 1.700096084297277 -1.143472950745047
 1.740345928299290 -1.096887450668697
 1.779952712821244 -1.048925424066726
 1.818985116088421 -0.9994799053355721
 1.857346268879510 -0.9483560005569465
 1.894744186262424 -0.8953863065666684
 1.930994766414464 -0.8404777460429573
 1.966081472261897 -0.7835114875183605
 1.999779589882156 -0.7242882330967495
 2.031512961648083 -0.6626362271454074
 2.060797155059251 -0.5985194500345600
 2.087487493376500 -0.5319923366203970
 2.111209341887146 -0.4631201073582026
 2.130923384679456 -0.3920530152125687
 2.145918269934306 -0.3192086277790419
 2.157496256756048 -0.2453559582051525
 2.162796880529350 -0.1707894109485517
 2.164541456882630 -9.643816470502344E-02
 2.161288305318826 -2.275918483583830E-02
 2.153636851910072 4.968089606941190E-02
 2.142566135261263 0.1205022926396267
 2.128426578967186 0.1895573289455259
 2.111346942526062 0.2567604742668416
 2.091807376154885 0.3220380534347594
 2.070407891276743 0.3854280651478467
 2.047412214232741 0.4470742606339159
 2.022863142368662 0.5070887236994970
 1.996960976083149 0.5655208164687137
 1.970027833256080 0.6224681047730265
 1.942201871217150 0.6780987547139946
 1.913440183644266 0.7325324215736290
 1.883790744116201 0.7858030746410546
 1.853432516674706 0.8379740964355192
 1.822448757103345 0.8891853000179496
 1.790768170045388 0.9395392621955360
 1.758364512187314 0.9890424394519720
 1.725338672196926 1.037717358536405
 1.691750728051175 1.085675939245636
 1.657525270721553 1.133011427756264
 1.622594977930852 1.179711215709722
 1.587007994399046 1.225761186305638
 1.550809473319035 1.271249321572363
 1.513926148258701 1.316267690281686
 1.476262145095816 1.360792047829507
 1.437820409682728 1.404772309087613
 1.398628345039188 1.448271246137558
 1.358612018494797 1.491383280011290
 1.317648878191165 1.534074997444504
 1.275694318952524 1.576253144182538
 1.232747941867425 1.617944743151874
 1.188725798207646 1.659242301867267
 1.143472950745047 1.700096084297277
 1.096887450668697 1.740345928299290
 1.048925424066726 1.779952712821244
 0.9994799053355721 1.818985116088421
 0.9483560005569465 1.857346268879510
 0.8953863065666684 1.894744186262424
 0.8404777460429573 1.930994766414464
 0.7835114875183605 1.966081472261897
 0.7242882330967495 1.999779589882156
 0.6626362271454074 2.031512961648083
 0.5985194500345600 2.060797155059251
 0.5319923366203970 2.087487493376500
 0.4631201073582026 2.111209341887146
 0.3920530152125687 2.130923384679456
 0.3192086277790419 2.145918269934306
 0.2453559582051525 2.157496256756048
 0.1707894109485517 2.162796880529350
 9.643816470502344E-02 2.164541456882630
 2.275918483583830E-02 2.161288305318826
 -4.968089606941190E-02 2.153636851910072
 -0.1205022926396267 2.142566135261263
 -0.1895573289455259 2.128426578967186
 -0.2567604742668416 2.111346942526062
 -0.3220380534347594 2.091807376154885
 -0.3854280651478467 2.070407891276743
 -0.4470742606339159 2.047412214232741
 -0.5070887236994970 2.022863142368662
 -0.5655208164687137 1.996960976083149
 -0.6224681047730265 1.970027833256080
 -0.6780987547139946 1.942201871217150
 -0.7325324215736290 1.913440183644266
 -0.7858030746410546 1.883790744116201
 -0.8379740964355192 1.853432516674706
 -0.8891853000179496 1.822448757103345
 -0.9395392621955360 1.790768170045388
 -0.9890424394519720 1.758364512187314
 -1.037717358536405 1.725338672196926
 -1.085675939245636 1.691750728051175
 -1.133011427756264 1.657525270721553
 -1.179711215709722 1.622594977930852
 -1.225761186305638 1.587007994399046
 -1.271249321572363 1.550809473319035
 -1.316267690281686 1.513926148258701
 -1.360792047829507 1.476262145095816
 -1.404772309087613 1.437820409682728
 -1.448271246137558 1.398628345039188
 -1.491383280011290 1.358612018494797
 -1.534074997444504 1.317648878191165
 -1.576253144182538 1.275694318952524
 -1.617944743151874 1.232747941867425
 -1.659242301867267 1.188725798207646
 -1.700096084297277 1.143472950745047
 -1.740345928299290 1.096887450668697
 -1.779952712821244 1.048925424066726
 -1.818985116088421 0.9994799053355721
 -1.857346268879510 0.9483560005569465
 -1.894744186262424 0.8953863065666684
 -1.930994766414464 0.8404777460429573
 -1.966081472261897 0.7835114875183605
 -1.999779589882156 0.7242882330967495
 -2.031512961648083 0.6626362271454074
 -2.060797155059251 0.5985194500345600
 -2.087487493376500 0.5319923366203970
 -2.111209341887146 0.4631201073582026
 -2.130923384679456 0.3920530152125687
 -2.145918269934306 0.3192086277790419
 -2.157496256756048 0.2453559582051525
 -2.162796880529350 0.1707894109485517
 -2.164541456882630 9.643816470502344E-02
 -2.161288305318826 2.275918483583830E-02
 -2.153636851910072 -4.968089606941190E-02
 -2.142566135261263 -0.1205022926396267
 -2.128426578967186 -0.1895573289455259
 -2.111346942526062 -0.2567604742668416
 -2.091807376154885 -0.3220380534347594
 -2.070407891276743 -0.3854280651478467
 -2.047412214232741 -0.4470742606339159
 -2.022863142368662 -0.5070887236994970
 -1.996960976083149 -0.5655208164687137
 -1.970027833256080 -0.6224681047730265
 -1.942201871217150 -0.6780987547139946
 -1.913440183644266 -0.7325324215736290
 -1.883790744116201 -0.7858030746410546
 -1.853432516674706 -0.8379740964355192
 -1.822448757103345 -0.8891853000179496
 -1.790768170045388 -0.9395392621955360
 -1.758364512187314 -0.9890424394519720
 -1.725338672196926 -1.037717358536405
 -1.691750728051175 -1.085675939245636
 -1.657525270721553 -1.133011427756264
 -1.622594977930852 -1.179711215709722
 -1.587007994399046 -1.225761186305638
 -1.550809473319035 -1.271249321572363
 -1.513926148258701 -1.316267690281686
 -1.476262145095816 -1.360792047829507
 -1.437820409682728 -1.404772309087613
 -1.398628345039188 -1.448271246137558
 -1.358612018494797 -1.491383280011290
 -1.317648878191165 -1.534074997444504
 -1.275694318952524 -1.576253144182538
 -1.232747941867425 -1.617944743151874
 -1.188725798207646 -1.659242301867267
 -1.143472950745047 -1.700096084297277
 -1.096887450668697 -1.740345928299290
 -1.048925424066726 -1.779952712821244
 -0.9994799053355721 -1.818985116088421
 -0.9483560005569465 -1.857346268879510
 -0.8953863065666684 -1.894744186262424
 -0.8404777460429573 -1.930994766414464
 -0.7835114875183605 -1.966081472261897
 -0.7242882330967495 -1.999779589882156
 -0.6626362271454074 -2.031512961648083
 -0.5985194500345600 -2.060797155059251
 -0.5319923366203970 -2.087487493376500
 -0.4631201073582026 -2.111209341887146
 -0.3920530152125687 -2.130923384679456
 -0.3192086277790419 -2.145918269934306
 -0.2453559582051525 -2.157496256756048
 -0.1707894109485517 -2.162796880529350
 -9.643816470502344E-02 -2.164541456882630
 -2.275918483583830E-02 -2.161288305318826
 4.968089606941190E-02 -2.153636851910072
 0.1205022926396267 -2.142566135261263
 0.1895573289455259 -2.128426578967186
 0.2567604742668416 -2.111346942526062
 0.3220380534347594 -2.091807376154885
 0.3854280651478467 -2.070407891276743
 0.4470742606339159 -2.047412214232741
 0.5070887236994970 -2.022863142368662
 0.5655208164687137 -1.996960976083149
 0.6224681047730265 -1.970027833256080
 0.6780987547139946 -1.942201871217150
 0.7325324215736290 -1.913440183644266
 0.7858030746410546 -1.883790744116201
 0.8379740964355192 -1.853432516674706
 0.8891853000179496 -1.822448757103345
 0.9395392621955360 -1.790768170045388
 0.9890424394519720 -1.758364512187314
 1.037717358536405 -1.725338672196926
 1.085675939245636 -1.691750728051175
 1.133011427756264 -1.657525270721553
 1.179711215709722 -1.622594977930852
 1.225761186305638 -1.587007994399046
 1.271249321572363 -1.550809473319035
 1.316267690281686 -1.513926148258701
 1.360792047829507 -1.476262145095816
 1.404772309087613 -1.437820409682728
 1.448271246137558 -1.398628345039188
 1.491383280011290 -1.358612018494797
 1.534074997444504 -1.317648878191165
 1.576253144182538 -1.275694318952524
 1.617944743151874 -1.232747941867425
 1.659242301867267 -1.188725798207646
 1.700096084297277 -1.143472950745047
 1.740345928299290 -1.096887450668697
 1.779952712821244 -1.048925424066726
 1.818985116088421 -0.9994799053355721
 1.857346268879510 -0.9483560005569465
 1.894744186262424 -0.8953863065666684
 1.930994766414464 -0.8404777460429573
 1.966081472261897 -0.7835114875183605
 1.999779589882156 -0.7242882330967495
 2.031512961648083 -0.6626362271454074
 2.060797155059251 -0.5985194500345600
 2.087487493376500 -0.5319923366203970
 2.111209341887146 -0.4631201073582026
 2.130923384679456 -0.3920530152125687
 2.145918269934306 -0.3192086277790419
 2.157496256756048 -0.2453559582051525
 2.162796880529350 -0.1707894109485517
 2.164541456882630 -9.643816470502344E-02
 2.161288305318826 -2.275918483583830E-02
 2.153636851910072 4.968089606941190E-02
 2.142566135261263 0.1205022926396267
 2.128426578967186 0.1895573289455259
 2.111346942526062 0.2567604742668416
 2.091807376154885 0.3220380534347594
 2.070407891276743 0.3854280651478467
 2.047412214232741 0.4470742606339159
 2.022863142368662 0.5070887236994970
 1.996960976083149 0.5655208164687137
 1.970027833256080 0.6224681047730265
 1.942201871217150 0.6780987547139946
 1.913440183644266 0.7325324215736290
 1.883790744116201 0.7858030746410546
 1.853432516674706 0.8379740964355192
 1.822448757103345 0.8891853000179496
 1.790768170045388 0.9395392621955360
 1.758364512187314 0.9890424394519720
 1.725338672196926 1.037717358536405
 1.691750728051175 1.085675939245636
 1.657525270721553 1.133011427756264
 1.622594977930852 1.179711215709722
 1.587007994399046 1.225761186305638
 1.550809473319035 1.271249321572363
 1.513926148258701 1.316267690281686
 1.476262145095816 1.360792047829507
 1.437820409682728 1.404772309087613
 1.398628345039188 1.448271246137558
 1.358612018494797 1.491383280011290
 1.317648878191165 1.534074997444504
 1.275694318952524 1.576253144182538
 1.232747941867425 1.617944743151874
 1.188725798207646 1.659242301867267
 1.143472950745047 1.700096084297277
 1.096887450668697 1.740345928299290
 1.048925424066726 1.779952712821244
 0.9994799053355721 1.818985116088421
 0.9483560005569465 1.857346268879510
 0.8953863065666684 1.894744186262424
 0.8404777460429573 1.930994766414464
 0.7835114875183605 1.966081472261897
 0.7242882330967495 1.999779589882156
 0.6626362271454074 2.031512961648083
 0.5985194500345600 2.060797155059251
 0.5319923366203970 2.087487493376500
 0.4631201073582026 2.111209341887146
 0.3920530152125687 2.130923384679456
 0.3192086277790419 2.145918269934306
 0.2453559582051525 2.157496256756048
 0.1707894109485517 2.162796880529350
 9.643816470502344E-02 2.164541456882630
 2.275918483583830E-02 2.161288305318826
 -4.968089606941190E-02 2.153636851910072
 -0.1205022926396267 2.142566135261263
 -0.1895573289455259 2.128426578967186
 -0.2567604742668416 2.111346942526062
 -0.3220380534347594 2.091807376154885
 -0.3854280651478467 2.070407891276743
 -0.4470742606339159 2.047412214232741
 -0.5070887236994970 2.022863142368662
 -0.5655208164687137 1.996960976083149
 -0.6224681047730265 1.970027833256080
 -0.6780987547139946 1.942201871217150
 -0.7325324215736290 1.913440183644266
 -0.7858030746410546 1.883790744116201
 -0.8379740964355192 1.853432516674706
 -0.8891853000179496 1.822448757103345
 -0.9395392621955360 1.790768170045388
 -0.9890424394519720 1.758364512187314
 -1.037717358536405 1.725338672196926
 -1.085675939245636 1.691750728051175
 -1.133011427756264 1.657525270721553
 -1.179711215709722 1.622594977930852
 -1.225761186305638 1.587007994399046
 -1.271249321572363 1.550809473319035
 -1.316267690281686 1.513926148258701
 -1.360792047829507 1.476262145095816
 -1.404772309087613 1.437820409682728
 -1.448271246137558 1.398628345039188
 -1.491383280011290 1.358612018494797
 -1.534074997444504 1.317648878191165
 -1.576253144182538 1.275694318952524
 -1.617944743151874 1.232747941867425
 -1.659242301867267 1.188725798207646
 -1.700096084297277 1.143472950745047
 -1.740345928299290 1.096887450668697
 -1.779952712821244 1.048925424066726
 -1.818985116088421 0.9994799053355721
 -1.857346268879510 0.9483560005569465
 -1.894744186262424 0.8953863065666684
 -1.930994766414464 0.8404777460429573
 -1.966081472261897 0.7835114875183605
 -1.999779589882156 0.7242882330967495
 -2.031512961648083 0.6626362271454074
 -2.060797155059251 0.5985194500345600
 -2.087487493376500 0.5319923366203970
 -2.111209341887146 0.4631201073582026
 -2.130923384679456 0.3920530152125687
 -2.145918269934306 0.3192086277790419
 -2.157496256756048 0.2453559582051525
 -2.162796880529350 0.1707894109485517
 -2.164541456882630 9.643816470502344E-02
 -2.161288305318826 2.275918483583830E-02
 -2.153636851910072 -4.968089606941190E-02
 -2.142566135261263 -0.1205022926396267
 -2.128426578967186 -0.1895573289455259
 -2.111346942526062 -0.2567604742668416
 -2.091807376154885 -0.3220380534347594
 -2.070407891276743 -0.3854280651478467
 -2.047412214232741 -0.4470742606339159
 -2.022863142368662 -0.5070887236994970
 -1.996960976083149 -0.5655208164687137
 -1.970027833256080 -0.6224681047730265
 -1.942201871217150 -0.6780987547139946
 -1.913440183644266 -0.7325324215736290
 -1.883790744116201 -0.7858030746410546
 -1.853432516674706 -0.8379740964355192
 -1.822448757103345 -0.8891853000179496
 -1.790768170045388 -0.9395392621955360
 -1.758364512187314 -0.9890424394519720
 -1.725338672196926 -1.037717358536405
 -1.691750728051175 -1.085675939245636
 -1.657525270721553 -1.133011427756264
 -1.622594977930852 -1.179711215709722
 -1.587007994399046 -1.225761186305638
 -1.550809473319035 -1.271249321572363
 -1.513926148258701 -1.316267690281686
 -1.476262145095816 -1.360792047829507
 -1.437820409682728 -1.404772309087613
 -1.398628345039188 -1.448271246137558
 -1.358612018494797 -1.491383280011290
 -1.317648878191165 -1.534074997444504
 -1.275694318952524 -1.576253144182538
 -1.232747941867425 -1.617944743151874
 -1.188725798207646 -1.659242301867267
 -1.143472950745047 -1.700096084297277
 -1.096887450668697 -1.740345928299290
 -1.048925424066726 -1.779952712821244
 -0.9994799053355721 -1.818985116088421
 -0.9483560005569465 -1.857346268879510
 -0.8953863065666684 -1.894744186262424
 -0.8404777460429573 -1.930994766414464
 -0.7835114875183605 -1.966081472261897
 -0.7242882330967495 -1.999779589882156
 -0.6626362271454074 -2.031512961648083
 -0.5985194500345600 -2.060797155059251
 -0.5319923366203970 -2.087487493376500
 -0.4631201073582026 -2.111209341887146
 -0.3920530152125687 -2.130923384679456
 -0.3192086277790419 -2.145918269934306
 -0.2453559582051525 -2.157496256756048
 -0.1707894109485517 -2.162796880529350
 -9.643816470502344E-02 -2.164541456882630
 -2.275918483583830E-02 -2.161288305318826
 4.968089606941190E-02 -2.153636851910072
 0.1205022926396267 -2.142566135261263
 0.1895573289455259 -2.128426578967186
 0.2567604742668416 -2.111346942526062
 0.3220380534347594 -2.091807376154885
 0.3854280651478467 -2.070407891276743
 0.4470742606339159 -2.047412214232741
 0.5070887236994970 -2.022863142368662
 0.5655208164687137 -1.996960976083149
 0.6224681047730265 -1.970027833256080
 0.6780987547139946 -1.942201871217150
 0.7325324215736290 -1.913440183644266
 0.7858030746410546 -1.883790744116201
 0.8379740964355192 -1.853432516674706
 0.8891853000179496 -1.822448757103345
 0.9395392621955360 -1.790768170045388
 0.9890424394519720 -1.758364512187314
 1.037717358536405 -1.725338672196926
 1.085675939245636 -1.691750728051175
 1.133011427756264 -1.657525270721553
 1.179711215709722 -1.622594977930852
 1.225761186305638 -1.587007994399046
 1.271249321572363 -1.550809473319035
 1.316267690281686 -1.513926148258701
 1.360792047829507 -1.476262145095816
 1.404772309087613 -1.437820409682728
 1.448271246137558 -1.398628345039188
 1.491383280011290 -1.358612018494797
 1.534074997444504 -1.317648878191165
 1.576253144182538 -1.275694318952524
 1.617944743151874 -1.232747941867425
 1.659242301867267 -1.188725798207646
 1.700096084297277 -1.143472950745047
 1.740345928299290 -1.096887450668697
 1.779952712821244 -1.048925424066726
 1.818985116088421 -0.9994799053355721
 1.857346268879510 -0.9483560005569465
 1.894744186262424 -0.8953863065666684
 1.930994766414464 -0.8404777460429573
 1.966081472261897 -0.7835114875183605
 1.999779589882156 -0.7242882330967495
 2.031512961648083 -0.6626362271454074
 2.060797155059251 -0.5985194500345600
 2.087487493376500 -0.5319923366203970
 2.111209341887146 -0.4631201073582026
 2.130923384679456 -0.3920530152125687
 2.145918269934306 -0.3192086277790419
 2.157496256756048 -0.2453559582051525
 2.162796880529350 -0.1707894109485517
 2.164541456882630 -9.643816470502344E-02
 2.161288305318826 -2.275918483583830E-02
 2.153636851910072 4.968089606941190E-02
 2.142566135261263 0.1205022926396267
 2.128426578967186 0.1895573289455259
 2.111346942526062 0.2567604742668416
 2.091807376154885 0.3220380534347594
 2.070407891276743 0.3854280651478467
 2.047412214232741 0.4470742606339159
 2.022863142368662 0.5070887236994970
 1.996960976083149 0.5655208164687137
 1.970027833256080 0.6224681047730265
 1.942201871217150 0.6780987547139946
 1.913440183644266 0.7325324215736290
 1.883790744116201 0.7858030746410546
 1.853432516674706 0.8379740964355192
 1.822448757103345 0.8891853000179496
 1.790768170045388 0.9395392621955360
 1.758364512187314 0.9890424394519720
 1.725338672196926 1.037717358536405
 1.691750728051175 1.085675939245636
 1.657525270721553 1.133011427756264
 1.622594977930852 1.179711215709722
 1.587007994399046 1.225761186305638
 1.550809473319035 1.271249321572363
 1.513926148258701 1.316267690281686
 1.476262145095816 1.360792047829507
 1.437820409682728 1.404772309087613
 1.398628345039188 1.448271246137558
 1.358612018494797 1.491383280011290
 1.317648878191165 1.534074997444504
 1.275694318952524 1.576253144182538
 1.232747941867425 1.617944743151874
 1.188725798207646 1.659242301867267
 1.143472950745047 1.700096084297277
 1.096887450668697 1.740345928299290
 1.048925424066726 1.779952712821244
 0.9994799053355721 1.818985116088421
 0.9483560005569465 1.857346268879510
 0.8953863065666684 1.894744186262424
 0.8404777460429573 1.930994766414464
 0.7835114875183605 1.966081472261897
 0.7242882330967495 1.999779589882156
 0.6626362271454074 2.031512961648083
 0.5985194500345600 2.060797155059251
 0.5319923366203970 2.087487493376500
 0.4631201073582026 2.111209341887146
 0.3920530152125687 2.130923384679456
 0.3192086277790419 2.145918269934306
 0.2453559582051525 2.157496256756048
 0.1707894109485517 2.162796880529350
 9.643816470502344E-02 2.164541456882630
 2.275918483583830E-02 2.161288305318826
 -4.968089606941190E-02 2.153636851910072
 -0.1205022926396267 2.142566135261263
 -0.1895573289455259 2.128426578967186
 -0.2567604742668416 2.111346942526062
 -0.3220380534347594 2.091807376154885
 -0.3854280651478467 2.070407891276743
 -0.4470742606339159 2.047412214232741
 -0.5070887236994970 2.022863142368662
 -0.5655208164687137 1.996960976083149
 -0.6224681047730265 1.970027833256080
 -0.6780987547139946 1.942201871217150
 -0.7325324215736290 1.913440183644266
 -0.7858030746410546 1.883790744116201
 -0.8379740964355192 1.853432516674706
 -0.8891853000179496 1.822448757103345
 -0.9395392621955360 1.790768170045388
 -0.9890424394519720 1.758364512187314
 -1.037717358536405 1.725338672196926
 -1.085675939245636 1.691750728051175
 -1.133011427756264 1.657525270721553
 -1.179711215709722 1.622594977930852
 -1.225761186305638 1.587007994399046
 -1.271249321572363 1.550809473319035
 -1.316267690281686 1.513926148258701
 -1.360792047829507 1.476262145095816
 -1.404772309087613 1.437820409682728
 -1.448271246137558 1.398628345039188
 -1.491383280011290 1.358612018494797
 -1.534074997444504 1.317648878191165
 -1.576253144182538 1.275694318952524
 -1.617944743151874 1.232747941867425
 -1.659242301867267 1.188725798207646
 -1.700096084297277 1.143472950745047
 -1.740345928299290 1.096887450668697
 -1.779952712821244 1.048925424066726
 -1.818985116088421 0.9994799053355721
 -1.857346268879510 0.9483560005569465
 -1.894744186262424 0.8953863065666684
 -1.930994766414464 0.8404777460429573
 -1.966081472261897 0.7835114875183605
 -1.999779589882156 0.7242882330967495
 -2.031512961648083 0.6626362271454074
 -2.060797155059251 0.5985194500345600
 -2.087487493376500 0.5319923366203970
 -2.111209341887146 0.4631201073582026
 -2.130923384679456 0.3920530152125687
 -2.145918269934306 0.3192086277790419
 -2.157496256756048 0.2453559582051525
   
   
