 # action(x) =  5.544221099510128
 # |grad_action(x)| =  7.812075211026196E-12
 # PRINTSTEPS = 50
 #
 #BODY NUMBER  1
 -2.225790353436564 -2.373760794091488
 -2.201266804735433 -2.396446581258744
 -2.176569727636387 -2.418944260176084
 -2.151620947959850 -2.441163462256539
 -2.126433396093942 -2.463110495370155
 -2.101034764235760 -2.484811321746569
 -2.075421973996080 -2.506260059394234
 -2.049581822722541 -2.527436211657156
 -2.023519802065233 -2.548337772011246
 -1.997250558683729 -2.568976186744702
 -1.970775955554336 -2.589351198209653
 -1.944089246594225 -2.609449867270228
 -1.917192881674233 -2.629266674265966
 -1.890097592832989 -2.648808216250625
 -1.862807518843097 -2.668076917630088
 -1.835318899687092 -2.687063782679904
 -1.807632657001974 -2.705761514906221
 -1.779757305647773 -2.724173603127484
 -1.751698292224559 -2.742304010588768
 -1.723453879081906 -2.760146744262837
 -1.695024123113455 -2.777693573369128
 -1.666415905868731 -2.794945429278571
 -1.637635477828209 -2.811907150803784
 -1.608682735217092 -2.828575426290874
 -1.579557260950393 -2.844941659917453
 -1.550264558500332 -2.861004415187845
 -1.520811346802398 -2.876768901476729
 -1.491198969479566 -2.892234399625659
 -1.461426818346176 -2.907392429552741
 -1.431499141095398 -2.922239208556690
 -1.401422858960179 -2.936779851190947
 -1.371200670002227 -2.951016280547742
 -1.340832014560520 -2.964940611870061
 -1.310319934355367 -2.978546602473119
 -1.279671309752007 -2.991838770050992
 -1.248890163779781 -3.004821884408645
 -1.217976219479142 -3.017489215311510
 -1.186931296407671 -3.029831742565270
 -1.155761977125478 -3.041852746130236
 -1.124473661533409 -3.053560344002513
 -1.093066627775936 -3.064949747673125
 -1.061541338769454 -3.076008368119872
 -1.029903746179622 -3.086737228179299
 -0.9981608750488480 -3.097149117677430
 -0.9663139730271739 -3.107242629335848
 -0.9343616391609906 -3.116999227257510
 -0.9023085889056717 -3.126415454732964
 -0.8701645548907384 -3.135513665707252
 -0.8379327241395089 -3.144299684026790
 -0.8056068524647892 -3.152736067666076
 -0.7731888626818102 -3.160808558752088
 -0.7407105925288050 -3.168632326908820
 -0.7081296827790600 -3.176017020549941
 -0.6754925471534028 -3.183152043469018
 -0.6427766691198807 -3.189920047084240
 -0.6099900927880674 -3.196332959365375
 -0.5771438191893148 -3.202427110361371
 -0.5442381233561260 -3.208195866923514
 -0.5112718197841557 -3.213614877100841
 -0.4782506676439371 -3.218685149017562
 -0.4451816281706364 -3.223423918779821
 -0.4120664435730022 -3.227831894746172
 -0.3789057411398618 -3.231894498254831
 -0.3457044023518259 -3.235608174075042
 -0.3124684229001033 -3.238984001442258
 -0.2792001748639670 -3.242026149339870
 -0.2459008998349996 -3.244724947233241
 -0.2125750442211842 -3.247074536991840
 -0.1792282376983900 -3.249082197451081
 -0.1458632155381081 -3.250754084181918
 -0.1124814694045464 -3.252084138245305
 -7.908716395932047E-02 -3.253065260023002
 -4.568579311367604E-02 -3.253701696880656
 -1.228035053617771E-02 -3.254000764593155
 2.112759781783358E-02 -3.253959543296705
 5.453411524336405E-02 -3.253570380248254
 8.793371734582167E-02 -3.252834783142165
 0.1213231900437255 -3.251760622896993
 0.1547010101462247 -3.250347948514741
 0.1880634643166037 -3.248589111936235
 0.2214049825940281 -3.246482961092652
 0.2547221282916592 -3.244037385933670
 0.2880135263656334 -3.241255400936874
 0.3212757191181066 -3.238129897871874
 0.3545029509996274 -3.234656991275212
 0.3876915222861468 -3.230844033767345
 0.4208403338345388 -3.226697167635211
 0.4539462603815245 -3.222210425844930
 0.4870032160468512 -3.217376906457865
 0.5200071401464008 -3.212202741283025
 0.5529574152269148 -3.206697660661687
 0.5858514061537254 -3.200857656695667
 0.6186824175183758 -3.194672058430130
 0.6514458064454824 -3.188144727500336
 0.6841418839828695 -3.181290252741735
 0.7167688659946978 -3.174108039240491
 0.7493186977938617 -3.166581333962077
 0.7817855673214902 -3.158709501035984
 0.8141722228456940 -3.150516765861250
 0.8464788162465255 -3.142009765548481
 0.8786920341359696 -3.133152952258823
 0.9108030823706761 -3.123934939719654
 0.9428419734724685 -3.114471386620153
 0.9747502158147253 -3.104576264037657
 1.006582315832849 -3.094436807329330
 1.038299099124613 -3.083940131376255
 1.069899563271656 -3.073100588158049
 1.101392346125837 -3.061955140935702
 1.132773892927663 -3.050498182750169
 1.164033054378530 -3.038708031441112
 1.195165346952559 -3.026588439654974
 1.226173360096323 -3.014157814915123
 1.257055939192066 -3.001417641782434
 1.287805251660836 -2.988355608409862
 1.318415292401035 -2.974971076617562
 1.348886408609491 -2.961276639150498
 1.379218630496989 -2.947277092493826
 1.409406047546359 -2.932964682514678
 1.439441879990067 -2.918336559127183
 1.469324891803502 -2.903401840825659
 1.499055791957544 -2.888167226126669
 1.528630259163574 -2.872628213667183
 1.558041136909712 -2.856780737328258
 1.587285791012080 -2.840631222392064
 1.616365286765093 -2.824187501339789
 1.645276808079748 -2.807447828472875
 1.674013119297987 -2.790407544673933
 1.702570224641950 -2.773070697841877
 1.730949276094702 -2.755445711432867
 1.759148979035271 -2.737533389479310
 1.787162293590144 -2.719328965236026
 1.814983819997328 -2.700834225962564
 1.842614526973554 -2.682057722899205
 1.870054730934696 -2.663002754182042
 1.897297883311390 -2.643664892751907
 1.924337056919867 -2.624043651473465
 1.951172724015346 -2.604147247764840
 1.977807003855424 -2.583981550574121
 2.004234206365769 -2.563542954930023
 2.030445610050162 -2.542828526518476
 2.056440764157502 -2.521845605983912
 2.082223999128221 -2.500602928775693
 2.107791028919663 -2.479098341519512
 2.133130719660598 -2.457325950601626
 2.158240981320625 -2.435291421733963
 2.183129377692791 -2.413007233694723
 2.207794066213212 -2.390473763341328
 2.232219694800972 -2.367680529463842
 2.256400912130189 -2.344629887411684
 2.280352210970379 -2.321341442861784
 2.304077041408829 -2.297820867780508
 2.327546099793883 -2.274044033530368
 2.350746077037682 -2.250005476381690
 2.373760794091234 -2.225790353436579
 2.396446581258483 -2.201266804735452
 2.418944260175816 -2.176569727636414
 2.441163462256264 -2.151620947959881
 2.463110495369875 -2.126433396093980
 2.484811321746283 -2.101034764235805
 2.506260059393941 -2.075421973996131
 2.527436211656857 -2.049581822722599
 2.548337772010941 -2.023519802065299
 2.568976186744393 -1.997250558683800
 2.589351198209342 -1.970775955554413
 2.609449867269915 -1.944089246594306
 2.629266674265655 -1.917192881674319
 2.648808216250317 -1.890097592833078
 2.668076917629786 -1.862807518843188
 2.687063782679609 -1.835318899687183
 2.705761514905936 -1.807632657002066
 2.724173603127209 -1.779757305647862
 2.742304010588504 -1.751698292224645
 2.760146744262586 -1.723453879081992
 2.777693573368890 -1.695024123113538
 2.794945429278346 -1.666415905868811
 2.811907150803570 -1.637635477828285
 2.828575426290673 -1.608682735217168
 2.844941659917266 -1.579557260950465
 2.861004415187671 -1.550264558500400
 2.876768901476569 -1.520811346802462
 2.892234399625512 -1.491198969479625
 2.907392429552611 -1.461426818346230
 2.922239208556578 -1.431499141095446
 2.936779851190852 -1.401422858960219
 2.951016280547666 -1.371200670002259
 2.964940611870006 -1.340832014560543
 2.978546602473086 -1.310319934355378
 2.991838770050983 -1.279671309752008
 3.004821884408658 -1.248890163779771
 3.017489215311546 -1.217976219479119
 3.029831742565326 -1.186931296407638
 3.041852746130313 -1.155761977125434
 3.053560344002610 -1.124473661533355
 3.064949747673239 -1.093066627775872
 3.076008368120005 -1.061541338769381
 3.086737228179449 -1.029903746179540
 3.097149117677595 -0.9981608750487563
 3.107242629336028 -0.9663139730270729
 3.116999227257705 -0.9343616391608798
 3.126415454733176 -0.9023085889055518
 3.135513665707479 -0.8701645548906083
 3.144299684027035 -0.8379327241393693
 3.152736067666338 -0.8056068524646385
 3.160808558752367 -0.7731888626816508
 3.168632326909033 -0.7407105925286652
 3.176017020550158 -0.7081296827789123
 3.183152043469237 -0.6754925471532466
 3.189920047084462 -0.6427766691197162
 3.196332959365598 -0.6099900927878938
 3.202427110361597 -0.5771438191891324
 3.208195866923742 -0.5442381233559348
 3.213614877101071 -0.5112718197839559
 3.218685149017793 -0.4782506676437284
 3.223423918780052 -0.4451816281704213
 3.227831894746403 -0.4120664435727810
 3.231894498255061 -0.3789057411396348
 3.235608174075268 -0.3457044023515961
 3.238984001442481 -0.3124684228998729
 3.242026149340086 -0.2792001748637376
 3.244724947233451 -0.2459008998347736
 3.247074536992042 -0.2125750442209624
 3.249082197451274 -0.1792282376981751
 3.250754084182103 -0.1458632155379014
 3.252084138245480 -0.1124814694043461
 3.253065260023167 -7.908716395912974E-02
 3.253701696880811 -4.568579311349352E-02
 3.254000764593302 -1.228035053600474E-02
 3.253959543296840 2.112759781799900E-02
 3.253570380248380 5.453411524351992E-02
 3.252834783142282 8.793371734596800E-02
 3.251760622897099 0.1213231900438620
 3.250347948514837 0.1547010101463488
 3.248589111936321 0.1880634643167152
 3.246482961092725 0.2214049825941264
 3.244037385933733 0.2547221282917418
 3.241255400936923 0.2880135263656991
 3.238129897871910 0.3212757191181534
 3.234656991275234 0.3545029509996538
 3.230844033767353 0.3876915222861530
 3.226697167635206 0.4208403338345237
 3.222210425844911 0.4539462603814872
 3.217376906457833 0.4870032160467943
 3.212202741282980 0.5200071401463242
 3.206697660661630 0.5529574152268200
 3.200857656695599 0.5858514061536129
 3.194672058430052 0.6186824175182462
 3.188144727500247 0.6514458064453361
 3.181290252741639 0.6841418839827080
 3.174108039240386 0.7167688659945204
 3.166581333961963 0.7493186977936677
 3.158709501035861 0.7817855673212806
 3.150516765861117 0.8141722228454678
 3.142009765548338 0.8464788162462820
 3.133152952258672 0.8786920341357083
 3.123934939719492 0.9108030823703988
 3.114471386620039 0.9428419734722411
 3.104576264037543 0.9747502158144888
 3.094436807329219 1.006582315832605
 3.083940131376145 1.038299099124359
 3.073100588157942 1.069899563271394
 3.061955140935597 1.101392346125566
 3.050498182750066 1.132773892927383
 3.038708031441013 1.164033054378242
 3.026588439654879 1.195165346952263
 3.014157814915030 1.226173360096021
 3.001417641782344 1.257055939191759
 2.988355608409777 1.287805251660525
 2.974971076617481 1.318415292400723
 2.961276639150420 1.348886408609180
 2.947277092493753 1.379218630496682
 2.932964682514609 1.409406047546058
 2.918336559127120 1.439441879989774
 2.903401840825599 1.469324891803219
 2.888167226126612 1.499055791957272
 2.872628213667132 1.528630259163314
 2.856780737328211 1.558041136909465
 2.840631222392021 1.587285791011845
 2.824187501339748 1.616365286764870
 2.807447828472839 1.645276808079537
 2.790407544673902 1.674013119297788
 2.773070697841849 1.702570224641764
 2.755445711432843 1.730949276094530
 2.737533389479288 1.759148979035115
 2.719328965236007 1.787162293590005
 2.700834225962550 1.814983819997206
 2.682057722899192 1.842614526973451
 2.663002754182032 1.870054730934615
 2.643664892751899 1.897297883311331
 2.624043651473459 1.924337056919833
 2.604147247764836 1.951172724015336
 2.583981550574119 1.977807003855440
 2.563542954930021 2.004234206365811
 2.542828526518475 2.030445610050227
 2.521845605983912 2.056440764157591
 2.500602928775695 2.082223999128332
 2.479098341519514 2.107791028919795
 2.457325950601629 2.133130719660749
 2.435291421733966 2.158240981320796
 2.413007233694725 2.183129377692979
 2.390473763341330 2.207794066213418
 2.367680529463843 2.232219694801198
 2.344629887411686 2.256400912130432
 2.321341442861785 2.280352210970641
 2.297820867780510 2.304077041409112
 2.274044033530369 2.327546099794185
 2.250005476381691 2.350746077038003
 2.225790353436564 2.373760794091488
 2.201266804735433 2.396446581258744
 2.176569727636387 2.418944260176084
 2.151620947959850 2.441163462256539
 2.126433396093942 2.463110495370155
 2.101034764235760 2.484811321746569
 2.075421973996080 2.506260059394234
 2.049581822722541 2.527436211657156
 2.023519802065233 2.548337772011246
 1.997250558683729 2.568976186744702
 1.970775955554336 2.589351198209653
 1.944089246594225 2.609449867270228
 1.917192881674233 2.629266674265966
 1.890097592832989 2.648808216250625
 1.862807518843097 2.668076917630088
 1.835318899687092 2.687063782679904
 1.807632657001974 2.705761514906221
 1.779757305647773 2.724173603127484
 1.751698292224559 2.742304010588768
 1.723453879081906 2.760146744262837
 1.695024123113455 2.777693573369128
 1.666415905868731 2.794945429278571
 1.637635477828209 2.811907150803784
 1.608682735217092 2.828575426290874
 1.579557260950393 2.844941659917453
 1.550264558500332 2.861004415187845
 1.520811346802398 2.876768901476729
 1.491198969479566 2.892234399625659
 1.461426818346176 2.907392429552741
 1.431499141095398 2.922239208556690
 1.401422858960179 2.936779851190947
 1.371200670002227 2.951016280547742
 1.340832014560520 2.964940611870061
 1.310319934355367 2.978546602473119
 1.279671309752007 2.991838770050992
 1.248890163779781 3.004821884408645
 1.217976219479142 3.017489215311510
 1.186931296407671 3.029831742565270
 1.155761977125478 3.041852746130236
 1.124473661533409 3.053560344002513
 1.093066627775936 3.064949747673125
 1.061541338769454 3.076008368119872
 1.029903746179622 3.086737228179299
 0.9981608750488480 3.097149117677430
 0.9663139730271739 3.107242629335848
 0.9343616391609906 3.116999227257510
 0.9023085889056717 3.126415454732964
 0.8701645548907384 3.135513665707252
 0.8379327241395089 3.144299684026790
 0.8056068524647892 3.152736067666076
 0.7731888626818102 3.160808558752088
 0.7407105925288050 3.168632326908820
 0.7081296827790600 3.176017020549941
 0.6754925471534028 3.183152043469018
 0.6427766691198807 3.189920047084240
 0.6099900927880674 3.196332959365375
 0.5771438191893148 3.202427110361371
 0.5442381233561260 3.208195866923514
 0.5112718197841557 3.213614877100841
 0.4782506676439371 3.218685149017562
 0.4451816281706364 3.223423918779821
 0.4120664435730022 3.227831894746172
 0.3789057411398618 3.231894498254831
 0.3457044023518259 3.235608174075042
 0.3124684229001033 3.238984001442258
 0.2792001748639670 3.242026149339870
 0.2459008998349996 3.244724947233241
 0.2125750442211842 3.247074536991840
 0.1792282376983900 3.249082197451081
 0.1458632155381081 3.250754084181918
 0.1124814694045464 3.252084138245305
 7.908716395932047E-02 3.253065260023002
 4.568579311367604E-02 3.253701696880656
 1.228035053617771E-02 3.254000764593155
 -2.112759781783358E-02 3.253959543296705
 -5.453411524336405E-02 3.253570380248254
 -8.793371734582167E-02 3.252834783142165
 -0.1213231900437255 3.251760622896993
 -0.1547010101462247 3.250347948514741
 -0.1880634643166037 3.248589111936235
 -0.2214049825940281 3.246482961092652
 -0.2547221282916592 3.244037385933670
 -0.2880135263656334 3.241255400936874
 -0.3212757191181066 3.238129897871874
 -0.3545029509996274 3.234656991275212
 -0.3876915222861468 3.230844033767345
 -0.4208403338345388 3.226697167635211
 -0.4539462603815245 3.222210425844930
 -0.4870032160468512 3.217376906457865
 -0.5200071401464008 3.212202741283025
 -0.5529574152269148 3.206697660661687
 -0.5858514061537254 3.200857656695667
 -0.6186824175183758 3.194672058430130
 -0.6514458064454824 3.188144727500336
 -0.6841418839828695 3.181290252741735
 -0.7167688659946978 3.174108039240491
 -0.7493186977938617 3.166581333962077
 -0.7817855673214902 3.158709501035984
 -0.8141722228456940 3.150516765861250
 -0.8464788162465255 3.142009765548481
 -0.8786920341359696 3.133152952258823
 -0.9108030823706761 3.123934939719654
 -0.9428419734724685 3.114471386620153
 -0.9747502158147253 3.104576264037657
 -1.006582315832849 3.094436807329330
 -1.038299099124613 3.083940131376255
 -1.069899563271656 3.073100588158049
 -1.101392346125837 3.061955140935702
 -1.132773892927663 3.050498182750169
 -1.164033054378530 3.038708031441112
 -1.195165346952559 3.026588439654974
 -1.226173360096323 3.014157814915123
 -1.257055939192066 3.001417641782434
 -1.287805251660836 2.988355608409862
 -1.318415292401035 2.974971076617562
 -1.348886408609491 2.961276639150498
 -1.379218630496989 2.947277092493826
 -1.409406047546359 2.932964682514678
 -1.439441879990067 2.918336559127183
 -1.469324891803502 2.903401840825659
 -1.499055791957544 2.888167226126669
 -1.528630259163574 2.872628213667183
 -1.558041136909712 2.856780737328258
 -1.587285791012080 2.840631222392064
 -1.616365286765093 2.824187501339789
 -1.645276808079748 2.807447828472875
 -1.674013119297987 2.790407544673933
 -1.702570224641950 2.773070697841877
 -1.730949276094702 2.755445711432867
 -1.759148979035271 2.737533389479310
 -1.787162293590144 2.719328965236026
 -1.814983819997328 2.700834225962564
 -1.842614526973554 2.682057722899205
 -1.870054730934696 2.663002754182042
 -1.897297883311390 2.643664892751907
 -1.924337056919867 2.624043651473465
 -1.951172724015346 2.604147247764840
 -1.977807003855424 2.583981550574121
 -2.004234206365769 2.563542954930023
 -2.030445610050162 2.542828526518476
 -2.056440764157502 2.521845605983912
 -2.082223999128221 2.500602928775693
 -2.107791028919663 2.479098341519512
 -2.133130719660598 2.457325950601626
 -2.158240981320625 2.435291421733963
 -2.183129377692791 2.413007233694723
 -2.207794066213212 2.390473763341328
 -2.232219694800972 2.367680529463842
 -2.256400912130189 2.344629887411684
 -2.280352210970379 2.321341442861784
 -2.304077041408829 2.297820867780508
 -2.327546099793883 2.274044033530368
 -2.350746077037682 2.250005476381690
 -2.373760794091234 2.225790353436579
 -2.396446581258483 2.201266804735452
 -2.418944260175816 2.176569727636414
 -2.441163462256264 2.151620947959881
 -2.463110495369875 2.126433396093980
 -2.484811321746283 2.101034764235805
 -2.506260059393941 2.075421973996131
 -2.527436211656857 2.049581822722599
 -2.548337772010941 2.023519802065299
 -2.568976186744393 1.997250558683800
 -2.589351198209342 1.970775955554413
 -2.609449867269915 1.944089246594306
 -2.629266674265655 1.917192881674319
 -2.648808216250317 1.890097592833078
 -2.668076917629786 1.862807518843188
 -2.687063782679609 1.835318899687183
 -2.705761514905936 1.807632657002066
 -2.724173603127209 1.779757305647862
 -2.742304010588504 1.751698292224645
 -2.760146744262586 1.723453879081992
 -2.777693573368890 1.695024123113538
 -2.794945429278346 1.666415905868811
 -2.811907150803570 1.637635477828285
 -2.828575426290673 1.608682735217168
 -2.844941659917266 1.579557260950465
 -2.861004415187671 1.550264558500400
 -2.876768901476569 1.520811346802462
 -2.892234399625512 1.491198969479625
 -2.907392429552611 1.461426818346230
 -2.922239208556578 1.431499141095446
 -2.936779851190852 1.401422858960219
 -2.951016280547666 1.371200670002259
 -2.964940611870006 1.340832014560543
 -2.978546602473086 1.310319934355378
 -2.991838770050983 1.279671309752008
 -3.004821884408658 1.248890163779771
 -3.017489215311546 1.217976219479119
 -3.029831742565326 1.186931296407638
 -3.041852746130313 1.155761977125434
 -3.053560344002610 1.124473661533355
 -3.064949747673239 1.093066627775872
 -3.076008368120005 1.061541338769381
 -3.086737228179449 1.029903746179540
 -3.097149117677595 0.9981608750487563
 -3.107242629336028 0.9663139730270729
 -3.116999227257705 0.9343616391608798
 -3.126415454733176 0.9023085889055518
 -3.135513665707479 0.8701645548906083
 -3.144299684027035 0.8379327241393693
 -3.152736067666338 0.8056068524646385
 -3.160808558752367 0.7731888626816508
 -3.168632326909033 0.7407105925286652
 -3.176017020550158 0.7081296827789123
 -3.183152043469237 0.6754925471532466
 -3.189920047084462 0.6427766691197162
 -3.196332959365598 0.6099900927878938
 -3.202427110361597 0.5771438191891324
 -3.208195866923742 0.5442381233559348
 -3.213614877101071 0.5112718197839559
 -3.218685149017793 0.4782506676437284
 -3.223423918780052 0.4451816281704213
 -3.227831894746403 0.4120664435727810
 -3.231894498255061 0.3789057411396348
 -3.235608174075268 0.3457044023515961
 -3.238984001442481 0.3124684228998729
 -3.242026149340086 0.2792001748637376
 -3.244724947233451 0.2459008998347736
 -3.247074536992042 0.2125750442209624
 -3.249082197451274 0.1792282376981751
 -3.250754084182103 0.1458632155379014
 -3.252084138245480 0.1124814694043461
 -3.253065260023167 7.908716395912974E-02
 -3.253701696880811 4.568579311349352E-02
 -3.254000764593302 1.228035053600474E-02
 -3.253959543296840 -2.112759781799900E-02
 -3.253570380248380 -5.453411524351992E-02
 -3.252834783142282 -8.793371734596800E-02
 -3.251760622897099 -0.1213231900438620
 -3.250347948514837 -0.1547010101463488
 -3.248589111936321 -0.1880634643167152
 -3.246482961092725 -0.2214049825941264
 -3.244037385933733 -0.2547221282917418
 -3.241255400936923 -0.2880135263656991
 -3.238129897871910 -0.3212757191181534
 -3.234656991275234 -0.3545029509996538
 -3.230844033767353 -0.3876915222861530
 -3.226697167635206 -0.4208403338345237
 -3.222210425844911 -0.4539462603814872
 -3.217376906457833 -0.4870032160467943
 -3.212202741282980 -0.5200071401463242
 -3.206697660661630 -0.5529574152268200
 -3.200857656695599 -0.5858514061536129
 -3.194672058430052 -0.6186824175182462
 -3.188144727500247 -0.6514458064453361
 -3.181290252741639 -0.6841418839827080
 -3.174108039240386 -0.7167688659945204
 -3.166581333961963 -0.7493186977936677
 -3.158709501035861 -0.7817855673212806
 -3.150516765861117 -0.8141722228454678
 -3.142009765548338 -0.8464788162462820
 -3.133152952258672 -0.8786920341357083
 -3.123934939719492 -0.9108030823703988
 -3.114471386620039 -0.9428419734722411
 -3.104576264037543 -0.9747502158144888
 -3.094436807329219 -1.006582315832605
 -3.083940131376145 -1.038299099124359
 -3.073100588157942 -1.069899563271394
 -3.061955140935597 -1.101392346125566
 -3.050498182750066 -1.132773892927383
 -3.038708031441013 -1.164033054378242
 -3.026588439654879 -1.195165346952263
 -3.014157814915030 -1.226173360096021
 -3.001417641782344 -1.257055939191759
 -2.988355608409777 -1.287805251660525
 -2.974971076617481 -1.318415292400723
 -2.961276639150420 -1.348886408609180
 -2.947277092493753 -1.379218630496682
 -2.932964682514609 -1.409406047546058
 -2.918336559127120 -1.439441879989774
 -2.903401840825599 -1.469324891803219
 -2.888167226126612 -1.499055791957272
 -2.872628213667132 -1.528630259163314
 -2.856780737328211 -1.558041136909465
 -2.840631222392021 -1.587285791011845
 -2.824187501339748 -1.616365286764870
 -2.807447828472839 -1.645276808079537
 -2.790407544673902 -1.674013119297788
 -2.773070697841849 -1.702570224641764
 -2.755445711432843 -1.730949276094530
 -2.737533389479288 -1.759148979035115
 -2.719328965236007 -1.787162293590005
 -2.700834225962550 -1.814983819997206
 -2.682057722899192 -1.842614526973451
 -2.663002754182032 -1.870054730934615
 -2.643664892751899 -1.897297883311331
 -2.624043651473459 -1.924337056919833
 -2.604147247764836 -1.951172724015336
 -2.583981550574119 -1.977807003855440
 -2.563542954930021 -2.004234206365811
 -2.542828526518475 -2.030445610050227
 -2.521845605983912 -2.056440764157591
 -2.500602928775695 -2.082223999128332
 -2.479098341519514 -2.107791028919795
 -2.457325950601629 -2.133130719660749
 -2.435291421733966 -2.158240981320796
 -2.413007233694725 -2.183129377692979
 -2.390473763341330 -2.207794066213418
 -2.367680529463843 -2.232219694801198
 -2.344629887411686 -2.256400912130432
 -2.321341442861785 -2.280352210970641
 -2.297820867780510 -2.304077041409112
 -2.274044033530369 -2.327546099794185
 -2.250005476381691 -2.350746077038003
 -2.225790353436564 -2.373760794091488
   
   
 #BODY NUMBER  2
 2.225790353436579 2.373760794091234
 2.201266804735452 2.396446581258483
 2.176569727636414 2.418944260175816
 2.151620947959881 2.441163462256264
 2.126433396093980 2.463110495369875
 2.101034764235805 2.484811321746283
 2.075421973996131 2.506260059393941
 2.049581822722599 2.527436211656857
 2.023519802065299 2.548337772010941
 1.997250558683800 2.568976186744393
 1.970775955554413 2.589351198209342
 1.944089246594306 2.609449867269915
 1.917192881674319 2.629266674265655
 1.890097592833078 2.648808216250317
 1.862807518843188 2.668076917629786
 1.835318899687183 2.687063782679609
 1.807632657002066 2.705761514905936
 1.779757305647862 2.724173603127209
 1.751698292224645 2.742304010588504
 1.723453879081992 2.760146744262586
 1.695024123113538 2.777693573368890
 1.666415905868811 2.794945429278346
 1.637635477828285 2.811907150803570
 1.608682735217168 2.828575426290673
 1.579557260950465 2.844941659917266
 1.550264558500400 2.861004415187671
 1.520811346802462 2.876768901476569
 1.491198969479625 2.892234399625512
 1.461426818346230 2.907392429552611
 1.431499141095446 2.922239208556578
 1.401422858960219 2.936779851190852
 1.371200670002259 2.951016280547666
 1.340832014560543 2.964940611870006
 1.310319934355378 2.978546602473086
 1.279671309752008 2.991838770050983
 1.248890163779771 3.004821884408658
 1.217976219479119 3.017489215311546
 1.186931296407638 3.029831742565326
 1.155761977125434 3.041852746130313
 1.124473661533355 3.053560344002610
 1.093066627775872 3.064949747673239
 1.061541338769381 3.076008368120005
 1.029903746179540 3.086737228179449
 0.9981608750487563 3.097149117677595
 0.9663139730270729 3.107242629336028
 0.9343616391608798 3.116999227257705
 0.9023085889055518 3.126415454733176
 0.8701645548906083 3.135513665707479
 0.8379327241393693 3.144299684027035
 0.8056068524646385 3.152736067666338
 0.7731888626816508 3.160808558752367
 0.7407105925286652 3.168632326909033
 0.7081296827789123 3.176017020550158
 0.6754925471532466 3.183152043469237
 0.6427766691197162 3.189920047084462
 0.6099900927878938 3.196332959365598
 0.5771438191891324 3.202427110361597
 0.5442381233559348 3.208195866923742
 0.5112718197839559 3.213614877101071
 0.4782506676437284 3.218685149017793
 0.4451816281704213 3.223423918780052
 0.4120664435727810 3.227831894746403
 0.3789057411396348 3.231894498255061
 0.3457044023515961 3.235608174075268
 0.3124684228998729 3.238984001442481
 0.2792001748637376 3.242026149340086
 0.2459008998347736 3.244724947233451
 0.2125750442209624 3.247074536992042
 0.1792282376981751 3.249082197451274
 0.1458632155379014 3.250754084182103
 0.1124814694043461 3.252084138245480
 7.908716395912974E-02 3.253065260023167
 4.568579311349352E-02 3.253701696880811
 1.228035053600474E-02 3.254000764593302
 -2.112759781799900E-02 3.253959543296840
 -5.453411524351992E-02 3.253570380248380
 -8.793371734596800E-02 3.252834783142282
 -0.1213231900438620 3.251760622897099
 -0.1547010101463488 3.250347948514837
 -0.1880634643167152 3.248589111936321
 -0.2214049825941264 3.246482961092725
 -0.2547221282917418 3.244037385933733
 -0.2880135263656991 3.241255400936923
 -0.3212757191181534 3.238129897871910
 -0.3545029509996538 3.234656991275234
 -0.3876915222861530 3.230844033767353
 -0.4208403338345237 3.226697167635206
 -0.4539462603814872 3.222210425844911
 -0.4870032160467943 3.217376906457833
 -0.5200071401463242 3.212202741282980
 -0.5529574152268200 3.206697660661630
 -0.5858514061536129 3.200857656695599
 -0.6186824175182462 3.194672058430052
 -0.6514458064453361 3.188144727500247
 -0.6841418839827080 3.181290252741639
 -0.7167688659945204 3.174108039240386
 -0.7493186977936677 3.166581333961963
 -0.7817855673212806 3.158709501035861
 -0.8141722228454678 3.150516765861117
 -0.8464788162462820 3.142009765548338
 -0.8786920341357083 3.133152952258672
 -0.9108030823703988 3.123934939719492
 -0.9428419734722411 3.114471386620039
 -0.9747502158144888 3.104576264037543
 -1.006582315832605 3.094436807329219
 -1.038299099124359 3.083940131376145
 -1.069899563271394 3.073100588157942
 -1.101392346125566 3.061955140935597
 -1.132773892927383 3.050498182750066
 -1.164033054378242 3.038708031441013
 -1.195165346952263 3.026588439654879
 -1.226173360096021 3.014157814915030
 -1.257055939191759 3.001417641782344
 -1.287805251660525 2.988355608409777
 -1.318415292400723 2.974971076617481
 -1.348886408609180 2.961276639150420
 -1.379218630496682 2.947277092493753
 -1.409406047546058 2.932964682514609
 -1.439441879989774 2.918336559127120
 -1.469324891803219 2.903401840825599
 -1.499055791957272 2.888167226126612
 -1.528630259163314 2.872628213667132
 -1.558041136909465 2.856780737328211
 -1.587285791011845 2.840631222392021
 -1.616365286764870 2.824187501339748
 -1.645276808079537 2.807447828472839
 -1.674013119297788 2.790407544673902
 -1.702570224641764 2.773070697841849
 -1.730949276094530 2.755445711432843
 -1.759148979035115 2.737533389479288
 -1.787162293590005 2.719328965236007
 -1.814983819997206 2.700834225962550
 -1.842614526973451 2.682057722899192
 -1.870054730934615 2.663002754182032
 -1.897297883311331 2.643664892751899
 -1.924337056919833 2.624043651473459
 -1.951172724015336 2.604147247764836
 -1.977807003855440 2.583981550574119
 -2.004234206365811 2.563542954930021
 -2.030445610050227 2.542828526518475
 -2.056440764157591 2.521845605983912
 -2.082223999128332 2.500602928775695
 -2.107791028919795 2.479098341519514
 -2.133130719660749 2.457325950601629
 -2.158240981320796 2.435291421733966
 -2.183129377692979 2.413007233694725
 -2.207794066213418 2.390473763341330
 -2.232219694801198 2.367680529463843
 -2.256400912130432 2.344629887411686
 -2.280352210970641 2.321341442861785
 -2.304077041409112 2.297820867780510
 -2.327546099794185 2.274044033530369
 -2.350746077038003 2.250005476381691
 -2.373760794091488 2.225790353436564
 -2.396446581258744 2.201266804735433
 -2.418944260176084 2.176569727636387
 -2.441163462256539 2.151620947959850
 -2.463110495370155 2.126433396093942
 -2.484811321746569 2.101034764235760
 -2.506260059394234 2.075421973996080
 -2.527436211657156 2.049581822722541
 -2.548337772011246 2.023519802065233
 -2.568976186744702 1.997250558683729
 -2.589351198209653 1.970775955554336
 -2.609449867270228 1.944089246594225
 -2.629266674265966 1.917192881674233
 -2.648808216250625 1.890097592832989
 -2.668076917630088 1.862807518843097
 -2.687063782679904 1.835318899687092
 -2.705761514906221 1.807632657001974
 -2.724173603127484 1.779757305647773
 -2.742304010588768 1.751698292224559
 -2.760146744262837 1.723453879081906
 -2.777693573369128 1.695024123113455
 -2.794945429278571 1.666415905868731
 -2.811907150803784 1.637635477828209
 -2.828575426290874 1.608682735217092
 -2.844941659917453 1.579557260950393
 -2.861004415187845 1.550264558500332
 -2.876768901476729 1.520811346802398
 -2.892234399625659 1.491198969479566
 -2.907392429552741 1.461426818346176
 -2.922239208556690 1.431499141095398
 -2.936779851190947 1.401422858960179
 -2.951016280547742 1.371200670002227
 -2.964940611870061 1.340832014560520
 -2.978546602473119 1.310319934355367
 -2.991838770050992 1.279671309752007
 -3.004821884408645 1.248890163779781
 -3.017489215311510 1.217976219479142
 -3.029831742565270 1.186931296407671
 -3.041852746130236 1.155761977125478
 -3.053560344002513 1.124473661533409
 -3.064949747673125 1.093066627775936
 -3.076008368119872 1.061541338769454
 -3.086737228179299 1.029903746179622
 -3.097149117677430 0.9981608750488480
 -3.107242629335848 0.9663139730271739
 -3.116999227257510 0.9343616391609906
 -3.126415454732964 0.9023085889056717
 -3.135513665707252 0.8701645548907384
 -3.144299684026790 0.8379327241395089
 -3.152736067666076 0.8056068524647892
 -3.160808558752088 0.7731888626818102
 -3.168632326908820 0.7407105925288050
 -3.176017020549941 0.7081296827790600
 -3.183152043469018 0.6754925471534028
 -3.189920047084240 0.6427766691198807
 -3.196332959365375 0.6099900927880674
 -3.202427110361371 0.5771438191893148
 -3.208195866923514 0.5442381233561260
 -3.213614877100841 0.5112718197841557
 -3.218685149017562 0.4782506676439371
 -3.223423918779821 0.4451816281706364
 -3.227831894746172 0.4120664435730022
 -3.231894498254831 0.3789057411398618
 -3.235608174075042 0.3457044023518259
 -3.238984001442258 0.3124684229001033
 -3.242026149339870 0.2792001748639670
 -3.244724947233241 0.2459008998349996
 -3.247074536991840 0.2125750442211842
 -3.249082197451081 0.1792282376983900
 -3.250754084181918 0.1458632155381081
 -3.252084138245305 0.1124814694045464
 -3.253065260023002 7.908716395932047E-02
 -3.253701696880656 4.568579311367604E-02
 -3.254000764593155 1.228035053617771E-02
 -3.253959543296705 -2.112759781783358E-02
 -3.253570380248254 -5.453411524336405E-02
 -3.252834783142165 -8.793371734582167E-02
 -3.251760622896993 -0.1213231900437255
 -3.250347948514741 -0.1547010101462247
 -3.248589111936235 -0.1880634643166037
 -3.246482961092652 -0.2214049825940281
 -3.244037385933670 -0.2547221282916592
 -3.241255400936874 -0.2880135263656334
 -3.238129897871874 -0.3212757191181066
 -3.234656991275212 -0.3545029509996274
 -3.230844033767345 -0.3876915222861468
 -3.226697167635211 -0.4208403338345388
 -3.222210425844930 -0.4539462603815245
 -3.217376906457865 -0.4870032160468512
 -3.212202741283025 -0.5200071401464008
 -3.206697660661687 -0.5529574152269148
 -3.200857656695667 -0.5858514061537254
 -3.194672058430130 -0.6186824175183758
 -3.188144727500336 -0.6514458064454824
 -3.181290252741735 -0.6841418839828695
 -3.174108039240491 -0.7167688659946978
 -3.166581333962077 -0.7493186977938617
 -3.158709501035984 -0.7817855673214902
 -3.150516765861250 -0.8141722228456940
 -3.142009765548481 -0.8464788162465255
 -3.133152952258823 -0.8786920341359696
 -3.123934939719654 -0.9108030823706761
 -3.114471386620153 -0.9428419734724685
 -3.104576264037657 -0.9747502158147253
 -3.094436807329330 -1.006582315832849
 -3.083940131376255 -1.038299099124613
 -3.073100588158049 -1.069899563271656
 -3.061955140935702 -1.101392346125837
 -3.050498182750169 -1.132773892927663
 -3.038708031441112 -1.164033054378530
 -3.026588439654974 -1.195165346952559
 -3.014157814915123 -1.226173360096323
 -3.001417641782434 -1.257055939192066
 -2.988355608409862 -1.287805251660836
 -2.974971076617562 -1.318415292401035
 -2.961276639150498 -1.348886408609491
 -2.947277092493826 -1.379218630496989
 -2.932964682514678 -1.409406047546359
 -2.918336559127183 -1.439441879990067
 -2.903401840825659 -1.469324891803502
 -2.888167226126669 -1.499055791957544
 -2.872628213667183 -1.528630259163574
 -2.856780737328258 -1.558041136909712
 -2.840631222392064 -1.587285791012080
 -2.824187501339789 -1.616365286765093
 -2.807447828472875 -1.645276808079748
 -2.790407544673933 -1.674013119297987
 -2.773070697841877 -1.702570224641950
 -2.755445711432867 -1.730949276094702
 -2.737533389479310 -1.759148979035271
 -2.719328965236026 -1.787162293590144
 -2.700834225962564 -1.814983819997328
 -2.682057722899205 -1.842614526973554
 -2.663002754182042 -1.870054730934696
 -2.643664892751907 -1.897297883311390
 -2.624043651473465 -1.924337056919867
 -2.604147247764840 -1.951172724015346
 -2.583981550574121 -1.977807003855424
 -2.563542954930023 -2.004234206365769
 -2.542828526518476 -2.030445610050162
 -2.521845605983912 -2.056440764157502
 -2.500602928775693 -2.082223999128221
 -2.479098341519512 -2.107791028919663
 -2.457325950601626 -2.133130719660598
 -2.435291421733963 -2.158240981320625
 -2.413007233694723 -2.183129377692791
 -2.390473763341328 -2.207794066213212
 -2.367680529463842 -2.232219694800972
 -2.344629887411684 -2.256400912130189
 -2.321341442861784 -2.280352210970379
 -2.297820867780508 -2.304077041408829
 -2.274044033530368 -2.327546099793883
 -2.250005476381690 -2.350746077037682
 -2.225790353436579 -2.373760794091234
 -2.201266804735452 -2.396446581258483
 -2.176569727636414 -2.418944260175816
 -2.151620947959881 -2.441163462256264
 -2.126433396093980 -2.463110495369875
 -2.101034764235805 -2.484811321746283
 -2.075421973996131 -2.506260059393941
 -2.049581822722599 -2.527436211656857
 -2.023519802065299 -2.548337772010941
 -1.997250558683800 -2.568976186744393
 -1.970775955554413 -2.589351198209342
 -1.944089246594306 -2.609449867269915
 -1.917192881674319 -2.629266674265655
 -1.890097592833078 -2.648808216250317
 -1.862807518843188 -2.668076917629786
 -1.835318899687183 -2.687063782679609
 -1.807632657002066 -2.705761514905936
 -1.779757305647862 -2.724173603127209
 -1.751698292224645 -2.742304010588504
 -1.723453879081992 -2.760146744262586
 -1.695024123113538 -2.777693573368890
 -1.666415905868811 -2.794945429278346
 -1.637635477828285 -2.811907150803570
 -1.608682735217168 -2.828575426290673
 -1.579557260950465 -2.844941659917266
 -1.550264558500400 -2.861004415187671
 -1.520811346802462 -2.876768901476569
 -1.491198969479625 -2.892234399625512
 -1.461426818346230 -2.907392429552611
 -1.431499141095446 -2.922239208556578
 -1.401422858960219 -2.936779851190852
 -1.371200670002259 -2.951016280547666
 -1.340832014560543 -2.964940611870006
 -1.310319934355378 -2.978546602473086
 -1.279671309752008 -2.991838770050983
 -1.248890163779771 -3.004821884408658
 -1.217976219479119 -3.017489215311546
 -1.186931296407638 -3.029831742565326
 -1.155761977125434 -3.041852746130313
 -1.124473661533355 -3.053560344002610
 -1.093066627775872 -3.064949747673239
 -1.061541338769381 -3.076008368120005
 -1.029903746179540 -3.086737228179449
 -0.9981608750487563 -3.097149117677595
 -0.9663139730270729 -3.107242629336028
 -0.9343616391608798 -3.116999227257705
 -0.9023085889055518 -3.126415454733176
 -0.8701645548906083 -3.135513665707479
 -0.8379327241393693 -3.144299684027035
 -0.8056068524646385 -3.152736067666338
 -0.7731888626816508 -3.160808558752367
 -0.7407105925286652 -3.168632326909033
 -0.7081296827789123 -3.176017020550158
 -0.6754925471532466 -3.183152043469237
 -0.6427766691197162 -3.189920047084462
 -0.6099900927878938 -3.196332959365598
 -0.5771438191891324 -3.202427110361597
 -0.5442381233559348 -3.208195866923742
 -0.5112718197839559 -3.213614877101071
 -0.4782506676437284 -3.218685149017793
 -0.4451816281704213 -3.223423918780052
 -0.4120664435727810 -3.227831894746403
 -0.3789057411396348 -3.231894498255061
 -0.3457044023515961 -3.235608174075268
 -0.3124684228998729 -3.238984001442481
 -0.2792001748637376 -3.242026149340086
 -0.2459008998347736 -3.244724947233451
 -0.2125750442209624 -3.247074536992042
 -0.1792282376981751 -3.249082197451274
 -0.1458632155379014 -3.250754084182103
 -0.1124814694043461 -3.252084138245480
 -7.908716395912974E-02 -3.253065260023167
 -4.568579311349352E-02 -3.253701696880811
 -1.228035053600474E-02 -3.254000764593302
 2.112759781799900E-02 -3.253959543296840
 5.453411524351992E-02 -3.253570380248380
 8.793371734596800E-02 -3.252834783142282
 0.1213231900438620 -3.251760622897099
 0.1547010101463488 -3.250347948514837
 0.1880634643167152 -3.248589111936321
 0.2214049825941264 -3.246482961092725
 0.2547221282917418 -3.244037385933733
 0.2880135263656991 -3.241255400936923
 0.3212757191181534 -3.238129897871910
 0.3545029509996538 -3.234656991275234
 0.3876915222861530 -3.230844033767353
 0.4208403338345237 -3.226697167635206
 0.4539462603814872 -3.222210425844911
 0.4870032160467943 -3.217376906457833
 0.5200071401463242 -3.212202741282980
 0.5529574152268200 -3.206697660661630
 0.5858514061536129 -3.200857656695599
 0.6186824175182462 -3.194672058430052
 0.6514458064453361 -3.188144727500247
 0.6841418839827080 -3.181290252741639
 0.7167688659945204 -3.174108039240386
 0.7493186977936677 -3.166581333961963
 0.7817855673212806 -3.158709501035861
 0.8141722228454678 -3.150516765861117
 0.8464788162462820 -3.142009765548338
 0.8786920341357083 -3.133152952258672
 0.9108030823703988 -3.123934939719492
 0.9428419734722411 -3.114471386620039
 0.9747502158144888 -3.104576264037543
 1.006582315832605 -3.094436807329219
 1.038299099124359 -3.083940131376145
 1.069899563271394 -3.073100588157942
 1.101392346125566 -3.061955140935597
 1.132773892927383 -3.050498182750066
 1.164033054378242 -3.038708031441013
 1.195165346952263 -3.026588439654879
 1.226173360096021 -3.014157814915030
 1.257055939191759 -3.001417641782344
 1.287805251660525 -2.988355608409777
 1.318415292400723 -2.974971076617481
 1.348886408609180 -2.961276639150420
 1.379218630496682 -2.947277092493753
 1.409406047546058 -2.932964682514609
 1.439441879989774 -2.918336559127120
 1.469324891803219 -2.903401840825599
 1.499055791957272 -2.888167226126612
 1.528630259163314 -2.872628213667132
 1.558041136909465 -2.856780737328211
 1.587285791011845 -2.840631222392021
 1.616365286764870 -2.824187501339748
 1.645276808079537 -2.807447828472839
 1.674013119297788 -2.790407544673902
 1.702570224641764 -2.773070697841849
 1.730949276094530 -2.755445711432843
 1.759148979035115 -2.737533389479288
 1.787162293590005 -2.719328965236007
 1.814983819997206 -2.700834225962550
 1.842614526973451 -2.682057722899192
 1.870054730934615 -2.663002754182032
 1.897297883311331 -2.643664892751899
 1.924337056919833 -2.624043651473459
 1.951172724015336 -2.604147247764836
 1.977807003855440 -2.583981550574119
 2.004234206365811 -2.563542954930021
 2.030445610050227 -2.542828526518475
 2.056440764157591 -2.521845605983912
 2.082223999128332 -2.500602928775695
 2.107791028919795 -2.479098341519514
 2.133130719660749 -2.457325950601629
 2.158240981320796 -2.435291421733966
 2.183129377692979 -2.413007233694725
 2.207794066213418 -2.390473763341330
 2.232219694801198 -2.367680529463843
 2.256400912130432 -2.344629887411686
 2.280352210970641 -2.321341442861785
 2.304077041409112 -2.297820867780510
 2.327546099794185 -2.274044033530369
 2.350746077038003 -2.250005476381691
 2.373760794091488 -2.225790353436564
 2.396446581258744 -2.201266804735433
 2.418944260176084 -2.176569727636387
 2.441163462256539 -2.151620947959850
 2.463110495370155 -2.126433396093942
 2.484811321746569 -2.101034764235760
 2.506260059394234 -2.075421973996080
 2.527436211657156 -2.049581822722541
 2.548337772011246 -2.023519802065233
 2.568976186744702 -1.997250558683729
 2.589351198209653 -1.970775955554336
 2.609449867270228 -1.944089246594225
 2.629266674265966 -1.917192881674233
 2.648808216250625 -1.890097592832989
 2.668076917630088 -1.862807518843097
 2.687063782679904 -1.835318899687092
 2.705761514906221 -1.807632657001974
 2.724173603127484 -1.779757305647773
 2.742304010588768 -1.751698292224559
 2.760146744262837 -1.723453879081906
 2.777693573369128 -1.695024123113455
 2.794945429278571 -1.666415905868731
 2.811907150803784 -1.637635477828209
 2.828575426290874 -1.608682735217092
 2.844941659917453 -1.579557260950393
 2.861004415187845 -1.550264558500332
 2.876768901476729 -1.520811346802398
 2.892234399625659 -1.491198969479566
 2.907392429552741 -1.461426818346176
 2.922239208556690 -1.431499141095398
 2.936779851190947 -1.401422858960179
 2.951016280547742 -1.371200670002227
 2.964940611870061 -1.340832014560520
 2.978546602473119 -1.310319934355367
 2.991838770050992 -1.279671309752007
 3.004821884408645 -1.248890163779781
 3.017489215311510 -1.217976219479142
 3.029831742565270 -1.186931296407671
 3.041852746130236 -1.155761977125478
 3.053560344002513 -1.124473661533409
 3.064949747673125 -1.093066627775936
 3.076008368119872 -1.061541338769454
 3.086737228179299 -1.029903746179622
 3.097149117677430 -0.9981608750488480
 3.107242629335848 -0.9663139730271739
 3.116999227257510 -0.9343616391609906
 3.126415454732964 -0.9023085889056717
 3.135513665707252 -0.8701645548907384
 3.144299684026790 -0.8379327241395089
 3.152736067666076 -0.8056068524647892
 3.160808558752088 -0.7731888626818102
 3.168632326908820 -0.7407105925288050
 3.176017020549941 -0.7081296827790600
 3.183152043469018 -0.6754925471534028
 3.189920047084240 -0.6427766691198807
 3.196332959365375 -0.6099900927880674
 3.202427110361371 -0.5771438191893148
 3.208195866923514 -0.5442381233561260
 3.213614877100841 -0.5112718197841557
 3.218685149017562 -0.4782506676439371
 3.223423918779821 -0.4451816281706364
 3.227831894746172 -0.4120664435730022
 3.231894498254831 -0.3789057411398618
 3.235608174075042 -0.3457044023518259
 3.238984001442258 -0.3124684229001033
 3.242026149339870 -0.2792001748639670
 3.244724947233241 -0.2459008998349996
 3.247074536991840 -0.2125750442211842
 3.249082197451081 -0.1792282376983900
 3.250754084181918 -0.1458632155381081
 3.252084138245305 -0.1124814694045464
 3.253065260023002 -7.908716395932047E-02
 3.253701696880656 -4.568579311367604E-02
 3.254000764593155 -1.228035053617771E-02
 3.253959543296705 2.112759781783358E-02
 3.253570380248254 5.453411524336405E-02
 3.252834783142165 8.793371734582167E-02
 3.251760622896993 0.1213231900437255
 3.250347948514741 0.1547010101462247
 3.248589111936235 0.1880634643166037
 3.246482961092652 0.2214049825940281
 3.244037385933670 0.2547221282916592
 3.241255400936874 0.2880135263656334
 3.238129897871874 0.3212757191181066
 3.234656991275212 0.3545029509996274
 3.230844033767345 0.3876915222861468
 3.226697167635211 0.4208403338345388
 3.222210425844930 0.4539462603815245
 3.217376906457865 0.4870032160468512
 3.212202741283025 0.5200071401464008
 3.206697660661687 0.5529574152269148
 3.200857656695667 0.5858514061537254
 3.194672058430130 0.6186824175183758
 3.188144727500336 0.6514458064454824
 3.181290252741735 0.6841418839828695
 3.174108039240491 0.7167688659946978
 3.166581333962077 0.7493186977938617
 3.158709501035984 0.7817855673214902
 3.150516765861250 0.8141722228456940
 3.142009765548481 0.8464788162465255
 3.133152952258823 0.8786920341359696
 3.123934939719654 0.9108030823706761
 3.114471386620153 0.9428419734724685
 3.104576264037657 0.9747502158147253
 3.094436807329330 1.006582315832849
 3.083940131376255 1.038299099124613
 3.073100588158049 1.069899563271656
 3.061955140935702 1.101392346125837
 3.050498182750169 1.132773892927663
 3.038708031441112 1.164033054378530
 3.026588439654974 1.195165346952559
 3.014157814915123 1.226173360096323
 3.001417641782434 1.257055939192066
 2.988355608409862 1.287805251660836
 2.974971076617562 1.318415292401035
 2.961276639150498 1.348886408609491
 2.947277092493826 1.379218630496989
 2.932964682514678 1.409406047546359
 2.918336559127183 1.439441879990067
 2.903401840825659 1.469324891803502
 2.888167226126669 1.499055791957544
 2.872628213667183 1.528630259163574
 2.856780737328258 1.558041136909712
 2.840631222392064 1.587285791012080
 2.824187501339789 1.616365286765093
 2.807447828472875 1.645276808079748
 2.790407544673933 1.674013119297987
 2.773070697841877 1.702570224641950
 2.755445711432867 1.730949276094702
 2.737533389479310 1.759148979035271
 2.719328965236026 1.787162293590144
 2.700834225962564 1.814983819997328
 2.682057722899205 1.842614526973554
 2.663002754182042 1.870054730934696
 2.643664892751907 1.897297883311390
 2.624043651473465 1.924337056919867
 2.604147247764840 1.951172724015346
 2.583981550574121 1.977807003855424
 2.563542954930023 2.004234206365769
 2.542828526518476 2.030445610050162
 2.521845605983912 2.056440764157502
 2.500602928775693 2.082223999128221
 2.479098341519512 2.107791028919663
 2.457325950601626 2.133130719660598
 2.435291421733963 2.158240981320625
 2.413007233694723 2.183129377692791
 2.390473763341328 2.207794066213212
 2.367680529463842 2.232219694800972
 2.344629887411684 2.256400912130189
 2.321341442861784 2.280352210970379
 2.297820867780508 2.304077041408829
 2.274044033530368 2.327546099793883
 2.250005476381690 2.350746077037682
 2.225790353436579 2.373760794091234
   
   
 #BODY NUMBER  3
 2.373760794073128 -2.225790353453990
 2.396446581240556 -2.201266804753036
 2.418944260158068 -2.176569727654168
 2.441163462238698 -2.151620947977805
 2.463110495352492 -2.126433396112074
 2.484811321729085 -2.101034764254067
 2.506260059376932 -2.075421974014563
 2.527436211640040 -2.049581822741201
 2.548337771994316 -2.023519802084066
 2.568976186727960 -1.997250558702734
 2.589351198193103 -1.970775955573513
 2.609449867253873 -1.944089246613571
 2.629266674249808 -1.917192881693745
 2.648808216234666 -1.890097592852662
 2.668076917614334 -1.862807518862931
 2.687063782664356 -1.835318899707080
 2.705761514890880 -1.807632657022116
 2.724173603112354 -1.779757305668064
 2.742304010573852 -1.751698292244997
 2.760146744248136 -1.723453879102492
 2.777693573354646 -1.695024123134186
 2.794945429264308 -1.666415905889608
 2.811907150789742 -1.637635477849227
 2.828575426277055 -1.608682735238255
 2.844941659903861 -1.579557260971700
 2.861004415174483 -1.550264558521781
 2.876768901463595 -1.520811346823985
 2.892234399612756 -1.491198969501288
 2.907392429540073 -1.461426818368030
 2.922239208544258 -1.431499141117381
 2.936779851178752 -1.401422858982290
 2.951016280535787 -1.371200670024460
 2.964940611858347 -1.340832014582871
 2.978546602461650 -1.310319934377832
 2.991838770039768 -1.279671309774584
 3.004821884397667 -1.248890163802467
 3.017489215300780 -1.217976219501935
 3.029831742554787 -1.186931296430570
 3.041852746120003 -1.155761977148483
 3.053560343992531 -1.124473661556515
 3.064949747663392 -1.093066627799145
 3.076008368110392 -1.061541338792764
 3.086737228170072 -1.029903746203031
 3.097149117668455 -0.9981608750723538
 3.107242629327126 -0.9663139730507735
 3.116999227249042 -0.9343616391846814
 3.126415454724753 -0.9023085889294493
 3.135513665699295 -0.8701645549145969
 3.144299684019090 -0.8379327241634487
 3.152736067658632 -0.8056068524888016
 3.160808558744902 -0.7731888627058920
 3.168632326901788 -0.7407105925530347
 3.176017020543173 -0.7081296828033604
 3.183152043462512 -0.6754925471777716
 3.189920047077998 -0.6427766691443152
 3.196332959359394 -0.6099900928125631
 3.202427110355652 -0.5771438192138698
 3.208195866918056 -0.5442381233807371
 3.213614877095644 -0.5112718198088204
 3.218685149012624 -0.4782506676686509
 3.223423918775143 -0.4451816281953989
 3.227831894741753 -0.4120664435978096
 3.231894498250673 -0.3789057411647128
 3.235608174071141 -0.3457044023767166
 3.238984001438616 -0.3124684229250334
 3.242026149336486 -0.2792001748889330
 3.244724947230116 -0.2459008998599999
 3.247074536988972 -0.2125750442462160
 3.249082197448470 -0.1792282377234520
 3.250754084179564 -0.1458632155631976
 3.252084138243208 -0.1124814694296603
 3.253065260021160 -7.908716398445637E-02
 3.253701696879068 -4.568579313883125E-02
 3.254000764591820 -1.228035056134891E-02
 3.253959543295620 2.112759779264994E-02
 3.253570380247421 5.453411521816776E-02
 3.252834783141584 8.793371732061739E-02
 3.251760622896660 0.1213231900185159
 3.250347948514657 0.1547010101210116
 3.248589111936399 0.1880634642913903
 3.246482961093063 0.2214049825688154
 3.244037385934332 0.2547221282664491
 3.241255400937785 0.2880135263404271
 3.238129897873032 0.3212757190929074
 3.234656991276618 0.3545029509744377
 3.230844033768999 0.3876915222609676
 3.226697167637113 0.4208403338093722
 3.222210425847080 0.4539462603563742
 3.217376906460261 0.4870032160217190
 3.212202741285667 0.5200071401212909
 3.206697660664574 0.5529574152018288
 3.200857656698797 0.5858514061286664
 3.194672058433505 0.6186824174933474
 3.188144727503955 0.6514458064204862
 3.181290252745598 0.6841418839579083
 3.174108039244597 0.7167688659697751
 3.166581333966429 0.7493186977689779
 3.158709501040579 0.7817855672966496
 3.150516765866089 0.8141722228208976
 3.142009765553566 0.8464788162217758
 3.133152952264153 0.8786920341112692
 3.123934939725228 0.9108030823460294
 3.114471386626064 0.9428419734478553
 3.104576264043807 0.9747502157901718
 3.094436807335720 1.006582315808357
 3.083940131382885 1.038299099100183
 3.073100588164920 1.069899563247294
 3.061955140942815 1.101392346101542
 3.050498182757525 1.132773892903437
 3.038708031448714 1.164033054354376
 3.026588439662819 1.195165346928480
 3.014157814923212 1.226173360072322
 3.001417641790766 1.257055939168145
 2.988355608418440 1.287805251636999
 2.974971076626381 1.318415292377286
 2.961276639159555 1.348886408585834
 2.947277092503125 1.379218630473429
 2.932964682524214 1.409406047522900
 2.918336559136955 1.439441879966711
 2.903401840835667 1.469324891780254
 2.888167226136912 1.499055791934407
 2.872628213677661 1.528630259140550
 2.856780737338970 1.558041136886805
 2.840631222403013 1.587285790989290
 2.824187501350971 1.616365286742423
 2.807447828484293 1.645276808057200
 2.790407544685589 1.674013119275563
 2.773070697853771 1.702570224619653
 2.755445711444995 1.730949276072534
 2.737533389491670 1.759148979013237
 2.719328965248617 1.787162293568247
 2.700834225975386 1.814983819975569
 2.682057722912256 1.842614526951938
 2.663002754195319 1.870054730913227
 2.643664892765407 1.897297883290070
 2.624043651487186 1.924337056898702
 2.604147247778780 1.951172723994337
 2.583981550588279 1.977807003834574
 2.563542954944398 2.004234206345080
 2.542828526533066 2.030445610029634
 2.521845605998718 2.056440764137138
 2.500602928790713 2.082223999108023
 2.479098341534745 2.107791028899630
 2.457325950617073 2.133130719640733
 2.435291421749622 2.158240981300930
 2.413007233710592 2.183129377673265
 2.390473763357404 2.207794066193859
 2.367680529480125 2.232219694781794
 2.344629887428170 2.256400912111189
 2.321341442878468 2.280352210951559
 2.297820867797391 2.304077041390191
 2.274044033547442 2.327546099775430
 2.250005476398952 2.350746077019417
 2.225790353454047 2.373760794073029
 2.201266804753113 2.396446581240471
 2.176569727654265 2.418944260157997
 2.151620947977921 2.441163462238641
 2.126433396112204 2.463110495352447
 2.101034764254211 2.484811321729052
 2.075421974014716 2.506260059376908
 2.049581822741361 2.527436211640024
 2.023519802084233 2.548337771994309
 1.997250558702905 2.568976186727961
 1.970775955573687 2.589351198193111
 1.944089246613748 2.609449867253888
 1.917192881693924 2.629266674249831
 1.890097592852846 2.648808216234698
 1.862807518863117 2.668076917614373
 1.835318899707271 2.687063782664403
 1.807632657022310 2.705761514890936
 1.779757305668261 2.724173603112417
 1.751698292245197 2.742304010573922
 1.723453879102692 2.760146744248212
 1.695024123134385 2.777693573354727
 1.666415905889802 2.794945429264392
 1.637635477849416 2.811907150789828
 1.608682735238435 2.828575426277142
 1.579557260971869 2.844941659903946
 1.550264558521937 2.861004415174566
 1.520811346824129 2.876768901463676
 1.491198969501419 2.892234399612834
 1.461426818368148 2.907392429540146
 1.431499141117486 2.922239208544328
 1.401422858982383 2.936779851178819
 1.371200670024544 2.951016280535851
 1.340832014582945 2.964940611858410
 1.310319934377897 2.978546602461710
 1.279671309774641 2.991838770039826
 1.248890163802517 3.004821884397721
 1.217976219501975 3.017489215300833
 1.186931296430601 3.029831742554836
 1.155761977148501 3.041852746120046
 1.124473661556524 3.053560343992567
 1.093066627799139 3.064949747663420
 1.061541338792744 3.076008368110414
 1.029903746202997 3.086737228170085
 0.9981608750723046 3.097149117668460
 0.9663139730507098 3.107242629327123
 0.9343616391846055 3.116999227249032
 0.9023085889293618 3.126415454724735
 0.8701645549145023 3.135513665699272
 0.8379327241633459 3.144299684019064
 0.8056068524886946 3.152736067658603
 0.7731888627057821 3.160808558744871
 0.7407105925529363 3.168632326901845
 0.7081296828032513 3.176017020543208
 0.6754925471776525 3.183152043462525
 0.6427766691441871 3.189920047077989
 0.6099900928124281 3.196332959359367
 0.5771438192137291 3.202427110355609
 0.5442381233805930 3.208195866918000
 0.5112718198086748 3.213614877095577
 0.4782506676685034 3.218685149012547
 0.4451816281952514 3.223423918775056
 0.4120664435976635 3.227831894741659
 0.3789057411645669 3.231894498250570
 0.3457044023765725 3.235608174071031
 0.3124684229248893 3.238984001438497
 0.2792001748887911 3.242026149336360
 0.2459008998598582 3.244724947229980
 0.2125750442460754 3.247074536988826
 0.1792282377233125 3.249082197448317
 0.1458632155630597 3.250754084179404
 0.1124814694295249 3.252084138243041
 7.908716398432425E-02 3.253065260020990
 4.568579313870469E-02 3.253701696878898
 1.228035056122834E-02 3.254000764591651
 -2.112759779276252E-02 3.253959543295455
 -5.453411521827212E-02 3.253570380247263
 -8.793371732071154E-02 3.252834783141433
 -0.1213231900185998 3.251760622896518
 -0.1547010101210864 3.250347948514524
 -0.1880634642914558 3.248589111936276
 -0.2214049825688715 3.246482961092950
 -0.2547221282664960 3.244037385934227
 -0.2880135263404677 3.241255400937687
 -0.3212757190929403 3.238129897872942
 -0.3545029509744639 3.234656991276534
 -0.3876915222609885 3.230844033768920
 -0.4208403338093880 3.226697167637041
 -0.4539462603563824 3.222210425847015
 -0.4870032160217215 3.217376906460204
 -0.5200071401212853 3.212202741285621
 -0.5529574152018175 3.206697660664538
 -0.5858514061286468 3.200857656698775
 -0.6186824174933192 3.194672058433497
 -0.6514458064204498 3.188144727503961
 -0.6841418839578635 3.181290252745619
 -0.7167688659697218 3.174108039244632
 -0.7493186977689172 3.166581333966476
 -0.7817855672965826 3.158709501040638
 -0.8141722228208272 3.150516765866156
 -0.8464788162216996 3.142009765553640
 -0.8786920341111910 3.133152952264232
 -0.9108030823459496 3.123934939725309
 -0.9428419734477416 3.114471386626064
 -0.9747502157900602 3.104576264043832
 -1.006582315808247 3.094436807335769
 -1.038299099100077 3.083940131382956
 -1.069899563247190 3.073100588165010
 -1.101392346101442 3.061955140942922
 -1.132773892903340 3.050498182757646
 -1.164033054354284 3.038708031448845
 -1.195165346928392 3.026588439662960
 -1.226173360072237 3.014157814923360
 -1.257055939168066 3.001417641790921
 -1.287805251636924 2.988355608418601
 -1.318415292377216 2.974971076626548
 -1.348886408585769 2.961276639159731
 -1.379218630473369 2.947277092503306
 -1.409406047522845 2.932964682524402
 -1.439441879966662 2.918336559137152
 -1.469324891780210 2.903401840835869
 -1.499055791934368 2.888167226137119
 -1.528630259140515 2.872628213677872
 -1.558041136886775 2.856780737339183
 -1.587285790989265 2.840631222403224
 -1.616365286742403 2.824187501351177
 -1.645276808057185 2.807447828484492
 -1.674013119275551 2.790407544685778
 -1.702570224619646 2.773070697853949
 -1.730949276072532 2.755445711445160
 -1.759148979013238 2.737533389491822
 -1.787162293568251 2.719328965248756
 -1.814983819975577 2.700834225975512
 -1.842614526951949 2.682057722912370
 -1.870054730913241 2.663002754195424
 -1.897297883290087 2.643664892765502
 -1.924337056898722 2.624043651487272
 -1.951172723994358 2.604147247778859
 -1.977807003834596 2.583981550588349
 -2.004234206345105 2.563542954944458
 -2.030445610029660 2.542828526533117
 -2.056440764137166 2.521845605998755
 -2.082223999108050 2.500602928790738
 -2.107791028899658 2.479098341534754
 -2.133130719640762 2.457325950617066
 -2.158240981300958 2.435291421749599
 -2.183129377673293 2.413007233710551
 -2.207794066193888 2.390473763357348
 -2.232219694781823 2.367680529480054
 -2.256400912111217 2.344629887428085
 -2.280352210951587 2.321341442878375
 -2.304077041390220 2.297820867797288
 -2.327546099775458 2.274044033547334
 -2.350746077019445 2.250005476398842
 -2.373760794073128 2.225790353453990
 -2.396446581240556 2.201266804753036
 -2.418944260158068 2.176569727654168
 -2.441163462238698 2.151620947977805
 -2.463110495352492 2.126433396112074
 -2.484811321729085 2.101034764254067
 -2.506260059376932 2.075421974014563
 -2.527436211640040 2.049581822741201
 -2.548337771994316 2.023519802084066
 -2.568976186727960 1.997250558702734
 -2.589351198193103 1.970775955573513
 -2.609449867253873 1.944089246613571
 -2.629266674249808 1.917192881693745
 -2.648808216234666 1.890097592852662
 -2.668076917614334 1.862807518862931
 -2.687063782664356 1.835318899707080
 -2.705761514890880 1.807632657022116
 -2.724173603112354 1.779757305668064
 -2.742304010573852 1.751698292244997
 -2.760146744248136 1.723453879102492
 -2.777693573354646 1.695024123134186
 -2.794945429264308 1.666415905889608
 -2.811907150789742 1.637635477849227
 -2.828575426277055 1.608682735238255
 -2.844941659903861 1.579557260971700
 -2.861004415174483 1.550264558521781
 -2.876768901463595 1.520811346823985
 -2.892234399612756 1.491198969501288
 -2.907392429540073 1.461426818368030
 -2.922239208544258 1.431499141117381
 -2.936779851178752 1.401422858982290
 -2.951016280535787 1.371200670024460
 -2.964940611858347 1.340832014582871
 -2.978546602461650 1.310319934377832
 -2.991838770039768 1.279671309774584
 -3.004821884397667 1.248890163802467
 -3.017489215300780 1.217976219501935
 -3.029831742554787 1.186931296430570
 -3.041852746120003 1.155761977148483
 -3.053560343992531 1.124473661556515
 -3.064949747663392 1.093066627799145
 -3.076008368110392 1.061541338792764
 -3.086737228170072 1.029903746203031
 -3.097149117668455 0.9981608750723538
 -3.107242629327126 0.9663139730507735
 -3.116999227249042 0.9343616391846814
 -3.126415454724753 0.9023085889294493
 -3.135513665699295 0.8701645549145969
 -3.144299684019090 0.8379327241634487
 -3.152736067658632 0.8056068524888016
 -3.160808558744902 0.7731888627058920
 -3.168632326901788 0.7407105925530347
 -3.176017020543173 0.7081296828033604
 -3.183152043462512 0.6754925471777716
 -3.189920047077998 0.6427766691443152
 -3.196332959359394 0.6099900928125631
 -3.202427110355652 0.5771438192138698
 -3.208195866918056 0.5442381233807371
 -3.213614877095644 0.5112718198088204
 -3.218685149012624 0.4782506676686509
 -3.223423918775143 0.4451816281953989
 -3.227831894741753 0.4120664435978096
 -3.231894498250673 0.3789057411647128
 -3.235608174071141 0.3457044023767166
 -3.238984001438616 0.3124684229250334
 -3.242026149336486 0.2792001748889330
 -3.244724947230116 0.2459008998599999
 -3.247074536988972 0.2125750442462160
 -3.249082197448470 0.1792282377234520
 -3.250754084179564 0.1458632155631976
 -3.252084138243208 0.1124814694296603
 -3.253065260021160 7.908716398445637E-02
 -3.253701696879068 4.568579313883125E-02
 -3.254000764591820 1.228035056134891E-02
 -3.253959543295620 -2.112759779264994E-02
 -3.253570380247421 -5.453411521816776E-02
 -3.252834783141584 -8.793371732061739E-02
 -3.251760622896660 -0.1213231900185159
 -3.250347948514657 -0.1547010101210116
 -3.248589111936399 -0.1880634642913903
 -3.246482961093063 -0.2214049825688154
 -3.244037385934332 -0.2547221282664491
 -3.241255400937785 -0.2880135263404271
 -3.238129897873032 -0.3212757190929074
 -3.234656991276618 -0.3545029509744377
 -3.230844033768999 -0.3876915222609676
 -3.226697167637113 -0.4208403338093722
 -3.222210425847080 -0.4539462603563742
 -3.217376906460261 -0.4870032160217190
 -3.212202741285667 -0.5200071401212909
 -3.206697660664574 -0.5529574152018288
 -3.200857656698797 -0.5858514061286664
 -3.194672058433505 -0.6186824174933474
 -3.188144727503955 -0.6514458064204862
 -3.181290252745598 -0.6841418839579083
 -3.174108039244597 -0.7167688659697751
 -3.166581333966429 -0.7493186977689779
 -3.158709501040579 -0.7817855672966496
 -3.150516765866089 -0.8141722228208976
 -3.142009765553566 -0.8464788162217758
 -3.133152952264153 -0.8786920341112692
 -3.123934939725228 -0.9108030823460294
 -3.114471386626064 -0.9428419734478553
 -3.104576264043807 -0.9747502157901718
 -3.094436807335720 -1.006582315808357
 -3.083940131382885 -1.038299099100183
 -3.073100588164920 -1.069899563247294
 -3.061955140942815 -1.101392346101542
 -3.050498182757525 -1.132773892903437
 -3.038708031448714 -1.164033054354376
 -3.026588439662819 -1.195165346928480
 -3.014157814923212 -1.226173360072322
 -3.001417641790766 -1.257055939168145
 -2.988355608418440 -1.287805251636999
 -2.974971076626381 -1.318415292377286
 -2.961276639159555 -1.348886408585834
 -2.947277092503125 -1.379218630473429
 -2.932964682524214 -1.409406047522900
 -2.918336559136955 -1.439441879966711
 -2.903401840835667 -1.469324891780254
 -2.888167226136912 -1.499055791934407
 -2.872628213677661 -1.528630259140550
 -2.856780737338970 -1.558041136886805
 -2.840631222403013 -1.587285790989290
 -2.824187501350971 -1.616365286742423
 -2.807447828484293 -1.645276808057200
 -2.790407544685589 -1.674013119275563
 -2.773070697853771 -1.702570224619653
 -2.755445711444995 -1.730949276072534
 -2.737533389491670 -1.759148979013237
 -2.719328965248617 -1.787162293568247
 -2.700834225975386 -1.814983819975569
 -2.682057722912256 -1.842614526951938
 -2.663002754195319 -1.870054730913227
 -2.643664892765407 -1.897297883290070
 -2.624043651487186 -1.924337056898702
 -2.604147247778780 -1.951172723994337
 -2.583981550588279 -1.977807003834574
 -2.563542954944398 -2.004234206345080
 -2.542828526533066 -2.030445610029634
 -2.521845605998718 -2.056440764137138
 -2.500602928790713 -2.082223999108023
 -2.479098341534745 -2.107791028899630
 -2.457325950617073 -2.133130719640733
 -2.435291421749622 -2.158240981300930
 -2.413007233710592 -2.183129377673265
 -2.390473763357404 -2.207794066193859
 -2.367680529480125 -2.232219694781794
 -2.344629887428170 -2.256400912111189
 -2.321341442878468 -2.280352210951559
 -2.297820867797391 -2.304077041390191
 -2.274044033547442 -2.327546099775430
 -2.250005476398952 -2.350746077019417
 -2.225790353454047 -2.373760794073029
 -2.201266804753113 -2.396446581240471
 -2.176569727654265 -2.418944260157997
 -2.151620947977921 -2.441163462238641
 -2.126433396112204 -2.463110495352447
 -2.101034764254211 -2.484811321729052
 -2.075421974014716 -2.506260059376908
 -2.049581822741361 -2.527436211640024
 -2.023519802084233 -2.548337771994309
 -1.997250558702905 -2.568976186727961
 -1.970775955573687 -2.589351198193111
 -1.944089246613748 -2.609449867253888
 -1.917192881693924 -2.629266674249831
 -1.890097592852846 -2.648808216234698
 -1.862807518863117 -2.668076917614373
 -1.835318899707271 -2.687063782664403
 -1.807632657022310 -2.705761514890936
 -1.779757305668261 -2.724173603112417
 -1.751698292245197 -2.742304010573922
 -1.723453879102692 -2.760146744248212
 -1.695024123134385 -2.777693573354727
 -1.666415905889802 -2.794945429264392
 -1.637635477849416 -2.811907150789828
 -1.608682735238435 -2.828575426277142
 -1.579557260971869 -2.844941659903946
 -1.550264558521937 -2.861004415174566
 -1.520811346824129 -2.876768901463676
 -1.491198969501419 -2.892234399612834
 -1.461426818368148 -2.907392429540146
 -1.431499141117486 -2.922239208544328
 -1.401422858982383 -2.936779851178819
 -1.371200670024544 -2.951016280535851
 -1.340832014582945 -2.964940611858410
 -1.310319934377897 -2.978546602461710
 -1.279671309774641 -2.991838770039826
 -1.248890163802517 -3.004821884397721
 -1.217976219501975 -3.017489215300833
 -1.186931296430601 -3.029831742554836
 -1.155761977148501 -3.041852746120046
 -1.124473661556524 -3.053560343992567
 -1.093066627799139 -3.064949747663420
 -1.061541338792744 -3.076008368110414
 -1.029903746202997 -3.086737228170085
 -0.9981608750723046 -3.097149117668460
 -0.9663139730507098 -3.107242629327123
 -0.9343616391846055 -3.116999227249032
 -0.9023085889293618 -3.126415454724735
 -0.8701645549145023 -3.135513665699272
 -0.8379327241633459 -3.144299684019064
 -0.8056068524886946 -3.152736067658603
 -0.7731888627057821 -3.160808558744871
 -0.7407105925529363 -3.168632326901845
 -0.7081296828032513 -3.176017020543208
 -0.6754925471776525 -3.183152043462525
 -0.6427766691441871 -3.189920047077989
 -0.6099900928124281 -3.196332959359367
 -0.5771438192137291 -3.202427110355609
 -0.5442381233805930 -3.208195866918000
 -0.5112718198086748 -3.213614877095577
 -0.4782506676685034 -3.218685149012547
 -0.4451816281952514 -3.223423918775056
 -0.4120664435976635 -3.227831894741659
 -0.3789057411645669 -3.231894498250570
 -0.3457044023765725 -3.235608174071031
 -0.3124684229248893 -3.238984001438497
 -0.2792001748887911 -3.242026149336360
 -0.2459008998598582 -3.244724947229980
 -0.2125750442460754 -3.247074536988826
 -0.1792282377233125 -3.249082197448317
 -0.1458632155630597 -3.250754084179404
 -0.1124814694295249 -3.252084138243041
 -7.908716398432425E-02 -3.253065260020990
 -4.568579313870469E-02 -3.253701696878898
 -1.228035056122834E-02 -3.254000764591651
 2.112759779276252E-02 -3.253959543295455
 5.453411521827212E-02 -3.253570380247263
 8.793371732071154E-02 -3.252834783141433
 0.1213231900185998 -3.251760622896518
 0.1547010101210864 -3.250347948514524
 0.1880634642914558 -3.248589111936276
 0.2214049825688715 -3.246482961092950
 0.2547221282664960 -3.244037385934227
 0.2880135263404677 -3.241255400937687
 0.3212757190929403 -3.238129897872942
 0.3545029509744639 -3.234656991276534
 0.3876915222609885 -3.230844033768920
 0.4208403338093880 -3.226697167637041
 0.4539462603563824 -3.222210425847015
 0.4870032160217215 -3.217376906460204
 0.5200071401212853 -3.212202741285621
 0.5529574152018175 -3.206697660664538
 0.5858514061286468 -3.200857656698775
 0.6186824174933192 -3.194672058433497
 0.6514458064204498 -3.188144727503961
 0.6841418839578635 -3.181290252745619
 0.7167688659697218 -3.174108039244632
 0.7493186977689172 -3.166581333966476
 0.7817855672965826 -3.158709501040638
 0.8141722228208272 -3.150516765866156
 0.8464788162216996 -3.142009765553640
 0.8786920341111910 -3.133152952264232
 0.9108030823459496 -3.123934939725309
 0.9428419734477416 -3.114471386626064
 0.9747502157900602 -3.104576264043832
 1.006582315808247 -3.094436807335769
 1.038299099100077 -3.083940131382956
 1.069899563247190 -3.073100588165010
 1.101392346101442 -3.061955140942922
 1.132773892903340 -3.050498182757646
 1.164033054354284 -3.038708031448845
 1.195165346928392 -3.026588439662960
 1.226173360072237 -3.014157814923360
 1.257055939168066 -3.001417641790921
 1.287805251636924 -2.988355608418601
 1.318415292377216 -2.974971076626548
 1.348886408585769 -2.961276639159731
 1.379218630473369 -2.947277092503306
 1.409406047522845 -2.932964682524402
 1.439441879966662 -2.918336559137152
 1.469324891780210 -2.903401840835869
 1.499055791934368 -2.888167226137119
 1.528630259140515 -2.872628213677872
 1.558041136886775 -2.856780737339183
 1.587285790989265 -2.840631222403224
 1.616365286742403 -2.824187501351177
 1.645276808057185 -2.807447828484492
 1.674013119275551 -2.790407544685778
 1.702570224619646 -2.773070697853949
 1.730949276072532 -2.755445711445160
 1.759148979013238 -2.737533389491822
 1.787162293568251 -2.719328965248756
 1.814983819975577 -2.700834225975512
 1.842614526951949 -2.682057722912370
 1.870054730913241 -2.663002754195424
 1.897297883290087 -2.643664892765502
 1.924337056898722 -2.624043651487272
 1.951172723994358 -2.604147247778859
 1.977807003834596 -2.583981550588349
 2.004234206345105 -2.563542954944458
 2.030445610029660 -2.542828526533117
 2.056440764137166 -2.521845605998755
 2.082223999108050 -2.500602928790738
 2.107791028899658 -2.479098341534754
 2.133130719640762 -2.457325950617066
 2.158240981300958 -2.435291421749599
 2.183129377673293 -2.413007233710551
 2.207794066193888 -2.390473763357348
 2.232219694781823 -2.367680529480054
 2.256400912111217 -2.344629887428085
 2.280352210951587 -2.321341442878375
 2.304077041390220 -2.297820867797288
 2.327546099775458 -2.274044033547334
 2.350746077019445 -2.250005476398842
 2.373760794073128 -2.225790353453990
   
   
 #BODY NUMBER  4
 -2.373760794073029 2.225790353454047
 -2.396446581240471 2.201266804753113
 -2.418944260157997 2.176569727654265
 -2.441163462238641 2.151620947977921
 -2.463110495352447 2.126433396112204
 -2.484811321729052 2.101034764254211
 -2.506260059376908 2.075421974014716
 -2.527436211640024 2.049581822741361
 -2.548337771994309 2.023519802084233
 -2.568976186727961 1.997250558702905
 -2.589351198193111 1.970775955573687
 -2.609449867253888 1.944089246613748
 -2.629266674249831 1.917192881693924
 -2.648808216234698 1.890097592852846
 -2.668076917614373 1.862807518863117
 -2.687063782664403 1.835318899707271
 -2.705761514890936 1.807632657022310
 -2.724173603112417 1.779757305668261
 -2.742304010573922 1.751698292245197
 -2.760146744248212 1.723453879102692
 -2.777693573354727 1.695024123134385
 -2.794945429264392 1.666415905889802
 -2.811907150789828 1.637635477849416
 -2.828575426277142 1.608682735238435
 -2.844941659903946 1.579557260971869
 -2.861004415174566 1.550264558521937
 -2.876768901463676 1.520811346824129
 -2.892234399612834 1.491198969501419
 -2.907392429540146 1.461426818368148
 -2.922239208544328 1.431499141117486
 -2.936779851178819 1.401422858982383
 -2.951016280535851 1.371200670024544
 -2.964940611858410 1.340832014582945
 -2.978546602461710 1.310319934377897
 -2.991838770039826 1.279671309774641
 -3.004821884397721 1.248890163802517
 -3.017489215300833 1.217976219501975
 -3.029831742554836 1.186931296430601
 -3.041852746120046 1.155761977148501
 -3.053560343992567 1.124473661556524
 -3.064949747663420 1.093066627799139
 -3.076008368110414 1.061541338792744
 -3.086737228170085 1.029903746202997
 -3.097149117668460 0.9981608750723046
 -3.107242629327123 0.9663139730507098
 -3.116999227249032 0.9343616391846055
 -3.126415454724735 0.9023085889293618
 -3.135513665699272 0.8701645549145023
 -3.144299684019064 0.8379327241633459
 -3.152736067658603 0.8056068524886946
 -3.160808558744871 0.7731888627057821
 -3.168632326901845 0.7407105925529363
 -3.176017020543208 0.7081296828032513
 -3.183152043462525 0.6754925471776525
 -3.189920047077989 0.6427766691441871
 -3.196332959359367 0.6099900928124281
 -3.202427110355609 0.5771438192137291
 -3.208195866918000 0.5442381233805930
 -3.213614877095577 0.5112718198086748
 -3.218685149012547 0.4782506676685034
 -3.223423918775056 0.4451816281952514
 -3.227831894741659 0.4120664435976635
 -3.231894498250570 0.3789057411645669
 -3.235608174071031 0.3457044023765725
 -3.238984001438497 0.3124684229248893
 -3.242026149336360 0.2792001748887911
 -3.244724947229980 0.2459008998598582
 -3.247074536988826 0.2125750442460754
 -3.249082197448317 0.1792282377233125
 -3.250754084179404 0.1458632155630597
 -3.252084138243041 0.1124814694295249
 -3.253065260020990 7.908716398432425E-02
 -3.253701696878898 4.568579313870469E-02
 -3.254000764591651 1.228035056122834E-02
 -3.253959543295455 -2.112759779276252E-02
 -3.253570380247263 -5.453411521827212E-02
 -3.252834783141433 -8.793371732071154E-02
 -3.251760622896518 -0.1213231900185998
 -3.250347948514524 -0.1547010101210864
 -3.248589111936276 -0.1880634642914558
 -3.246482961092950 -0.2214049825688715
 -3.244037385934227 -0.2547221282664960
 -3.241255400937687 -0.2880135263404677
 -3.238129897872942 -0.3212757190929403
 -3.234656991276534 -0.3545029509744639
 -3.230844033768920 -0.3876915222609885
 -3.226697167637041 -0.4208403338093880
 -3.222210425847015 -0.4539462603563824
 -3.217376906460204 -0.4870032160217215
 -3.212202741285621 -0.5200071401212853
 -3.206697660664538 -0.5529574152018175
 -3.200857656698775 -0.5858514061286468
 -3.194672058433497 -0.6186824174933192
 -3.188144727503961 -0.6514458064204498
 -3.181290252745619 -0.6841418839578635
 -3.174108039244632 -0.7167688659697218
 -3.166581333966476 -0.7493186977689172
 -3.158709501040638 -0.7817855672965826
 -3.150516765866156 -0.8141722228208272
 -3.142009765553640 -0.8464788162216996
 -3.133152952264232 -0.8786920341111910
 -3.123934939725309 -0.9108030823459496
 -3.114471386626064 -0.9428419734477416
 -3.104576264043832 -0.9747502157900602
 -3.094436807335769 -1.006582315808247
 -3.083940131382956 -1.038299099100077
 -3.073100588165010 -1.069899563247190
 -3.061955140942922 -1.101392346101442
 -3.050498182757646 -1.132773892903340
 -3.038708031448845 -1.164033054354284
 -3.026588439662960 -1.195165346928392
 -3.014157814923360 -1.226173360072237
 -3.001417641790921 -1.257055939168066
 -2.988355608418601 -1.287805251636924
 -2.974971076626548 -1.318415292377216
 -2.961276639159731 -1.348886408585769
 -2.947277092503306 -1.379218630473369
 -2.932964682524402 -1.409406047522845
 -2.918336559137152 -1.439441879966662
 -2.903401840835869 -1.469324891780210
 -2.888167226137119 -1.499055791934368
 -2.872628213677872 -1.528630259140515
 -2.856780737339183 -1.558041136886775
 -2.840631222403224 -1.587285790989265
 -2.824187501351177 -1.616365286742403
 -2.807447828484492 -1.645276808057185
 -2.790407544685778 -1.674013119275551
 -2.773070697853949 -1.702570224619646
 -2.755445711445160 -1.730949276072532
 -2.737533389491822 -1.759148979013238
 -2.719328965248756 -1.787162293568251
 -2.700834225975512 -1.814983819975577
 -2.682057722912370 -1.842614526951949
 -2.663002754195424 -1.870054730913241
 -2.643664892765502 -1.897297883290087
 -2.624043651487272 -1.924337056898722
 -2.604147247778859 -1.951172723994358
 -2.583981550588349 -1.977807003834596
 -2.563542954944458 -2.004234206345105
 -2.542828526533117 -2.030445610029660
 -2.521845605998755 -2.056440764137166
 -2.500602928790738 -2.082223999108050
 -2.479098341534754 -2.107791028899658
 -2.457325950617066 -2.133130719640762
 -2.435291421749599 -2.158240981300958
 -2.413007233710551 -2.183129377673293
 -2.390473763357348 -2.207794066193888
 -2.367680529480054 -2.232219694781823
 -2.344629887428085 -2.256400912111217
 -2.321341442878375 -2.280352210951587
 -2.297820867797288 -2.304077041390220
 -2.274044033547334 -2.327546099775458
 -2.250005476398842 -2.350746077019445
 -2.225790353453990 -2.373760794073128
 -2.201266804753036 -2.396446581240556
 -2.176569727654168 -2.418944260158068
 -2.151620947977805 -2.441163462238698
 -2.126433396112074 -2.463110495352492
 -2.101034764254067 -2.484811321729085
 -2.075421974014563 -2.506260059376932
 -2.049581822741201 -2.527436211640040
 -2.023519802084066 -2.548337771994316
 -1.997250558702734 -2.568976186727960
 -1.970775955573513 -2.589351198193103
 -1.944089246613571 -2.609449867253873
 -1.917192881693745 -2.629266674249808
 -1.890097592852662 -2.648808216234666
 -1.862807518862931 -2.668076917614334
 -1.835318899707080 -2.687063782664356
 -1.807632657022116 -2.705761514890880
 -1.779757305668064 -2.724173603112354
 -1.751698292244997 -2.742304010573852
 -1.723453879102492 -2.760146744248136
 -1.695024123134186 -2.777693573354646
 -1.666415905889608 -2.794945429264308
 -1.637635477849227 -2.811907150789742
 -1.608682735238255 -2.828575426277055
 -1.579557260971700 -2.844941659903861
 -1.550264558521781 -2.861004415174483
 -1.520811346823985 -2.876768901463595
 -1.491198969501288 -2.892234399612756
 -1.461426818368030 -2.907392429540073
 -1.431499141117381 -2.922239208544258
 -1.401422858982290 -2.936779851178752
 -1.371200670024460 -2.951016280535787
 -1.340832014582871 -2.964940611858347
 -1.310319934377832 -2.978546602461650
 -1.279671309774584 -2.991838770039768
 -1.248890163802467 -3.004821884397667
 -1.217976219501935 -3.017489215300780
 -1.186931296430570 -3.029831742554787
 -1.155761977148483 -3.041852746120003
 -1.124473661556515 -3.053560343992531
 -1.093066627799145 -3.064949747663392
 -1.061541338792764 -3.076008368110392
 -1.029903746203031 -3.086737228170072
 -0.9981608750723538 -3.097149117668455
 -0.9663139730507735 -3.107242629327126
 -0.9343616391846814 -3.116999227249042
 -0.9023085889294493 -3.126415454724753
 -0.8701645549145969 -3.135513665699295
 -0.8379327241634487 -3.144299684019090
 -0.8056068524888016 -3.152736067658632
 -0.7731888627058920 -3.160808558744902
 -0.7407105925530347 -3.168632326901788
 -0.7081296828033604 -3.176017020543173
 -0.6754925471777716 -3.183152043462512
 -0.6427766691443152 -3.189920047077998
 -0.6099900928125631 -3.196332959359394
 -0.5771438192138698 -3.202427110355652
 -0.5442381233807371 -3.208195866918056
 -0.5112718198088204 -3.213614877095644
 -0.4782506676686509 -3.218685149012624
 -0.4451816281953989 -3.223423918775143
 -0.4120664435978096 -3.227831894741753
 -0.3789057411647128 -3.231894498250673
 -0.3457044023767166 -3.235608174071141
 -0.3124684229250334 -3.238984001438616
 -0.2792001748889330 -3.242026149336486
 -0.2459008998599999 -3.244724947230116
 -0.2125750442462160 -3.247074536988972
 -0.1792282377234520 -3.249082197448470
 -0.1458632155631976 -3.250754084179564
 -0.1124814694296603 -3.252084138243208
 -7.908716398445637E-02 -3.253065260021160
 -4.568579313883125E-02 -3.253701696879068
 -1.228035056134891E-02 -3.254000764591820
 2.112759779264994E-02 -3.253959543295620
 5.453411521816776E-02 -3.253570380247421
 8.793371732061739E-02 -3.252834783141584
 0.1213231900185159 -3.251760622896660
 0.1547010101210116 -3.250347948514657
 0.1880634642913903 -3.248589111936399
 0.2214049825688154 -3.246482961093063
 0.2547221282664491 -3.244037385934332
 0.2880135263404271 -3.241255400937785
 0.3212757190929074 -3.238129897873032
 0.3545029509744377 -3.234656991276618
 0.3876915222609676 -3.230844033768999
 0.4208403338093722 -3.226697167637113
 0.4539462603563742 -3.222210425847080
 0.4870032160217190 -3.217376906460261
 0.5200071401212909 -3.212202741285667
 0.5529574152018288 -3.206697660664574
 0.5858514061286664 -3.200857656698797
 0.6186824174933474 -3.194672058433505
 0.6514458064204862 -3.188144727503955
 0.6841418839579083 -3.181290252745598
 0.7167688659697751 -3.174108039244597
 0.7493186977689779 -3.166581333966429
 0.7817855672966496 -3.158709501040579
 0.8141722228208976 -3.150516765866089
 0.8464788162217758 -3.142009765553566
 0.8786920341112692 -3.133152952264153
 0.9108030823460294 -3.123934939725228
 0.9428419734478553 -3.114471386626064
 0.9747502157901718 -3.104576264043807
 1.006582315808357 -3.094436807335720
 1.038299099100183 -3.083940131382885
 1.069899563247294 -3.073100588164920
 1.101392346101542 -3.061955140942815
 1.132773892903437 -3.050498182757525
 1.164033054354376 -3.038708031448714
 1.195165346928480 -3.026588439662819
 1.226173360072322 -3.014157814923212
 1.257055939168145 -3.001417641790766
 1.287805251636999 -2.988355608418440
 1.318415292377286 -2.974971076626381
 1.348886408585834 -2.961276639159555
 1.379218630473429 -2.947277092503125
 1.409406047522900 -2.932964682524214
 1.439441879966711 -2.918336559136955
 1.469324891780254 -2.903401840835667
 1.499055791934407 -2.888167226136912
 1.528630259140550 -2.872628213677661
 1.558041136886805 -2.856780737338970
 1.587285790989290 -2.840631222403013
 1.616365286742423 -2.824187501350971
 1.645276808057200 -2.807447828484293
 1.674013119275563 -2.790407544685589
 1.702570224619653 -2.773070697853771
 1.730949276072534 -2.755445711444995
 1.759148979013237 -2.737533389491670
 1.787162293568247 -2.719328965248617
 1.814983819975569 -2.700834225975386
 1.842614526951938 -2.682057722912256
 1.870054730913227 -2.663002754195319
 1.897297883290070 -2.643664892765407
 1.924337056898702 -2.624043651487186
 1.951172723994337 -2.604147247778780
 1.977807003834574 -2.583981550588279
 2.004234206345080 -2.563542954944398
 2.030445610029634 -2.542828526533066
 2.056440764137138 -2.521845605998718
 2.082223999108023 -2.500602928790713
 2.107791028899630 -2.479098341534745
 2.133130719640733 -2.457325950617073
 2.158240981300930 -2.435291421749622
 2.183129377673265 -2.413007233710592
 2.207794066193859 -2.390473763357404
 2.232219694781794 -2.367680529480125
 2.256400912111189 -2.344629887428170
 2.280352210951559 -2.321341442878468
 2.304077041390191 -2.297820867797391
 2.327546099775430 -2.274044033547442
 2.350746077019417 -2.250005476398952
 2.373760794073029 -2.225790353454047
 2.396446581240471 -2.201266804753113
 2.418944260157997 -2.176569727654265
 2.441163462238641 -2.151620947977921
 2.463110495352447 -2.126433396112204
 2.484811321729052 -2.101034764254211
 2.506260059376908 -2.075421974014716
 2.527436211640024 -2.049581822741361
 2.548337771994309 -2.023519802084233
 2.568976186727961 -1.997250558702905
 2.589351198193111 -1.970775955573687
 2.609449867253888 -1.944089246613748
 2.629266674249831 -1.917192881693924
 2.648808216234698 -1.890097592852846
 2.668076917614373 -1.862807518863117
 2.687063782664403 -1.835318899707271
 2.705761514890936 -1.807632657022310
 2.724173603112417 -1.779757305668261
 2.742304010573922 -1.751698292245197
 2.760146744248212 -1.723453879102692
 2.777693573354727 -1.695024123134385
 2.794945429264392 -1.666415905889802
 2.811907150789828 -1.637635477849416
 2.828575426277142 -1.608682735238435
 2.844941659903946 -1.579557260971869
 2.861004415174566 -1.550264558521937
 2.876768901463676 -1.520811346824129
 2.892234399612834 -1.491198969501419
 2.907392429540146 -1.461426818368148
 2.922239208544328 -1.431499141117486
 2.936779851178819 -1.401422858982383
 2.951016280535851 -1.371200670024544
 2.964940611858410 -1.340832014582945
 2.978546602461710 -1.310319934377897
 2.991838770039826 -1.279671309774641
 3.004821884397721 -1.248890163802517
 3.017489215300833 -1.217976219501975
 3.029831742554836 -1.186931296430601
 3.041852746120046 -1.155761977148501
 3.053560343992567 -1.124473661556524
 3.064949747663420 -1.093066627799139
 3.076008368110414 -1.061541338792744
 3.086737228170085 -1.029903746202997
 3.097149117668460 -0.9981608750723046
 3.107242629327123 -0.9663139730507098
 3.116999227249032 -0.9343616391846055
 3.126415454724735 -0.9023085889293618
 3.135513665699272 -0.8701645549145023
 3.144299684019064 -0.8379327241633459
 3.152736067658603 -0.8056068524886946
 3.160808558744871 -0.7731888627057821
 3.168632326901845 -0.7407105925529363
 3.176017020543208 -0.7081296828032513
 3.183152043462525 -0.6754925471776525
 3.189920047077989 -0.6427766691441871
 3.196332959359367 -0.6099900928124281
 3.202427110355609 -0.5771438192137291
 3.208195866918000 -0.5442381233805930
 3.213614877095577 -0.5112718198086748
 3.218685149012547 -0.4782506676685034
 3.223423918775056 -0.4451816281952514
 3.227831894741659 -0.4120664435976635
 3.231894498250570 -0.3789057411645669
 3.235608174071031 -0.3457044023765725
 3.238984001438497 -0.3124684229248893
 3.242026149336360 -0.2792001748887911
 3.244724947229980 -0.2459008998598582
 3.247074536988826 -0.2125750442460754
 3.249082197448317 -0.1792282377233125
 3.250754084179404 -0.1458632155630597
 3.252084138243041 -0.1124814694295249
 3.253065260020990 -7.908716398432425E-02
 3.253701696878898 -4.568579313870469E-02
 3.254000764591651 -1.228035056122834E-02
 3.253959543295455 2.112759779276252E-02
 3.253570380247263 5.453411521827212E-02
 3.252834783141433 8.793371732071154E-02
 3.251760622896518 0.1213231900185998
 3.250347948514524 0.1547010101210864
 3.248589111936276 0.1880634642914558
 3.246482961092950 0.2214049825688715
 3.244037385934227 0.2547221282664960
 3.241255400937687 0.2880135263404677
 3.238129897872942 0.3212757190929403
 3.234656991276534 0.3545029509744639
 3.230844033768920 0.3876915222609885
 3.226697167637041 0.4208403338093880
 3.222210425847015 0.4539462603563824
 3.217376906460204 0.4870032160217215
 3.212202741285621 0.5200071401212853
 3.206697660664538 0.5529574152018175
 3.200857656698775 0.5858514061286468
 3.194672058433497 0.6186824174933192
 3.188144727503961 0.6514458064204498
 3.181290252745619 0.6841418839578635
 3.174108039244632 0.7167688659697218
 3.166581333966476 0.7493186977689172
 3.158709501040638 0.7817855672965826
 3.150516765866156 0.8141722228208272
 3.142009765553640 0.8464788162216996
 3.133152952264232 0.8786920341111910
 3.123934939725309 0.9108030823459496
 3.114471386626064 0.9428419734477416
 3.104576264043832 0.9747502157900602
 3.094436807335769 1.006582315808247
 3.083940131382956 1.038299099100077
 3.073100588165010 1.069899563247190
 3.061955140942922 1.101392346101442
 3.050498182757646 1.132773892903340
 3.038708031448845 1.164033054354284
 3.026588439662960 1.195165346928392
 3.014157814923360 1.226173360072237
 3.001417641790921 1.257055939168066
 2.988355608418601 1.287805251636924
 2.974971076626548 1.318415292377216
 2.961276639159731 1.348886408585769
 2.947277092503306 1.379218630473369
 2.932964682524402 1.409406047522845
 2.918336559137152 1.439441879966662
 2.903401840835869 1.469324891780210
 2.888167226137119 1.499055791934368
 2.872628213677872 1.528630259140515
 2.856780737339183 1.558041136886775
 2.840631222403224 1.587285790989265
 2.824187501351177 1.616365286742403
 2.807447828484492 1.645276808057185
 2.790407544685778 1.674013119275551
 2.773070697853949 1.702570224619646
 2.755445711445160 1.730949276072532
 2.737533389491822 1.759148979013238
 2.719328965248756 1.787162293568251
 2.700834225975512 1.814983819975577
 2.682057722912370 1.842614526951949
 2.663002754195424 1.870054730913241
 2.643664892765502 1.897297883290087
 2.624043651487272 1.924337056898722
 2.604147247778859 1.951172723994358
 2.583981550588349 1.977807003834596
 2.563542954944458 2.004234206345105
 2.542828526533117 2.030445610029660
 2.521845605998755 2.056440764137166
 2.500602928790738 2.082223999108050
 2.479098341534754 2.107791028899658
 2.457325950617066 2.133130719640762
 2.435291421749599 2.158240981300958
 2.413007233710551 2.183129377673293
 2.390473763357348 2.207794066193888
 2.367680529480054 2.232219694781823
 2.344629887428085 2.256400912111217
 2.321341442878375 2.280352210951587
 2.297820867797288 2.304077041390220
 2.274044033547334 2.327546099775458
 2.250005476398842 2.350746077019445
 2.225790353453990 2.373760794073128
 2.201266804753036 2.396446581240556
 2.176569727654168 2.418944260158068
 2.151620947977805 2.441163462238698
 2.126433396112074 2.463110495352492
 2.101034764254067 2.484811321729085
 2.075421974014563 2.506260059376932
 2.049581822741201 2.527436211640040
 2.023519802084066 2.548337771994316
 1.997250558702734 2.568976186727960
 1.970775955573513 2.589351198193103
 1.944089246613571 2.609449867253873
 1.917192881693745 2.629266674249808
 1.890097592852662 2.648808216234666
 1.862807518862931 2.668076917614334
 1.835318899707080 2.687063782664356
 1.807632657022116 2.705761514890880
 1.779757305668064 2.724173603112354
 1.751698292244997 2.742304010573852
 1.723453879102492 2.760146744248136
 1.695024123134186 2.777693573354646
 1.666415905889608 2.794945429264308
 1.637635477849227 2.811907150789742
 1.608682735238255 2.828575426277055
 1.579557260971700 2.844941659903861
 1.550264558521781 2.861004415174483
 1.520811346823985 2.876768901463595
 1.491198969501288 2.892234399612756
 1.461426818368030 2.907392429540073
 1.431499141117381 2.922239208544258
 1.401422858982290 2.936779851178752
 1.371200670024460 2.951016280535787
 1.340832014582871 2.964940611858347
 1.310319934377832 2.978546602461650
 1.279671309774584 2.991838770039768
 1.248890163802467 3.004821884397667
 1.217976219501935 3.017489215300780
 1.186931296430570 3.029831742554787
 1.155761977148483 3.041852746120003
 1.124473661556515 3.053560343992531
 1.093066627799145 3.064949747663392
 1.061541338792764 3.076008368110392
 1.029903746203031 3.086737228170072
 0.9981608750723538 3.097149117668455
 0.9663139730507735 3.107242629327126
 0.9343616391846814 3.116999227249042
 0.9023085889294493 3.126415454724753
 0.8701645549145969 3.135513665699295
 0.8379327241634487 3.144299684019090
 0.8056068524888016 3.152736067658632
 0.7731888627058920 3.160808558744902
 0.7407105925530347 3.168632326901788
 0.7081296828033604 3.176017020543173
 0.6754925471777716 3.183152043462512
 0.6427766691443152 3.189920047077998
 0.6099900928125631 3.196332959359394
 0.5771438192138698 3.202427110355652
 0.5442381233807371 3.208195866918056
 0.5112718198088204 3.213614877095644
 0.4782506676686509 3.218685149012624
 0.4451816281953989 3.223423918775143
 0.4120664435978096 3.227831894741753
 0.3789057411647128 3.231894498250673
 0.3457044023767166 3.235608174071141
 0.3124684229250334 3.238984001438616
 0.2792001748889330 3.242026149336486
 0.2459008998599999 3.244724947230116
 0.2125750442462160 3.247074536988972
 0.1792282377234520 3.249082197448470
 0.1458632155631976 3.250754084179564
 0.1124814694296603 3.252084138243208
 7.908716398445637E-02 3.253065260021160
 4.568579313883125E-02 3.253701696879068
 1.228035056134891E-02 3.254000764591820
 -2.112759779264994E-02 3.253959543295620
 -5.453411521816776E-02 3.253570380247421
 -8.793371732061739E-02 3.252834783141584
 -0.1213231900185159 3.251760622896660
 -0.1547010101210116 3.250347948514657
 -0.1880634642913903 3.248589111936399
 -0.2214049825688154 3.246482961093063
 -0.2547221282664491 3.244037385934332
 -0.2880135263404271 3.241255400937785
 -0.3212757190929074 3.238129897873032
 -0.3545029509744377 3.234656991276618
 -0.3876915222609676 3.230844033768999
 -0.4208403338093722 3.226697167637113
 -0.4539462603563742 3.222210425847080
 -0.4870032160217190 3.217376906460261
 -0.5200071401212909 3.212202741285667
 -0.5529574152018288 3.206697660664574
 -0.5858514061286664 3.200857656698797
 -0.6186824174933474 3.194672058433505
 -0.6514458064204862 3.188144727503955
 -0.6841418839579083 3.181290252745598
 -0.7167688659697751 3.174108039244597
 -0.7493186977689779 3.166581333966429
 -0.7817855672966496 3.158709501040579
 -0.8141722228208976 3.150516765866089
 -0.8464788162217758 3.142009765553566
 -0.8786920341112692 3.133152952264153
 -0.9108030823460294 3.123934939725228
 -0.9428419734478553 3.114471386626064
 -0.9747502157901718 3.104576264043807
 -1.006582315808357 3.094436807335720
 -1.038299099100183 3.083940131382885
 -1.069899563247294 3.073100588164920
 -1.101392346101542 3.061955140942815
 -1.132773892903437 3.050498182757525
 -1.164033054354376 3.038708031448714
 -1.195165346928480 3.026588439662819
 -1.226173360072322 3.014157814923212
 -1.257055939168145 3.001417641790766
 -1.287805251636999 2.988355608418440
 -1.318415292377286 2.974971076626381
 -1.348886408585834 2.961276639159555
 -1.379218630473429 2.947277092503125
 -1.409406047522900 2.932964682524214
 -1.439441879966711 2.918336559136955
 -1.469324891780254 2.903401840835667
 -1.499055791934407 2.888167226136912
 -1.528630259140550 2.872628213677661
 -1.558041136886805 2.856780737338970
 -1.587285790989290 2.840631222403013
 -1.616365286742423 2.824187501350971
 -1.645276808057200 2.807447828484293
 -1.674013119275563 2.790407544685589
 -1.702570224619653 2.773070697853771
 -1.730949276072534 2.755445711444995
 -1.759148979013237 2.737533389491670
 -1.787162293568247 2.719328965248617
 -1.814983819975569 2.700834225975386
 -1.842614526951938 2.682057722912256
 -1.870054730913227 2.663002754195319
 -1.897297883290070 2.643664892765407
 -1.924337056898702 2.624043651487186
 -1.951172723994337 2.604147247778780
 -1.977807003834574 2.583981550588279
 -2.004234206345080 2.563542954944398
 -2.030445610029634 2.542828526533066
 -2.056440764137138 2.521845605998718
 -2.082223999108023 2.500602928790713
 -2.107791028899630 2.479098341534745
 -2.133130719640733 2.457325950617073
 -2.158240981300930 2.435291421749622
 -2.183129377673265 2.413007233710592
 -2.207794066193859 2.390473763357404
 -2.232219694781794 2.367680529480125
 -2.256400912111189 2.344629887428170
 -2.280352210951559 2.321341442878468
 -2.304077041390191 2.297820867797391
 -2.327546099775430 2.274044033547442
 -2.350746077019417 2.250005476398952
 -2.373760794073029 2.225790353454047
   
   
