 # action(x) =  22.17684532101528
 # |grad_action(x)| =  1.127654193543862E-11
 # PRINTSTEPS = 50
 #
 #BODY NUMBER  1
 0.6347757564031733 0.5095318136747893
 0.6737826346723391 0.4552314635357849
 0.7092583569807683 0.3987247664827911
 0.7395385672579677 0.3392038086368082
 0.7646683501476647 0.2772135060538227
 0.7848938780990024 0.2135438882182292
 0.7999070919851992 0.1485480860084869
 0.8093500683676386 8.242693077466606E-02
 0.8132811985107692 1.565790490815128E-02
 0.8118660965953152 -5.113102867736247E-02
 0.8050221819999375 -0.1174932999042426
 0.7926377571865275 -0.1831235428517560
 0.7748687274365718 -0.2475946691147327
 0.7519722861227150 -0.3103551855039398
 0.7240446307520951 -0.3709526650167707
 0.6911498293425413 -0.4290756251439485
 0.6535570603348146 -0.4843719648627292
 0.6116354433387693 -0.5363884473932534
 0.5656289786261397 -0.5847266669924113
 0.5157377809032186 -0.6291265324507349
 0.4623294917278008 -0.6693425135209899
 0.4058708890983068 -0.7050510855151673
 0.3467178941589940 -0.7359532041856980
 0.2851642745780936 -0.7618804167625928
 0.2216436811579085 -0.7827194382636261
 0.1566891972833078 -0.7983018674900462
 9.072593311653132E-02 -0.8084591401199626
 2.409264477562922E-02 -0.8131390932064751
 -4.275454026394626E-02 -0.8123745947706491
 -0.1092565720885873 -0.8061658751997858
 -0.1749658081470301 -0.7944905145959431
 -0.2395514127556851 -0.7774207869452041
 -0.3025839895116385 -0.7551348103322448
 -0.3635210558891734 -0.7278006996965134
 -0.4219381368597490 -0.6955420121806122
 -0.4775661433554444 -0.6585465892241722
 -0.5300525239022645 -0.6171209772786875
 -0.5789089086039626 -0.5715863736502180
 -0.6237726642175860 -0.5221975906114237
 -0.6644889859130758 -0.4692324078035489
 -0.7008300267637942 -0.4130933546430258
 -0.7323845993665856 -0.3542290045220440
 -0.7588755376247327 -0.2929997598787861
 -0.7803175002465581 -0.2297304434461921
 -0.7966548987472739 -0.1648717816530589
 -0.8075408779062437 -9.897282543851810E-02
 -0.8127761081926395 -3.247137237220898E-02
 -0.8126415157403191 3.433337372501183E-02
 -0.8073246553194002 0.1010119654743803
 -0.7963530899813820 0.1668850275815024
 -0.7795198940345054 0.2314464494939606
 -0.7586553728803134 0.2949660239142360
 -0.7311333293601286 0.3558971464871630
 -0.6999349553824993 0.4148733717503619
 -0.6635283989688952 0.4708572820053427
 -0.6224081135885940 0.5236154636709004
 -0.5773813710693921 0.5729660935995079
 -0.5285999621595050 0.6184658193222748
 -0.4760588501906614 0.6597042543737142
 -0.4202007426758846 0.6964932258765055
 -0.3616522785414310 0.7286621784615352
 -0.3007589085084308 0.7559163101740469
 -0.2377292384526348 0.7780062051481322
 -0.1730110904233250 0.7948533371155576
 -0.1072106682187136 0.8064046954761016
 -4.076788386998503E-02 0.8125173762134232
 2.601547684807781E-02 0.8130911226038944
 9.269989628469971E-02 0.8081829995039931
 0.1587083000696659 0.7978860554829585
 0.2235736585725622 0.7822123981030878
 0.2869706688455422 0.7612052861789678
 0.3485028746782061 0.7350603415155180
 0.4076567064727762 0.7040200433732939
 0.4639952237418736 0.6682431063811820
 0.5172256582732341 0.6278997144176863
 0.5670330769932317 0.5833087776028602
 0.6130050984932847 0.5348477590909593
 0.6547831867073450 0.4828005329209453
 0.6921527891392354 0.4274343890232869
 0.7249143065924442 0.3691607793896224
 0.7527884136314235 0.3084639706407704
 0.7755318727793731 0.2457204226489692
 0.7930418573024791 0.1812527845137271
 0.8052579237854871 0.1155219834705993
 0.8120544227738566 4.908188063768976E-02
 0.8133261203776301 -1.763813925571184E-02
 0.8091011475214508 -8.431111752108988E-02
 0.7994687054827551 -0.1504784624000758
 0.7844627743400944 -0.2155566345030464
 0.7641227113733122 -0.2791041780930182
 0.7386116783933507 -0.3408481384339093
 0.7081643526372919 -0.4003899295908610
 0.6729636163566557 -0.4571491661309297
 0.6331830041701356 -0.5107056139541990
 0.5891111501703457 -0.5609095565079932
 0.5411106006523871 -0.6074874895379296
 0.4894834200672012 -0.6498645021419358
 0.4345090874663968 -0.6876490710977707
 0.3765871840266741 -0.7209348836635141
 0.3161833994726901 -0.7496696433453065
 0.2536498715938432 -0.7731045200968629
 0.1893214421397707 -0.7908072557362157
 0.1238796164771401 -0.8044978375890253
 5.735069468778948E-02 -0.8111286100229479
 -9.323401598269028E-03 -0.8135981382331530
 -7.601016828907264E-02 -0.8100610906421509
 -0.1422602365590706 -0.8008289697247232
 -0.2075125070296102 -0.7865099818177371
 -0.2713071298256942 -0.7670139053307617
 -0.3332912181769772 -0.7421311851483803
 -0.3930804558348846 -0.7121511307846567
 -0.4502138180538842 -0.6775311497841727
 -0.5042632734915066 -0.6384230102698044
 -0.5549085187338927 -0.5948826622963763
 -0.6018576370132468 -0.5472586680008249
 -0.6447616179040014 -0.4960495099721618
 -0.6832767468821100 -0.4415647111966526
 -0.7171653061906191 -0.3840154974599460
 -0.7462569566195143 -0.3238110346412639
 -0.7703437434084351 -0.2614976080897051
 -0.7892026371987019 -0.1974857311106765
 -0.8027084497487609 -0.1320787537282328
 -0.8108323664060069 -6.571782799452799E-02
 -0.8135275955710830 1.031042141873376E-03
 -0.8107131179008675 6.771009780451601E-02
 -0.8023899328513276 0.1339807023449064
 -0.7886767581511401 0.1994106606607660
 -0.7696942957765925 0.2634541083990868
 -0.7455091198238764 0.3256586071990173
 -0.7162454339148646 0.3857047041831883
 -0.6821597663284980 0.4432138153810267
 -0.6435318415428362 0.4977019045590154
 -0.6005660646323430 0.5487700919469739
 -0.5534904445467940 0.5961680024314770
 -0.5026739342738487 0.6396128268616456
 -0.4485333668846833 0.6787188190588236
 -0.3913879835178811 0.7131801514363240
 -0.3315350041660063 0.7428577067452621
 -0.2694161815804905 0.7675994396787633
 -0.2055538657361319 0.7871430081532644
 -0.1403500471557262 0.8013017687044419
 -7.412269248027485E-02 0.8100805462374582
 -7.334325873497616E-03 0.8134832842338868
 5.942098300992996E-02 0.8113781706529737
 0.1256925334545970 0.8037053738329851
 0.1912063500762124 0.7906399999541853
 0.2555442980948869 0.7723592711909885
 0.3180574578390425 0.7488373275804538
 0.3782670207262426 0.7201204434699797
 0.4360543317136450 0.6866015099385022
 0.4911412558467101 0.6486576778709262
 0.5427032183875388 0.6062194925153606
 0.5901984518947346 0.5593608062422550
 0.6347757564031733 0.5095318136747893
   
   
 #BODY NUMBER  2
 -0.6347757564032120 -0.5095318136747788
 -0.6737826346723769 -0.4552314635357753
 -0.7092583569808050 -0.3987247664827822
 -0.7395385672580040 -0.3392038086368003
 -0.7646683501477003 -0.2772135060538159
 -0.7848938780990372 -0.2135438882182234
 -0.7999070919852327 -0.1485480860084815
 -0.8093500683676710 -8.242693077466096E-02
 -0.8132811985108011 -1.565790490814695E-02
 -0.8118660965953467 5.113102867736552E-02
 -0.8050221819999684 0.1174932999042443
 -0.7926377571865575 0.1831235428517575
 -0.7748687274366002 0.2475946691147336
 -0.7519722861227425 0.3103551855039404
 -0.7240446307521220 0.3709526650167703
 -0.6911498293425677 0.4290756251439465
 -0.6535570603348404 0.4843719648627268
 -0.6116354433387938 0.5363884473932505
 -0.5656289786261630 0.5847266669924074
 -0.5157377809032413 0.6291265324507301
 -0.4623294917278229 0.6693425135209843
 -0.4058708890983286 0.7050510855151608
 -0.3467178941590150 0.7359532041856902
 -0.2851642745781136 0.7618804167625842
 -0.2216436811579269 0.7827194382636168
 -0.1566891972833255 0.7983018674900365
 -9.072593311654853E-02 0.8084591401199523
 -2.409264477564593E-02 0.8131390932064637
 4.275454026393022E-02 0.8123745947706367
 0.1092565720885731 0.8061658751997727
 0.1749658081470168 0.7944905145959295
 0.2395514127556719 0.7774207869451899
 0.3025839895116254 0.7551348103322291
 0.3635210558891611 0.7278006996964966
 0.4219381368597382 0.6955420121805949
 0.4775661433554347 0.6585465892241542
 0.5300525239022552 0.6171209772786687
 0.5789089086039538 0.5715863736501985
 0.6237726642175783 0.5221975906114034
 0.6644889859130694 0.4692324078035278
 0.7008300267637885 0.4130933546430037
 0.7323845993665808 0.3542290045220210
 0.7588755376247286 0.2929997598787624
 0.7803175002465547 0.2297304434461677
 0.7966548987472711 0.1648717816530336
 0.8075408779062418 9.897282543849184E-02
 0.8127761081926389 3.247137237218195E-02
 0.8126415157403198 -3.433337372503947E-02
 0.8073246553194016 -0.1010119654744085
 0.7963530899813835 -0.1668850275815316
 0.7795198940345072 -0.2314464494939907
 0.7586553728803237 -0.2949660239142748
 0.7311333293601391 -0.3558971464872005
 0.6999349553825099 -0.4148733717503981
 0.6635283989689064 -0.4708572820053781
 0.6224081135886059 -0.5236154636709347
 0.5773813710694046 -0.5729660935995411
 0.5285999621595170 -0.6184658193223065
 0.4760588501906732 -0.6597042543737448
 0.4202007426758967 -0.6964932258765353
 0.3616522785414441 -0.7286621784615640
 0.3007589085084449 -0.7559163101740747
 0.2377292384526484 -0.7780062051481590
 0.1730110904233385 -0.7948533371155827
 0.1072106682187268 -0.8064046954761257
 4.076788386999886E-02 -0.8125173762134463
 -2.601547684806299E-02 -0.8130911226039164
 -9.269989628468484E-02 -0.8081829995040143
 -0.1587083000696510 -0.7978860554829783
 -0.2235736585725472 -0.7822123981031062
 -0.2869706688455267 -0.7612052861789850
 -0.3485028746781901 -0.7350603415155343
 -0.4076567064727596 -0.7040200433733095
 -0.4639952237418564 -0.6682431063811964
 -0.5172256582732166 -0.6278997144176993
 -0.5670330769932144 -0.5833087776028715
 -0.6130050984932676 -0.5348477590909698
 -0.6547831867073275 -0.4828005329209550
 -0.6921527891392172 -0.4274343890232957
 -0.7249143065924255 -0.3691607793896301
 -0.7527884136314050 -0.3084639706407761
 -0.7755318727793546 -0.2457204226489739
 -0.7930418573024600 -0.1812527845137314
 -0.8052579237854669 -0.1155219834706028
 -0.8120544227738360 -4.908188063769203E-02
 -0.8133261203776098 1.763813925571117E-02
 -0.8091011475214304 8.431111752109038E-02
 -0.7994687054827340 0.1504784624000771
 -0.7844627743400729 0.2155566345030486
 -0.7641227113732907 0.2791041780930215
 -0.7386116783933292 0.3408481384339141
 -0.7081643526372697 0.4003899295908671
 -0.6729636163566334 0.4571491661309370
 -0.6331830041701131 0.5107056139542074
 -0.5891111501703229 0.5609095565080024
 -0.5411106006523637 0.6074874895379397
 -0.4894834200671775 0.6498645021419474
 -0.4345090874663732 0.6876490710977838
 -0.3765871840266505 0.7209348836635285
 -0.3161833994726664 0.7496696433453218
 -0.2536498715938187 0.7731045200968789
 -0.1893214421397456 0.7908072557362322
 -0.1238796164771117 0.8044978375890537
 -5.735069468776229E-02 0.8111286100229758
 9.323401598295084E-03 0.8135981382331803
 7.601016828909762E-02 0.8100610906421783
 0.1422602365590943 0.8008289697247506
 0.2075125070296327 0.7865099818177644
 0.2713071298257156 0.7670139053307881
 0.3332912181769978 0.7421311851484058
 0.3930804558349043 0.7121511307846822
 0.4502138180539026 0.6775311497841985
 0.5042632734915236 0.6384230102698304
 0.5549085187339090 0.5948826622964015
 0.6018576370132618 0.5472586680008491
 0.6447616179040156 0.4960495099721853
 0.6832767468821231 0.4415647111966761
 0.7171653061906307 0.3840154974599698
 0.7462569566195252 0.3238110346412874
 0.7703437434084448 0.2614976080897278
 0.7892026371987102 0.1974857311106988
 0.8027084497487680 0.1320787537282548
 0.8108323664060131 6.571782799454995E-02
 0.8135275955710882 -1.031042141851241E-03
 0.8107131179008714 -6.771009780449388E-02
 0.8023899328513302 -0.1339807023448848
 0.7886767581511412 -0.1994106606607454
 0.7696942957765931 -0.2634541083990667
 0.7455091198238760 -0.3256586071989973
 0.7162454339148631 -0.3857047041831681
 0.6821597663284953 -0.4432138153810066
 0.6435318415428319 -0.4977019045589965
 0.6005660646323379 -0.5487700919469556
 0.5534904445467882 -0.5961680024314584
 0.5026739342738415 -0.6396128268616263
 0.4485333668846749 -0.6787188190588046
 0.3913879835178715 -0.7131801514363061
 0.3315350041659957 -0.7428577067452446
 0.2694161815804788 -0.7675994396787458
 0.2055538657361192 -0.7871430081532470
 0.1403500471557125 -0.8013017687044249
 7.412269248025985E-02 -0.8100805462374420
 7.334325873481336E-03 -0.8134832842338707
 -5.942098300994746E-02 -0.8113781706529580
 -0.1256925334546156 -0.8037053738329698
 -0.1912063500762318 -0.7906399999541702
 -0.2555442980949074 -0.7723592711909734
 -0.3180574578390644 -0.7488373275804392
 -0.3782670207262658 -0.7201204434699657
 -0.4360543317136693 -0.6866015099384890
 -0.4911412558467352 -0.6486576778709133
 -0.5427032183875649 -0.6062194925153473
 -0.5901984518947616 -0.5593608062422416
 -0.6347757564032120 -0.5095318136747788
   
   
 #BODY NUMBER  3
 0.5095318136747770 -0.6347757564031804
 0.4552314635357680 -0.6737826346723500
 0.3987247664827759 -0.7092583569807785
 0.3392038086367997 -0.7395385672579744
 0.2772135060538183 -0.7646683501476691
 0.2135438882182221 -0.7848938780990096
 0.1485480860084740 -0.7999070919852105
 8.242693077465180E-02 -0.8093500683676512
 1.565790490814273E-02 -0.8132811985107790
 -5.113102867736480E-02 -0.8118660965953219
 -0.1174932999042456 -0.8050221819999446
 -0.1831235428517650 -0.7926377571865386
 -0.2475946691147451 -0.7748687274365857
 -0.3103551855039486 -0.7519722861227278
 -0.3709526650167724 -0.7240446307521045
 -0.4290756251439476 -0.6911498293425495
 -0.4843719648627334 -0.6535570603348260
 -0.5363884473932632 -0.6116354433387844
 -0.5847266669924194 -0.5656289786261549
 -0.6291265324507357 -0.5157377809032307
 -0.6693425135209863 -0.4623294917278104
 -0.7050510855151665 -0.4058708890983183
 -0.7359532041857034 -0.3467178941590094
 -0.7618804167625997 -0.2851642745781109
 -0.7827194382636272 -0.2216436811579231
 -0.7983018674900405 -0.1566891972833194
 -0.8084591401199568 -9.072593311654331E-02
 -0.8131390932064756 -2.409264477564538E-02
 -0.8123745947706537 4.275454026392705E-02
 -0.8061658751997872 0.1092565720885699
 -0.7944905145959371 0.1749658081470163
 -0.7774207869451952 0.2395514127556718
 -0.7551348103322398 0.3025839895116223
 -0.7278006996965143 0.3635210558891535
 -0.6955420121806133 0.4219381368597291
 -0.6585465892241666 0.4775661433554279
 -0.6171209772786759 0.5300525239022500
 -0.5715863736502081 0.5789089086039463
 -0.5221975906114206 0.6237726642175655
 -0.4692324078035484 0.6644889859130536
 -0.4130933546430201 0.7008300267637740
 -0.3542290045220310 0.7323845993665692
 -0.2929997598787720 0.7588755376247163
 -0.2297304434461837 0.7803175002465378
 -0.1648717816530557 0.7966548987472504
 -9.897282543851238E-02 0.8075408779062210
 -3.247137237219583E-02 0.8127761081926204
 3.433337372502882E-02 0.8126415157403025
 0.1010119654743937 0.8073246553193807
 0.1668850275815095 0.7963530899813576
 0.2314464494939673 0.7795198940344795
 0.2949660239142483 0.7586553728803063
 0.3558971464871808 0.7311333293601195
 0.4148733717503784 0.6999349553824913
 0.4708572820053527 0.6635283989688909
 0.5236154636709065 0.6224081135885925
 0.5729660935995177 0.5773813710693896
 0.6184658193222911 0.5285999621594994
 0.6597042543737324 0.4760588501906554
 0.6964932258765182 0.4202007426758821
 0.7286621784615421 0.3616522785414324
 0.7559163101740547 0.3007589085084318
 0.7780062051481464 0.2377292384526326
 0.7948533371155759 0.1730110904233212
 0.8064046954761170 0.1072106682187125
 0.8125173762134322 4.076788386998836E-02
 0.8130911226039010 -2.601547684807293E-02
 0.8081829995040051 -9.269989628469771E-02
 0.7978860554829765 -0.1587083000696667
 0.7822123981031051 -0.2235736585725615
 0.7612052861789785 -0.2869706688455368
 0.7350603415155244 -0.3485028746781980
 0.7040200433733034 -0.4076567064727697
 0.6682431063811981 -0.4639952237418705
 0.6278997144177048 -0.5172256582732313
 0.5833087776028733 -0.5670330769932252
 0.5348477590909665 -0.6130050984932741
 0.4828005329209528 -0.6547831867073340
 0.4274343890233011 -0.6921527891392276
 0.3691607793896413 -0.7249143065924386
 0.3084639706407862 -0.7527884136314160
 0.2457204226489781 -0.7755318727793610
 0.1812527845137342 -0.7930418573024647
 0.1155219834706108 -0.8052579237854747
 4.908188063770746E-02 -0.8120544227738475
 -1.763813925569402E-02 -0.8133261203776211
 -8.431111752107828E-02 -0.8091011475214376
 -0.1504784624000690 -0.7994687054827376
 -0.2155566345030372 -0.7844627743400776
 -0.2791041780930020 -0.7641227113732992
 -0.3408481384338903 -0.7386116783933392
 -0.4003899295908464 -0.7081643526372768
 -0.4571491661309219 -0.6729636163566362
 -0.5107056139541919 -0.6331830041701152
 -0.5609095565079799 -0.5891111501703282
 -0.6074874895379108 -0.5411106006523725
 -0.6498645021419189 -0.4894834200671849
 -0.6876490710977607 -0.4345090874663759
 -0.7209348836635081 -0.3765871840266511
 -0.7496696433452963 -0.3161833994726688
 -0.7731045200968454 -0.2536498715938248
 -0.7908072557361966 -0.1893214421397520
 -0.8044978375890253 -0.1238796164771259
 -0.8111286100229489 -5.735069468776944E-02
 -0.8135981382331543 9.323401598287321E-03
 -0.8100610906421524 7.601016828908336E-02
 -0.8008289697247248 0.1422602365590766
 -0.7865099818177398 0.2075125070296200
 -0.7670139053307651 0.2713071298257111
 -0.7421311851483842 0.3332912181769959
 -0.7121511307846610 0.3930804558348969
 -0.6775311497841774 0.4502138180538896
 -0.6384230102698092 0.5042632734915128
 -0.5948826622963815 0.5549085187339061
 -0.5472586680008308 0.6018576370132646
 -0.4960495099721685 0.6447616179040153
 -0.4415647111966599 0.6832767468821161
 -0.3840154974599535 0.7171653061906225
 -0.3238110346412716 0.7462569566195236
 -0.2614976080897133 0.7703437434084511
 -0.1974857311106858 0.7892026371987164
 -0.1320787537282429 0.8027084497487675
 -6.571782799453818E-02 0.8108323664060084
 1.031042141863038E-03 0.8135275955710880
 6.771009780450528E-02 0.8107131179008800
 0.1339807023448948 0.8023899328513422
 0.1994106606607539 0.7886767581511483
 0.2634541083990741 0.7696942957765935
 0.3256586071990040 0.7455091198238774
 0.3857047041831745 0.7162454339148731
 0.4432138153810123 0.6821597663285115
 0.4977019045590010 0.6435318415428462
 0.5487700919469590 0.6005660646323447
 0.5961680024314610 0.5534904445467929
 0.6396128268616290 0.5026739342738523
 0.6787188190588068 0.4485333668846940
 0.7131801514363073 0.3913879835178920
 0.7428577067452449 0.3315350041660098
 0.7675994396787448 0.2694161815804876
 0.7871430081532453 0.2055538657361314
 0.8013017687044226 0.1403500471557337
 0.8100805462374386 7.412269248028554E-02
 0.8134832842338665 7.334325873502753E-03
 0.8113781706529529 -5.942098300993297E-02
 0.8037053738329639 -0.1256925334546011
 0.7906399999541636 -0.1912063500762096
 0.7723592711909665 -0.2555442980948779
 0.7488373275804313 -0.3180574578390360
 0.7201204434699566 -0.3782670207262445
 0.6866015099384793 -0.4360543317136514
 0.6486576778709027 -0.4911412558467120
 0.6062194925153359 -0.5427032183875328
 0.5593608062422293 -0.5901984518947275
 0.5095318136747770 -0.6347757564031804
   
   
 #BODY NUMBER  4
 -0.5095318136748035 0.6347757564031978
 -0.4552314635357991 0.6737826346723637
 -0.3987247664828048 0.7092583569807921
 -0.3392038086368215 0.7395385672579907
 -0.2772135060538359 0.7646683501476866
 -0.2135438882182422 0.7848938780990241
 -0.1485480860084996 0.7999070919852206
 -8.242693077467811E-02 0.8093500683676598
 -1.565790490816288E-02 0.8132811985107897
 5.113102867735109E-02 0.8118660965953349
 0.1174932999042314 0.8050221819999562
 0.1831235428517455 0.7926377571865456
 0.2475946691147223 0.7748687274365896
 0.3103551855039299 0.7519722861227329
 0.3709526650167611 0.7240446307521127
 0.4290756251439388 0.6911498293425580
 0.4843719648627200 0.6535570603348304
 0.5363884473932446 0.6116354433387845
 0.5847266669924024 0.5656289786261548
 0.6291265324507262 0.5157377809032335
 0.6693425135209820 0.4623294917278149
 0.7050510855151598 0.4058708890983203
 0.7359532041856905 0.3467178941590066
 0.7618804167625853 0.2851642745781058
 0.7827194382636189 0.2216436811579202
 0.7983018674900395 0.1566891972833193
 0.8084591401199566 9.072593311654231E-02
 0.8131390932064694 2.409264477563972E-02
 0.8123745947706433 -4.275454026393621E-02
 0.8061658751997801 -0.1092565720885784
 0.7944905145959381 -0.1749658081470215
 0.7774207869451997 -0.2395514127556763
 0.7551348103322402 -0.3025839895116303
 0.7278006996965092 -0.3635210558891659
 0.6955420121806084 -0.4219381368597428
 0.6585465892241686 -0.4775661433554388
 0.6171209772786840 -0.5300525239022584
 0.5715863736502151 -0.5789089086039567
 0.5221975906114211 -0.6237726642175808
 0.4692324078035466 -0.6644889859130718
 0.4130933546430234 -0.7008300267637907
 0.3542290045220418 -0.7323845993665826
 0.2929997598787844 -0.7588755376247298
 0.2297304434461910 -0.7803175002465557
 0.1648717816530582 -0.7966548987472722
 9.897282543851760E-02 -0.8075408779062428
 3.247137237220843E-02 -0.8127761081926395
 -3.433337372501177E-02 -0.8126415157403201
 -0.1010119654743797 -0.8073246553194013
 -0.1668850275815015 -0.7963530899813832
 -0.2314464494939595 -0.7795198940345065
 -0.2949660239142502 -0.7586553728803379
 -0.3558971464871771 -0.7311333293601532
 -0.4148733717503756 -0.6999349553825230
 -0.4708572820053559 -0.6635283989689181
 -0.5236154636709129 -0.6224081135886165
 -0.5729660935995202 -0.5773813710694143
 -0.6184658193222871 -0.5285999621595266
 -0.6597042543737265 -0.4760588501906824
 -0.6964932258765174 -0.4202007426759049
 -0.7286621784615466 -0.3616522785414508
 -0.7559163101740576 -0.3007589085084500
 -0.7780062051481428 -0.2377292384526529
 -0.7948533371155678 -0.1730110904233430
 -0.8064046954761122 -0.1072106682187312
 -0.8125173762134337 -4.076788387000219E-02
 -0.8130911226039040 2.601547684806116E-02
 -0.8081829995040022 9.269989628468384E-02
 -0.7978860554829673 0.1587083000696506
 -0.7822123981030965 0.2235736585725470
 -0.7612052861789762 0.2869706688455272
 -0.7350603415155262 0.3485028746781921
 -0.7040200433733018 0.4076567064727630
 -0.6682431063811892 0.4639952237418608
 -0.6278997144176933 0.5172256582732214
 -0.5833087776028667 0.5670330769932195
 -0.5348477590909659 0.6130050984932733
 -0.4828005329209518 0.6547831867073343
 -0.4274343890232931 0.6921527891392252
 -0.3691607793896283 0.7249143065924343
 -0.3084639706407754 0.7527884136314142
 -0.2457204226489741 0.7755318727793645
 -0.1812527845137324 0.7930418573024707
 -0.1155219834706040 0.8052579237854790
 -4.908188063769409E-02 0.8120544227738493
 1.763813925570828E-02 0.8133261203776236
 8.431111752108666E-02 0.8091011475214449
 0.1504784624000722 0.7994687054827490
 0.2155566345030428 0.7844627743400889
 0.2791041780930150 0.7641227113733074
 0.3408481384339069 0.7386116783933467
 0.4003899295908591 0.7081643526372879
 0.4571491661309282 0.6729636163566522
 0.5107056139541974 0.6331830041701327
 0.5609095565079917 0.5891111501703434
 0.6074874895379284 0.5411106006523857
 0.6498645021419353 0.4894834200672004
 0.6876490710977710 0.4345090874663964
 0.7209348836635149 0.3765871840266747
 0.7496696433453072 0.3161833994726912
 0.7731045200968636 0.2536498715938446
 0.7908072557362161 0.1893214421397723
 0.8044978375890537 0.1238796164771401
 0.8111286100229762 5.735069468778952E-02
 0.8135981382331804 -9.323401598268973E-03
 0.8100610906421775 -7.601016828907256E-02
 0.8008289697247488 -0.1422602365590702
 0.7865099818177624 -0.2075125070296098
 0.7670139053307866 -0.2713071298256940
 0.7421311851484046 -0.3332912181769773
 0.7121511307846803 -0.3930804558348848
 0.6775311497841955 -0.4502138180538842
 0.6384230102698263 -0.5042632734915062
 0.5948826622963973 -0.5549085187338927
 0.5472586680008455 -0.6018576370132467
 0.4960495099721823 -0.6447616179040018
 0.4415647111966726 -0.6832767468821105
 0.3840154974599652 -0.7171653061906191
 0.3238110346412822 -0.7462569566195143
 0.2614976080897227 -0.7703437434084351
 0.1974857311106940 -0.7892026371987018
 0.1320787537282500 -0.8027084497487608
 6.571782799454422E-02 -0.8108323664060070
 -1.031042141858038E-03 -0.8135275955710832
 -6.771009780450135E-02 -0.8107131179008674
 -0.1339807023448920 -0.8023899328513273
 -0.1994106606607523 -0.7886767581511397
 -0.2634541083990737 -0.7696942957765927
 -0.3256586071990047 -0.7455091198238766
 -0.3857047041831763 -0.7162454339148648
 -0.4432138153810151 -0.6821597663284981
 -0.4977019045590048 -0.6435318415428358
 -0.5487700919469640 -0.6005660646323430
 -0.5961680024314672 -0.5534904445467944
 -0.6396128268616361 -0.5026739342738487
 -0.6787188190588150 -0.4485333668846833
 -0.7131801514363166 -0.3913879835178809
 -0.7428577067452553 -0.3315350041660061
 -0.7675994396787562 -0.2694161815804905
 -0.7871430081532579 -0.2055538657361322
 -0.8013017687044361 -0.1403500471557265
 -0.8100805462374535 -7.412269248027496E-02
 -0.8134832842338825 -7.334325873497359E-03
 -0.8113781706529699 5.942098300993034E-02
 -0.8037053738329819 0.1256925334545971
 -0.7906399999541827 0.1912063500762122
 -0.7723592711909867 0.2555442980948866
 -0.7488373275804528 0.3180574578390425
 -0.7201204434699794 0.3782670207262431
 -0.6866015099385031 0.4360543317136454
 -0.6486576778709275 0.4911412558467102
 -0.6062194925153620 0.5427032183875387
 -0.5593608062422566 0.5901984518947343
 -0.5095318136748035 0.6347757564031978
   
   
