 # action(x) =  14.70129416480271
 # |grad_action(x)| =  9.928985985122998E-12
 # PRINTSTEPS = 50
 #
 #BODY NUMBER  1
 9.478286022893828E-02 -0.1316768171744300
 0.1098626463739291 -3.794542228221613E-03
 7.937066706577171E-02 0.1085587968790356
 3.021910957177576E-03 0.1956509532691172
 -8.463563295203511E-02 0.2575465890098017
 -0.1594018478548120 0.3027831302299716
 -0.2258136120104634 0.3412866551650056
 -0.2951526387453293 0.3777298835507557
 -0.3652587884320598 0.4116807788707185
 -0.4286878802034867 0.4425619527665378
 -0.4870872347642483 0.4720974209028122
 -0.5469032318471350 0.5020393035676192
 -0.6077607635876212 0.5320764290014672
 -0.6645238884379627 0.5612910894888750
 -0.7171208095520125 0.5901945406967567
 -0.7700193567335754 0.6199368228639651
 -0.8237979857700609 0.6504828582836414
 -0.8745974014851545 0.6810060379237501
 -0.9214426588675899 0.7115461735643684
 -0.9676147401059300 0.7429264947136576
 -1.014284869189744 0.7752743227071908
 -1.058520595189333 0.8078823794952941
 -1.098820832530911 0.8405281328377721
 -1.137604405534832 0.8737895586733329
 -1.176432840312150 0.9078838280921824
 -1.213142511947764 0.9422186793986471
 -1.245932912307764 0.9764084764408167
 -1.276533520099211 1.010830899697383
 -1.306761960423988 1.045754357375190
 -1.335135910842367 1.080702548124231
 -1.359712151984682 1.115195519165446
 -1.381636521483101 1.149449573273507
 -1.402876644501972 1.183767208535388
 -1.422566974877236 1.217795215552872
 -1.438734584322412 1.251015421680596
 -1.452009609846621 1.283519554413020
 -1.464413223941471 1.315636722285010
 -1.475635192315656 1.347142722617001
 -1.483755562181807 1.377524990049639
 -1.488935440579495 1.406782203044210
 -1.493157950439786 1.435263259978234
 -1.496603739054895 1.462870333685741
 -1.497469060036272 1.489125825396506
 -1.495486135919937 1.513961499215543
 -1.492516331301561 1.537737451615596
 -1.489160810880234 1.560465114312726
 -1.483782122784703 1.581715564180178
 -1.475735966786363 1.601387792635832
 -1.466694273585232 1.619851274643175
 -1.457571718940093 1.637161701278092
 -1.446927404695528 1.652931099732560
 -1.434064428287667 1.667378840500930
 -1.420263844062233 1.680174091312012
 -1.405834409385820 1.692014707055343
 -1.390186250721682 1.702375656160726
 -1.373116521369346 1.711220443575817
 -1.354911843660148 1.718681854846115
 -1.335822657265268 1.724735020479945
 -1.315656339666057 1.729197965665499
 -1.294164208266015 1.731957008318763
 -1.271537781465587 1.733042654075341
 -1.248118078346472 1.732460672844065
 -1.223841619041302 1.730079727576942
 -1.198442473321958 1.725762239168784
 -1.172047519922555 1.719503023321561
 -1.145060972221832 1.711333586634668
 -1.117538229158076 1.701167577870186
 -1.089212735332270 1.688867194606689
 -1.060142439594011 1.674412045021294
 -1.030772379048259 1.657864126344881
 -1.001274798689939 1.639191513025409
 -0.9713915841902511 1.618275255159725
 -0.9410957142522020 1.595092721937517
 -0.9108439085522695 1.569741603870308
 -0.8809189019199339 1.542254611365481
 -0.8510733841979498 1.512545401851913
 -0.8211694689706572 1.480593716149344
 -0.7916375988548578 1.446530749665997
 -0.7628607072132663 1.410456842859894
 -0.7346019750443604 1.372322196438676
 -0.7065799458677579 1.332100699561689
 -0.6791550106434130 1.289941632151671
 -0.6528033045119319 1.246004269076828
 -0.6273035422675912 1.200267146031594
 -0.6021939699912380 1.152675182384217
 -0.5777178932946414 1.103365647497328
 -0.5544509648983912 1.052537399143519
 -0.5322061107178070 1.000178631945382
 -0.5102936980988659 0.9461665260020303
 -0.4887804317903167 0.8905809613523572
 -0.4683693320053834 0.8336331997126447
 -0.4489428727290103 0.7752912758526185
 -0.4294858737768191 0.7152973462311216
 -0.4097684593098737 0.6535964295775051
 -0.3906735730240695 0.5903665979027439
 -0.3721850351444442 0.5254865707396954
 -0.3526252373838102 0.4583889145533625
 -0.3310345654724106 0.3886740038995742
 -0.3084805537701070 0.3163402492126027
 -0.2847144503281465 0.2408766528152772
 -0.2548719465292651 0.1606633898464346
 -0.2132606091632047 7.444594739825366E-02
 -0.1614268988770137 -1.624595621440283E-02
 -5.821749315234661E-02 -9.324657157270529E-02
 5.432934236862431E-02 -0.1230164124337997
 0.1679277403270991 -0.1004425282914552
 0.2653597052165262 -5.547668630306891E-02
 0.3419188065439235 -1.334551546254188E-02
 0.4084697193507361 2.491699693887647E-02
 0.4746999942961466 6.674474137208404E-02
 0.5391554069678256 0.1104830003023264
 0.5976138339460034 0.1499736181674473
 0.6523919769450637 0.1857812087135448
 0.7082304065113628 0.2226124404076176
 0.7646720860639782 0.2602980461895731
 0.8183542866341813 0.2948490240644533
 0.8696838701942761 0.3259475683061262
 0.9218907157083845 0.3568879129050459
 0.9752336728849668 0.3881885541215043
 1.027067229715124 0.4169205488081281
 1.076938391706139 0.4422196639278292
 1.127200587619508 0.4665156986511866
 1.178549692961064 0.4907593020389022
 1.228906961507402 0.5127645361153430
 1.277329131898458 0.5313426887604542
 1.325526158140106 0.5482995353135978
 1.374466878968961 0.5648788115105187
 1.422556568253327 0.5795028940583133
 1.468561001222080 0.5908053152492513
 1.513671998117810 0.6000950073396066
 1.559030819817171 0.6088118757387427
 1.603483816031335 0.6159103422322587
 1.645643725776186 0.6199475058704282
 1.686270791565583 0.6218075397639858
 1.726610797009617 0.6230432082468951
 1.765925080714546 0.6230815310520410
 1.802778427862699 0.6204729884861665
 1.837565345299065 0.6157174314598071
 1.871581435621243 0.6104006924286912
 1.904477416467481 0.6043662019552053
 1.934849416821795 0.5962075148310993
 1.962776845717870 0.5860648146147265
 1.989553419479512 0.5754810869544567
 2.015184740941918 0.5646616905774586
 2.038355324242981 0.5522833346743762
 2.058872186632203 0.5381482351063351
 2.077977863100631 0.5236883326625182
 2.095982836154329 0.5094185353861667
 2.111696921533623 0.4941352299226778
 2.124710493126102 0.4773309401974757
 2.136179490986212 0.4602688631883993
 2.146609482879830 0.4437132858008387
 2.154944025421515 0.4266103400319469
 2.161024647750284 0.4082468053102734
 2.165205367887758 0.3898975233784399
 2.168244924579727 0.3714809585147523
 2.169393690380237 0.3527487810364673
 2.168518636296611 0.3335435680740734
 2.165878069150175 0.3140471490750503
 2.161575671164946 0.2944888459025923
 2.155357536271729 0.2747928299681132
 2.147000871599560 0.2548005768675708
 2.136627855004053 0.2346626935832424
 2.124413992913685 0.2146716263486361
 2.110213804174752 0.1948380685099809
 2.093775176673070 0.1750005072866845
 2.075157060041904 0.1552714150347064
 2.054588846486085 0.1359850975088859
 2.032023453109071 0.1172327072160820
 2.007208261813695 9.885230161994263E-02
 1.980154587188109 8.090426180778021E-02
 1.951138638961700 6.374300260267807E-02
 1.920218891292835 4.753365532193543E-02
 1.887163273379202 3.211216135130779E-02
 1.851938675715669 1.746643496631128E-02
 1.814858060605162 3.943161753422686E-03
 1.776091123506182 -8.229157946185173E-03
 1.735439434480086 -1.922152972573854E-02
 1.692816505354279 -2.914323713390632E-02
 1.648551175993542 -3.768710363377836E-02
 1.602921810464909 -4.457166943429780E-02
 1.555766871815344 -4.997712616070260E-02
 1.506923019153335 -5.413416685473638E-02
 1.456699728164227 -5.680532375115388E-02
 1.405473002500372 -5.765788915665804E-02
 1.353113610925013 -5.687276952810350E-02
 1.299342975252224 -5.482231517389924E-02
 1.244401627043084 -5.136445193468409E-02
 1.188749608540695 -4.610007881696632E-02
 1.132283158945980 -3.918530404176462E-02
 1.074551096777671 -3.115595705629942E-02
 1.015655952553077 -2.199420987304673E-02
 0.9561321943919575 -1.119685998612230E-02
 0.8958933765853302 1.150294704967469E-03
 0.8342086099841621 1.429700414171059E-02
 0.7709153414918706 2.807168064319721E-02
 0.7066092578416109 4.314993987469601E-02
 0.6411772371803732 5.957840997363367E-02
 0.5732890635082973 7.618795631320485E-02
 0.5021188439038538 9.234734128005168E-02
 0.4281989689426723 0.1089818715320910
 0.3509625256806718 0.1261316204010472
 0.2665745503297715 0.1403938854831038
 0.1711023862372931 0.1474661314627412
 6.664403864806631E-02 0.1479227733888253
 -5.164515322159181E-02 9.704111380091976E-02
 -0.1337000094344055 1.445761555475740E-02
 -0.1709496512842864 -9.520842497766827E-02
 -0.1807240722645009 -0.2020699027067386
 -0.1825169586891214 -0.2894376147674350
 -0.1826561073402827 -0.3662036521038868
 -0.1795473555508276 -0.4444746249228441
 -0.1738966185357763 -0.5221637791730487
 -0.1689259537425272 -0.5925355709339885
 -0.1653047421808259 -0.6578786296163599
 -0.1613271746642383 -0.7246517439752391
 -0.1569113224763673 -0.7923744751910420
 -0.1538303981962291 -0.8561401135533293
 -0.1525630606422739 -0.9161421090028835
 -0.1518713589748197 -0.9768247357690109
 -0.1514356871149160 -1.038671412405145
 -0.1524698282299792 -1.097926586731877
 -0.1554957328385596 -1.153765837492196
 -0.1595858475135880 -1.209442193364841
 -0.1642648237713303 -1.266033624746090
 -0.1703863663180790 -1.320646915610633
 -0.1785082993675561 -1.371870821598222
 -0.1879217526052837 -1.422089093986926
 -0.1980340386568191 -1.472762639602695
 -0.2094140563055721 -1.521721573456954
 -0.2226280889143251 -1.567213791690061
 -0.2371384780186077 -1.610925907036981
 -0.2522688593931905 -1.654566233113924
 -0.2683479051889756 -1.696612890356481
 -0.2859315737915115 -1.735143025035865
 -0.3046342700824894 -1.771257113037483
 -0.3237341525076514 -1.806810416782272
 -0.3433581058373153 -1.840876746604902
 -0.3640438435402916 -1.871488410166751
 -0.3855557354524479 -1.899236985872815
 -0.4071682116797755 -1.926037414713689
 -0.4288422241518288 -1.951508924572194
 -0.4510938546399901 -1.973732504880726
 -0.4738414051383762 -1.992847017658923
 -0.4963954690397270 -2.010744346932678
 -0.5185810018870232 -2.027532024263187
 -0.5408862642067089 -2.041409160070870
 -0.5633860507122660 -2.052109734321864
 -0.5854615317990699 -2.061425784278101
 -0.6068220252740921 -2.069883649698880
 -0.6279147987489182 -2.075850794102843
 -0.6489745263397360 -2.078718732833295
 -0.6694852174009770 -2.080120137831562
 -0.6890377639397317 -2.080874987078919
 -0.7080166207259821 -2.079541439764495
 -0.7269602194626135 -2.075625645811192
 -0.7449415238255205 -2.070071614690440
 -0.7624105151939019 -2.063495665570084
 -0.7792074396585499 -2.055124437197183
 -0.7954021149272599 -2.044764011649880
 -0.8109662254900207 -2.032729003921156
 -0.8257530138996720 -2.019223866382528
 -0.8397011966056656 -2.003990795633603
 -0.8528366633335379 -1.986757585186326
 -0.8650900735384588 -1.967705347658576
 -0.8762959145672059 -1.947132299192693
 -0.8863721851334421 -1.924917796086915
 -0.8953327033511045 -1.900762746455462
 -0.9031095401193405 -1.874774438356262
 -0.9095278742642438 -1.847318684143548
 -0.9144852239509851 -1.818400285086263
 -0.9179955264814146 -1.787719496226627
 -0.9200121475940884 -1.755316306829070
 -0.9203662599134317 -1.721607128947555
 -0.9189440926028853 -1.686725168347342
 -0.9157716891889407 -1.650387416511030
 -0.9108429614634563 -1.612559156903826
 -0.9040141520528814 -1.573684765623730
 -0.8951722215862365 -1.534025453419296
 -0.8843660502821244 -1.493323872126175
 -0.8716470363836097 -1.451450479015439
 -0.8569135771386728 -1.408843646032220
 -0.8400611032516309 -1.365885173425598
 -0.8211648967709718 -1.322345070277976
 -0.8003430732855661 -1.277966532706956
 -0.7775447175208026 -1.233136308400522
 -0.7526696979884289 -1.188346379920176
 -0.7258100686574110 -1.143394376503496
 -0.6971490052609743 -1.097852867210325
 -0.6666837337484318 -1.052001195562651
 -0.6342986436422933 -1.006437320326560
 -0.6000770482281630 -0.9609933279036252
 -0.5642573986787950 -0.9150105689457400
 -0.5268755207627503 -0.8685867514793199
 -0.4877628623865650 -0.8224363397265323
 -0.4469505038563113 -0.7764415705575963
 -0.4047227362073350 -0.7295943503728430
 -0.3611468821819894 -0.6816681102207133
 -0.3159356848175344 -0.6335165377774512
 -0.2689922020359225 -0.5850649807133406
 -0.2206638261244812 -0.5345768708665790
 -0.1710842784314379 -0.4810213451796377
 -0.1197184151725607 -0.4253221207447055
 -6.624807535252125E-02 -0.3670082732163362
 -1.170260380050261E-02 -0.3010572753295500
 4.215822292591467E-02 -0.2219120788610066
 9.478286022894937E-02 -0.1316768171744341
 0.1098626463739400 -3.794542228226117E-03
 7.937066706578225E-02 0.1085587968790307
 3.021910957187832E-03 0.1956509532691120
 -8.463563295202520E-02 0.2575465890097962
 -0.1594018478548025 0.3027831302299657
 -0.2258136120104541 0.3412866551649992
 -0.2951526387453203 0.3777298835507490
 -0.3652587884320512 0.4116807788707113
 -0.4286878802034785 0.4425619527665304
 -0.4870872347642405 0.4720974209028045
 -0.5469032318471277 0.5020393035676112
 -0.6077607635876147 0.5320764290014591
 -0.6645238884379565 0.5612910894888663
 -0.7171208095520069 0.5901945406967481
 -0.7700193567335702 0.6199368228639558
 -0.8237979857700566 0.6504828582836324
 -0.8745974014851506 0.6810060379237406
 -0.9214426588675868 0.7115461735643587
 -0.9676147401059272 0.7429264947136474
 -1.014284869189741 0.7752743227071804
 -1.058520595189331 0.8078823794952834
 -1.098820832530911 0.8405281328377613
 -1.137604405534832 0.8737895586733219
 -1.176432840312151 0.9078838280921719
 -1.213142511947765 0.9422186793986362
 -1.245932912307765 0.9764084764408056
 -1.276533520099214 1.010830899697371
 -1.306761960423992 1.045754357375178
 -1.335135910842371 1.080702548124220
 -1.359712151984686 1.115195519165435
 -1.381636521483106 1.149449573273496
 -1.402876644501978 1.183767208535377
 -1.422566974877243 1.217795215552862
 -1.438734584322419 1.251015421680586
 -1.452009609846629 1.283519554413010
 -1.464413223941480 1.315636722285000
 -1.475635192315665 1.347142722616992
 -1.483755562181817 1.377524990049631
 -1.488935440579505 1.406782203044202
 -1.493157950439797 1.435263259978226
 -1.496603739054907 1.462870333685735
 -1.497469060036284 1.489125825396500
 -1.495486135919948 1.513961499215536
 -1.492516331301572 1.537737451615590
 -1.489160810880247 1.560465114312722
 -1.483782122784715 1.581715564180173
 -1.475735966786375 1.601387792635828
 -1.466694273585244 1.619851274643171
 -1.457571718940106 1.637161701278090
 -1.446927404695541 1.652931099732558
 -1.434064428287678 1.667378840500928
 -1.420263844062245 1.680174091312010
 -1.405834409385832 1.692014707055342
 -1.390186250721694 1.702375656160725
 -1.373116521369357 1.711220443575816
 -1.354911843660159 1.718681854846116
 -1.335822657265279 1.724735020479945
 -1.315656339666068 1.729197965665501
 -1.294164208266026 1.731957008318765
 -1.271537781465598 1.733042654075343
 -1.248118078346482 1.732460672844068
 -1.223841619041312 1.730079727576946
 -1.198442473321968 1.725762239168788
 -1.172047519922565 1.719503023321566
 -1.145060972221841 1.711333586634673
 -1.117538229158086 1.701167577870192
 -1.089212735332279 1.688867194606695
 -1.060142439594019 1.674412045021300
 -1.030772379048267 1.657864126344888
 -1.001274798689947 1.639191513025417
 -0.9713915841902583 1.618275255159733
 -0.9410957142522087 1.595092721937525
 -0.9108439085522764 1.569741603870318
 -0.8809189019199399 1.542254611365491
 -0.8510733841979554 1.512545401851924
 -0.8211694689706623 1.480593716149355
 -0.7916375988548623 1.446530749666008
 -0.7628607072132703 1.410456842859905
 -0.7346019750443635 1.372322196438688
 -0.7065799458677603 1.332100699561701
 -0.6791550106434148 1.289941632151684
 -0.6528033045119329 1.246004269076841
 -0.6273035422675914 1.200267146031606
 -0.6021939699912379 1.152675182384230
 -0.5777178932946407 1.103365647497341
 -0.5544509648983900 1.052537399143532
 -0.5322061107178049 1.000178631945394
 -0.5102936980988630 0.9461665260020435
 -0.4887804317903133 0.8905809613523703
 -0.4683693320053793 0.8336331997126576
 -0.4489428727290056 0.7752912758526309
 -0.4294858737768137 0.7152973462311341
 -0.4097684593098680 0.6535964295775171
 -0.3906735730240632 0.5903665979027557
 -0.3721850351444375 0.5254865707397067
 -0.3526252373838030 0.4583889145533735
 -0.3310345654724030 0.3886740038995846
 -0.3084805537700990 0.3163402492126126
 -0.2847144503281384 0.2408766528152866
 -0.2548719465292569 0.1606633898464436
 -0.2132606091631961 7.444594739826210E-02
 -0.1614268988770046 -1.624595621439529E-02
 -5.821749315233728E-02 -9.324657157269814E-02
 5.432934236863380E-02 -0.1230164124337930
 0.1679277403271088 -0.1004425282914490
 0.2653597052165360 -5.547668630306313E-02
 0.3419188065439334 -1.334551546253657E-02
 0.4084697193507461 2.491699693888132E-02
 0.4746999942961568 6.674474137208845E-02
 0.5391554069678360 0.1104830003023302
 0.5976138339460139 0.1499736181674507
 0.6523919769450742 0.1857812087135476
 0.7082304065113733 0.2226124404076199
 0.7646720860639885 0.2602980461895747
 0.8183542866341917 0.2948490240644545
 0.8696838701942864 0.3259475683061268
 0.9218907157083951 0.3568879129050457
 0.9752336728849769 0.3881885541215035
 1.027067229715134 0.4169205488081267
 1.076938391706149 0.4422196639278270
 1.127200587619518 0.4665156986511839
 1.178549692961074 0.4907593020388989
 1.228906961507412 0.5127645361153389
 1.277329131898468 0.5313426887604497
 1.325526158140115 0.5482995353135925
 1.374466878968969 0.5648788115105128
 1.422556568253336 0.5795028940583068
 1.468561001222089 0.5908053152492442
 1.513671998117819 0.6000950073395989
 1.559030819817179 0.6088118757387343
 1.603483816031343 0.6159103422322497
 1.645643725776193 0.6199475058704188
 1.686270791565590 0.6218075397639758
 1.726610797009623 0.6230432082468844
 1.765925080714552 0.6230815310520301
 1.802778427862703 0.6204729884861553
 1.837565345299069 0.6157174314597953
 1.871581435621246 0.6104006924286791
 1.904477416467484 0.6043662019551928
 1.934849416821797 0.5962075148310867
 1.962776845717872 0.5860648146147136
 1.989553419479513 0.5754810869544437
 2.015184740941919 0.5646616905774458
 2.038355324242981 0.5522833346743631
 2.058872186632203 0.5381482351063220
 2.077977863100631 0.5236883326625051
 2.095982836154326 0.5094185353861538
 2.111696921533621 0.4941352299226650
 2.124710493126099 0.4773309401974632
 2.136179490986209 0.4602688631883871
 2.146609482879825 0.4437132858008266
 2.154944025421511 0.4266103400319351
 2.161024647750280 0.4082468053102621
 2.165205367887753 0.3898975233784288
 2.168244924579722 0.3714809585147415
 2.169393690380232 0.3527487810364571
 2.168518636296606 0.3335435680740635
 2.165878069150169 0.3140471490750405
 2.161575671164940 0.2944888459025835
 2.155357536271723 0.2747928299681039
 2.147000871599553 0.2548005768675625
 2.136627855004046 0.2346626935832343
 2.124413992913678 0.2146716263486282
 2.110213804174744 0.1948380685099734
 2.093775176673062 0.1750005072866778
 2.075157060041896 0.1552714150347003
 2.054588846486076 0.1359850975088801
 2.032023453109062 0.1172327072160767
 2.007208261813685 9.885230161993785E-02
 1.980154587188099 8.090426180777621E-02
 1.951138638961690 6.374300260267440E-02
 1.920218891292824 4.753365532193254E-02
 1.887163273379192 3.211216135130535E-02
 1.851938675715658 1.746643496630962E-02
 1.814858060605151 3.943161753421465E-03
 1.776091123506170 -8.229157946185506E-03
 1.735439434480074 -1.922152972573843E-02
 1.692816505354267 -2.914323713390543E-02
 1.648551175993531 -3.768710363377670E-02
 1.602921810464897 -4.457166943429536E-02
 1.555766871815332 -4.997712616069960E-02
 1.506923019153324 -5.413416685473271E-02
 1.456699728164216 -5.680532375114922E-02
 1.405473002500361 -5.765788915665249E-02
 1.353113610925002 -5.687276952809739E-02
 1.299342975252212 -5.482231517389269E-02
 1.244401627043073 -5.136445193467709E-02
 1.188749608540685 -4.610007881695855E-02
 1.132283158945970 -3.918530404175630E-02
 1.074551096777661 -3.115595705629037E-02
 1.015655952553067 -2.199420987303730E-02
 0.9561321943919483 -1.119685998611236E-02
 0.8958933765853216 1.150294704977906E-03
 0.8342086099841541 1.429700414172141E-02
 0.7709153414918631 2.807168064320820E-02
 0.7066092578416039 4.314993987470722E-02
 0.6411772371803668 5.957840997364522E-02
 0.5732890635082915 7.618795631321651E-02
 0.5021188439038485 9.234734128006350E-02
 0.4281989689426677 0.1089818715321028
 0.3509625256806678 0.1261316204010590
 0.2665745503297677 0.1403938854831154
 0.1711023862372901 0.1474661314627529
 6.664403864806433E-02 0.1479227733888369
 -5.164515322159334E-02 9.704111380093140E-02
 -0.1337000094344066 1.445761555476897E-02
 -0.1709496512842870 -9.520842497765675E-02
 -0.1807240722645010 -0.2020699027067272
 -0.1825169586891211 -0.2894376147674237
 -0.1826561073402819 -0.3662036521038757
 -0.1795473555508263 -0.4444746249228331
 -0.1738966185357744 -0.5221637791730377
 -0.1689259537425250 -0.5925355709339777
 -0.1653047421808231 -0.6578786296163494
 -0.1613271746642351 -0.7246517439752289
 -0.1569113224763636 -0.7923744751910323
 -0.1538303981962248 -0.8561401135533198
 -0.1525630606422692 -0.9161421090028743
 -0.1518713589748144 -0.9768247357690018
 -0.1514356871149102 -1.038671412405137
 -0.1524698282299729 -1.097926586731869
 -0.1554957328385527 -1.153765837492188
 -0.1595858475135805 -1.209442193364834
 -0.1642648237713224 -1.266033624746083
 -0.1703863663180705 -1.320646915610626
 -0.1785082993675473 -1.371870821598216
 -0.1879217526052744 -1.422089093986920
 -0.1980340386568096 -1.472762639602690
 -0.2094140563055621 -1.521721573456950
 -0.2226280889143146 -1.567213791690057
 -0.2371384780185967 -1.610925907036978
 -0.2522688593931793 -1.654566233113921
 -0.2683479051889641 -1.696612890356479
 -0.2859315737914998 -1.735143025035863
 -0.3046342700824775 -1.771257113037482
 -0.3237341525076393 -1.806810416782273
 -0.3433581058373032 -1.840876746604903
 -0.3640438435402796 -1.871488410166752
 -0.3855557354524355 -1.899236985872817
 -0.4071682116797630 -1.926037414713691
 -0.4288422241518163 -1.951508924572197
 -0.4510938546399779 -1.973732504880730
 -0.4738414051383641 -1.992847017658928
 -0.4963954690397150 -2.010744346932683
 -0.5185810018870117 -2.027532024263193
 -0.5408862642066978 -2.041409160070876
 -0.5633860507122547 -2.052109734321871
 -0.5854615317990588 -2.061425784278108
 -0.6068220252740820 -2.069883649698888
 -0.6279147987489082 -2.075850794102851
 -0.6489745263397262 -2.078718732833304
 -0.6694852174009678 -2.080120137831570
 -0.6890377639397234 -2.080874987078928
 -0.7080166207259742 -2.079541439764505
 -0.7269602194626057 -2.075625645811201
 -0.7449415238255130 -2.070071614690450
 -0.7624105151938948 -2.063495665570094
 -0.7792074396585437 -2.055124437197192
 -0.7954021149272539 -2.044764011649890
 -0.8109662254900154 -2.032729003921166
 -0.8257530138996673 -2.019223866382537
 -0.8397011966056608 -2.003990795633614
 -0.8528366633335340 -1.986757585186336
 -0.8650900735384551 -1.967705347658586
 -0.8762959145672029 -1.947132299192704
 -0.8863721851334397 -1.924917796086926
 -0.8953327033511028 -1.900762746455473
 -0.9031095401193394 -1.874774438356272
 -0.9095278742642432 -1.847318684143558
 -0.9144852239509852 -1.818400285086273
 -0.9179955264814154 -1.787719496226637
 -0.9200121475940898 -1.755316306829081
 -0.9203662599134336 -1.721607128947566
 -0.9189440926028881 -1.686725168347352
 -0.9157716891889439 -1.650387416511041
 -0.9108429614634602 -1.612559156903836
 -0.9040141520528859 -1.573684765623740
 -0.8951722215862419 -1.534025453419306
 -0.8843660502821303 -1.493323872126185
 -0.8716470363836163 -1.451450479015449
 -0.8569135771386801 -1.408843646032230
 -0.8400611032516389 -1.365885173425607
 -0.8211648967709803 -1.322345070277985
 -0.8003430732855750 -1.277966532706964
 -0.7775447175208124 -1.233136308400530
 -0.7526696979884393 -1.188346379920183
 -0.7258100686574219 -1.143394376503503
 -0.6971490052609857 -1.097852867210331
 -0.6666837337484434 -1.052001195562657
 -0.6342986436423055 -1.006437320326566
 -0.6000770482281753 -0.9609933279036299
 -0.5642573986788079 -0.9150105689457442
 -0.5268755207627633 -0.8685867514793235
 -0.4877628623865782 -0.8224363397265353
 -0.4469505038563246 -0.7764415705575984
 -0.4047227362073484 -0.7295943503728446
 -0.3611468821820026 -0.6816681102207143
 -0.3159356848175476 -0.6335165377774516
 -0.2689922020359358 -0.5850649807133405
 -0.2206638261244943 -0.5345768708665783
 -0.1710842784314508 -0.4810213451796363
 -0.1197184151725733 -0.4253221207447036
 -6.624807535253341E-02 -0.3670082732163338
 -1.170260380051453E-02 -0.3010572753295473
 4.215822292590304E-02 -0.2219120788610033
 9.478286022893828E-02 -0.1316768171744300
   
   
 #BODY NUMBER  2
 -9.478286022894937E-02 0.1316768171744341
 -0.1098626463739400 3.794542228226117E-03
 -7.937066706578225E-02 -0.1085587968790307
 -3.021910957187832E-03 -0.1956509532691120
 8.463563295202520E-02 -0.2575465890097962
 0.1594018478548025 -0.3027831302299657
 0.2258136120104541 -0.3412866551649992
 0.2951526387453203 -0.3777298835507490
 0.3652587884320512 -0.4116807788707113
 0.4286878802034785 -0.4425619527665304
 0.4870872347642405 -0.4720974209028045
 0.5469032318471277 -0.5020393035676112
 0.6077607635876147 -0.5320764290014591
 0.6645238884379565 -0.5612910894888663
 0.7171208095520069 -0.5901945406967481
 0.7700193567335702 -0.6199368228639558
 0.8237979857700566 -0.6504828582836324
 0.8745974014851506 -0.6810060379237406
 0.9214426588675868 -0.7115461735643587
 0.9676147401059272 -0.7429264947136474
 1.014284869189741 -0.7752743227071804
 1.058520595189331 -0.8078823794952834
 1.098820832530911 -0.8405281328377613
 1.137604405534832 -0.8737895586733219
 1.176432840312151 -0.9078838280921719
 1.213142511947765 -0.9422186793986362
 1.245932912307765 -0.9764084764408056
 1.276533520099214 -1.010830899697371
 1.306761960423992 -1.045754357375178
 1.335135910842371 -1.080702548124220
 1.359712151984686 -1.115195519165435
 1.381636521483106 -1.149449573273496
 1.402876644501978 -1.183767208535377
 1.422566974877243 -1.217795215552862
 1.438734584322419 -1.251015421680586
 1.452009609846629 -1.283519554413010
 1.464413223941480 -1.315636722285000
 1.475635192315665 -1.347142722616992
 1.483755562181817 -1.377524990049631
 1.488935440579505 -1.406782203044202
 1.493157950439797 -1.435263259978226
 1.496603739054907 -1.462870333685735
 1.497469060036284 -1.489125825396500
 1.495486135919948 -1.513961499215536
 1.492516331301572 -1.537737451615590
 1.489160810880247 -1.560465114312722
 1.483782122784715 -1.581715564180173
 1.475735966786375 -1.601387792635828
 1.466694273585244 -1.619851274643171
 1.457571718940106 -1.637161701278090
 1.446927404695541 -1.652931099732558
 1.434064428287678 -1.667378840500928
 1.420263844062245 -1.680174091312010
 1.405834409385832 -1.692014707055342
 1.390186250721694 -1.702375656160725
 1.373116521369357 -1.711220443575816
 1.354911843660159 -1.718681854846116
 1.335822657265279 -1.724735020479945
 1.315656339666068 -1.729197965665501
 1.294164208266026 -1.731957008318765
 1.271537781465598 -1.733042654075343
 1.248118078346482 -1.732460672844068
 1.223841619041312 -1.730079727576946
 1.198442473321968 -1.725762239168788
 1.172047519922565 -1.719503023321566
 1.145060972221841 -1.711333586634673
 1.117538229158086 -1.701167577870192
 1.089212735332279 -1.688867194606695
 1.060142439594019 -1.674412045021300
 1.030772379048267 -1.657864126344888
 1.001274798689947 -1.639191513025417
 0.9713915841902583 -1.618275255159733
 0.9410957142522087 -1.595092721937525
 0.9108439085522764 -1.569741603870318
 0.8809189019199399 -1.542254611365491
 0.8510733841979554 -1.512545401851924
 0.8211694689706623 -1.480593716149355
 0.7916375988548623 -1.446530749666008
 0.7628607072132703 -1.410456842859905
 0.7346019750443635 -1.372322196438688
 0.7065799458677603 -1.332100699561701
 0.6791550106434148 -1.289941632151684
 0.6528033045119329 -1.246004269076841
 0.6273035422675914 -1.200267146031606
 0.6021939699912379 -1.152675182384230
 0.5777178932946407 -1.103365647497341
 0.5544509648983900 -1.052537399143532
 0.5322061107178049 -1.000178631945394
 0.5102936980988630 -0.9461665260020435
 0.4887804317903133 -0.8905809613523703
 0.4683693320053793 -0.8336331997126576
 0.4489428727290056 -0.7752912758526309
 0.4294858737768137 -0.7152973462311341
 0.4097684593098680 -0.6535964295775171
 0.3906735730240632 -0.5903665979027557
 0.3721850351444375 -0.5254865707397067
 0.3526252373838030 -0.4583889145533735
 0.3310345654724030 -0.3886740038995846
 0.3084805537700990 -0.3163402492126126
 0.2847144503281384 -0.2408766528152866
 0.2548719465292569 -0.1606633898464436
 0.2132606091631961 -7.444594739826210E-02
 0.1614268988770046 1.624595621439529E-02
 5.821749315233728E-02 9.324657157269814E-02
 -5.432934236863380E-02 0.1230164124337930
 -0.1679277403271088 0.1004425282914490
 -0.2653597052165360 5.547668630306313E-02
 -0.3419188065439334 1.334551546253657E-02
 -0.4084697193507461 -2.491699693888132E-02
 -0.4746999942961568 -6.674474137208845E-02
 -0.5391554069678360 -0.1104830003023302
 -0.5976138339460139 -0.1499736181674507
 -0.6523919769450742 -0.1857812087135476
 -0.7082304065113733 -0.2226124404076199
 -0.7646720860639885 -0.2602980461895747
 -0.8183542866341917 -0.2948490240644545
 -0.8696838701942864 -0.3259475683061268
 -0.9218907157083951 -0.3568879129050457
 -0.9752336728849769 -0.3881885541215035
 -1.027067229715134 -0.4169205488081267
 -1.076938391706149 -0.4422196639278270
 -1.127200587619518 -0.4665156986511839
 -1.178549692961074 -0.4907593020388989
 -1.228906961507412 -0.5127645361153389
 -1.277329131898468 -0.5313426887604497
 -1.325526158140115 -0.5482995353135925
 -1.374466878968969 -0.5648788115105128
 -1.422556568253336 -0.5795028940583068
 -1.468561001222089 -0.5908053152492442
 -1.513671998117819 -0.6000950073395989
 -1.559030819817179 -0.6088118757387343
 -1.603483816031343 -0.6159103422322497
 -1.645643725776193 -0.6199475058704188
 -1.686270791565590 -0.6218075397639758
 -1.726610797009623 -0.6230432082468844
 -1.765925080714552 -0.6230815310520301
 -1.802778427862703 -0.6204729884861553
 -1.837565345299069 -0.6157174314597953
 -1.871581435621246 -0.6104006924286791
 -1.904477416467484 -0.6043662019551928
 -1.934849416821797 -0.5962075148310867
 -1.962776845717872 -0.5860648146147136
 -1.989553419479513 -0.5754810869544437
 -2.015184740941919 -0.5646616905774458
 -2.038355324242981 -0.5522833346743631
 -2.058872186632203 -0.5381482351063220
 -2.077977863100631 -0.5236883326625051
 -2.095982836154326 -0.5094185353861538
 -2.111696921533621 -0.4941352299226650
 -2.124710493126099 -0.4773309401974632
 -2.136179490986209 -0.4602688631883871
 -2.146609482879825 -0.4437132858008266
 -2.154944025421511 -0.4266103400319351
 -2.161024647750280 -0.4082468053102621
 -2.165205367887753 -0.3898975233784288
 -2.168244924579722 -0.3714809585147415
 -2.169393690380232 -0.3527487810364571
 -2.168518636296606 -0.3335435680740635
 -2.165878069150169 -0.3140471490750405
 -2.161575671164940 -0.2944888459025835
 -2.155357536271723 -0.2747928299681039
 -2.147000871599553 -0.2548005768675625
 -2.136627855004046 -0.2346626935832343
 -2.124413992913678 -0.2146716263486282
 -2.110213804174744 -0.1948380685099734
 -2.093775176673062 -0.1750005072866778
 -2.075157060041896 -0.1552714150347003
 -2.054588846486076 -0.1359850975088801
 -2.032023453109062 -0.1172327072160767
 -2.007208261813685 -9.885230161993785E-02
 -1.980154587188099 -8.090426180777621E-02
 -1.951138638961690 -6.374300260267440E-02
 -1.920218891292824 -4.753365532193254E-02
 -1.887163273379192 -3.211216135130535E-02
 -1.851938675715658 -1.746643496630962E-02
 -1.814858060605151 -3.943161753421465E-03
 -1.776091123506170 8.229157946185506E-03
 -1.735439434480074 1.922152972573843E-02
 -1.692816505354267 2.914323713390543E-02
 -1.648551175993531 3.768710363377670E-02
 -1.602921810464897 4.457166943429536E-02
 -1.555766871815332 4.997712616069960E-02
 -1.506923019153324 5.413416685473271E-02
 -1.456699728164216 5.680532375114922E-02
 -1.405473002500361 5.765788915665249E-02
 -1.353113610925002 5.687276952809739E-02
 -1.299342975252212 5.482231517389269E-02
 -1.244401627043073 5.136445193467709E-02
 -1.188749608540685 4.610007881695855E-02
 -1.132283158945970 3.918530404175630E-02
 -1.074551096777661 3.115595705629037E-02
 -1.015655952553067 2.199420987303730E-02
 -0.9561321943919483 1.119685998611236E-02
 -0.8958933765853216 -1.150294704977906E-03
 -0.8342086099841541 -1.429700414172141E-02
 -0.7709153414918631 -2.807168064320820E-02
 -0.7066092578416039 -4.314993987470722E-02
 -0.6411772371803668 -5.957840997364522E-02
 -0.5732890635082915 -7.618795631321651E-02
 -0.5021188439038485 -9.234734128006350E-02
 -0.4281989689426677 -0.1089818715321028
 -0.3509625256806678 -0.1261316204010590
 -0.2665745503297677 -0.1403938854831154
 -0.1711023862372901 -0.1474661314627529
 -6.664403864806433E-02 -0.1479227733888369
 5.164515322159334E-02 -9.704111380093140E-02
 0.1337000094344066 -1.445761555476897E-02
 0.1709496512842870 9.520842497765675E-02
 0.1807240722645010 0.2020699027067272
 0.1825169586891211 0.2894376147674237
 0.1826561073402819 0.3662036521038757
 0.1795473555508263 0.4444746249228331
 0.1738966185357744 0.5221637791730377
 0.1689259537425250 0.5925355709339777
 0.1653047421808231 0.6578786296163494
 0.1613271746642351 0.7246517439752289
 0.1569113224763636 0.7923744751910323
 0.1538303981962248 0.8561401135533198
 0.1525630606422692 0.9161421090028743
 0.1518713589748144 0.9768247357690018
 0.1514356871149102 1.038671412405137
 0.1524698282299729 1.097926586731869
 0.1554957328385527 1.153765837492188
 0.1595858475135805 1.209442193364834
 0.1642648237713224 1.266033624746083
 0.1703863663180705 1.320646915610626
 0.1785082993675473 1.371870821598216
 0.1879217526052744 1.422089093986920
 0.1980340386568096 1.472762639602690
 0.2094140563055621 1.521721573456950
 0.2226280889143146 1.567213791690057
 0.2371384780185967 1.610925907036978
 0.2522688593931793 1.654566233113921
 0.2683479051889641 1.696612890356479
 0.2859315737914998 1.735143025035863
 0.3046342700824775 1.771257113037482
 0.3237341525076393 1.806810416782273
 0.3433581058373032 1.840876746604903
 0.3640438435402796 1.871488410166752
 0.3855557354524355 1.899236985872817
 0.4071682116797630 1.926037414713691
 0.4288422241518163 1.951508924572197
 0.4510938546399779 1.973732504880730
 0.4738414051383641 1.992847017658928
 0.4963954690397150 2.010744346932683
 0.5185810018870117 2.027532024263193
 0.5408862642066978 2.041409160070876
 0.5633860507122547 2.052109734321871
 0.5854615317990588 2.061425784278108
 0.6068220252740820 2.069883649698888
 0.6279147987489082 2.075850794102851
 0.6489745263397262 2.078718732833304
 0.6694852174009678 2.080120137831570
 0.6890377639397234 2.080874987078928
 0.7080166207259742 2.079541439764505
 0.7269602194626057 2.075625645811201
 0.7449415238255130 2.070071614690450
 0.7624105151938948 2.063495665570094
 0.7792074396585437 2.055124437197192
 0.7954021149272539 2.044764011649890
 0.8109662254900154 2.032729003921166
 0.8257530138996673 2.019223866382537
 0.8397011966056608 2.003990795633614
 0.8528366633335340 1.986757585186336
 0.8650900735384551 1.967705347658586
 0.8762959145672029 1.947132299192704
 0.8863721851334397 1.924917796086926
 0.8953327033511028 1.900762746455473
 0.9031095401193394 1.874774438356272
 0.9095278742642432 1.847318684143558
 0.9144852239509852 1.818400285086273
 0.9179955264814154 1.787719496226637
 0.9200121475940898 1.755316306829081
 0.9203662599134336 1.721607128947566
 0.9189440926028881 1.686725168347352
 0.9157716891889439 1.650387416511041
 0.9108429614634602 1.612559156903836
 0.9040141520528859 1.573684765623740
 0.8951722215862419 1.534025453419306
 0.8843660502821303 1.493323872126185
 0.8716470363836163 1.451450479015449
 0.8569135771386801 1.408843646032230
 0.8400611032516389 1.365885173425607
 0.8211648967709803 1.322345070277985
 0.8003430732855750 1.277966532706964
 0.7775447175208124 1.233136308400530
 0.7526696979884393 1.188346379920183
 0.7258100686574219 1.143394376503503
 0.6971490052609857 1.097852867210331
 0.6666837337484434 1.052001195562657
 0.6342986436423055 1.006437320326566
 0.6000770482281753 0.9609933279036299
 0.5642573986788079 0.9150105689457442
 0.5268755207627633 0.8685867514793235
 0.4877628623865782 0.8224363397265353
 0.4469505038563246 0.7764415705575984
 0.4047227362073484 0.7295943503728446
 0.3611468821820026 0.6816681102207143
 0.3159356848175476 0.6335165377774516
 0.2689922020359358 0.5850649807133405
 0.2206638261244943 0.5345768708665783
 0.1710842784314508 0.4810213451796363
 0.1197184151725733 0.4253221207447036
 6.624807535253341E-02 0.3670082732163338
 1.170260380051453E-02 0.3010572753295473
 -4.215822292590304E-02 0.2219120788610033
 -9.478286022893828E-02 0.1316768171744300
 -0.1098626463739291 3.794542228221613E-03
 -7.937066706577171E-02 -0.1085587968790356
 -3.021910957177576E-03 -0.1956509532691172
 8.463563295203511E-02 -0.2575465890098017
 0.1594018478548120 -0.3027831302299716
 0.2258136120104634 -0.3412866551650056
 0.2951526387453293 -0.3777298835507557
 0.3652587884320598 -0.4116807788707185
 0.4286878802034867 -0.4425619527665378
 0.4870872347642483 -0.4720974209028122
 0.5469032318471350 -0.5020393035676192
 0.6077607635876212 -0.5320764290014672
 0.6645238884379627 -0.5612910894888750
 0.7171208095520125 -0.5901945406967567
 0.7700193567335754 -0.6199368228639651
 0.8237979857700609 -0.6504828582836414
 0.8745974014851545 -0.6810060379237501
 0.9214426588675899 -0.7115461735643684
 0.9676147401059300 -0.7429264947136576
 1.014284869189744 -0.7752743227071908
 1.058520595189333 -0.8078823794952941
 1.098820832530911 -0.8405281328377721
 1.137604405534832 -0.8737895586733329
 1.176432840312150 -0.9078838280921824
 1.213142511947764 -0.9422186793986471
 1.245932912307764 -0.9764084764408167
 1.276533520099211 -1.010830899697383
 1.306761960423988 -1.045754357375190
 1.335135910842367 -1.080702548124231
 1.359712151984682 -1.115195519165446
 1.381636521483101 -1.149449573273507
 1.402876644501972 -1.183767208535388
 1.422566974877236 -1.217795215552872
 1.438734584322412 -1.251015421680596
 1.452009609846621 -1.283519554413020
 1.464413223941471 -1.315636722285010
 1.475635192315656 -1.347142722617001
 1.483755562181807 -1.377524990049639
 1.488935440579495 -1.406782203044210
 1.493157950439786 -1.435263259978234
 1.496603739054895 -1.462870333685741
 1.497469060036272 -1.489125825396506
 1.495486135919937 -1.513961499215543
 1.492516331301561 -1.537737451615596
 1.489160810880234 -1.560465114312726
 1.483782122784703 -1.581715564180178
 1.475735966786363 -1.601387792635832
 1.466694273585232 -1.619851274643175
 1.457571718940093 -1.637161701278092
 1.446927404695528 -1.652931099732560
 1.434064428287667 -1.667378840500930
 1.420263844062233 -1.680174091312012
 1.405834409385820 -1.692014707055343
 1.390186250721682 -1.702375656160726
 1.373116521369346 -1.711220443575817
 1.354911843660148 -1.718681854846115
 1.335822657265268 -1.724735020479945
 1.315656339666057 -1.729197965665499
 1.294164208266015 -1.731957008318763
 1.271537781465587 -1.733042654075341
 1.248118078346472 -1.732460672844065
 1.223841619041302 -1.730079727576942
 1.198442473321958 -1.725762239168784
 1.172047519922555 -1.719503023321561
 1.145060972221832 -1.711333586634668
 1.117538229158076 -1.701167577870186
 1.089212735332270 -1.688867194606689
 1.060142439594011 -1.674412045021294
 1.030772379048259 -1.657864126344881
 1.001274798689939 -1.639191513025409
 0.9713915841902511 -1.618275255159725
 0.9410957142522020 -1.595092721937517
 0.9108439085522695 -1.569741603870308
 0.8809189019199339 -1.542254611365481
 0.8510733841979498 -1.512545401851913
 0.8211694689706572 -1.480593716149344
 0.7916375988548578 -1.446530749665997
 0.7628607072132663 -1.410456842859894
 0.7346019750443604 -1.372322196438676
 0.7065799458677579 -1.332100699561689
 0.6791550106434130 -1.289941632151671
 0.6528033045119319 -1.246004269076828
 0.6273035422675912 -1.200267146031594
 0.6021939699912380 -1.152675182384217
 0.5777178932946414 -1.103365647497328
 0.5544509648983912 -1.052537399143519
 0.5322061107178070 -1.000178631945382
 0.5102936980988659 -0.9461665260020303
 0.4887804317903167 -0.8905809613523572
 0.4683693320053834 -0.8336331997126447
 0.4489428727290103 -0.7752912758526185
 0.4294858737768191 -0.7152973462311216
 0.4097684593098737 -0.6535964295775051
 0.3906735730240695 -0.5903665979027439
 0.3721850351444442 -0.5254865707396954
 0.3526252373838102 -0.4583889145533625
 0.3310345654724106 -0.3886740038995742
 0.3084805537701070 -0.3163402492126027
 0.2847144503281465 -0.2408766528152772
 0.2548719465292651 -0.1606633898464346
 0.2132606091632047 -7.444594739825366E-02
 0.1614268988770137 1.624595621440283E-02
 5.821749315234661E-02 9.324657157270529E-02
 -5.432934236862431E-02 0.1230164124337997
 -0.1679277403270991 0.1004425282914552
 -0.2653597052165262 5.547668630306891E-02
 -0.3419188065439235 1.334551546254188E-02
 -0.4084697193507361 -2.491699693887647E-02
 -0.4746999942961466 -6.674474137208404E-02
 -0.5391554069678256 -0.1104830003023264
 -0.5976138339460034 -0.1499736181674473
 -0.6523919769450637 -0.1857812087135448
 -0.7082304065113628 -0.2226124404076176
 -0.7646720860639782 -0.2602980461895731
 -0.8183542866341813 -0.2948490240644533
 -0.8696838701942761 -0.3259475683061262
 -0.9218907157083845 -0.3568879129050459
 -0.9752336728849668 -0.3881885541215043
 -1.027067229715124 -0.4169205488081281
 -1.076938391706139 -0.4422196639278292
 -1.127200587619508 -0.4665156986511866
 -1.178549692961064 -0.4907593020389022
 -1.228906961507402 -0.5127645361153430
 -1.277329131898458 -0.5313426887604542
 -1.325526158140106 -0.5482995353135978
 -1.374466878968961 -0.5648788115105187
 -1.422556568253327 -0.5795028940583133
 -1.468561001222080 -0.5908053152492513
 -1.513671998117810 -0.6000950073396066
 -1.559030819817171 -0.6088118757387427
 -1.603483816031335 -0.6159103422322587
 -1.645643725776186 -0.6199475058704282
 -1.686270791565583 -0.6218075397639858
 -1.726610797009617 -0.6230432082468951
 -1.765925080714546 -0.6230815310520410
 -1.802778427862699 -0.6204729884861665
 -1.837565345299065 -0.6157174314598071
 -1.871581435621243 -0.6104006924286912
 -1.904477416467481 -0.6043662019552053
 -1.934849416821795 -0.5962075148310993
 -1.962776845717870 -0.5860648146147265
 -1.989553419479512 -0.5754810869544567
 -2.015184740941918 -0.5646616905774586
 -2.038355324242981 -0.5522833346743762
 -2.058872186632203 -0.5381482351063351
 -2.077977863100631 -0.5236883326625182
 -2.095982836154329 -0.5094185353861667
 -2.111696921533623 -0.4941352299226778
 -2.124710493126102 -0.4773309401974757
 -2.136179490986212 -0.4602688631883993
 -2.146609482879830 -0.4437132858008387
 -2.154944025421515 -0.4266103400319469
 -2.161024647750284 -0.4082468053102734
 -2.165205367887758 -0.3898975233784399
 -2.168244924579727 -0.3714809585147523
 -2.169393690380237 -0.3527487810364673
 -2.168518636296611 -0.3335435680740734
 -2.165878069150175 -0.3140471490750503
 -2.161575671164946 -0.2944888459025923
 -2.155357536271729 -0.2747928299681132
 -2.147000871599560 -0.2548005768675708
 -2.136627855004053 -0.2346626935832424
 -2.124413992913685 -0.2146716263486361
 -2.110213804174752 -0.1948380685099809
 -2.093775176673070 -0.1750005072866845
 -2.075157060041904 -0.1552714150347064
 -2.054588846486085 -0.1359850975088859
 -2.032023453109071 -0.1172327072160820
 -2.007208261813695 -9.885230161994263E-02
 -1.980154587188109 -8.090426180778021E-02
 -1.951138638961700 -6.374300260267807E-02
 -1.920218891292835 -4.753365532193543E-02
 -1.887163273379202 -3.211216135130779E-02
 -1.851938675715669 -1.746643496631128E-02
 -1.814858060605162 -3.943161753422686E-03
 -1.776091123506182 8.229157946185173E-03
 -1.735439434480086 1.922152972573854E-02
 -1.692816505354279 2.914323713390632E-02
 -1.648551175993542 3.768710363377836E-02
 -1.602921810464909 4.457166943429780E-02
 -1.555766871815344 4.997712616070260E-02
 -1.506923019153335 5.413416685473638E-02
 -1.456699728164227 5.680532375115388E-02
 -1.405473002500372 5.765788915665804E-02
 -1.353113610925013 5.687276952810350E-02
 -1.299342975252224 5.482231517389924E-02
 -1.244401627043084 5.136445193468409E-02
 -1.188749608540695 4.610007881696632E-02
 -1.132283158945980 3.918530404176462E-02
 -1.074551096777671 3.115595705629942E-02
 -1.015655952553077 2.199420987304673E-02
 -0.9561321943919575 1.119685998612230E-02
 -0.8958933765853302 -1.150294704967469E-03
 -0.8342086099841621 -1.429700414171059E-02
 -0.7709153414918706 -2.807168064319721E-02
 -0.7066092578416109 -4.314993987469601E-02
 -0.6411772371803732 -5.957840997363367E-02
 -0.5732890635082973 -7.618795631320485E-02
 -0.5021188439038538 -9.234734128005168E-02
 -0.4281989689426723 -0.1089818715320910
 -0.3509625256806718 -0.1261316204010472
 -0.2665745503297715 -0.1403938854831038
 -0.1711023862372931 -0.1474661314627412
 -6.664403864806631E-02 -0.1479227733888253
 5.164515322159181E-02 -9.704111380091976E-02
 0.1337000094344055 -1.445761555475740E-02
 0.1709496512842864 9.520842497766827E-02
 0.1807240722645009 0.2020699027067386
 0.1825169586891214 0.2894376147674350
 0.1826561073402827 0.3662036521038868
 0.1795473555508276 0.4444746249228441
 0.1738966185357763 0.5221637791730487
 0.1689259537425272 0.5925355709339885
 0.1653047421808259 0.6578786296163599
 0.1613271746642383 0.7246517439752391
 0.1569113224763673 0.7923744751910420
 0.1538303981962291 0.8561401135533293
 0.1525630606422739 0.9161421090028835
 0.1518713589748197 0.9768247357690109
 0.1514356871149160 1.038671412405145
 0.1524698282299792 1.097926586731877
 0.1554957328385596 1.153765837492196
 0.1595858475135880 1.209442193364841
 0.1642648237713303 1.266033624746090
 0.1703863663180790 1.320646915610633
 0.1785082993675561 1.371870821598222
 0.1879217526052837 1.422089093986926
 0.1980340386568191 1.472762639602695
 0.2094140563055721 1.521721573456954
 0.2226280889143251 1.567213791690061
 0.2371384780186077 1.610925907036981
 0.2522688593931905 1.654566233113924
 0.2683479051889756 1.696612890356481
 0.2859315737915115 1.735143025035865
 0.3046342700824894 1.771257113037483
 0.3237341525076514 1.806810416782272
 0.3433581058373153 1.840876746604902
 0.3640438435402916 1.871488410166751
 0.3855557354524479 1.899236985872815
 0.4071682116797755 1.926037414713689
 0.4288422241518288 1.951508924572194
 0.4510938546399901 1.973732504880726
 0.4738414051383762 1.992847017658923
 0.4963954690397270 2.010744346932678
 0.5185810018870232 2.027532024263187
 0.5408862642067089 2.041409160070870
 0.5633860507122660 2.052109734321864
 0.5854615317990699 2.061425784278101
 0.6068220252740921 2.069883649698880
 0.6279147987489182 2.075850794102843
 0.6489745263397360 2.078718732833295
 0.6694852174009770 2.080120137831562
 0.6890377639397317 2.080874987078919
 0.7080166207259821 2.079541439764495
 0.7269602194626135 2.075625645811192
 0.7449415238255205 2.070071614690440
 0.7624105151939019 2.063495665570084
 0.7792074396585499 2.055124437197183
 0.7954021149272599 2.044764011649880
 0.8109662254900207 2.032729003921156
 0.8257530138996720 2.019223866382528
 0.8397011966056656 2.003990795633603
 0.8528366633335379 1.986757585186326
 0.8650900735384588 1.967705347658576
 0.8762959145672059 1.947132299192693
 0.8863721851334421 1.924917796086915
 0.8953327033511045 1.900762746455462
 0.9031095401193405 1.874774438356262
 0.9095278742642438 1.847318684143548
 0.9144852239509851 1.818400285086263
 0.9179955264814146 1.787719496226627
 0.9200121475940884 1.755316306829070
 0.9203662599134317 1.721607128947555
 0.9189440926028853 1.686725168347342
 0.9157716891889407 1.650387416511030
 0.9108429614634563 1.612559156903826
 0.9040141520528814 1.573684765623730
 0.8951722215862365 1.534025453419296
 0.8843660502821244 1.493323872126175
 0.8716470363836097 1.451450479015439
 0.8569135771386728 1.408843646032220
 0.8400611032516309 1.365885173425598
 0.8211648967709718 1.322345070277976
 0.8003430732855661 1.277966532706956
 0.7775447175208026 1.233136308400522
 0.7526696979884289 1.188346379920176
 0.7258100686574110 1.143394376503496
 0.6971490052609743 1.097852867210325
 0.6666837337484318 1.052001195562651
 0.6342986436422933 1.006437320326560
 0.6000770482281630 0.9609933279036252
 0.5642573986787950 0.9150105689457400
 0.5268755207627503 0.8685867514793199
 0.4877628623865650 0.8224363397265323
 0.4469505038563113 0.7764415705575963
 0.4047227362073350 0.7295943503728430
 0.3611468821819894 0.6816681102207133
 0.3159356848175344 0.6335165377774512
 0.2689922020359225 0.5850649807133406
 0.2206638261244812 0.5345768708665790
 0.1710842784314379 0.4810213451796377
 0.1197184151725607 0.4253221207447055
 6.624807535252125E-02 0.3670082732163362
 1.170260380050261E-02 0.3010572753295500
 -4.215822292591467E-02 0.2219120788610066
 -9.478286022894937E-02 0.1316768171744341
   
   
 #BODY NUMBER  3
 -0.4082468053102621 2.161024647750280
 -0.3898975233784288 2.165205367887753
 -0.3714809585147415 2.168244924579722
 -0.3527487810364571 2.169393690380232
 -0.3335435680740635 2.168518636296606
 -0.3140471490750405 2.165878069150169
 -0.2944888459025835 2.161575671164940
 -0.2747928299681039 2.155357536271723
 -0.2548005768675625 2.147000871599553
 -0.2346626935832343 2.136627855004046
 -0.2146716263486282 2.124413992913678
 -0.1948380685099734 2.110213804174744
 -0.1750005072866778 2.093775176673062
 -0.1552714150347003 2.075157060041896
 -0.1359850975088801 2.054588846486076
 -0.1172327072160767 2.032023453109062
 -9.885230161993785E-02 2.007208261813685
 -8.090426180777621E-02 1.980154587188099
 -6.374300260267440E-02 1.951138638961690
 -4.753365532193254E-02 1.920218891292824
 -3.211216135130535E-02 1.887163273379192
 -1.746643496630962E-02 1.851938675715658
 -3.943161753421465E-03 1.814858060605151
 8.229157946185506E-03 1.776091123506170
 1.922152972573843E-02 1.735439434480074
 2.914323713390543E-02 1.692816505354267
 3.768710363377670E-02 1.648551175993531
 4.457166943429536E-02 1.602921810464897
 4.997712616069960E-02 1.555766871815332
 5.413416685473271E-02 1.506923019153324
 5.680532375114922E-02 1.456699728164216
 5.765788915665249E-02 1.405473002500361
 5.687276952809739E-02 1.353113610925002
 5.482231517389269E-02 1.299342975252212
 5.136445193467709E-02 1.244401627043073
 4.610007881695855E-02 1.188749608540685
 3.918530404175630E-02 1.132283158945970
 3.115595705629037E-02 1.074551096777661
 2.199420987303730E-02 1.015655952553067
 1.119685998611236E-02 0.9561321943919483
 -1.150294704977906E-03 0.8958933765853216
 -1.429700414172141E-02 0.8342086099841541
 -2.807168064320820E-02 0.7709153414918631
 -4.314993987470722E-02 0.7066092578416039
 -5.957840997364522E-02 0.6411772371803668
 -7.618795631321651E-02 0.5732890635082915
 -9.234734128006350E-02 0.5021188439038485
 -0.1089818715321028 0.4281989689426677
 -0.1261316204010590 0.3509625256806678
 -0.1403938854831154 0.2665745503297677
 -0.1474661314627529 0.1711023862372901
 -0.1479227733888369 6.664403864806433E-02
 -9.704111380093140E-02 -5.164515322159334E-02
 -1.445761555476897E-02 -0.1337000094344066
 9.520842497765675E-02 -0.1709496512842870
 0.2020699027067272 -0.1807240722645010
 0.2894376147674237 -0.1825169586891211
 0.3662036521038757 -0.1826561073402819
 0.4444746249228331 -0.1795473555508263
 0.5221637791730377 -0.1738966185357744
 0.5925355709339777 -0.1689259537425250
 0.6578786296163494 -0.1653047421808231
 0.7246517439752289 -0.1613271746642351
 0.7923744751910323 -0.1569113224763636
 0.8561401135533198 -0.1538303981962248
 0.9161421090028743 -0.1525630606422692
 0.9768247357690018 -0.1518713589748144
 1.038671412405137 -0.1514356871149102
 1.097926586731869 -0.1524698282299729
 1.153765837492188 -0.1554957328385527
 1.209442193364834 -0.1595858475135805
 1.266033624746083 -0.1642648237713224
 1.320646915610626 -0.1703863663180705
 1.371870821598216 -0.1785082993675473
 1.422089093986920 -0.1879217526052744
 1.472762639602690 -0.1980340386568096
 1.521721573456950 -0.2094140563055621
 1.567213791690057 -0.2226280889143146
 1.610925907036978 -0.2371384780185967
 1.654566233113921 -0.2522688593931793
 1.696612890356479 -0.2683479051889641
 1.735143025035863 -0.2859315737914998
 1.771257113037482 -0.3046342700824775
 1.806810416782273 -0.3237341525076393
 1.840876746604903 -0.3433581058373032
 1.871488410166752 -0.3640438435402796
 1.899236985872817 -0.3855557354524355
 1.926037414713691 -0.4071682116797630
 1.951508924572197 -0.4288422241518163
 1.973732504880730 -0.4510938546399779
 1.992847017658928 -0.4738414051383641
 2.010744346932683 -0.4963954690397150
 2.027532024263193 -0.5185810018870117
 2.041409160070876 -0.5408862642066978
 2.052109734321871 -0.5633860507122547
 2.061425784278108 -0.5854615317990588
 2.069883649698888 -0.6068220252740820
 2.075850794102851 -0.6279147987489082
 2.078718732833304 -0.6489745263397262
 2.080120137831570 -0.6694852174009678
 2.080874987078928 -0.6890377639397234
 2.079541439764505 -0.7080166207259742
 2.075625645811201 -0.7269602194626057
 2.070071614690450 -0.7449415238255130
 2.063495665570094 -0.7624105151938948
 2.055124437197192 -0.7792074396585437
 2.044764011649890 -0.7954021149272539
 2.032729003921166 -0.8109662254900154
 2.019223866382537 -0.8257530138996673
 2.003990795633614 -0.8397011966056608
 1.986757585186336 -0.8528366633335340
 1.967705347658586 -0.8650900735384551
 1.947132299192704 -0.8762959145672029
 1.924917796086926 -0.8863721851334397
 1.900762746455473 -0.8953327033511028
 1.874774438356272 -0.9031095401193394
 1.847318684143558 -0.9095278742642432
 1.818400285086273 -0.9144852239509852
 1.787719496226637 -0.9179955264814154
 1.755316306829081 -0.9200121475940898
 1.721607128947566 -0.9203662599134336
 1.686725168347352 -0.9189440926028881
 1.650387416511041 -0.9157716891889439
 1.612559156903836 -0.9108429614634602
 1.573684765623740 -0.9040141520528859
 1.534025453419306 -0.8951722215862419
 1.493323872126185 -0.8843660502821303
 1.451450479015449 -0.8716470363836163
 1.408843646032230 -0.8569135771386801
 1.365885173425607 -0.8400611032516389
 1.322345070277985 -0.8211648967709803
 1.277966532706964 -0.8003430732855750
 1.233136308400530 -0.7775447175208124
 1.188346379920183 -0.7526696979884393
 1.143394376503503 -0.7258100686574219
 1.097852867210331 -0.6971490052609857
 1.052001195562657 -0.6666837337484434
 1.006437320326566 -0.6342986436423055
 0.9609933279036299 -0.6000770482281753
 0.9150105689457442 -0.5642573986788079
 0.8685867514793235 -0.5268755207627633
 0.8224363397265353 -0.4877628623865782
 0.7764415705575984 -0.4469505038563246
 0.7295943503728446 -0.4047227362073484
 0.6816681102207143 -0.3611468821820026
 0.6335165377774516 -0.3159356848175476
 0.5850649807133405 -0.2689922020359358
 0.5345768708665783 -0.2206638261244943
 0.4810213451796363 -0.1710842784314508
 0.4253221207447036 -0.1197184151725733
 0.3670082732163338 -6.624807535253341E-02
 0.3010572753295473 -1.170260380051453E-02
 0.2219120788610033 4.215822292590304E-02
 0.1316768171744300 9.478286022893828E-02
 3.794542228221613E-03 0.1098626463739291
 -0.1085587968790356 7.937066706577171E-02
 -0.1956509532691172 3.021910957177576E-03
 -0.2575465890098017 -8.463563295203511E-02
 -0.3027831302299716 -0.1594018478548120
 -0.3412866551650056 -0.2258136120104634
 -0.3777298835507557 -0.2951526387453293
 -0.4116807788707185 -0.3652587884320598
 -0.4425619527665378 -0.4286878802034867
 -0.4720974209028122 -0.4870872347642483
 -0.5020393035676192 -0.5469032318471350
 -0.5320764290014672 -0.6077607635876212
 -0.5612910894888750 -0.6645238884379627
 -0.5901945406967567 -0.7171208095520125
 -0.6199368228639651 -0.7700193567335754
 -0.6504828582836414 -0.8237979857700609
 -0.6810060379237501 -0.8745974014851545
 -0.7115461735643684 -0.9214426588675899
 -0.7429264947136576 -0.9676147401059300
 -0.7752743227071908 -1.014284869189744
 -0.8078823794952941 -1.058520595189333
 -0.8405281328377721 -1.098820832530911
 -0.8737895586733329 -1.137604405534832
 -0.9078838280921824 -1.176432840312150
 -0.9422186793986471 -1.213142511947764
 -0.9764084764408167 -1.245932912307764
 -1.010830899697383 -1.276533520099211
 -1.045754357375190 -1.306761960423988
 -1.080702548124231 -1.335135910842367
 -1.115195519165446 -1.359712151984682
 -1.149449573273507 -1.381636521483101
 -1.183767208535388 -1.402876644501972
 -1.217795215552872 -1.422566974877236
 -1.251015421680596 -1.438734584322412
 -1.283519554413020 -1.452009609846621
 -1.315636722285010 -1.464413223941471
 -1.347142722617001 -1.475635192315656
 -1.377524990049639 -1.483755562181807
 -1.406782203044210 -1.488935440579495
 -1.435263259978234 -1.493157950439786
 -1.462870333685741 -1.496603739054895
 -1.489125825396506 -1.497469060036272
 -1.513961499215543 -1.495486135919937
 -1.537737451615596 -1.492516331301561
 -1.560465114312726 -1.489160810880234
 -1.581715564180178 -1.483782122784703
 -1.601387792635832 -1.475735966786363
 -1.619851274643175 -1.466694273585232
 -1.637161701278092 -1.457571718940093
 -1.652931099732560 -1.446927404695528
 -1.667378840500930 -1.434064428287667
 -1.680174091312012 -1.420263844062233
 -1.692014707055343 -1.405834409385820
 -1.702375656160726 -1.390186250721682
 -1.711220443575817 -1.373116521369346
 -1.718681854846115 -1.354911843660148
 -1.724735020479945 -1.335822657265268
 -1.729197965665499 -1.315656339666057
 -1.731957008318763 -1.294164208266015
 -1.733042654075341 -1.271537781465587
 -1.732460672844065 -1.248118078346472
 -1.730079727576942 -1.223841619041302
 -1.725762239168784 -1.198442473321958
 -1.719503023321561 -1.172047519922555
 -1.711333586634668 -1.145060972221832
 -1.701167577870186 -1.117538229158076
 -1.688867194606689 -1.089212735332270
 -1.674412045021294 -1.060142439594011
 -1.657864126344881 -1.030772379048259
 -1.639191513025409 -1.001274798689939
 -1.618275255159725 -0.9713915841902511
 -1.595092721937517 -0.9410957142522020
 -1.569741603870308 -0.9108439085522695
 -1.542254611365481 -0.8809189019199339
 -1.512545401851913 -0.8510733841979498
 -1.480593716149344 -0.8211694689706572
 -1.446530749665997 -0.7916375988548578
 -1.410456842859894 -0.7628607072132663
 -1.372322196438676 -0.7346019750443604
 -1.332100699561689 -0.7065799458677579
 -1.289941632151671 -0.6791550106434130
 -1.246004269076828 -0.6528033045119319
 -1.200267146031594 -0.6273035422675912
 -1.152675182384217 -0.6021939699912380
 -1.103365647497328 -0.5777178932946414
 -1.052537399143519 -0.5544509648983912
 -1.000178631945382 -0.5322061107178070
 -0.9461665260020303 -0.5102936980988659
 -0.8905809613523572 -0.4887804317903167
 -0.8336331997126447 -0.4683693320053834
 -0.7752912758526185 -0.4489428727290103
 -0.7152973462311216 -0.4294858737768191
 -0.6535964295775051 -0.4097684593098737
 -0.5903665979027439 -0.3906735730240695
 -0.5254865707396954 -0.3721850351444442
 -0.4583889145533625 -0.3526252373838102
 -0.3886740038995742 -0.3310345654724106
 -0.3163402492126027 -0.3084805537701070
 -0.2408766528152772 -0.2847144503281465
 -0.1606633898464346 -0.2548719465292651
 -7.444594739825366E-02 -0.2132606091632047
 1.624595621440283E-02 -0.1614268988770137
 9.324657157270529E-02 -5.821749315234661E-02
 0.1230164124337997 5.432934236862431E-02
 0.1004425282914552 0.1679277403270991
 5.547668630306891E-02 0.2653597052165262
 1.334551546254188E-02 0.3419188065439235
 -2.491699693887647E-02 0.4084697193507361
 -6.674474137208404E-02 0.4746999942961466
 -0.1104830003023264 0.5391554069678256
 -0.1499736181674473 0.5976138339460034
 -0.1857812087135448 0.6523919769450637
 -0.2226124404076176 0.7082304065113628
 -0.2602980461895731 0.7646720860639782
 -0.2948490240644533 0.8183542866341813
 -0.3259475683061262 0.8696838701942761
 -0.3568879129050459 0.9218907157083845
 -0.3881885541215043 0.9752336728849668
 -0.4169205488081281 1.027067229715124
 -0.4422196639278292 1.076938391706139
 -0.4665156986511866 1.127200587619508
 -0.4907593020389022 1.178549692961064
 -0.5127645361153430 1.228906961507402
 -0.5313426887604542 1.277329131898458
 -0.5482995353135978 1.325526158140106
 -0.5648788115105187 1.374466878968961
 -0.5795028940583133 1.422556568253327
 -0.5908053152492513 1.468561001222080
 -0.6000950073396066 1.513671998117810
 -0.6088118757387427 1.559030819817171
 -0.6159103422322587 1.603483816031335
 -0.6199475058704282 1.645643725776186
 -0.6218075397639858 1.686270791565583
 -0.6230432082468951 1.726610797009617
 -0.6230815310520410 1.765925080714546
 -0.6204729884861665 1.802778427862699
 -0.6157174314598071 1.837565345299065
 -0.6104006924286912 1.871581435621243
 -0.6043662019552053 1.904477416467481
 -0.5962075148310993 1.934849416821795
 -0.5860648146147265 1.962776845717870
 -0.5754810869544567 1.989553419479512
 -0.5646616905774586 2.015184740941918
 -0.5522833346743762 2.038355324242981
 -0.5381482351063351 2.058872186632203
 -0.5236883326625182 2.077977863100631
 -0.5094185353861667 2.095982836154329
 -0.4941352299226778 2.111696921533623
 -0.4773309401974757 2.124710493126102
 -0.4602688631883993 2.136179490986212
 -0.4437132858008387 2.146609482879830
 -0.4266103400319469 2.154944025421515
 -0.4082468053102734 2.161024647750284
 -0.3898975233784399 2.165205367887758
 -0.3714809585147523 2.168244924579727
 -0.3527487810364673 2.169393690380237
 -0.3335435680740734 2.168518636296611
 -0.3140471490750503 2.165878069150175
 -0.2944888459025923 2.161575671164946
 -0.2747928299681132 2.155357536271729
 -0.2548005768675708 2.147000871599560
 -0.2346626935832424 2.136627855004053
 -0.2146716263486361 2.124413992913685
 -0.1948380685099809 2.110213804174752
 -0.1750005072866845 2.093775176673070
 -0.1552714150347064 2.075157060041904
 -0.1359850975088859 2.054588846486085
 -0.1172327072160820 2.032023453109071
 -9.885230161994263E-02 2.007208261813695
 -8.090426180778021E-02 1.980154587188109
 -6.374300260267807E-02 1.951138638961700
 -4.753365532193543E-02 1.920218891292835
 -3.211216135130779E-02 1.887163273379202
 -1.746643496631128E-02 1.851938675715669
 -3.943161753422686E-03 1.814858060605162
 8.229157946185173E-03 1.776091123506182
 1.922152972573854E-02 1.735439434480086
 2.914323713390632E-02 1.692816505354279
 3.768710363377836E-02 1.648551175993542
 4.457166943429780E-02 1.602921810464909
 4.997712616070260E-02 1.555766871815344
 5.413416685473638E-02 1.506923019153335
 5.680532375115388E-02 1.456699728164227
 5.765788915665804E-02 1.405473002500372
 5.687276952810350E-02 1.353113610925013
 5.482231517389924E-02 1.299342975252224
 5.136445193468409E-02 1.244401627043084
 4.610007881696632E-02 1.188749608540695
 3.918530404176462E-02 1.132283158945980
 3.115595705629942E-02 1.074551096777671
 2.199420987304673E-02 1.015655952553077
 1.119685998612230E-02 0.9561321943919575
 -1.150294704967469E-03 0.8958933765853302
 -1.429700414171059E-02 0.8342086099841621
 -2.807168064319721E-02 0.7709153414918706
 -4.314993987469601E-02 0.7066092578416109
 -5.957840997363367E-02 0.6411772371803732
 -7.618795631320485E-02 0.5732890635082973
 -9.234734128005168E-02 0.5021188439038538
 -0.1089818715320910 0.4281989689426723
 -0.1261316204010472 0.3509625256806718
 -0.1403938854831038 0.2665745503297715
 -0.1474661314627412 0.1711023862372931
 -0.1479227733888253 6.664403864806631E-02
 -9.704111380091976E-02 -5.164515322159181E-02
 -1.445761555475740E-02 -0.1337000094344055
 9.520842497766827E-02 -0.1709496512842864
 0.2020699027067386 -0.1807240722645009
 0.2894376147674350 -0.1825169586891214
 0.3662036521038868 -0.1826561073402827
 0.4444746249228441 -0.1795473555508276
 0.5221637791730487 -0.1738966185357763
 0.5925355709339885 -0.1689259537425272
 0.6578786296163599 -0.1653047421808259
 0.7246517439752391 -0.1613271746642383
 0.7923744751910420 -0.1569113224763673
 0.8561401135533293 -0.1538303981962291
 0.9161421090028835 -0.1525630606422739
 0.9768247357690109 -0.1518713589748197
 1.038671412405145 -0.1514356871149160
 1.097926586731877 -0.1524698282299792
 1.153765837492196 -0.1554957328385596
 1.209442193364841 -0.1595858475135880
 1.266033624746090 -0.1642648237713303
 1.320646915610633 -0.1703863663180790
 1.371870821598222 -0.1785082993675561
 1.422089093986926 -0.1879217526052837
 1.472762639602695 -0.1980340386568191
 1.521721573456954 -0.2094140563055721
 1.567213791690061 -0.2226280889143251
 1.610925907036981 -0.2371384780186077
 1.654566233113924 -0.2522688593931905
 1.696612890356481 -0.2683479051889756
 1.735143025035865 -0.2859315737915115
 1.771257113037483 -0.3046342700824894
 1.806810416782272 -0.3237341525076514
 1.840876746604902 -0.3433581058373153
 1.871488410166751 -0.3640438435402916
 1.899236985872815 -0.3855557354524479
 1.926037414713689 -0.4071682116797755
 1.951508924572194 -0.4288422241518288
 1.973732504880726 -0.4510938546399901
 1.992847017658923 -0.4738414051383762
 2.010744346932678 -0.4963954690397270
 2.027532024263187 -0.5185810018870232
 2.041409160070870 -0.5408862642067089
 2.052109734321864 -0.5633860507122660
 2.061425784278101 -0.5854615317990699
 2.069883649698880 -0.6068220252740921
 2.075850794102843 -0.6279147987489182
 2.078718732833295 -0.6489745263397360
 2.080120137831562 -0.6694852174009770
 2.080874987078919 -0.6890377639397317
 2.079541439764495 -0.7080166207259821
 2.075625645811192 -0.7269602194626135
 2.070071614690440 -0.7449415238255205
 2.063495665570084 -0.7624105151939019
 2.055124437197183 -0.7792074396585499
 2.044764011649880 -0.7954021149272599
 2.032729003921156 -0.8109662254900207
 2.019223866382528 -0.8257530138996720
 2.003990795633603 -0.8397011966056656
 1.986757585186326 -0.8528366633335379
 1.967705347658576 -0.8650900735384588
 1.947132299192693 -0.8762959145672059
 1.924917796086915 -0.8863721851334421
 1.900762746455462 -0.8953327033511045
 1.874774438356262 -0.9031095401193405
 1.847318684143548 -0.9095278742642438
 1.818400285086263 -0.9144852239509851
 1.787719496226627 -0.9179955264814146
 1.755316306829070 -0.9200121475940884
 1.721607128947555 -0.9203662599134317
 1.686725168347342 -0.9189440926028853
 1.650387416511030 -0.9157716891889407
 1.612559156903826 -0.9108429614634563
 1.573684765623730 -0.9040141520528814
 1.534025453419296 -0.8951722215862365
 1.493323872126175 -0.8843660502821244
 1.451450479015439 -0.8716470363836097
 1.408843646032220 -0.8569135771386728
 1.365885173425598 -0.8400611032516309
 1.322345070277976 -0.8211648967709718
 1.277966532706956 -0.8003430732855661
 1.233136308400522 -0.7775447175208026
 1.188346379920176 -0.7526696979884289
 1.143394376503496 -0.7258100686574110
 1.097852867210325 -0.6971490052609743
 1.052001195562651 -0.6666837337484318
 1.006437320326560 -0.6342986436422933
 0.9609933279036252 -0.6000770482281630
 0.9150105689457400 -0.5642573986787950
 0.8685867514793199 -0.5268755207627503
 0.8224363397265323 -0.4877628623865650
 0.7764415705575963 -0.4469505038563113
 0.7295943503728430 -0.4047227362073350
 0.6816681102207133 -0.3611468821819894
 0.6335165377774512 -0.3159356848175344
 0.5850649807133406 -0.2689922020359225
 0.5345768708665790 -0.2206638261244812
 0.4810213451796377 -0.1710842784314379
 0.4253221207447055 -0.1197184151725607
 0.3670082732163362 -6.624807535252125E-02
 0.3010572753295500 -1.170260380050261E-02
 0.2219120788610066 4.215822292591467E-02
 0.1316768171744341 9.478286022894937E-02
 3.794542228226117E-03 0.1098626463739400
 -0.1085587968790307 7.937066706578225E-02
 -0.1956509532691120 3.021910957187832E-03
 -0.2575465890097962 -8.463563295202520E-02
 -0.3027831302299657 -0.1594018478548025
 -0.3412866551649992 -0.2258136120104541
 -0.3777298835507490 -0.2951526387453203
 -0.4116807788707113 -0.3652587884320512
 -0.4425619527665304 -0.4286878802034785
 -0.4720974209028045 -0.4870872347642405
 -0.5020393035676112 -0.5469032318471277
 -0.5320764290014591 -0.6077607635876147
 -0.5612910894888663 -0.6645238884379565
 -0.5901945406967481 -0.7171208095520069
 -0.6199368228639558 -0.7700193567335702
 -0.6504828582836324 -0.8237979857700566
 -0.6810060379237406 -0.8745974014851506
 -0.7115461735643587 -0.9214426588675868
 -0.7429264947136474 -0.9676147401059272
 -0.7752743227071804 -1.014284869189741
 -0.8078823794952834 -1.058520595189331
 -0.8405281328377613 -1.098820832530911
 -0.8737895586733219 -1.137604405534832
 -0.9078838280921719 -1.176432840312151
 -0.9422186793986362 -1.213142511947765
 -0.9764084764408056 -1.245932912307765
 -1.010830899697371 -1.276533520099214
 -1.045754357375178 -1.306761960423992
 -1.080702548124220 -1.335135910842371
 -1.115195519165435 -1.359712151984686
 -1.149449573273496 -1.381636521483106
 -1.183767208535377 -1.402876644501978
 -1.217795215552862 -1.422566974877243
 -1.251015421680586 -1.438734584322419
 -1.283519554413010 -1.452009609846629
 -1.315636722285000 -1.464413223941480
 -1.347142722616992 -1.475635192315665
 -1.377524990049631 -1.483755562181817
 -1.406782203044202 -1.488935440579505
 -1.435263259978226 -1.493157950439797
 -1.462870333685735 -1.496603739054907
 -1.489125825396500 -1.497469060036284
 -1.513961499215536 -1.495486135919948
 -1.537737451615590 -1.492516331301572
 -1.560465114312722 -1.489160810880247
 -1.581715564180173 -1.483782122784715
 -1.601387792635828 -1.475735966786375
 -1.619851274643171 -1.466694273585244
 -1.637161701278090 -1.457571718940106
 -1.652931099732558 -1.446927404695541
 -1.667378840500928 -1.434064428287678
 -1.680174091312010 -1.420263844062245
 -1.692014707055342 -1.405834409385832
 -1.702375656160725 -1.390186250721694
 -1.711220443575816 -1.373116521369357
 -1.718681854846116 -1.354911843660159
 -1.724735020479945 -1.335822657265279
 -1.729197965665501 -1.315656339666068
 -1.731957008318765 -1.294164208266026
 -1.733042654075343 -1.271537781465598
 -1.732460672844068 -1.248118078346482
 -1.730079727576946 -1.223841619041312
 -1.725762239168788 -1.198442473321968
 -1.719503023321566 -1.172047519922565
 -1.711333586634673 -1.145060972221841
 -1.701167577870192 -1.117538229158086
 -1.688867194606695 -1.089212735332279
 -1.674412045021300 -1.060142439594019
 -1.657864126344888 -1.030772379048267
 -1.639191513025417 -1.001274798689947
 -1.618275255159733 -0.9713915841902583
 -1.595092721937525 -0.9410957142522087
 -1.569741603870318 -0.9108439085522764
 -1.542254611365491 -0.8809189019199399
 -1.512545401851924 -0.8510733841979554
 -1.480593716149355 -0.8211694689706623
 -1.446530749666008 -0.7916375988548623
 -1.410456842859905 -0.7628607072132703
 -1.372322196438688 -0.7346019750443635
 -1.332100699561701 -0.7065799458677603
 -1.289941632151684 -0.6791550106434148
 -1.246004269076841 -0.6528033045119329
 -1.200267146031606 -0.6273035422675914
 -1.152675182384230 -0.6021939699912379
 -1.103365647497341 -0.5777178932946407
 -1.052537399143532 -0.5544509648983900
 -1.000178631945394 -0.5322061107178049
 -0.9461665260020435 -0.5102936980988630
 -0.8905809613523703 -0.4887804317903133
 -0.8336331997126576 -0.4683693320053793
 -0.7752912758526309 -0.4489428727290056
 -0.7152973462311341 -0.4294858737768137
 -0.6535964295775171 -0.4097684593098680
 -0.5903665979027557 -0.3906735730240632
 -0.5254865707397067 -0.3721850351444375
 -0.4583889145533735 -0.3526252373838030
 -0.3886740038995846 -0.3310345654724030
 -0.3163402492126126 -0.3084805537700990
 -0.2408766528152866 -0.2847144503281384
 -0.1606633898464436 -0.2548719465292569
 -7.444594739826210E-02 -0.2132606091631961
 1.624595621439529E-02 -0.1614268988770046
 9.324657157269814E-02 -5.821749315233728E-02
 0.1230164124337930 5.432934236863380E-02
 0.1004425282914490 0.1679277403271088
 5.547668630306313E-02 0.2653597052165360
 1.334551546253657E-02 0.3419188065439334
 -2.491699693888132E-02 0.4084697193507461
 -6.674474137208845E-02 0.4746999942961568
 -0.1104830003023302 0.5391554069678360
 -0.1499736181674507 0.5976138339460139
 -0.1857812087135476 0.6523919769450742
 -0.2226124404076199 0.7082304065113733
 -0.2602980461895747 0.7646720860639885
 -0.2948490240644545 0.8183542866341917
 -0.3259475683061268 0.8696838701942864
 -0.3568879129050457 0.9218907157083951
 -0.3881885541215035 0.9752336728849769
 -0.4169205488081267 1.027067229715134
 -0.4422196639278270 1.076938391706149
 -0.4665156986511839 1.127200587619518
 -0.4907593020388989 1.178549692961074
 -0.5127645361153389 1.228906961507412
 -0.5313426887604497 1.277329131898468
 -0.5482995353135925 1.325526158140115
 -0.5648788115105128 1.374466878968969
 -0.5795028940583068 1.422556568253336
 -0.5908053152492442 1.468561001222089
 -0.6000950073395989 1.513671998117819
 -0.6088118757387343 1.559030819817179
 -0.6159103422322497 1.603483816031343
 -0.6199475058704188 1.645643725776193
 -0.6218075397639758 1.686270791565590
 -0.6230432082468844 1.726610797009623
 -0.6230815310520301 1.765925080714552
 -0.6204729884861553 1.802778427862703
 -0.6157174314597953 1.837565345299069
 -0.6104006924286791 1.871581435621246
 -0.6043662019551928 1.904477416467484
 -0.5962075148310867 1.934849416821797
 -0.5860648146147136 1.962776845717872
 -0.5754810869544437 1.989553419479513
 -0.5646616905774458 2.015184740941919
 -0.5522833346743631 2.038355324242981
 -0.5381482351063220 2.058872186632203
 -0.5236883326625051 2.077977863100631
 -0.5094185353861538 2.095982836154326
 -0.4941352299226650 2.111696921533621
 -0.4773309401974632 2.124710493126099
 -0.4602688631883871 2.136179490986209
 -0.4437132858008266 2.146609482879825
 -0.4266103400319351 2.154944025421511
 -0.4082468053102621 2.161024647750280
   
   
 #BODY NUMBER  4
 0.4082468053102734 -2.161024647750284
 0.3898975233784399 -2.165205367887758
 0.3714809585147523 -2.168244924579727
 0.3527487810364673 -2.169393690380237
 0.3335435680740734 -2.168518636296611
 0.3140471490750503 -2.165878069150175
 0.2944888459025923 -2.161575671164946
 0.2747928299681132 -2.155357536271729
 0.2548005768675708 -2.147000871599560
 0.2346626935832424 -2.136627855004053
 0.2146716263486361 -2.124413992913685
 0.1948380685099809 -2.110213804174752
 0.1750005072866845 -2.093775176673070
 0.1552714150347064 -2.075157060041904
 0.1359850975088859 -2.054588846486085
 0.1172327072160820 -2.032023453109071
 9.885230161994263E-02 -2.007208261813695
 8.090426180778021E-02 -1.980154587188109
 6.374300260267807E-02 -1.951138638961700
 4.753365532193543E-02 -1.920218891292835
 3.211216135130779E-02 -1.887163273379202
 1.746643496631128E-02 -1.851938675715669
 3.943161753422686E-03 -1.814858060605162
 -8.229157946185173E-03 -1.776091123506182
 -1.922152972573854E-02 -1.735439434480086
 -2.914323713390632E-02 -1.692816505354279
 -3.768710363377836E-02 -1.648551175993542
 -4.457166943429780E-02 -1.602921810464909
 -4.997712616070260E-02 -1.555766871815344
 -5.413416685473638E-02 -1.506923019153335
 -5.680532375115388E-02 -1.456699728164227
 -5.765788915665804E-02 -1.405473002500372
 -5.687276952810350E-02 -1.353113610925013
 -5.482231517389924E-02 -1.299342975252224
 -5.136445193468409E-02 -1.244401627043084
 -4.610007881696632E-02 -1.188749608540695
 -3.918530404176462E-02 -1.132283158945980
 -3.115595705629942E-02 -1.074551096777671
 -2.199420987304673E-02 -1.015655952553077
 -1.119685998612230E-02 -0.9561321943919575
 1.150294704967469E-03 -0.8958933765853302
 1.429700414171059E-02 -0.8342086099841621
 2.807168064319721E-02 -0.7709153414918706
 4.314993987469601E-02 -0.7066092578416109
 5.957840997363367E-02 -0.6411772371803732
 7.618795631320485E-02 -0.5732890635082973
 9.234734128005168E-02 -0.5021188439038538
 0.1089818715320910 -0.4281989689426723
 0.1261316204010472 -0.3509625256806718
 0.1403938854831038 -0.2665745503297715
 0.1474661314627412 -0.1711023862372931
 0.1479227733888253 -6.664403864806631E-02
 9.704111380091976E-02 5.164515322159181E-02
 1.445761555475740E-02 0.1337000094344055
 -9.520842497766827E-02 0.1709496512842864
 -0.2020699027067386 0.1807240722645009
 -0.2894376147674350 0.1825169586891214
 -0.3662036521038868 0.1826561073402827
 -0.4444746249228441 0.1795473555508276
 -0.5221637791730487 0.1738966185357763
 -0.5925355709339885 0.1689259537425272
 -0.6578786296163599 0.1653047421808259
 -0.7246517439752391 0.1613271746642383
 -0.7923744751910420 0.1569113224763673
 -0.8561401135533293 0.1538303981962291
 -0.9161421090028835 0.1525630606422739
 -0.9768247357690109 0.1518713589748197
 -1.038671412405145 0.1514356871149160
 -1.097926586731877 0.1524698282299792
 -1.153765837492196 0.1554957328385596
 -1.209442193364841 0.1595858475135880
 -1.266033624746090 0.1642648237713303
 -1.320646915610633 0.1703863663180790
 -1.371870821598222 0.1785082993675561
 -1.422089093986926 0.1879217526052837
 -1.472762639602695 0.1980340386568191
 -1.521721573456954 0.2094140563055721
 -1.567213791690061 0.2226280889143251
 -1.610925907036981 0.2371384780186077
 -1.654566233113924 0.2522688593931905
 -1.696612890356481 0.2683479051889756
 -1.735143025035865 0.2859315737915115
 -1.771257113037483 0.3046342700824894
 -1.806810416782272 0.3237341525076514
 -1.840876746604902 0.3433581058373153
 -1.871488410166751 0.3640438435402916
 -1.899236985872815 0.3855557354524479
 -1.926037414713689 0.4071682116797755
 -1.951508924572194 0.4288422241518288
 -1.973732504880726 0.4510938546399901
 -1.992847017658923 0.4738414051383762
 -2.010744346932678 0.4963954690397270
 -2.027532024263187 0.5185810018870232
 -2.041409160070870 0.5408862642067089
 -2.052109734321864 0.5633860507122660
 -2.061425784278101 0.5854615317990699
 -2.069883649698880 0.6068220252740921
 -2.075850794102843 0.6279147987489182
 -2.078718732833295 0.6489745263397360
 -2.080120137831562 0.6694852174009770
 -2.080874987078919 0.6890377639397317
 -2.079541439764495 0.7080166207259821
 -2.075625645811192 0.7269602194626135
 -2.070071614690440 0.7449415238255205
 -2.063495665570084 0.7624105151939019
 -2.055124437197183 0.7792074396585499
 -2.044764011649880 0.7954021149272599
 -2.032729003921156 0.8109662254900207
 -2.019223866382528 0.8257530138996720
 -2.003990795633603 0.8397011966056656
 -1.986757585186326 0.8528366633335379
 -1.967705347658576 0.8650900735384588
 -1.947132299192693 0.8762959145672059
 -1.924917796086915 0.8863721851334421
 -1.900762746455462 0.8953327033511045
 -1.874774438356262 0.9031095401193405
 -1.847318684143548 0.9095278742642438
 -1.818400285086263 0.9144852239509851
 -1.787719496226627 0.9179955264814146
 -1.755316306829070 0.9200121475940884
 -1.721607128947555 0.9203662599134317
 -1.686725168347342 0.9189440926028853
 -1.650387416511030 0.9157716891889407
 -1.612559156903826 0.9108429614634563
 -1.573684765623730 0.9040141520528814
 -1.534025453419296 0.8951722215862365
 -1.493323872126175 0.8843660502821244
 -1.451450479015439 0.8716470363836097
 -1.408843646032220 0.8569135771386728
 -1.365885173425598 0.8400611032516309
 -1.322345070277976 0.8211648967709718
 -1.277966532706956 0.8003430732855661
 -1.233136308400522 0.7775447175208026
 -1.188346379920176 0.7526696979884289
 -1.143394376503496 0.7258100686574110
 -1.097852867210325 0.6971490052609743
 -1.052001195562651 0.6666837337484318
 -1.006437320326560 0.6342986436422933
 -0.9609933279036252 0.6000770482281630
 -0.9150105689457400 0.5642573986787950
 -0.8685867514793199 0.5268755207627503
 -0.8224363397265323 0.4877628623865650
 -0.7764415705575963 0.4469505038563113
 -0.7295943503728430 0.4047227362073350
 -0.6816681102207133 0.3611468821819894
 -0.6335165377774512 0.3159356848175344
 -0.5850649807133406 0.2689922020359225
 -0.5345768708665790 0.2206638261244812
 -0.4810213451796377 0.1710842784314379
 -0.4253221207447055 0.1197184151725607
 -0.3670082732163362 6.624807535252125E-02
 -0.3010572753295500 1.170260380050261E-02
 -0.2219120788610066 -4.215822292591467E-02
 -0.1316768171744341 -9.478286022894937E-02
 -3.794542228226117E-03 -0.1098626463739400
 0.1085587968790307 -7.937066706578225E-02
 0.1956509532691120 -3.021910957187832E-03
 0.2575465890097962 8.463563295202520E-02
 0.3027831302299657 0.1594018478548025
 0.3412866551649992 0.2258136120104541
 0.3777298835507490 0.2951526387453203
 0.4116807788707113 0.3652587884320512
 0.4425619527665304 0.4286878802034785
 0.4720974209028045 0.4870872347642405
 0.5020393035676112 0.5469032318471277
 0.5320764290014591 0.6077607635876147
 0.5612910894888663 0.6645238884379565
 0.5901945406967481 0.7171208095520069
 0.6199368228639558 0.7700193567335702
 0.6504828582836324 0.8237979857700566
 0.6810060379237406 0.8745974014851506
 0.7115461735643587 0.9214426588675868
 0.7429264947136474 0.9676147401059272
 0.7752743227071804 1.014284869189741
 0.8078823794952834 1.058520595189331
 0.8405281328377613 1.098820832530911
 0.8737895586733219 1.137604405534832
 0.9078838280921719 1.176432840312151
 0.9422186793986362 1.213142511947765
 0.9764084764408056 1.245932912307765
 1.010830899697371 1.276533520099214
 1.045754357375178 1.306761960423992
 1.080702548124220 1.335135910842371
 1.115195519165435 1.359712151984686
 1.149449573273496 1.381636521483106
 1.183767208535377 1.402876644501978
 1.217795215552862 1.422566974877243
 1.251015421680586 1.438734584322419
 1.283519554413010 1.452009609846629
 1.315636722285000 1.464413223941480
 1.347142722616992 1.475635192315665
 1.377524990049631 1.483755562181817
 1.406782203044202 1.488935440579505
 1.435263259978226 1.493157950439797
 1.462870333685735 1.496603739054907
 1.489125825396500 1.497469060036284
 1.513961499215536 1.495486135919948
 1.537737451615590 1.492516331301572
 1.560465114312722 1.489160810880247
 1.581715564180173 1.483782122784715
 1.601387792635828 1.475735966786375
 1.619851274643171 1.466694273585244
 1.637161701278090 1.457571718940106
 1.652931099732558 1.446927404695541
 1.667378840500928 1.434064428287678
 1.680174091312010 1.420263844062245
 1.692014707055342 1.405834409385832
 1.702375656160725 1.390186250721694
 1.711220443575816 1.373116521369357
 1.718681854846116 1.354911843660159
 1.724735020479945 1.335822657265279
 1.729197965665501 1.315656339666068
 1.731957008318765 1.294164208266026
 1.733042654075343 1.271537781465598
 1.732460672844068 1.248118078346482
 1.730079727576946 1.223841619041312
 1.725762239168788 1.198442473321968
 1.719503023321566 1.172047519922565
 1.711333586634673 1.145060972221841
 1.701167577870192 1.117538229158086
 1.688867194606695 1.089212735332279
 1.674412045021300 1.060142439594019
 1.657864126344888 1.030772379048267
 1.639191513025417 1.001274798689947
 1.618275255159733 0.9713915841902583
 1.595092721937525 0.9410957142522087
 1.569741603870318 0.9108439085522764
 1.542254611365491 0.8809189019199399
 1.512545401851924 0.8510733841979554
 1.480593716149355 0.8211694689706623
 1.446530749666008 0.7916375988548623
 1.410456842859905 0.7628607072132703
 1.372322196438688 0.7346019750443635
 1.332100699561701 0.7065799458677603
 1.289941632151684 0.6791550106434148
 1.246004269076841 0.6528033045119329
 1.200267146031606 0.6273035422675914
 1.152675182384230 0.6021939699912379
 1.103365647497341 0.5777178932946407
 1.052537399143532 0.5544509648983900
 1.000178631945394 0.5322061107178049
 0.9461665260020435 0.5102936980988630
 0.8905809613523703 0.4887804317903133
 0.8336331997126576 0.4683693320053793
 0.7752912758526309 0.4489428727290056
 0.7152973462311341 0.4294858737768137
 0.6535964295775171 0.4097684593098680
 0.5903665979027557 0.3906735730240632
 0.5254865707397067 0.3721850351444375
 0.4583889145533735 0.3526252373838030
 0.3886740038995846 0.3310345654724030
 0.3163402492126126 0.3084805537700990
 0.2408766528152866 0.2847144503281384
 0.1606633898464436 0.2548719465292569
 7.444594739826210E-02 0.2132606091631961
 -1.624595621439529E-02 0.1614268988770046
 -9.324657157269814E-02 5.821749315233728E-02
 -0.1230164124337930 -5.432934236863380E-02
 -0.1004425282914490 -0.1679277403271088
 -5.547668630306313E-02 -0.2653597052165360
 -1.334551546253657E-02 -0.3419188065439334
 2.491699693888132E-02 -0.4084697193507461
 6.674474137208845E-02 -0.4746999942961568
 0.1104830003023302 -0.5391554069678360
 0.1499736181674507 -0.5976138339460139
 0.1857812087135476 -0.6523919769450742
 0.2226124404076199 -0.7082304065113733
 0.2602980461895747 -0.7646720860639885
 0.2948490240644545 -0.8183542866341917
 0.3259475683061268 -0.8696838701942864
 0.3568879129050457 -0.9218907157083951
 0.3881885541215035 -0.9752336728849769
 0.4169205488081267 -1.027067229715134
 0.4422196639278270 -1.076938391706149
 0.4665156986511839 -1.127200587619518
 0.4907593020388989 -1.178549692961074
 0.5127645361153389 -1.228906961507412
 0.5313426887604497 -1.277329131898468
 0.5482995353135925 -1.325526158140115
 0.5648788115105128 -1.374466878968969
 0.5795028940583068 -1.422556568253336
 0.5908053152492442 -1.468561001222089
 0.6000950073395989 -1.513671998117819
 0.6088118757387343 -1.559030819817179
 0.6159103422322497 -1.603483816031343
 0.6199475058704188 -1.645643725776193
 0.6218075397639758 -1.686270791565590
 0.6230432082468844 -1.726610797009623
 0.6230815310520301 -1.765925080714552
 0.6204729884861553 -1.802778427862703
 0.6157174314597953 -1.837565345299069
 0.6104006924286791 -1.871581435621246
 0.6043662019551928 -1.904477416467484
 0.5962075148310867 -1.934849416821797
 0.5860648146147136 -1.962776845717872
 0.5754810869544437 -1.989553419479513
 0.5646616905774458 -2.015184740941919
 0.5522833346743631 -2.038355324242981
 0.5381482351063220 -2.058872186632203
 0.5236883326625051 -2.077977863100631
 0.5094185353861538 -2.095982836154326
 0.4941352299226650 -2.111696921533621
 0.4773309401974632 -2.124710493126099
 0.4602688631883871 -2.136179490986209
 0.4437132858008266 -2.146609482879825
 0.4266103400319351 -2.154944025421511
 0.4082468053102621 -2.161024647750280
 0.3898975233784288 -2.165205367887753
 0.3714809585147415 -2.168244924579722
 0.3527487810364571 -2.169393690380232
 0.3335435680740635 -2.168518636296606
 0.3140471490750405 -2.165878069150169
 0.2944888459025835 -2.161575671164940
 0.2747928299681039 -2.155357536271723
 0.2548005768675625 -2.147000871599553
 0.2346626935832343 -2.136627855004046
 0.2146716263486282 -2.124413992913678
 0.1948380685099734 -2.110213804174744
 0.1750005072866778 -2.093775176673062
 0.1552714150347003 -2.075157060041896
 0.1359850975088801 -2.054588846486076
 0.1172327072160767 -2.032023453109062
 9.885230161993785E-02 -2.007208261813685
 8.090426180777621E-02 -1.980154587188099
 6.374300260267440E-02 -1.951138638961690
 4.753365532193254E-02 -1.920218891292824
 3.211216135130535E-02 -1.887163273379192
 1.746643496630962E-02 -1.851938675715658
 3.943161753421465E-03 -1.814858060605151
 -8.229157946185506E-03 -1.776091123506170
 -1.922152972573843E-02 -1.735439434480074
 -2.914323713390543E-02 -1.692816505354267
 -3.768710363377670E-02 -1.648551175993531
 -4.457166943429536E-02 -1.602921810464897
 -4.997712616069960E-02 -1.555766871815332
 -5.413416685473271E-02 -1.506923019153324
 -5.680532375114922E-02 -1.456699728164216
 -5.765788915665249E-02 -1.405473002500361
 -5.687276952809739E-02 -1.353113610925002
 -5.482231517389269E-02 -1.299342975252212
 -5.136445193467709E-02 -1.244401627043073
 -4.610007881695855E-02 -1.188749608540685
 -3.918530404175630E-02 -1.132283158945970
 -3.115595705629037E-02 -1.074551096777661
 -2.199420987303730E-02 -1.015655952553067
 -1.119685998611236E-02 -0.9561321943919483
 1.150294704977906E-03 -0.8958933765853216
 1.429700414172141E-02 -0.8342086099841541
 2.807168064320820E-02 -0.7709153414918631
 4.314993987470722E-02 -0.7066092578416039
 5.957840997364522E-02 -0.6411772371803668
 7.618795631321651E-02 -0.5732890635082915
 9.234734128006350E-02 -0.5021188439038485
 0.1089818715321028 -0.4281989689426677
 0.1261316204010590 -0.3509625256806678
 0.1403938854831154 -0.2665745503297677
 0.1474661314627529 -0.1711023862372901
 0.1479227733888369 -6.664403864806433E-02
 9.704111380093140E-02 5.164515322159334E-02
 1.445761555476897E-02 0.1337000094344066
 -9.520842497765675E-02 0.1709496512842870
 -0.2020699027067272 0.1807240722645010
 -0.2894376147674237 0.1825169586891211
 -0.3662036521038757 0.1826561073402819
 -0.4444746249228331 0.1795473555508263
 -0.5221637791730377 0.1738966185357744
 -0.5925355709339777 0.1689259537425250
 -0.6578786296163494 0.1653047421808231
 -0.7246517439752289 0.1613271746642351
 -0.7923744751910323 0.1569113224763636
 -0.8561401135533198 0.1538303981962248
 -0.9161421090028743 0.1525630606422692
 -0.9768247357690018 0.1518713589748144
 -1.038671412405137 0.1514356871149102
 -1.097926586731869 0.1524698282299729
 -1.153765837492188 0.1554957328385527
 -1.209442193364834 0.1595858475135805
 -1.266033624746083 0.1642648237713224
 -1.320646915610626 0.1703863663180705
 -1.371870821598216 0.1785082993675473
 -1.422089093986920 0.1879217526052744
 -1.472762639602690 0.1980340386568096
 -1.521721573456950 0.2094140563055621
 -1.567213791690057 0.2226280889143146
 -1.610925907036978 0.2371384780185967
 -1.654566233113921 0.2522688593931793
 -1.696612890356479 0.2683479051889641
 -1.735143025035863 0.2859315737914998
 -1.771257113037482 0.3046342700824775
 -1.806810416782273 0.3237341525076393
 -1.840876746604903 0.3433581058373032
 -1.871488410166752 0.3640438435402796
 -1.899236985872817 0.3855557354524355
 -1.926037414713691 0.4071682116797630
 -1.951508924572197 0.4288422241518163
 -1.973732504880730 0.4510938546399779
 -1.992847017658928 0.4738414051383641
 -2.010744346932683 0.4963954690397150
 -2.027532024263193 0.5185810018870117
 -2.041409160070876 0.5408862642066978
 -2.052109734321871 0.5633860507122547
 -2.061425784278108 0.5854615317990588
 -2.069883649698888 0.6068220252740820
 -2.075850794102851 0.6279147987489082
 -2.078718732833304 0.6489745263397262
 -2.080120137831570 0.6694852174009678
 -2.080874987078928 0.6890377639397234
 -2.079541439764505 0.7080166207259742
 -2.075625645811201 0.7269602194626057
 -2.070071614690450 0.7449415238255130
 -2.063495665570094 0.7624105151938948
 -2.055124437197192 0.7792074396585437
 -2.044764011649890 0.7954021149272539
 -2.032729003921166 0.8109662254900154
 -2.019223866382537 0.8257530138996673
 -2.003990795633614 0.8397011966056608
 -1.986757585186336 0.8528366633335340
 -1.967705347658586 0.8650900735384551
 -1.947132299192704 0.8762959145672029
 -1.924917796086926 0.8863721851334397
 -1.900762746455473 0.8953327033511028
 -1.874774438356272 0.9031095401193394
 -1.847318684143558 0.9095278742642432
 -1.818400285086273 0.9144852239509852
 -1.787719496226637 0.9179955264814154
 -1.755316306829081 0.9200121475940898
 -1.721607128947566 0.9203662599134336
 -1.686725168347352 0.9189440926028881
 -1.650387416511041 0.9157716891889439
 -1.612559156903836 0.9108429614634602
 -1.573684765623740 0.9040141520528859
 -1.534025453419306 0.8951722215862419
 -1.493323872126185 0.8843660502821303
 -1.451450479015449 0.8716470363836163
 -1.408843646032230 0.8569135771386801
 -1.365885173425607 0.8400611032516389
 -1.322345070277985 0.8211648967709803
 -1.277966532706964 0.8003430732855750
 -1.233136308400530 0.7775447175208124
 -1.188346379920183 0.7526696979884393
 -1.143394376503503 0.7258100686574219
 -1.097852867210331 0.6971490052609857
 -1.052001195562657 0.6666837337484434
 -1.006437320326566 0.6342986436423055
 -0.9609933279036299 0.6000770482281753
 -0.9150105689457442 0.5642573986788079
 -0.8685867514793235 0.5268755207627633
 -0.8224363397265353 0.4877628623865782
 -0.7764415705575984 0.4469505038563246
 -0.7295943503728446 0.4047227362073484
 -0.6816681102207143 0.3611468821820026
 -0.6335165377774516 0.3159356848175476
 -0.5850649807133405 0.2689922020359358
 -0.5345768708665783 0.2206638261244943
 -0.4810213451796363 0.1710842784314508
 -0.4253221207447036 0.1197184151725733
 -0.3670082732163338 6.624807535253341E-02
 -0.3010572753295473 1.170260380051453E-02
 -0.2219120788610033 -4.215822292590304E-02
 -0.1316768171744300 -9.478286022893828E-02
 -3.794542228221613E-03 -0.1098626463739291
 0.1085587968790356 -7.937066706577171E-02
 0.1956509532691172 -3.021910957177576E-03
 0.2575465890098017 8.463563295203511E-02
 0.3027831302299716 0.1594018478548120
 0.3412866551650056 0.2258136120104634
 0.3777298835507557 0.2951526387453293
 0.4116807788707185 0.3652587884320598
 0.4425619527665378 0.4286878802034867
 0.4720974209028122 0.4870872347642483
 0.5020393035676192 0.5469032318471350
 0.5320764290014672 0.6077607635876212
 0.5612910894888750 0.6645238884379627
 0.5901945406967567 0.7171208095520125
 0.6199368228639651 0.7700193567335754
 0.6504828582836414 0.8237979857700609
 0.6810060379237501 0.8745974014851545
 0.7115461735643684 0.9214426588675899
 0.7429264947136576 0.9676147401059300
 0.7752743227071908 1.014284869189744
 0.8078823794952941 1.058520595189333
 0.8405281328377721 1.098820832530911
 0.8737895586733329 1.137604405534832
 0.9078838280921824 1.176432840312150
 0.9422186793986471 1.213142511947764
 0.9764084764408167 1.245932912307764
 1.010830899697383 1.276533520099211
 1.045754357375190 1.306761960423988
 1.080702548124231 1.335135910842367
 1.115195519165446 1.359712151984682
 1.149449573273507 1.381636521483101
 1.183767208535388 1.402876644501972
 1.217795215552872 1.422566974877236
 1.251015421680596 1.438734584322412
 1.283519554413020 1.452009609846621
 1.315636722285010 1.464413223941471
 1.347142722617001 1.475635192315656
 1.377524990049639 1.483755562181807
 1.406782203044210 1.488935440579495
 1.435263259978234 1.493157950439786
 1.462870333685741 1.496603739054895
 1.489125825396506 1.497469060036272
 1.513961499215543 1.495486135919937
 1.537737451615596 1.492516331301561
 1.560465114312726 1.489160810880234
 1.581715564180178 1.483782122784703
 1.601387792635832 1.475735966786363
 1.619851274643175 1.466694273585232
 1.637161701278092 1.457571718940093
 1.652931099732560 1.446927404695528
 1.667378840500930 1.434064428287667
 1.680174091312012 1.420263844062233
 1.692014707055343 1.405834409385820
 1.702375656160726 1.390186250721682
 1.711220443575817 1.373116521369346
 1.718681854846115 1.354911843660148
 1.724735020479945 1.335822657265268
 1.729197965665499 1.315656339666057
 1.731957008318763 1.294164208266015
 1.733042654075341 1.271537781465587
 1.732460672844065 1.248118078346472
 1.730079727576942 1.223841619041302
 1.725762239168784 1.198442473321958
 1.719503023321561 1.172047519922555
 1.711333586634668 1.145060972221832
 1.701167577870186 1.117538229158076
 1.688867194606689 1.089212735332270
 1.674412045021294 1.060142439594011
 1.657864126344881 1.030772379048259
 1.639191513025409 1.001274798689939
 1.618275255159725 0.9713915841902511
 1.595092721937517 0.9410957142522020
 1.569741603870308 0.9108439085522695
 1.542254611365481 0.8809189019199339
 1.512545401851913 0.8510733841979498
 1.480593716149344 0.8211694689706572
 1.446530749665997 0.7916375988548578
 1.410456842859894 0.7628607072132663
 1.372322196438676 0.7346019750443604
 1.332100699561689 0.7065799458677579
 1.289941632151671 0.6791550106434130
 1.246004269076828 0.6528033045119319
 1.200267146031594 0.6273035422675912
 1.152675182384217 0.6021939699912380
 1.103365647497328 0.5777178932946414
 1.052537399143519 0.5544509648983912
 1.000178631945382 0.5322061107178070
 0.9461665260020303 0.5102936980988659
 0.8905809613523572 0.4887804317903167
 0.8336331997126447 0.4683693320053834
 0.7752912758526185 0.4489428727290103
 0.7152973462311216 0.4294858737768191
 0.6535964295775051 0.4097684593098737
 0.5903665979027439 0.3906735730240695
 0.5254865707396954 0.3721850351444442
 0.4583889145533625 0.3526252373838102
 0.3886740038995742 0.3310345654724106
 0.3163402492126027 0.3084805537701070
 0.2408766528152772 0.2847144503281465
 0.1606633898464346 0.2548719465292651
 7.444594739825366E-02 0.2132606091632047
 -1.624595621440283E-02 0.1614268988770137
 -9.324657157270529E-02 5.821749315234661E-02
 -0.1230164124337997 -5.432934236862431E-02
 -0.1004425282914552 -0.1679277403270991
 -5.547668630306891E-02 -0.2653597052165262
 -1.334551546254188E-02 -0.3419188065439235
 2.491699693887647E-02 -0.4084697193507361
 6.674474137208404E-02 -0.4746999942961466
 0.1104830003023264 -0.5391554069678256
 0.1499736181674473 -0.5976138339460034
 0.1857812087135448 -0.6523919769450637
 0.2226124404076176 -0.7082304065113628
 0.2602980461895731 -0.7646720860639782
 0.2948490240644533 -0.8183542866341813
 0.3259475683061262 -0.8696838701942761
 0.3568879129050459 -0.9218907157083845
 0.3881885541215043 -0.9752336728849668
 0.4169205488081281 -1.027067229715124
 0.4422196639278292 -1.076938391706139
 0.4665156986511866 -1.127200587619508
 0.4907593020389022 -1.178549692961064
 0.5127645361153430 -1.228906961507402
 0.5313426887604542 -1.277329131898458
 0.5482995353135978 -1.325526158140106
 0.5648788115105187 -1.374466878968961
 0.5795028940583133 -1.422556568253327
 0.5908053152492513 -1.468561001222080
 0.6000950073396066 -1.513671998117810
 0.6088118757387427 -1.559030819817171
 0.6159103422322587 -1.603483816031335
 0.6199475058704282 -1.645643725776186
 0.6218075397639858 -1.686270791565583
 0.6230432082468951 -1.726610797009617
 0.6230815310520410 -1.765925080714546
 0.6204729884861665 -1.802778427862699
 0.6157174314598071 -1.837565345299065
 0.6104006924286912 -1.871581435621243
 0.6043662019552053 -1.904477416467481
 0.5962075148310993 -1.934849416821795
 0.5860648146147265 -1.962776845717870
 0.5754810869544567 -1.989553419479512
 0.5646616905774586 -2.015184740941918
 0.5522833346743762 -2.038355324242981
 0.5381482351063351 -2.058872186632203
 0.5236883326625182 -2.077977863100631
 0.5094185353861667 -2.095982836154329
 0.4941352299226778 -2.111696921533623
 0.4773309401974757 -2.124710493126102
 0.4602688631883993 -2.136179490986212
 0.4437132858008387 -2.146609482879830
 0.4266103400319469 -2.154944025421515
 0.4082468053102734 -2.161024647750284
   
   
