 # action(x) =  11.91033010482745
 # |grad_action(x)| =  2.029035862420256E-10
 # PRINTSTEPS = 50
 #
 #BODY NUMBER  1
 1.164373248581466 -1.921683193954058
 1.194526951362481 -1.919781108845676
 1.224392762929654 -1.917330239410756
 1.253828327049774 -1.914080243928931
 1.282837840220796 -1.910066697219361
 1.311457674945407 -1.905372538571117
 1.339674798766605 -1.899984720416051
 1.367449468020126 -1.893858260388970
 1.394769093362719 -1.887007365862709
 1.421645623735898 -1.879476379679312
 1.448074995939232 -1.871270111470756
 1.474030299005072 -1.862365637340030
 1.499493882642603 -1.852768666730273
 1.524470165028720 -1.842511982036628
 1.548960098457083 -1.831608321763703
 1.572944261500630 -1.820044763865659
 1.596402776511899 -1.807822379103819
 1.619335130330814 -1.794966930014872
 1.641745291106899 -1.781495400379136
 1.663619733296562 -1.767401397294494
 1.684937527833160 -1.752683081568258
 1.705693772863595 -1.737360670835097
 1.725894072676184 -1.721453524959011
 1.745530131519761 -1.704960425364898
 1.764580717214196 -1.687877772653258
 1.783036492871373 -1.670220914861800
 1.800903550024792 -1.652010441139741
 1.818178572759207 -1.633249769409298
 1.834840712368872 -1.613934526155268
 1.850875909132475 -1.594075591320806
 1.866289673390356 -1.573693972273122
 1.881083746081801 -1.552797604655093
 1.895238475519717 -1.531382315165110
 1.908734605768967 -1.509454775844368
 1.921575965673900 -1.487035742077775
 1.933769857946042 -1.464137847601043
 1.945298965523426 -1.440758173603214
 1.956138034532326 -1.416899265049948
 1.966287898144114 -1.392580927612312
 1.975762734897362 -1.367821028970025
 1.984549400115833 -1.342619166260750
 1.992614937776040 -1.316973388075292
 1.999955177926720 -1.290901530131547
 2.006594578196234 -1.264428008715974
 2.012527755100489 -1.237556754527454
 2.017708997249061 -1.210279364976120
 2.022124677230268 -1.182609451308111
 2.025821470127036 -1.154582533738343
 2.028811317549568 -1.126210725705969
 2.031007053757066 -1.097466706496360
 2.032372445056560 -1.068353029870475
 2.033168308563249 -1.038994760095434
 2.033041119455064 -1.009087778191421
 2.032190901561629 -0.9791821014295737
 2.030476762494533 -0.9489637457851176
 2.028086393524318 -0.9181891009312395
 2.024985094049947 -0.8870767565812426
 2.020972152189065 -0.8559138462584661
 2.016079739097702 -0.8245430370921705
 2.010502293675395 -0.7926678371500852
 2.004208982438510 -0.7604188723128813
 1.996993287385092 -0.7281265368592512
 1.988863236511638 -0.6957140855369668
 1.980023707728059 -0.6628458878423683
 1.970480055963067 -0.6295657735725286
 1.960017056572389 -0.5962303675233125
 1.948600482292713 -0.5628469978125610
 1.936441325241071 -0.5290552214720858
 1.923591101704224 -0.4948048166400791
 1.909830481466272 -0.4604629086024797
 1.895073691863316 -0.4261276461626597
 1.879530274841838 -0.3914281667237325
 1.863304753964679 -0.3562107464957744
 1.846181088712246 -0.3208356031690329
 1.828014210637894 -0.2854991822079892
 1.809002438554026 -0.2498354593517131
 1.789309748133005 -0.2135751596539838
 1.768732850990702 -0.1770507320748435
 1.747058965402526 -0.1405651731605435
 1.724462783168109 -0.1037739064184786
 1.701175228537570 -6.627500083390780E-02
 1.677017775288512 -2.834592660648549E-02
 1.651698776194535 9.593962112014687E-03
 1.625352744149476 4.784945243226146E-02
 1.598288213977952 8.698320901629031E-02
 1.570367782070803 0.1268127372771061
 1.541203448591935 0.1667896823192535
 1.510865390876453 0.2071592711395972
 1.479758565872033 0.2486993302479702
 1.447812662804619 0.2913923200269978
 1.414511583593592 0.3345445107260983
 1.379821652451725 0.3783255089951114
 1.344287670470832 0.4238581987691426
 1.307961643727495 0.4714481655019394
 1.270134468793367 0.5202448844840748
 1.230599934889418 0.5703711886730141
 1.190199010224445 0.6237228754805137
 1.149317161110165 0.6814652549537741
 1.106943920170764 0.7427051178147879
 1.062746679617123 0.8080432895200041
 1.019412966233454 0.8828714437915521
 0.9807303487147520 0.9729536140655458
 0.9467854293811055 1.075576747086116
 0.9735072987687492 1.205534212680641
 1.045573629790809 1.285619812463381
 1.154214751739081 1.304342591831425
 1.254296512825892 1.286445792205124
 1.322467002309964 1.259954052475164
 1.374135423811154 1.234106062626047
 1.428054653947924 1.205939691092820
 1.480501247613975 1.174997307828112
 1.521212234902869 1.144832584779718
 1.554200759643741 1.116322674683153
 1.589369753691330 1.087133994984439
 1.625551042671642 1.056692581290123
 1.655245298201268 1.026909012250056
 1.679262510133932 0.9983461103622273
 1.704570473304027 0.9694033709996666
 1.731573897630171 0.9394610881777889
 1.754509913503393 0.9098229179054799
 1.772662105476858 0.8810854345335631
 1.791313233697032 0.8520891186789427
 1.811838753866158 0.8221502519116306
 1.829732629285082 0.7922043666297927
 1.843384560090489 0.7629056348143678
 1.856868975904694 0.7334048898270601
 1.872185973093057 0.7029646959888709
 1.885829134222092 0.6722445522259439
 1.895624777258943 0.6419386179191682
 1.904682135210033 0.6114407674824991
 1.915400886854240 0.5799769201985276
 1.925108876366935 0.5479752858932639
 1.931274061170502 0.5161444945040030
 1.936194575637639 0.4840792873829804
 1.942508755892822 0.4509850538554050
 1.948246359102615 0.4170825492220282
 1.950651120709403 0.3830662259825719
 1.951330137443750 0.3486975529208368
 1.953039084437668 0.3131714451270299
 1.954369960068657 0.2765110503821259
 1.952413123913717 0.2393622943559870
 1.948198626792015 0.2016142464066511
 1.944504917539489 0.1624453704231110
 1.940275326452153 0.1216714855995556
 1.932405316925550 7.983833724875243E-02
 1.921470659586654 3.689421166644508E-02
 1.910170747951195 -8.053932677333004E-03
 1.897271107353448 -5.545864077274128E-02
 1.879007225915392 -0.1049780792390032
 1.855547558679905 -0.1567752446323275
 1.828942759412295 -0.2120209766937343
 1.794531107557380 -0.2714299188291219
 1.743197488368073 -0.3340902913718231
 1.675883758117698 -0.3982533083826257
 1.554166258955101 -0.4233447963919622
 1.452318556382235 -0.3843089253393135
 1.384192223783800 -0.2827096581941602
 1.350813130813224 -0.1697571619404634
 1.339795510076820 -7.990938970016204E-02
 1.335569096067697 -4.745265461110759E-03
 1.331162819312070 7.360825394374626E-02
 1.328662582170801 0.1524578131062234
 1.330231956944353 0.2210022250326850
 1.333283542803405 0.2819295412530834
 1.334797455286714 0.3450509925745909
 1.335648973448557 0.4099814277933583
 1.337978205192899 0.4692208889037243
 1.341094923116163 0.5228119955348267
 1.342871118744475 0.5775689036424760
 1.343414583888041 0.6345138305457791
 1.344459505705013 0.6880481195674790
 1.346059686241312 0.7368625575934680
 1.346606506147178 0.7859949459987809
 1.345767020577277 0.8373470627182727
 1.344898284279393 0.8866959636220219
 1.344448459330414 0.9319334368428702
 1.343205027588202 0.9767899881416104
 1.340567519819452 1.023724830279710
 1.337557453921136 1.069632863753698
 1.334852867837848 1.111921678478740
 1.331576761150548 1.153247821443401
 1.326967753233574 1.196404465087643
 1.321744401346187 1.239253421502623
 1.316715578720444 1.278933211813144
 1.311302271128771 1.317166521465385
 1.304657114918658 1.356908580344402
 1.297221781394388 1.396884589740333
 1.289866161316448 1.434129330582361
 1.282281472475613 1.469531026175432
 1.273592500086568 1.506065011307706
 1.263986805477058 1.543237418208419
 1.254340688358087 1.578115995124200
 1.244592109159700 1.610836570948948
 1.233886448368921 1.644272163113228
 1.222178544603582 1.678634964175154
 1.210305225182115 1.711143489504354
 1.198429872091739 1.741258447718633
 1.185761319890984 1.771643004949087
 1.172041685365507 1.803138948398288
 1.158027105702721 1.833218065852346
 1.144089495860261 1.860750526664823
 1.129542813522078 1.888097921455547
 1.113924089548942 1.916631027545512
 1.097867008231000 1.944159627837536
 1.082039839699100 1.969218409735591
 1.065315734284573 1.994381239807925
 1.048260313308988 2.019020356612276
 1.030727952599483 2.042887305174113
 1.012747362604209 2.066003507176852
 0.9943721846031294 2.088441931776355
 0.9755976352992719 2.110184768749711
 0.9564046306537898 2.131175107891430
 0.9368117692841031 2.151409150196858
 0.9168514787471422 2.170919415173918
 0.8965299559065965 2.189704788803801
 0.8758408035691274 2.207730503556379
 0.8547977914029398 2.224984128552993
 0.8334271007065777 2.241485881244641
 0.8117392872018074 2.257242955594130
 0.7897328707821956 2.272232071129328
 0.7674187175779803 2.286436548683226
 0.7448193951804368 2.299868825114506
 0.7219476279000119 2.312540828831620
 0.6988046420928646 2.324437649919163
 0.6753993095047252 2.335540243677396
 0.6517515900473699 2.345854473794346
 0.6278754477106809 2.355394873658068
 0.6037739750532437 2.364153649649754
 0.5794546709937195 2.372110614462287
 0.5549354957667184 2.379265356132220
 0.5302312343317569 2.385633444656920
 0.5053465046539256 2.391213717330656
 0.4802879435108264 2.395985931887013
 0.4550720030702814 2.399943352221745
 0.4297141210757898 2.403101254113172
 0.4042202995260358 2.405465113080383
 0.3785967500793548 2.407015823612322
 0.3528588788604846 2.407740045600586
 0.3270227461378472 2.407651472614099
 0.3010956416917513 2.406762745854419
 0.2750836962887405 2.405057408900483
 0.2490017408705922 2.402514863738930
 0.2228665110659040 2.399145734752867
 0.1966863914699315 2.394971234756748
 0.1704676055317756 2.389979778695854
 0.1442249412932453 2.384141850112046
 0.1179759299147629 2.377462755580540
 9.172948770648859E-02 2.369975884172046
 6.549171049555336E-02 2.361678539002018
 3.927817712088821E-02 2.352526931550173
 1.310748897326652E-02 2.342516065754876
 -1.301293008030924E-02 2.331704123531122
 -3.907856029890633E-02 2.320107503336288
 -6.506947924504480E-02 2.307637057067186
 -9.096535845037323E-02 2.294262682305712
 -0.1167882976400604 2.280272785432929
 -0.1426249091653653 2.265209145482150
 -0.1680988760117728 2.249519996806759
 -0.1934116701269169 2.232926331006807
 -0.2188681098777115 2.215468888327243
 -0.2442615407189129 2.197226912022697
 -0.2692429417838526 2.178170147265874
 -0.2939646529134566 2.158247788659798
 -0.3187806631028577 2.137479979264817
 -0.3435624302791848 2.115905329441150
 -0.3679205656028481 2.093510186492114
 -0.3919255464101459 2.070263130240500
 -0.4159704761984880 2.046173774909138
 -0.4400200747145223 2.021268672900863
 -0.4636578835032734 1.995539746604146
 -0.4868604425968742 1.968961018398379
 -0.5100454008209065 1.941534991332815
 -0.5332820097269025 1.913281168889594
 -0.5561426643829166 1.884193168172897
 -0.5784994790999284 1.854245782278525
 -0.6007784012813960 1.823435048556846
 -0.6231648214159802 1.791774625173612
 -0.6452387615732373 1.759257524395734
 -0.6667575607671460 1.725856335995368
 -0.6881373647122749 1.691559796971641
 -0.7096933601888352 1.656375276949310
 -0.7310359937599045 1.620292947503446
 -0.7517964718568740 1.583280032528218
 -0.7723605523757028 1.545315531313637
 -0.7931917799107858 1.506398464619287
 -0.8139605951092306 1.466512959301158
 -0.8341580030092179 1.425616118528128
 -0.8541152134382516 1.383672040328065
 -0.8744737756997752 1.340666591366020
 -0.8950069430408171 1.296572023919387
 -0.9150458262735771 1.251326497721173
 -0.9348378868745862 1.204868174627915
 -0.9552592208349346 1.157158844388825
 -0.9762594830133746 1.108146385896094
 -0.9969798367822330 1.057730709976358
 -1.017550327915307 1.005797849217461
 -1.039215802971807 0.9522581732373731
 -1.062266909755998 0.8970039278926928
 -1.085612520548793 0.8398462739552718
 -1.109255906422266 0.7805452111732050
 -1.135259360199826 0.7188811406732072
 -1.164824803141490 0.6546052310499285
 -1.196673459633703 0.5872889965252215
 -1.231159355890429 0.5163439775759879
 -1.274295581716056 0.4414018038096432
 -1.332967720842019 0.3628605892165735
 -1.404869501386959 0.2821518602339370
 -1.530776902697082 0.2403149451629836
 -1.636166232097278 0.2626834186942559
 -1.706701195633591 0.3474080005130811
 -1.741242993054181 0.4430297478828941
 -1.752385718199625 0.5153129934295007
 -1.755834913104123 0.5729831539475319
 -1.758401734892302 0.6337617627650879
 -1.757828141764457 0.6946530368542015
 -1.752060218950872 0.7449921475837267
 -1.743864174918072 0.7878160030909758
 -1.736170533819854 0.8328675852110881
 -1.727898140723620 0.8794222074568622
 -1.716951941084368 0.9200299716120188
 -1.704224348410037 0.9551109382176944
 -1.691813182451996 0.9914996469223184
 -1.679384117044023 1.029856439788869
 -1.665184716603126 1.064538697332836
 -1.649373421948946 1.094627698402187
 -1.633587439912774 1.125278207177410
 -1.617922380816327 1.158023262453418
 -1.600935421132903 1.188492755779279
 -1.582387940484781 1.214965040575182
 -1.563581753802308 1.241393259719130
 -1.544878271236496 1.269878265313041
 -1.525095426894408 1.297053661320173
 -1.503747539417744 1.320689904189878
 -1.481864305154315 1.343782731485026
 -1.459975189927705 1.368797366347751
 -1.437114956413075 1.393205549038050
 -1.412631274849195 1.414460151391595
 -1.387322248138348 1.434754045480336
 -1.361818891312285 1.456769402749186
 -1.335327262652757 1.478689565202390
 -1.307070643387440 1.497780311463643
 -1.277646007788788 1.515552693736049
 -1.247733969438726 1.534795739143407
 -1.216650574092368 1.554278508621573
 -1.183500389577272 1.571158216813421
 -1.148702372549023 1.586382379216518
 -1.112934276283332 1.602767971161407
 -1.075508260671484 1.619491980243931
 -1.035344686716104 1.633592926241269
 -0.9926866543490689 1.645595297995261
 -0.9481104636766575 1.658283359630323
 -0.9006069619081745 1.670814297220689
 -0.8485899294962234 1.679757031156757
 -0.7920024348038370 1.685338946063158
 -0.7308558277541853 1.689921380065526
 -0.6622003487255225 1.689824486440677
 -0.5822680646982927 1.676698454425891
 -0.4930443968582967 1.650484562510975
 -0.4104557812421604 1.557619860155723
 -0.3933379859461750 1.449899226884215
 -0.4472623660005417 1.340100458614726
 -0.5283925506918217 1.254717068020076
 -0.6006941935571589 1.200251642452937
 -0.6636750275968255 1.159009398434600
 -0.7293280274995355 1.116016691125695
 -0.7963636302408101 1.074426642664632
 -0.8565095196433671 1.041513555123355
 -0.9107999162041657 1.013692647888924
 -0.9662216528139882 0.9834430088978220
 -1.022878818273142 0.9517152276483785
 -1.075346312373391 0.9241126709550972
 -1.123315931094478 0.9000162745375224
 -1.171624902362548 0.8741760510199070
 -1.221212388249240 0.8461742421886549
 -1.268096903424056 0.8203120265162711
 -1.311171537094173 0.7972906044983530
 -1.353994843554711 0.7731979702254714
 -1.398047338386944 0.7467948960360814
 -1.440350372069490 0.7213680978810494
 -1.479302260607273 0.6983598014375532
 -1.517527457687036 0.6748546823115555
 -1.556855469416868 0.6491031125120895
 -1.595107959693970 0.6235423022400886
 -1.630378854500146 0.6000556546227181
 -1.664530290804319 0.5765553915236776
 -1.699600536583818 0.5509855517592134
 -1.734097145421149 0.5250375181243411
 -1.765946440534029 0.5008425348240615
 -1.796350804167790 0.4770378181050532
 -1.827445858650659 0.4514119145754705
 -1.858348431567325 0.4249847221598773
 -1.886925513254920 0.3999921978907801
 -1.913791936555145 0.3757228168782809
 -1.941086809586654 0.3499309534904496
 -1.968476210977730 0.3230259744872623
 -1.993858886075160 0.2972329035564633
 -2.017321446366654 0.2724300984074812
 -2.040924688176106 0.2464409281162279
 -2.064829794958255 0.2191201854994173
 -2.087046344022179 0.1925833265885801
 -2.107188986324464 0.1672414900262648
 -2.127168508668401 0.1410779233760144
 -2.147584978548829 0.1134483996217128
 -2.166626968556066 8.627185888335120E-02
 -2.183501974127140 6.043530428550592E-02
 -2.199912171574138 3.416381044449524E-02
 -2.216813204310356 6.371045664079533E-03
 -2.232625130834906 -2.129909481390213E-02
 -2.246413088280566 -4.753521578153297E-02
 -2.259842685647054 -7.460013096224896E-02
 -2.272653076238642 -0.1016901172015200
 -2.284556279649256 -0.1288070612451817
 -2.295585202825004 -0.1559368099574909
 -2.305829859548536 -0.1830693932052383
 -2.315272434065877 -0.2102000483336600
 -2.323854098673916 -0.2373168475024600
 -2.331580862646822 -0.2644017843341493
 -2.338497102483041 -0.2914430354946053
 -2.344604951845829 -0.3184346773330451
 -2.349871102574199 -0.3453648662163490
 -2.354291674045543 -0.3722154618227192
 -2.357897265735298 -0.3989738992080127
 -2.360699385658890 -0.4256346338304274
 -2.362677132282826 -0.4521873072636694
 -2.363821494089879 -0.4786141695794067
 -2.364154525511251 -0.5049018950996339
 -2.363692919006910 -0.5310454284524848
 -2.362424375389427 -0.5570362526246683
 -2.360336837337885 -0.5828571621091370
 -2.357445362910966 -0.6084938029592497
 -2.353769520386865 -0.6339413486990562
 -2.349304106573005 -0.6591932242848563
 -2.344035388207915 -0.6842328418090288
 -2.337971988638091 -0.7090444412704202
 -2.331134784356549 -0.7336230035171791
 -2.323525077413132 -0.7579639479213572
 -2.315128655879698 -0.7820514057317455
 -2.305947912202757 -0.8058677609009388
 -2.296003794466146 -0.8294072818400501
 -2.285304045607837 -0.8526675084252897
 -2.273835225599072 -0.8756335084472118
 -2.261593484629452 -0.8982852697562173
 -2.248598711811747 -0.9206157305363245
 -2.234865499637793 -0.9426248982533759
 -2.220382661812166 -0.9642992352972688
 -2.205139775402919 -0.9856155986889823
 -2.189154409210018 -1.006564807140555
 -2.172449126367294 -1.027150205786722
 -2.155017005647609 -1.047360612435105
 -2.136839879069286 -1.067168462036753
 -2.117931107841483 -1.086561225448993
 -2.098324065902723 -1.105547875456072
 -2.078019465596042 -1.124121784474564
 -2.056987174369949 -1.142247566574053
 -2.035232166203534 -1.159906614446765
 -2.012808540046727 -1.177121589792780
 -1.989732757250662 -1.193896777630319
 -1.965937574512021 -1.210170350570826
 -1.941407086606187 -1.225909652435237
 -1.916380010923189 -1.241278025337495
 -1.890416210289699 -1.256121367290729
 -1.864092025549856 -1.270337895377185
 -1.837065092367616 -1.283962585221689
 -1.809218283646606 -1.297279787396003
 -1.780723553331034 -1.310150155441454
 -1.751729210405213 -1.322256301007408
 -1.722115086184245 -1.333704751567628
 -1.691721630572538 -1.344812142114732
 -1.660646552159326 -1.355486457128269
 -1.629072721782244 -1.365383649632862
 -1.596937690101492 -1.374549044703534
 -1.564053231529571 -1.383327887066770
 -1.530459981248545 -1.391702899328334
 -1.496359173069115 -1.399309379080834
 -1.461740039695838 -1.406114020585818
 -1.426395924420164 -1.412479769860729
 -1.390309091977322 -1.418476352249515
 -1.353687817083356 -1.423730259570418
 -1.316574212763388 -1.428118136115865
 -1.278751873560442 -1.432006881833114
 -1.240139932548699 -1.435563878677838
 -1.200942327139008 -1.438421921226701
 -1.161256649870748 -1.440357153787379
 -1.120865073841751 -1.441724337619928
 -1.079616387944170 -1.442800117295326
 -1.037696857230798 -1.443242215428603
 -0.9952624935456522 -1.442714859367675
 -0.9521022307924056 -1.441541624895159
 -0.9079834486267837 -1.440123463785380
 -0.8630571801792817 -1.438167032694672
 -0.8175407731853176 -1.435210080640143
 -0.7712375307112245 -1.431521492760326
 -0.7238144382781770 -1.427649800382311
 -0.6753608390299857 -1.423384761196493
 -0.6261576223183574 -1.418116180040426
 -0.5760275040018668 -1.412027445767512
 -0.5244993450370987 -1.405858174636795
 -0.4715531797912442 -1.399538705923092
 -0.4175317468113595 -1.392275220702456
 -0.3622713245364176 -1.384123358212572
 -0.3050718674990242 -1.376116372006516
 -0.2456947339714978 -1.368452093394632
 -0.1845219482445740 -1.360091158439346
 -0.1213440284671516 -1.350916399846219
 -5.493965002461931E-02 -1.342604016153721
 1.550764203132504E-02 -1.336070486003703
 8.972953946293871E-02 -1.329994114340009
 0.1684126762733065 -1.324387267095992
 0.2548826154826024 -1.324273247601195
 0.3522373721272672 -1.335814203282119
 0.4580840720058538 -1.357728607320053
 0.5572696039283330 -1.445849157843625
 0.5905926023064691 -1.548303231157637
 0.5524864438945101 -1.651750592344506
 0.4869464802282889 -1.729475540088019
 0.4299187158896616 -1.775267045904664
 0.3816994892929689 -1.807089216573579
 0.3303470809443781 -1.839701453857908
 0.2773268941504818 -1.869650344682314
 0.2308479840480029 -1.889824732363444
 0.1896634152743312 -1.904138677774128
 0.1468007801285239 -1.920001580195527
 0.1023470980519786 -1.936114788746985
 6.170664288309957E-02 -1.946938983862075
 2.496183827610587E-02 -1.953457048579922
 -1.275729085203137E-02 -1.960903017921985
 -5.218978058614776E-02 -1.969317527966658
 -8.932519690026708E-02 -1.974361615238316
 -0.1232886835279123 -1.975713132935750
 -0.1577257937842584 -1.977367325856352
 -0.1939163730498311 -1.980173514365049
 -0.2287972081521795 -1.980697122409072
 -0.2609966196057083 -1.977870675389549
 -0.2932872221023856 -1.974798149546190
 -0.3273077018565614 -1.972842961301912
 -0.3607337073276836 -1.969298213546117
 -0.3918772378411993 -1.962628522109046
 -0.4228178300557182 -1.955223498967525
 -0.4554256969265349 -1.948774286546278
 -0.4879939199538605 -1.941180834931314
 -0.5186427863213068 -1.930604645895598
 -0.5488723274992904 -1.918833332863316
 -0.5806898645805371 -1.907754456604591
 -0.6129190964498574 -1.895772114424418
 -0.6435804773219640 -1.880846537446215
 -0.6736841296549615 -1.864250246656886
 -0.7053051149989418 -1.847967184270437
 -0.7377193859762885 -1.830789559003698
 -0.7689127343364454 -1.810520511169408
 -0.7994962542429924 -1.787996625623170
 -0.8315706412561572 -1.765213341584518
 -0.8647670657806688 -1.741163465843487
 -0.8970606302094460 -1.713431263490022
 -0.9287840052375855 -1.682489509661707
 -0.9620602842745376 -1.650229426952990
 -0.9966641454452734 -1.615355656447948
 -1.030417296419168 -1.574778951917753
 -1.063545123876068 -1.528563701430831
 -1.098086931658110 -1.477900403371791
 -1.132330758831858 -1.418394567611555
 -1.160929423669780 -1.342608163054068
 -1.182839361259401 -1.252231254128349
 -1.143710477712941 -1.134275063763761
 -1.058980570436060 -1.065590301544902
 -0.9369298577832583 -1.057390800420565
 -0.8224205801214022 -1.084959906079612
 -0.7391013165196609 -1.120342252752775
 -0.6718940684708713 -1.154264132973490
 -0.6018347918125350 -1.189624945069441
 -0.5322989519299912 -1.226884455770855
 -0.4737224373009863 -1.262515780156040
 -0.4224836265992395 -1.295622189142008
 -0.3685758024727254 -1.328494001472413
 -0.3127701551754147 -1.361696655441737
 -0.2626318928195088 -1.393333559858821
 -0.2177789920216851 -1.422828270072349
 -0.1712462163819267 -1.451744954662383
 -0.1222021956388012 -1.480688072734434
 -7.636260228095677E-02 -1.508360146083750
 -3.488814914713863E-02 -1.534153162091821
 7.388337407533366E-03 -1.559192916224252
 5.228031780966706E-02 -1.584141958754354
 9.545208779009674E-02 -1.608064061503071
 0.1348538012768593 -1.630293238280423
 0.1743224300988342 -1.651644670453166
 0.2162879495974159 -1.672827942791800
 0.2575505057728339 -1.693175165993787
 0.2955259866622977 -1.711977333101458
 0.3329535296537716 -1.729803212967078
 0.3726327833502446 -1.747390016846856
 0.4123527440749628 -1.764290939626964
 0.4492308618135850 -1.779775746637206
 0.4850485330390188 -1.794204339570438
 0.5227887437320011 -1.808320494919872
 0.5611266501729375 -1.821869311900210
 0.5970593519384720 -1.834121528473141
 0.6315104640795328 -1.845253843053713
 0.6674943095000871 -1.855995964798155
 0.7044894055006717 -1.866263392695681
 0.7395181977170729 -1.875348898680663
 0.7727293372069537 -1.883266669356430
 0.8070382398071848 -1.890713091229455
 0.8426512503546738 -1.897755149674571
 0.8767411188400638 -1.903726816092934
 0.9087591142327248 -1.908499937744898
 0.9414071887774177 -1.912720928325102
 0.9755432931833224 -1.916587348020001
 1.008599862853345 -1.919489924735697
 1.039412478266880 -1.921185830950329
 1.070369358052060 -1.922261731900042
 1.102889114761415 -1.923002073209592
 1.134758122603906 -1.922860533023633
 1.164373248581466 -1.921683193954058
   
   
 #BODY NUMBER  2
 -1.404869501386959 0.2821518602339370
 -1.530776902697082 0.2403149451629836
 -1.636166232097278 0.2626834186942559
 -1.706701195633591 0.3474080005130811
 -1.741242993054181 0.4430297478828941
 -1.752385718199625 0.5153129934295007
 -1.755834913104123 0.5729831539475319
 -1.758401734892302 0.6337617627650879
 -1.757828141764457 0.6946530368542015
 -1.752060218950872 0.7449921475837267
 -1.743864174918072 0.7878160030909758
 -1.736170533819854 0.8328675852110881
 -1.727898140723620 0.8794222074568622
 -1.716951941084368 0.9200299716120188
 -1.704224348410037 0.9551109382176944
 -1.691813182451996 0.9914996469223184
 -1.679384117044023 1.029856439788869
 -1.665184716603126 1.064538697332836
 -1.649373421948946 1.094627698402187
 -1.633587439912774 1.125278207177410
 -1.617922380816327 1.158023262453418
 -1.600935421132903 1.188492755779279
 -1.582387940484781 1.214965040575182
 -1.563581753802308 1.241393259719130
 -1.544878271236496 1.269878265313041
 -1.525095426894408 1.297053661320173
 -1.503747539417744 1.320689904189878
 -1.481864305154315 1.343782731485026
 -1.459975189927705 1.368797366347751
 -1.437114956413075 1.393205549038050
 -1.412631274849195 1.414460151391595
 -1.387322248138348 1.434754045480336
 -1.361818891312285 1.456769402749186
 -1.335327262652757 1.478689565202390
 -1.307070643387440 1.497780311463643
 -1.277646007788788 1.515552693736049
 -1.247733969438726 1.534795739143407
 -1.216650574092368 1.554278508621573
 -1.183500389577272 1.571158216813421
 -1.148702372549023 1.586382379216518
 -1.112934276283332 1.602767971161407
 -1.075508260671484 1.619491980243931
 -1.035344686716104 1.633592926241269
 -0.9926866543490689 1.645595297995261
 -0.9481104636766575 1.658283359630323
 -0.9006069619081745 1.670814297220689
 -0.8485899294962234 1.679757031156757
 -0.7920024348038370 1.685338946063158
 -0.7308558277541853 1.689921380065526
 -0.6622003487255225 1.689824486440677
 -0.5822680646982927 1.676698454425891
 -0.4930443968582967 1.650484562510975
 -0.4104557812421604 1.557619860155723
 -0.3933379859461750 1.449899226884215
 -0.4472623660005417 1.340100458614726
 -0.5283925506918217 1.254717068020076
 -0.6006941935571589 1.200251642452937
 -0.6636750275968255 1.159009398434600
 -0.7293280274995355 1.116016691125695
 -0.7963636302408101 1.074426642664632
 -0.8565095196433671 1.041513555123355
 -0.9107999162041657 1.013692647888924
 -0.9662216528139882 0.9834430088978220
 -1.022878818273142 0.9517152276483785
 -1.075346312373391 0.9241126709550972
 -1.123315931094478 0.9000162745375224
 -1.171624902362548 0.8741760510199070
 -1.221212388249240 0.8461742421886549
 -1.268096903424056 0.8203120265162711
 -1.311171537094173 0.7972906044983530
 -1.353994843554711 0.7731979702254714
 -1.398047338386944 0.7467948960360814
 -1.440350372069490 0.7213680978810494
 -1.479302260607273 0.6983598014375532
 -1.517527457687036 0.6748546823115555
 -1.556855469416868 0.6491031125120895
 -1.595107959693970 0.6235423022400886
 -1.630378854500146 0.6000556546227181
 -1.664530290804319 0.5765553915236776
 -1.699600536583818 0.5509855517592134
 -1.734097145421149 0.5250375181243411
 -1.765946440534029 0.5008425348240615
 -1.796350804167790 0.4770378181050532
 -1.827445858650659 0.4514119145754705
 -1.858348431567325 0.4249847221598773
 -1.886925513254920 0.3999921978907801
 -1.913791936555145 0.3757228168782809
 -1.941086809586654 0.3499309534904496
 -1.968476210977730 0.3230259744872623
 -1.993858886075160 0.2972329035564633
 -2.017321446366654 0.2724300984074812
 -2.040924688176106 0.2464409281162279
 -2.064829794958255 0.2191201854994173
 -2.087046344022179 0.1925833265885801
 -2.107188986324464 0.1672414900262648
 -2.127168508668401 0.1410779233760144
 -2.147584978548829 0.1134483996217128
 -2.166626968556066 8.627185888335120E-02
 -2.183501974127140 6.043530428550592E-02
 -2.199912171574138 3.416381044449524E-02
 -2.216813204310356 6.371045664079533E-03
 -2.232625130834906 -2.129909481390213E-02
 -2.246413088280566 -4.753521578153297E-02
 -2.259842685647054 -7.460013096224896E-02
 -2.272653076238642 -0.1016901172015200
 -2.284556279649256 -0.1288070612451817
 -2.295585202825004 -0.1559368099574909
 -2.305829859548536 -0.1830693932052383
 -2.315272434065877 -0.2102000483336600
 -2.323854098673916 -0.2373168475024600
 -2.331580862646822 -0.2644017843341493
 -2.338497102483041 -0.2914430354946053
 -2.344604951845829 -0.3184346773330451
 -2.349871102574199 -0.3453648662163490
 -2.354291674045543 -0.3722154618227192
 -2.357897265735298 -0.3989738992080127
 -2.360699385658890 -0.4256346338304274
 -2.362677132282826 -0.4521873072636694
 -2.363821494089879 -0.4786141695794067
 -2.364154525511251 -0.5049018950996339
 -2.363692919006910 -0.5310454284524848
 -2.362424375389427 -0.5570362526246683
 -2.360336837337885 -0.5828571621091370
 -2.357445362910966 -0.6084938029592497
 -2.353769520386865 -0.6339413486990562
 -2.349304106573005 -0.6591932242848563
 -2.344035388207915 -0.6842328418090288
 -2.337971988638091 -0.7090444412704202
 -2.331134784356549 -0.7336230035171791
 -2.323525077413132 -0.7579639479213572
 -2.315128655879698 -0.7820514057317455
 -2.305947912202757 -0.8058677609009388
 -2.296003794466146 -0.8294072818400501
 -2.285304045607837 -0.8526675084252897
 -2.273835225599072 -0.8756335084472118
 -2.261593484629452 -0.8982852697562173
 -2.248598711811747 -0.9206157305363245
 -2.234865499637793 -0.9426248982533759
 -2.220382661812166 -0.9642992352972688
 -2.205139775402919 -0.9856155986889823
 -2.189154409210018 -1.006564807140555
 -2.172449126367294 -1.027150205786722
 -2.155017005647609 -1.047360612435105
 -2.136839879069286 -1.067168462036753
 -2.117931107841483 -1.086561225448993
 -2.098324065902723 -1.105547875456072
 -2.078019465596042 -1.124121784474564
 -2.056987174369949 -1.142247566574053
 -2.035232166203534 -1.159906614446765
 -2.012808540046727 -1.177121589792780
 -1.989732757250662 -1.193896777630319
 -1.965937574512021 -1.210170350570826
 -1.941407086606187 -1.225909652435237
 -1.916380010923189 -1.241278025337495
 -1.890416210289699 -1.256121367290729
 -1.864092025549856 -1.270337895377185
 -1.837065092367616 -1.283962585221689
 -1.809218283646606 -1.297279787396003
 -1.780723553331034 -1.310150155441454
 -1.751729210405213 -1.322256301007408
 -1.722115086184245 -1.333704751567628
 -1.691721630572538 -1.344812142114732
 -1.660646552159326 -1.355486457128269
 -1.629072721782244 -1.365383649632862
 -1.596937690101492 -1.374549044703534
 -1.564053231529571 -1.383327887066770
 -1.530459981248545 -1.391702899328334
 -1.496359173069115 -1.399309379080834
 -1.461740039695838 -1.406114020585818
 -1.426395924420164 -1.412479769860729
 -1.390309091977322 -1.418476352249515
 -1.353687817083356 -1.423730259570418
 -1.316574212763388 -1.428118136115865
 -1.278751873560442 -1.432006881833114
 -1.240139932548699 -1.435563878677838
 -1.200942327139008 -1.438421921226701
 -1.161256649870748 -1.440357153787379
 -1.120865073841751 -1.441724337619928
 -1.079616387944170 -1.442800117295326
 -1.037696857230798 -1.443242215428603
 -0.9952624935456522 -1.442714859367675
 -0.9521022307924056 -1.441541624895159
 -0.9079834486267837 -1.440123463785380
 -0.8630571801792817 -1.438167032694672
 -0.8175407731853176 -1.435210080640143
 -0.7712375307112245 -1.431521492760326
 -0.7238144382781770 -1.427649800382311
 -0.6753608390299857 -1.423384761196493
 -0.6261576223183574 -1.418116180040426
 -0.5760275040018668 -1.412027445767512
 -0.5244993450370987 -1.405858174636795
 -0.4715531797912442 -1.399538705923092
 -0.4175317468113595 -1.392275220702456
 -0.3622713245364176 -1.384123358212572
 -0.3050718674990242 -1.376116372006516
 -0.2456947339714978 -1.368452093394632
 -0.1845219482445740 -1.360091158439346
 -0.1213440284671516 -1.350916399846219
 -5.493965002461931E-02 -1.342604016153721
 1.550764203132504E-02 -1.336070486003703
 8.972953946293871E-02 -1.329994114340009
 0.1684126762733065 -1.324387267095992
 0.2548826154826024 -1.324273247601195
 0.3522373721272672 -1.335814203282119
 0.4580840720058538 -1.357728607320053
 0.5572696039283330 -1.445849157843625
 0.5905926023064691 -1.548303231157637
 0.5524864438945101 -1.651750592344506
 0.4869464802282889 -1.729475540088019
 0.4299187158896616 -1.775267045904664
 0.3816994892929689 -1.807089216573579
 0.3303470809443781 -1.839701453857908
 0.2773268941504818 -1.869650344682314
 0.2308479840480029 -1.889824732363444
 0.1896634152743312 -1.904138677774128
 0.1468007801285239 -1.920001580195527
 0.1023470980519786 -1.936114788746985
 6.170664288309957E-02 -1.946938983862075
 2.496183827610587E-02 -1.953457048579922
 -1.275729085203137E-02 -1.960903017921985
 -5.218978058614776E-02 -1.969317527966658
 -8.932519690026708E-02 -1.974361615238316
 -0.1232886835279123 -1.975713132935750
 -0.1577257937842584 -1.977367325856352
 -0.1939163730498311 -1.980173514365049
 -0.2287972081521795 -1.980697122409072
 -0.2609966196057083 -1.977870675389549
 -0.2932872221023856 -1.974798149546190
 -0.3273077018565614 -1.972842961301912
 -0.3607337073276836 -1.969298213546117
 -0.3918772378411993 -1.962628522109046
 -0.4228178300557182 -1.955223498967525
 -0.4554256969265349 -1.948774286546278
 -0.4879939199538605 -1.941180834931314
 -0.5186427863213068 -1.930604645895598
 -0.5488723274992904 -1.918833332863316
 -0.5806898645805371 -1.907754456604591
 -0.6129190964498574 -1.895772114424418
 -0.6435804773219640 -1.880846537446215
 -0.6736841296549615 -1.864250246656886
 -0.7053051149989418 -1.847967184270437
 -0.7377193859762885 -1.830789559003698
 -0.7689127343364454 -1.810520511169408
 -0.7994962542429924 -1.787996625623170
 -0.8315706412561572 -1.765213341584518
 -0.8647670657806688 -1.741163465843487
 -0.8970606302094460 -1.713431263490022
 -0.9287840052375855 -1.682489509661707
 -0.9620602842745376 -1.650229426952990
 -0.9966641454452734 -1.615355656447948
 -1.030417296419168 -1.574778951917753
 -1.063545123876068 -1.528563701430831
 -1.098086931658110 -1.477900403371791
 -1.132330758831858 -1.418394567611555
 -1.160929423669780 -1.342608163054068
 -1.182839361259401 -1.252231254128349
 -1.143710477712941 -1.134275063763761
 -1.058980570436060 -1.065590301544902
 -0.9369298577832583 -1.057390800420565
 -0.8224205801214022 -1.084959906079612
 -0.7391013165196609 -1.120342252752775
 -0.6718940684708713 -1.154264132973490
 -0.6018347918125350 -1.189624945069441
 -0.5322989519299912 -1.226884455770855
 -0.4737224373009863 -1.262515780156040
 -0.4224836265992395 -1.295622189142008
 -0.3685758024727254 -1.328494001472413
 -0.3127701551754147 -1.361696655441737
 -0.2626318928195088 -1.393333559858821
 -0.2177789920216851 -1.422828270072349
 -0.1712462163819267 -1.451744954662383
 -0.1222021956388012 -1.480688072734434
 -7.636260228095677E-02 -1.508360146083750
 -3.488814914713863E-02 -1.534153162091821
 7.388337407533366E-03 -1.559192916224252
 5.228031780966706E-02 -1.584141958754354
 9.545208779009674E-02 -1.608064061503071
 0.1348538012768593 -1.630293238280423
 0.1743224300988342 -1.651644670453166
 0.2162879495974159 -1.672827942791800
 0.2575505057728339 -1.693175165993787
 0.2955259866622977 -1.711977333101458
 0.3329535296537716 -1.729803212967078
 0.3726327833502446 -1.747390016846856
 0.4123527440749628 -1.764290939626964
 0.4492308618135850 -1.779775746637206
 0.4850485330390188 -1.794204339570438
 0.5227887437320011 -1.808320494919872
 0.5611266501729375 -1.821869311900210
 0.5970593519384720 -1.834121528473141
 0.6315104640795328 -1.845253843053713
 0.6674943095000871 -1.855995964798155
 0.7044894055006717 -1.866263392695681
 0.7395181977170729 -1.875348898680663
 0.7727293372069537 -1.883266669356430
 0.8070382398071848 -1.890713091229455
 0.8426512503546738 -1.897755149674571
 0.8767411188400638 -1.903726816092934
 0.9087591142327248 -1.908499937744898
 0.9414071887774177 -1.912720928325102
 0.9755432931833224 -1.916587348020001
 1.008599862853345 -1.919489924735697
 1.039412478266880 -1.921185830950329
 1.070369358052060 -1.922261731900042
 1.102889114761415 -1.923002073209592
 1.134758122603906 -1.922860533023633
 1.164373248581466 -1.921683193954058
 1.194526951362481 -1.919781108845676
 1.224392762929654 -1.917330239410756
 1.253828327049774 -1.914080243928931
 1.282837840220796 -1.910066697219361
 1.311457674945407 -1.905372538571117
 1.339674798766605 -1.899984720416051
 1.367449468020126 -1.893858260388970
 1.394769093362719 -1.887007365862709
 1.421645623735898 -1.879476379679312
 1.448074995939232 -1.871270111470756
 1.474030299005072 -1.862365637340030
 1.499493882642603 -1.852768666730273
 1.524470165028720 -1.842511982036628
 1.548960098457083 -1.831608321763703
 1.572944261500630 -1.820044763865659
 1.596402776511899 -1.807822379103819
 1.619335130330814 -1.794966930014872
 1.641745291106899 -1.781495400379136
 1.663619733296562 -1.767401397294494
 1.684937527833160 -1.752683081568258
 1.705693772863595 -1.737360670835097
 1.725894072676184 -1.721453524959011
 1.745530131519761 -1.704960425364898
 1.764580717214196 -1.687877772653258
 1.783036492871373 -1.670220914861800
 1.800903550024792 -1.652010441139741
 1.818178572759207 -1.633249769409298
 1.834840712368872 -1.613934526155268
 1.850875909132475 -1.594075591320806
 1.866289673390356 -1.573693972273122
 1.881083746081801 -1.552797604655093
 1.895238475519717 -1.531382315165110
 1.908734605768967 -1.509454775844368
 1.921575965673900 -1.487035742077775
 1.933769857946042 -1.464137847601043
 1.945298965523426 -1.440758173603214
 1.956138034532326 -1.416899265049948
 1.966287898144114 -1.392580927612312
 1.975762734897362 -1.367821028970025
 1.984549400115833 -1.342619166260750
 1.992614937776040 -1.316973388075292
 1.999955177926720 -1.290901530131547
 2.006594578196234 -1.264428008715974
 2.012527755100489 -1.237556754527454
 2.017708997249061 -1.210279364976120
 2.022124677230268 -1.182609451308111
 2.025821470127036 -1.154582533738343
 2.028811317549568 -1.126210725705969
 2.031007053757066 -1.097466706496360
 2.032372445056560 -1.068353029870475
 2.033168308563249 -1.038994760095434
 2.033041119455064 -1.009087778191421
 2.032190901561629 -0.9791821014295737
 2.030476762494533 -0.9489637457851176
 2.028086393524318 -0.9181891009312395
 2.024985094049947 -0.8870767565812426
 2.020972152189065 -0.8559138462584661
 2.016079739097702 -0.8245430370921705
 2.010502293675395 -0.7926678371500852
 2.004208982438510 -0.7604188723128813
 1.996993287385092 -0.7281265368592512
 1.988863236511638 -0.6957140855369668
 1.980023707728059 -0.6628458878423683
 1.970480055963067 -0.6295657735725286
 1.960017056572389 -0.5962303675233125
 1.948600482292713 -0.5628469978125610
 1.936441325241071 -0.5290552214720858
 1.923591101704224 -0.4948048166400791
 1.909830481466272 -0.4604629086024797
 1.895073691863316 -0.4261276461626597
 1.879530274841838 -0.3914281667237325
 1.863304753964679 -0.3562107464957744
 1.846181088712246 -0.3208356031690329
 1.828014210637894 -0.2854991822079892
 1.809002438554026 -0.2498354593517131
 1.789309748133005 -0.2135751596539838
 1.768732850990702 -0.1770507320748435
 1.747058965402526 -0.1405651731605435
 1.724462783168109 -0.1037739064184786
 1.701175228537570 -6.627500083390780E-02
 1.677017775288512 -2.834592660648549E-02
 1.651698776194535 9.593962112014687E-03
 1.625352744149476 4.784945243226146E-02
 1.598288213977952 8.698320901629031E-02
 1.570367782070803 0.1268127372771061
 1.541203448591935 0.1667896823192535
 1.510865390876453 0.2071592711395972
 1.479758565872033 0.2486993302479702
 1.447812662804619 0.2913923200269978
 1.414511583593592 0.3345445107260983
 1.379821652451725 0.3783255089951114
 1.344287670470832 0.4238581987691426
 1.307961643727495 0.4714481655019394
 1.270134468793367 0.5202448844840748
 1.230599934889418 0.5703711886730141
 1.190199010224445 0.6237228754805137
 1.149317161110165 0.6814652549537741
 1.106943920170764 0.7427051178147879
 1.062746679617123 0.8080432895200041
 1.019412966233454 0.8828714437915521
 0.9807303487147520 0.9729536140655458
 0.9467854293811055 1.075576747086116
 0.9735072987687492 1.205534212680641
 1.045573629790809 1.285619812463381
 1.154214751739081 1.304342591831425
 1.254296512825892 1.286445792205124
 1.322467002309964 1.259954052475164
 1.374135423811154 1.234106062626047
 1.428054653947924 1.205939691092820
 1.480501247613975 1.174997307828112
 1.521212234902869 1.144832584779718
 1.554200759643741 1.116322674683153
 1.589369753691330 1.087133994984439
 1.625551042671642 1.056692581290123
 1.655245298201268 1.026909012250056
 1.679262510133932 0.9983461103622273
 1.704570473304027 0.9694033709996666
 1.731573897630171 0.9394610881777889
 1.754509913503393 0.9098229179054799
 1.772662105476858 0.8810854345335631
 1.791313233697032 0.8520891186789427
 1.811838753866158 0.8221502519116306
 1.829732629285082 0.7922043666297927
 1.843384560090489 0.7629056348143678
 1.856868975904694 0.7334048898270601
 1.872185973093057 0.7029646959888709
 1.885829134222092 0.6722445522259439
 1.895624777258943 0.6419386179191682
 1.904682135210033 0.6114407674824991
 1.915400886854240 0.5799769201985276
 1.925108876366935 0.5479752858932639
 1.931274061170502 0.5161444945040030
 1.936194575637639 0.4840792873829804
 1.942508755892822 0.4509850538554050
 1.948246359102615 0.4170825492220282
 1.950651120709403 0.3830662259825719
 1.951330137443750 0.3486975529208368
 1.953039084437668 0.3131714451270299
 1.954369960068657 0.2765110503821259
 1.952413123913717 0.2393622943559870
 1.948198626792015 0.2016142464066511
 1.944504917539489 0.1624453704231110
 1.940275326452153 0.1216714855995556
 1.932405316925550 7.983833724875243E-02
 1.921470659586654 3.689421166644508E-02
 1.910170747951195 -8.053932677333004E-03
 1.897271107353448 -5.545864077274128E-02
 1.879007225915392 -0.1049780792390032
 1.855547558679905 -0.1567752446323275
 1.828942759412295 -0.2120209766937343
 1.794531107557380 -0.2714299188291219
 1.743197488368073 -0.3340902913718231
 1.675883758117698 -0.3982533083826257
 1.554166258955101 -0.4233447963919622
 1.452318556382235 -0.3843089253393135
 1.384192223783800 -0.2827096581941602
 1.350813130813224 -0.1697571619404634
 1.339795510076820 -7.990938970016204E-02
 1.335569096067697 -4.745265461110759E-03
 1.331162819312070 7.360825394374626E-02
 1.328662582170801 0.1524578131062234
 1.330231956944353 0.2210022250326850
 1.333283542803405 0.2819295412530834
 1.334797455286714 0.3450509925745909
 1.335648973448557 0.4099814277933583
 1.337978205192899 0.4692208889037243
 1.341094923116163 0.5228119955348267
 1.342871118744475 0.5775689036424760
 1.343414583888041 0.6345138305457791
 1.344459505705013 0.6880481195674790
 1.346059686241312 0.7368625575934680
 1.346606506147178 0.7859949459987809
 1.345767020577277 0.8373470627182727
 1.344898284279393 0.8866959636220219
 1.344448459330414 0.9319334368428702
 1.343205027588202 0.9767899881416104
 1.340567519819452 1.023724830279710
 1.337557453921136 1.069632863753698
 1.334852867837848 1.111921678478740
 1.331576761150548 1.153247821443401
 1.326967753233574 1.196404465087643
 1.321744401346187 1.239253421502623
 1.316715578720444 1.278933211813144
 1.311302271128771 1.317166521465385
 1.304657114918658 1.356908580344402
 1.297221781394388 1.396884589740333
 1.289866161316448 1.434129330582361
 1.282281472475613 1.469531026175432
 1.273592500086568 1.506065011307706
 1.263986805477058 1.543237418208419
 1.254340688358087 1.578115995124200
 1.244592109159700 1.610836570948948
 1.233886448368921 1.644272163113228
 1.222178544603582 1.678634964175154
 1.210305225182115 1.711143489504354
 1.198429872091739 1.741258447718633
 1.185761319890984 1.771643004949087
 1.172041685365507 1.803138948398288
 1.158027105702721 1.833218065852346
 1.144089495860261 1.860750526664823
 1.129542813522078 1.888097921455547
 1.113924089548942 1.916631027545512
 1.097867008231000 1.944159627837536
 1.082039839699100 1.969218409735591
 1.065315734284573 1.994381239807925
 1.048260313308988 2.019020356612276
 1.030727952599483 2.042887305174113
 1.012747362604209 2.066003507176852
 0.9943721846031294 2.088441931776355
 0.9755976352992719 2.110184768749711
 0.9564046306537898 2.131175107891430
 0.9368117692841031 2.151409150196858
 0.9168514787471422 2.170919415173918
 0.8965299559065965 2.189704788803801
 0.8758408035691274 2.207730503556379
 0.8547977914029398 2.224984128552993
 0.8334271007065777 2.241485881244641
 0.8117392872018074 2.257242955594130
 0.7897328707821956 2.272232071129328
 0.7674187175779803 2.286436548683226
 0.7448193951804368 2.299868825114506
 0.7219476279000119 2.312540828831620
 0.6988046420928646 2.324437649919163
 0.6753993095047252 2.335540243677396
 0.6517515900473699 2.345854473794346
 0.6278754477106809 2.355394873658068
 0.6037739750532437 2.364153649649754
 0.5794546709937195 2.372110614462287
 0.5549354957667184 2.379265356132220
 0.5302312343317569 2.385633444656920
 0.5053465046539256 2.391213717330656
 0.4802879435108264 2.395985931887013
 0.4550720030702814 2.399943352221745
 0.4297141210757898 2.403101254113172
 0.4042202995260358 2.405465113080383
 0.3785967500793548 2.407015823612322
 0.3528588788604846 2.407740045600586
 0.3270227461378472 2.407651472614099
 0.3010956416917513 2.406762745854419
 0.2750836962887405 2.405057408900483
 0.2490017408705922 2.402514863738930
 0.2228665110659040 2.399145734752867
 0.1966863914699315 2.394971234756748
 0.1704676055317756 2.389979778695854
 0.1442249412932453 2.384141850112046
 0.1179759299147629 2.377462755580540
 9.172948770648859E-02 2.369975884172046
 6.549171049555336E-02 2.361678539002018
 3.927817712088821E-02 2.352526931550173
 1.310748897326652E-02 2.342516065754876
 -1.301293008030924E-02 2.331704123531122
 -3.907856029890633E-02 2.320107503336288
 -6.506947924504480E-02 2.307637057067186
 -9.096535845037323E-02 2.294262682305712
 -0.1167882976400604 2.280272785432929
 -0.1426249091653653 2.265209145482150
 -0.1680988760117728 2.249519996806759
 -0.1934116701269169 2.232926331006807
 -0.2188681098777115 2.215468888327243
 -0.2442615407189129 2.197226912022697
 -0.2692429417838526 2.178170147265874
 -0.2939646529134566 2.158247788659798
 -0.3187806631028577 2.137479979264817
 -0.3435624302791848 2.115905329441150
 -0.3679205656028481 2.093510186492114
 -0.3919255464101459 2.070263130240500
 -0.4159704761984880 2.046173774909138
 -0.4400200747145223 2.021268672900863
 -0.4636578835032734 1.995539746604146
 -0.4868604425968742 1.968961018398379
 -0.5100454008209065 1.941534991332815
 -0.5332820097269025 1.913281168889594
 -0.5561426643829166 1.884193168172897
 -0.5784994790999284 1.854245782278525
 -0.6007784012813960 1.823435048556846
 -0.6231648214159802 1.791774625173612
 -0.6452387615732373 1.759257524395734
 -0.6667575607671460 1.725856335995368
 -0.6881373647122749 1.691559796971641
 -0.7096933601888352 1.656375276949310
 -0.7310359937599045 1.620292947503446
 -0.7517964718568740 1.583280032528218
 -0.7723605523757028 1.545315531313637
 -0.7931917799107858 1.506398464619287
 -0.8139605951092306 1.466512959301158
 -0.8341580030092179 1.425616118528128
 -0.8541152134382516 1.383672040328065
 -0.8744737756997752 1.340666591366020
 -0.8950069430408171 1.296572023919387
 -0.9150458262735771 1.251326497721173
 -0.9348378868745862 1.204868174627915
 -0.9552592208349346 1.157158844388825
 -0.9762594830133746 1.108146385896094
 -0.9969798367822330 1.057730709976358
 -1.017550327915307 1.005797849217461
 -1.039215802971807 0.9522581732373731
 -1.062266909755998 0.8970039278926928
 -1.085612520548793 0.8398462739552718
 -1.109255906422266 0.7805452111732050
 -1.135259360199826 0.7188811406732072
 -1.164824803141490 0.6546052310499285
 -1.196673459633703 0.5872889965252215
 -1.231159355890429 0.5163439775759879
 -1.274295581716056 0.4414018038096432
 -1.332967720842019 0.3628605892165735
 -1.404869501386959 0.2821518602339370
   
   
 #BODY NUMBER  3
 1.916380010923189 1.241278025337495
 1.890416210289699 1.256121367290729
 1.864092025549856 1.270337895377185
 1.837065092367616 1.283962585221689
 1.809218283646606 1.297279787396003
 1.780723553331034 1.310150155441454
 1.751729210405213 1.322256301007408
 1.722115086184245 1.333704751567628
 1.691721630572538 1.344812142114732
 1.660646552159326 1.355486457128269
 1.629072721782244 1.365383649632862
 1.596937690101492 1.374549044703534
 1.564053231529571 1.383327887066770
 1.530459981248545 1.391702899328334
 1.496359173069115 1.399309379080834
 1.461740039695838 1.406114020585818
 1.426395924420164 1.412479769860729
 1.390309091977322 1.418476352249515
 1.353687817083356 1.423730259570418
 1.316574212763388 1.428118136115865
 1.278751873560442 1.432006881833114
 1.240139932548699 1.435563878677838
 1.200942327139008 1.438421921226701
 1.161256649870748 1.440357153787379
 1.120865073841751 1.441724337619928
 1.079616387944170 1.442800117295326
 1.037696857230798 1.443242215428603
 0.9952624935456522 1.442714859367675
 0.9521022307924056 1.441541624895159
 0.9079834486267837 1.440123463785380
 0.8630571801792817 1.438167032694672
 0.8175407731853176 1.435210080640143
 0.7712375307112245 1.431521492760326
 0.7238144382781770 1.427649800382311
 0.6753608390299857 1.423384761196493
 0.6261576223183574 1.418116180040426
 0.5760275040018668 1.412027445767512
 0.5244993450370987 1.405858174636795
 0.4715531797912442 1.399538705923092
 0.4175317468113595 1.392275220702456
 0.3622713245364176 1.384123358212572
 0.3050718674990242 1.376116372006516
 0.2456947339714978 1.368452093394632
 0.1845219482445740 1.360091158439346
 0.1213440284671516 1.350916399846219
 5.493965002461931E-02 1.342604016153721
 -1.550764203132504E-02 1.336070486003703
 -8.972953946293871E-02 1.329994114340009
 -0.1684126762733065 1.324387267095992
 -0.2548826154826024 1.324273247601195
 -0.3522373721272672 1.335814203282119
 -0.4580840720058538 1.357728607320053
 -0.5572696039283330 1.445849157843625
 -0.5905926023064691 1.548303231157637
 -0.5524864438945101 1.651750592344506
 -0.4869464802282889 1.729475540088019
 -0.4299187158896616 1.775267045904664
 -0.3816994892929689 1.807089216573579
 -0.3303470809443781 1.839701453857908
 -0.2773268941504818 1.869650344682314
 -0.2308479840480029 1.889824732363444
 -0.1896634152743312 1.904138677774128
 -0.1468007801285239 1.920001580195527
 -0.1023470980519786 1.936114788746985
 -6.170664288309957E-02 1.946938983862075
 -2.496183827610587E-02 1.953457048579922
 1.275729085203137E-02 1.960903017921985
 5.218978058614776E-02 1.969317527966658
 8.932519690026708E-02 1.974361615238316
 0.1232886835279123 1.975713132935750
 0.1577257937842584 1.977367325856352
 0.1939163730498311 1.980173514365049
 0.2287972081521795 1.980697122409072
 0.2609966196057083 1.977870675389549
 0.2932872221023856 1.974798149546190
 0.3273077018565614 1.972842961301912
 0.3607337073276836 1.969298213546117
 0.3918772378411993 1.962628522109046
 0.4228178300557182 1.955223498967525
 0.4554256969265349 1.948774286546278
 0.4879939199538605 1.941180834931314
 0.5186427863213068 1.930604645895598
 0.5488723274992904 1.918833332863316
 0.5806898645805371 1.907754456604591
 0.6129190964498574 1.895772114424418
 0.6435804773219640 1.880846537446215
 0.6736841296549615 1.864250246656886
 0.7053051149989418 1.847967184270437
 0.7377193859762885 1.830789559003698
 0.7689127343364454 1.810520511169408
 0.7994962542429924 1.787996625623170
 0.8315706412561572 1.765213341584518
 0.8647670657806688 1.741163465843487
 0.8970606302094460 1.713431263490022
 0.9287840052375855 1.682489509661707
 0.9620602842745376 1.650229426952990
 0.9966641454452734 1.615355656447948
 1.030417296419168 1.574778951917753
 1.063545123876068 1.528563701430831
 1.098086931658110 1.477900403371791
 1.132330758831858 1.418394567611555
 1.160929423669780 1.342608163054068
 1.182839361259401 1.252231254128349
 1.143710477712941 1.134275063763761
 1.058980570436060 1.065590301544902
 0.9369298577832583 1.057390800420565
 0.8224205801214022 1.084959906079612
 0.7391013165196609 1.120342252752775
 0.6718940684708713 1.154264132973490
 0.6018347918125350 1.189624945069441
 0.5322989519299912 1.226884455770855
 0.4737224373009863 1.262515780156040
 0.4224836265992395 1.295622189142008
 0.3685758024727254 1.328494001472413
 0.3127701551754147 1.361696655441737
 0.2626318928195088 1.393333559858821
 0.2177789920216851 1.422828270072349
 0.1712462163819267 1.451744954662383
 0.1222021956388012 1.480688072734434
 7.636260228095677E-02 1.508360146083750
 3.488814914713863E-02 1.534153162091821
 -7.388337407533366E-03 1.559192916224252
 -5.228031780966706E-02 1.584141958754354
 -9.545208779009674E-02 1.608064061503071
 -0.1348538012768593 1.630293238280423
 -0.1743224300988342 1.651644670453166
 -0.2162879495974159 1.672827942791800
 -0.2575505057728339 1.693175165993787
 -0.2955259866622977 1.711977333101458
 -0.3329535296537716 1.729803212967078
 -0.3726327833502446 1.747390016846856
 -0.4123527440749628 1.764290939626964
 -0.4492308618135850 1.779775746637206
 -0.4850485330390188 1.794204339570438
 -0.5227887437320011 1.808320494919872
 -0.5611266501729375 1.821869311900210
 -0.5970593519384720 1.834121528473141
 -0.6315104640795328 1.845253843053713
 -0.6674943095000871 1.855995964798155
 -0.7044894055006717 1.866263392695681
 -0.7395181977170729 1.875348898680663
 -0.7727293372069537 1.883266669356430
 -0.8070382398071848 1.890713091229455
 -0.8426512503546738 1.897755149674571
 -0.8767411188400638 1.903726816092934
 -0.9087591142327248 1.908499937744898
 -0.9414071887774177 1.912720928325102
 -0.9755432931833224 1.916587348020001
 -1.008599862853345 1.919489924735697
 -1.039412478266880 1.921185830950329
 -1.070369358052060 1.922261731900042
 -1.102889114761415 1.923002073209592
 -1.134758122603906 1.922860533023633
 -1.164373248581466 1.921683193954058
 -1.194526951362481 1.919781108845676
 -1.224392762929654 1.917330239410756
 -1.253828327049774 1.914080243928931
 -1.282837840220796 1.910066697219361
 -1.311457674945407 1.905372538571117
 -1.339674798766605 1.899984720416051
 -1.367449468020126 1.893858260388970
 -1.394769093362719 1.887007365862709
 -1.421645623735898 1.879476379679312
 -1.448074995939232 1.871270111470756
 -1.474030299005072 1.862365637340030
 -1.499493882642603 1.852768666730273
 -1.524470165028720 1.842511982036628
 -1.548960098457083 1.831608321763703
 -1.572944261500630 1.820044763865659
 -1.596402776511899 1.807822379103819
 -1.619335130330814 1.794966930014872
 -1.641745291106899 1.781495400379136
 -1.663619733296562 1.767401397294494
 -1.684937527833160 1.752683081568258
 -1.705693772863595 1.737360670835097
 -1.725894072676184 1.721453524959011
 -1.745530131519761 1.704960425364898
 -1.764580717214196 1.687877772653258
 -1.783036492871373 1.670220914861800
 -1.800903550024792 1.652010441139741
 -1.818178572759207 1.633249769409298
 -1.834840712368872 1.613934526155268
 -1.850875909132475 1.594075591320806
 -1.866289673390356 1.573693972273122
 -1.881083746081801 1.552797604655093
 -1.895238475519717 1.531382315165110
 -1.908734605768967 1.509454775844368
 -1.921575965673900 1.487035742077775
 -1.933769857946042 1.464137847601043
 -1.945298965523426 1.440758173603214
 -1.956138034532326 1.416899265049948
 -1.966287898144114 1.392580927612312
 -1.975762734897362 1.367821028970025
 -1.984549400115833 1.342619166260750
 -1.992614937776040 1.316973388075292
 -1.999955177926720 1.290901530131547
 -2.006594578196234 1.264428008715974
 -2.012527755100489 1.237556754527454
 -2.017708997249061 1.210279364976120
 -2.022124677230268 1.182609451308111
 -2.025821470127036 1.154582533738343
 -2.028811317549568 1.126210725705969
 -2.031007053757066 1.097466706496360
 -2.032372445056560 1.068353029870475
 -2.033168308563249 1.038994760095434
 -2.033041119455064 1.009087778191421
 -2.032190901561629 0.9791821014295737
 -2.030476762494533 0.9489637457851176
 -2.028086393524318 0.9181891009312395
 -2.024985094049947 0.8870767565812426
 -2.020972152189065 0.8559138462584661
 -2.016079739097702 0.8245430370921705
 -2.010502293675395 0.7926678371500852
 -2.004208982438510 0.7604188723128813
 -1.996993287385092 0.7281265368592512
 -1.988863236511638 0.6957140855369668
 -1.980023707728059 0.6628458878423683
 -1.970480055963067 0.6295657735725286
 -1.960017056572389 0.5962303675233125
 -1.948600482292713 0.5628469978125610
 -1.936441325241071 0.5290552214720858
 -1.923591101704224 0.4948048166400791
 -1.909830481466272 0.4604629086024797
 -1.895073691863316 0.4261276461626597
 -1.879530274841838 0.3914281667237325
 -1.863304753964679 0.3562107464957744
 -1.846181088712246 0.3208356031690329
 -1.828014210637894 0.2854991822079892
 -1.809002438554026 0.2498354593517131
 -1.789309748133005 0.2135751596539838
 -1.768732850990702 0.1770507320748435
 -1.747058965402526 0.1405651731605435
 -1.724462783168109 0.1037739064184786
 -1.701175228537570 6.627500083390780E-02
 -1.677017775288512 2.834592660648549E-02
 -1.651698776194535 -9.593962112014687E-03
 -1.625352744149476 -4.784945243226146E-02
 -1.598288213977952 -8.698320901629031E-02
 -1.570367782070803 -0.1268127372771061
 -1.541203448591935 -0.1667896823192535
 -1.510865390876453 -0.2071592711395972
 -1.479758565872033 -0.2486993302479702
 -1.447812662804619 -0.2913923200269978
 -1.414511583593592 -0.3345445107260983
 -1.379821652451725 -0.3783255089951114
 -1.344287670470832 -0.4238581987691426
 -1.307961643727495 -0.4714481655019394
 -1.270134468793367 -0.5202448844840748
 -1.230599934889418 -0.5703711886730141
 -1.190199010224445 -0.6237228754805137
 -1.149317161110165 -0.6814652549537741
 -1.106943920170764 -0.7427051178147879
 -1.062746679617123 -0.8080432895200041
 -1.019412966233454 -0.8828714437915521
 -0.9807303487147520 -0.9729536140655458
 -0.9467854293811055 -1.075576747086116
 -0.9735072987687492 -1.205534212680641
 -1.045573629790809 -1.285619812463381
 -1.154214751739081 -1.304342591831425
 -1.254296512825892 -1.286445792205124
 -1.322467002309964 -1.259954052475164
 -1.374135423811154 -1.234106062626047
 -1.428054653947924 -1.205939691092820
 -1.480501247613975 -1.174997307828112
 -1.521212234902869 -1.144832584779718
 -1.554200759643741 -1.116322674683153
 -1.589369753691330 -1.087133994984439
 -1.625551042671642 -1.056692581290123
 -1.655245298201268 -1.026909012250056
 -1.679262510133932 -0.9983461103622273
 -1.704570473304027 -0.9694033709996666
 -1.731573897630171 -0.9394610881777889
 -1.754509913503393 -0.9098229179054799
 -1.772662105476858 -0.8810854345335631
 -1.791313233697032 -0.8520891186789427
 -1.811838753866158 -0.8221502519116306
 -1.829732629285082 -0.7922043666297927
 -1.843384560090489 -0.7629056348143678
 -1.856868975904694 -0.7334048898270601
 -1.872185973093057 -0.7029646959888709
 -1.885829134222092 -0.6722445522259439
 -1.895624777258943 -0.6419386179191682
 -1.904682135210033 -0.6114407674824991
 -1.915400886854240 -0.5799769201985276
 -1.925108876366935 -0.5479752858932639
 -1.931274061170502 -0.5161444945040030
 -1.936194575637639 -0.4840792873829804
 -1.942508755892822 -0.4509850538554050
 -1.948246359102615 -0.4170825492220282
 -1.950651120709403 -0.3830662259825719
 -1.951330137443750 -0.3486975529208368
 -1.953039084437668 -0.3131714451270299
 -1.954369960068657 -0.2765110503821259
 -1.952413123913717 -0.2393622943559870
 -1.948198626792015 -0.2016142464066511
 -1.944504917539489 -0.1624453704231110
 -1.940275326452153 -0.1216714855995556
 -1.932405316925550 -7.983833724875243E-02
 -1.921470659586654 -3.689421166644508E-02
 -1.910170747951195 8.053932677333004E-03
 -1.897271107353448 5.545864077274128E-02
 -1.879007225915392 0.1049780792390032
 -1.855547558679905 0.1567752446323275
 -1.828942759412295 0.2120209766937343
 -1.794531107557380 0.2714299188291219
 -1.743197488368073 0.3340902913718231
 -1.675883758117698 0.3982533083826257
 -1.554166258955101 0.4233447963919622
 -1.452318556382235 0.3843089253393135
 -1.384192223783800 0.2827096581941602
 -1.350813130813224 0.1697571619404634
 -1.339795510076820 7.990938970016204E-02
 -1.335569096067697 4.745265461110759E-03
 -1.331162819312070 -7.360825394374626E-02
 -1.328662582170801 -0.1524578131062234
 -1.330231956944353 -0.2210022250326850
 -1.333283542803405 -0.2819295412530834
 -1.334797455286714 -0.3450509925745909
 -1.335648973448557 -0.4099814277933583
 -1.337978205192899 -0.4692208889037243
 -1.341094923116163 -0.5228119955348267
 -1.342871118744475 -0.5775689036424760
 -1.343414583888041 -0.6345138305457791
 -1.344459505705013 -0.6880481195674790
 -1.346059686241312 -0.7368625575934680
 -1.346606506147178 -0.7859949459987809
 -1.345767020577277 -0.8373470627182727
 -1.344898284279393 -0.8866959636220219
 -1.344448459330414 -0.9319334368428702
 -1.343205027588202 -0.9767899881416104
 -1.340567519819452 -1.023724830279710
 -1.337557453921136 -1.069632863753698
 -1.334852867837848 -1.111921678478740
 -1.331576761150548 -1.153247821443401
 -1.326967753233574 -1.196404465087643
 -1.321744401346187 -1.239253421502623
 -1.316715578720444 -1.278933211813144
 -1.311302271128771 -1.317166521465385
 -1.304657114918658 -1.356908580344402
 -1.297221781394388 -1.396884589740333
 -1.289866161316448 -1.434129330582361
 -1.282281472475613 -1.469531026175432
 -1.273592500086568 -1.506065011307706
 -1.263986805477058 -1.543237418208419
 -1.254340688358087 -1.578115995124200
 -1.244592109159700 -1.610836570948948
 -1.233886448368921 -1.644272163113228
 -1.222178544603582 -1.678634964175154
 -1.210305225182115 -1.711143489504354
 -1.198429872091739 -1.741258447718633
 -1.185761319890984 -1.771643004949087
 -1.172041685365507 -1.803138948398288
 -1.158027105702721 -1.833218065852346
 -1.144089495860261 -1.860750526664823
 -1.129542813522078 -1.888097921455547
 -1.113924089548942 -1.916631027545512
 -1.097867008231000 -1.944159627837536
 -1.082039839699100 -1.969218409735591
 -1.065315734284573 -1.994381239807925
 -1.048260313308988 -2.019020356612276
 -1.030727952599483 -2.042887305174113
 -1.012747362604209 -2.066003507176852
 -0.9943721846031294 -2.088441931776355
 -0.9755976352992719 -2.110184768749711
 -0.9564046306537898 -2.131175107891430
 -0.9368117692841031 -2.151409150196858
 -0.9168514787471422 -2.170919415173918
 -0.8965299559065965 -2.189704788803801
 -0.8758408035691274 -2.207730503556379
 -0.8547977914029398 -2.224984128552993
 -0.8334271007065777 -2.241485881244641
 -0.8117392872018074 -2.257242955594130
 -0.7897328707821956 -2.272232071129328
 -0.7674187175779803 -2.286436548683226
 -0.7448193951804368 -2.299868825114506
 -0.7219476279000119 -2.312540828831620
 -0.6988046420928646 -2.324437649919163
 -0.6753993095047252 -2.335540243677396
 -0.6517515900473699 -2.345854473794346
 -0.6278754477106809 -2.355394873658068
 -0.6037739750532437 -2.364153649649754
 -0.5794546709937195 -2.372110614462287
 -0.5549354957667184 -2.379265356132220
 -0.5302312343317569 -2.385633444656920
 -0.5053465046539256 -2.391213717330656
 -0.4802879435108264 -2.395985931887013
 -0.4550720030702814 -2.399943352221745
 -0.4297141210757898 -2.403101254113172
 -0.4042202995260358 -2.405465113080383
 -0.3785967500793548 -2.407015823612322
 -0.3528588788604846 -2.407740045600586
 -0.3270227461378472 -2.407651472614099
 -0.3010956416917513 -2.406762745854419
 -0.2750836962887405 -2.405057408900483
 -0.2490017408705922 -2.402514863738930
 -0.2228665110659040 -2.399145734752867
 -0.1966863914699315 -2.394971234756748
 -0.1704676055317756 -2.389979778695854
 -0.1442249412932453 -2.384141850112046
 -0.1179759299147629 -2.377462755580540
 -9.172948770648859E-02 -2.369975884172046
 -6.549171049555336E-02 -2.361678539002018
 -3.927817712088821E-02 -2.352526931550173
 -1.310748897326652E-02 -2.342516065754876
 1.301293008030924E-02 -2.331704123531122
 3.907856029890633E-02 -2.320107503336288
 6.506947924504480E-02 -2.307637057067186
 9.096535845037323E-02 -2.294262682305712
 0.1167882976400604 -2.280272785432929
 0.1426249091653653 -2.265209145482150
 0.1680988760117728 -2.249519996806759
 0.1934116701269169 -2.232926331006807
 0.2188681098777115 -2.215468888327243
 0.2442615407189129 -2.197226912022697
 0.2692429417838526 -2.178170147265874
 0.2939646529134566 -2.158247788659798
 0.3187806631028577 -2.137479979264817
 0.3435624302791848 -2.115905329441150
 0.3679205656028481 -2.093510186492114
 0.3919255464101459 -2.070263130240500
 0.4159704761984880 -2.046173774909138
 0.4400200747145223 -2.021268672900863
 0.4636578835032734 -1.995539746604146
 0.4868604425968742 -1.968961018398379
 0.5100454008209065 -1.941534991332815
 0.5332820097269025 -1.913281168889594
 0.5561426643829166 -1.884193168172897
 0.5784994790999284 -1.854245782278525
 0.6007784012813960 -1.823435048556846
 0.6231648214159802 -1.791774625173612
 0.6452387615732373 -1.759257524395734
 0.6667575607671460 -1.725856335995368
 0.6881373647122749 -1.691559796971641
 0.7096933601888352 -1.656375276949310
 0.7310359937599045 -1.620292947503446
 0.7517964718568740 -1.583280032528218
 0.7723605523757028 -1.545315531313637
 0.7931917799107858 -1.506398464619287
 0.8139605951092306 -1.466512959301158
 0.8341580030092179 -1.425616118528128
 0.8541152134382516 -1.383672040328065
 0.8744737756997752 -1.340666591366020
 0.8950069430408171 -1.296572023919387
 0.9150458262735771 -1.251326497721173
 0.9348378868745862 -1.204868174627915
 0.9552592208349346 -1.157158844388825
 0.9762594830133746 -1.108146385896094
 0.9969798367822330 -1.057730709976358
 1.017550327915307 -1.005797849217461
 1.039215802971807 -0.9522581732373731
 1.062266909755998 -0.8970039278926928
 1.085612520548793 -0.8398462739552718
 1.109255906422266 -0.7805452111732050
 1.135259360199826 -0.7188811406732072
 1.164824803141490 -0.6546052310499285
 1.196673459633703 -0.5872889965252215
 1.231159355890429 -0.5163439775759879
 1.274295581716056 -0.4414018038096432
 1.332967720842019 -0.3628605892165735
 1.404869501386959 -0.2821518602339370
 1.530776902697082 -0.2403149451629836
 1.636166232097278 -0.2626834186942559
 1.706701195633591 -0.3474080005130811
 1.741242993054181 -0.4430297478828941
 1.752385718199625 -0.5153129934295007
 1.755834913104123 -0.5729831539475319
 1.758401734892302 -0.6337617627650879
 1.757828141764457 -0.6946530368542015
 1.752060218950872 -0.7449921475837267
 1.743864174918072 -0.7878160030909758
 1.736170533819854 -0.8328675852110881
 1.727898140723620 -0.8794222074568622
 1.716951941084368 -0.9200299716120188
 1.704224348410037 -0.9551109382176944
 1.691813182451996 -0.9914996469223184
 1.679384117044023 -1.029856439788869
 1.665184716603126 -1.064538697332836
 1.649373421948946 -1.094627698402187
 1.633587439912774 -1.125278207177410
 1.617922380816327 -1.158023262453418
 1.600935421132903 -1.188492755779279
 1.582387940484781 -1.214965040575182
 1.563581753802308 -1.241393259719130
 1.544878271236496 -1.269878265313041
 1.525095426894408 -1.297053661320173
 1.503747539417744 -1.320689904189878
 1.481864305154315 -1.343782731485026
 1.459975189927705 -1.368797366347751
 1.437114956413075 -1.393205549038050
 1.412631274849195 -1.414460151391595
 1.387322248138348 -1.434754045480336
 1.361818891312285 -1.456769402749186
 1.335327262652757 -1.478689565202390
 1.307070643387440 -1.497780311463643
 1.277646007788788 -1.515552693736049
 1.247733969438726 -1.534795739143407
 1.216650574092368 -1.554278508621573
 1.183500389577272 -1.571158216813421
 1.148702372549023 -1.586382379216518
 1.112934276283332 -1.602767971161407
 1.075508260671484 -1.619491980243931
 1.035344686716104 -1.633592926241269
 0.9926866543490689 -1.645595297995261
 0.9481104636766575 -1.658283359630323
 0.9006069619081745 -1.670814297220689
 0.8485899294962234 -1.679757031156757
 0.7920024348038370 -1.685338946063158
 0.7308558277541853 -1.689921380065526
 0.6622003487255225 -1.689824486440677
 0.5822680646982927 -1.676698454425891
 0.4930443968582967 -1.650484562510975
 0.4104557812421604 -1.557619860155723
 0.3933379859461750 -1.449899226884215
 0.4472623660005417 -1.340100458614726
 0.5283925506918217 -1.254717068020076
 0.6006941935571589 -1.200251642452937
 0.6636750275968255 -1.159009398434600
 0.7293280274995355 -1.116016691125695
 0.7963636302408101 -1.074426642664632
 0.8565095196433671 -1.041513555123355
 0.9107999162041657 -1.013692647888924
 0.9662216528139882 -0.9834430088978220
 1.022878818273142 -0.9517152276483785
 1.075346312373391 -0.9241126709550972
 1.123315931094478 -0.9000162745375224
 1.171624902362548 -0.8741760510199070
 1.221212388249240 -0.8461742421886549
 1.268096903424056 -0.8203120265162711
 1.311171537094173 -0.7972906044983530
 1.353994843554711 -0.7731979702254714
 1.398047338386944 -0.7467948960360814
 1.440350372069490 -0.7213680978810494
 1.479302260607273 -0.6983598014375532
 1.517527457687036 -0.6748546823115555
 1.556855469416868 -0.6491031125120895
 1.595107959693970 -0.6235423022400886
 1.630378854500146 -0.6000556546227181
 1.664530290804319 -0.5765553915236776
 1.699600536583818 -0.5509855517592134
 1.734097145421149 -0.5250375181243411
 1.765946440534029 -0.5008425348240615
 1.796350804167790 -0.4770378181050532
 1.827445858650659 -0.4514119145754705
 1.858348431567325 -0.4249847221598773
 1.886925513254920 -0.3999921978907801
 1.913791936555145 -0.3757228168782809
 1.941086809586654 -0.3499309534904496
 1.968476210977730 -0.3230259744872623
 1.993858886075160 -0.2972329035564633
 2.017321446366654 -0.2724300984074812
 2.040924688176106 -0.2464409281162279
 2.064829794958255 -0.2191201854994173
 2.087046344022179 -0.1925833265885801
 2.107188986324464 -0.1672414900262648
 2.127168508668401 -0.1410779233760144
 2.147584978548829 -0.1134483996217128
 2.166626968556066 -8.627185888335120E-02
 2.183501974127140 -6.043530428550592E-02
 2.199912171574138 -3.416381044449524E-02
 2.216813204310356 -6.371045664079533E-03
 2.232625130834906 2.129909481390213E-02
 2.246413088280566 4.753521578153297E-02
 2.259842685647054 7.460013096224896E-02
 2.272653076238642 0.1016901172015200
 2.284556279649256 0.1288070612451817
 2.295585202825004 0.1559368099574909
 2.305829859548536 0.1830693932052383
 2.315272434065877 0.2102000483336600
 2.323854098673916 0.2373168475024600
 2.331580862646822 0.2644017843341493
 2.338497102483041 0.2914430354946053
 2.344604951845829 0.3184346773330451
 2.349871102574199 0.3453648662163490
 2.354291674045543 0.3722154618227192
 2.357897265735298 0.3989738992080127
 2.360699385658890 0.4256346338304274
 2.362677132282826 0.4521873072636694
 2.363821494089879 0.4786141695794067
 2.364154525511251 0.5049018950996339
 2.363692919006910 0.5310454284524848
 2.362424375389427 0.5570362526246683
 2.360336837337885 0.5828571621091370
 2.357445362910966 0.6084938029592497
 2.353769520386865 0.6339413486990562
 2.349304106573005 0.6591932242848563
 2.344035388207915 0.6842328418090288
 2.337971988638091 0.7090444412704202
 2.331134784356549 0.7336230035171791
 2.323525077413132 0.7579639479213572
 2.315128655879698 0.7820514057317455
 2.305947912202757 0.8058677609009388
 2.296003794466146 0.8294072818400501
 2.285304045607837 0.8526675084252897
 2.273835225599072 0.8756335084472118
 2.261593484629452 0.8982852697562173
 2.248598711811747 0.9206157305363245
 2.234865499637793 0.9426248982533759
 2.220382661812166 0.9642992352972688
 2.205139775402919 0.9856155986889823
 2.189154409210018 1.006564807140555
 2.172449126367294 1.027150205786722
 2.155017005647609 1.047360612435105
 2.136839879069286 1.067168462036753
 2.117931107841483 1.086561225448993
 2.098324065902723 1.105547875456072
 2.078019465596042 1.124121784474564
 2.056987174369949 1.142247566574053
 2.035232166203534 1.159906614446765
 2.012808540046727 1.177121589792780
 1.989732757250662 1.193896777630319
 1.965937574512021 1.210170350570826
 1.941407086606187 1.225909652435237
 1.916380010923189 1.241278025337495
   
   
 #BODY NUMBER  4
 -1.675883758117698 0.3982533083826257
 -1.554166258955101 0.4233447963919622
 -1.452318556382235 0.3843089253393135
 -1.384192223783800 0.2827096581941602
 -1.350813130813224 0.1697571619404634
 -1.339795510076820 7.990938970016204E-02
 -1.335569096067697 4.745265461110759E-03
 -1.331162819312070 -7.360825394374626E-02
 -1.328662582170801 -0.1524578131062234
 -1.330231956944353 -0.2210022250326850
 -1.333283542803405 -0.2819295412530834
 -1.334797455286714 -0.3450509925745909
 -1.335648973448557 -0.4099814277933583
 -1.337978205192899 -0.4692208889037243
 -1.341094923116163 -0.5228119955348267
 -1.342871118744475 -0.5775689036424760
 -1.343414583888041 -0.6345138305457791
 -1.344459505705013 -0.6880481195674790
 -1.346059686241312 -0.7368625575934680
 -1.346606506147178 -0.7859949459987809
 -1.345767020577277 -0.8373470627182727
 -1.344898284279393 -0.8866959636220219
 -1.344448459330414 -0.9319334368428702
 -1.343205027588202 -0.9767899881416104
 -1.340567519819452 -1.023724830279710
 -1.337557453921136 -1.069632863753698
 -1.334852867837848 -1.111921678478740
 -1.331576761150548 -1.153247821443401
 -1.326967753233574 -1.196404465087643
 -1.321744401346187 -1.239253421502623
 -1.316715578720444 -1.278933211813144
 -1.311302271128771 -1.317166521465385
 -1.304657114918658 -1.356908580344402
 -1.297221781394388 -1.396884589740333
 -1.289866161316448 -1.434129330582361
 -1.282281472475613 -1.469531026175432
 -1.273592500086568 -1.506065011307706
 -1.263986805477058 -1.543237418208419
 -1.254340688358087 -1.578115995124200
 -1.244592109159700 -1.610836570948948
 -1.233886448368921 -1.644272163113228
 -1.222178544603582 -1.678634964175154
 -1.210305225182115 -1.711143489504354
 -1.198429872091739 -1.741258447718633
 -1.185761319890984 -1.771643004949087
 -1.172041685365507 -1.803138948398288
 -1.158027105702721 -1.833218065852346
 -1.144089495860261 -1.860750526664823
 -1.129542813522078 -1.888097921455547
 -1.113924089548942 -1.916631027545512
 -1.097867008231000 -1.944159627837536
 -1.082039839699100 -1.969218409735591
 -1.065315734284573 -1.994381239807925
 -1.048260313308988 -2.019020356612276
 -1.030727952599483 -2.042887305174113
 -1.012747362604209 -2.066003507176852
 -0.9943721846031294 -2.088441931776355
 -0.9755976352992719 -2.110184768749711
 -0.9564046306537898 -2.131175107891430
 -0.9368117692841031 -2.151409150196858
 -0.9168514787471422 -2.170919415173918
 -0.8965299559065965 -2.189704788803801
 -0.8758408035691274 -2.207730503556379
 -0.8547977914029398 -2.224984128552993
 -0.8334271007065777 -2.241485881244641
 -0.8117392872018074 -2.257242955594130
 -0.7897328707821956 -2.272232071129328
 -0.7674187175779803 -2.286436548683226
 -0.7448193951804368 -2.299868825114506
 -0.7219476279000119 -2.312540828831620
 -0.6988046420928646 -2.324437649919163
 -0.6753993095047252 -2.335540243677396
 -0.6517515900473699 -2.345854473794346
 -0.6278754477106809 -2.355394873658068
 -0.6037739750532437 -2.364153649649754
 -0.5794546709937195 -2.372110614462287
 -0.5549354957667184 -2.379265356132220
 -0.5302312343317569 -2.385633444656920
 -0.5053465046539256 -2.391213717330656
 -0.4802879435108264 -2.395985931887013
 -0.4550720030702814 -2.399943352221745
 -0.4297141210757898 -2.403101254113172
 -0.4042202995260358 -2.405465113080383
 -0.3785967500793548 -2.407015823612322
 -0.3528588788604846 -2.407740045600586
 -0.3270227461378472 -2.407651472614099
 -0.3010956416917513 -2.406762745854419
 -0.2750836962887405 -2.405057408900483
 -0.2490017408705922 -2.402514863738930
 -0.2228665110659040 -2.399145734752867
 -0.1966863914699315 -2.394971234756748
 -0.1704676055317756 -2.389979778695854
 -0.1442249412932453 -2.384141850112046
 -0.1179759299147629 -2.377462755580540
 -9.172948770648859E-02 -2.369975884172046
 -6.549171049555336E-02 -2.361678539002018
 -3.927817712088821E-02 -2.352526931550173
 -1.310748897326652E-02 -2.342516065754876
 1.301293008030924E-02 -2.331704123531122
 3.907856029890633E-02 -2.320107503336288
 6.506947924504480E-02 -2.307637057067186
 9.096535845037323E-02 -2.294262682305712
 0.1167882976400604 -2.280272785432929
 0.1426249091653653 -2.265209145482150
 0.1680988760117728 -2.249519996806759
 0.1934116701269169 -2.232926331006807
 0.2188681098777115 -2.215468888327243
 0.2442615407189129 -2.197226912022697
 0.2692429417838526 -2.178170147265874
 0.2939646529134566 -2.158247788659798
 0.3187806631028577 -2.137479979264817
 0.3435624302791848 -2.115905329441150
 0.3679205656028481 -2.093510186492114
 0.3919255464101459 -2.070263130240500
 0.4159704761984880 -2.046173774909138
 0.4400200747145223 -2.021268672900863
 0.4636578835032734 -1.995539746604146
 0.4868604425968742 -1.968961018398379
 0.5100454008209065 -1.941534991332815
 0.5332820097269025 -1.913281168889594
 0.5561426643829166 -1.884193168172897
 0.5784994790999284 -1.854245782278525
 0.6007784012813960 -1.823435048556846
 0.6231648214159802 -1.791774625173612
 0.6452387615732373 -1.759257524395734
 0.6667575607671460 -1.725856335995368
 0.6881373647122749 -1.691559796971641
 0.7096933601888352 -1.656375276949310
 0.7310359937599045 -1.620292947503446
 0.7517964718568740 -1.583280032528218
 0.7723605523757028 -1.545315531313637
 0.7931917799107858 -1.506398464619287
 0.8139605951092306 -1.466512959301158
 0.8341580030092179 -1.425616118528128
 0.8541152134382516 -1.383672040328065
 0.8744737756997752 -1.340666591366020
 0.8950069430408171 -1.296572023919387
 0.9150458262735771 -1.251326497721173
 0.9348378868745862 -1.204868174627915
 0.9552592208349346 -1.157158844388825
 0.9762594830133746 -1.108146385896094
 0.9969798367822330 -1.057730709976358
 1.017550327915307 -1.005797849217461
 1.039215802971807 -0.9522581732373731
 1.062266909755998 -0.8970039278926928
 1.085612520548793 -0.8398462739552718
 1.109255906422266 -0.7805452111732050
 1.135259360199826 -0.7188811406732072
 1.164824803141490 -0.6546052310499285
 1.196673459633703 -0.5872889965252215
 1.231159355890429 -0.5163439775759879
 1.274295581716056 -0.4414018038096432
 1.332967720842019 -0.3628605892165735
 1.404869501386959 -0.2821518602339370
 1.530776902697082 -0.2403149451629836
 1.636166232097278 -0.2626834186942559
 1.706701195633591 -0.3474080005130811
 1.741242993054181 -0.4430297478828941
 1.752385718199625 -0.5153129934295007
 1.755834913104123 -0.5729831539475319
 1.758401734892302 -0.6337617627650879
 1.757828141764457 -0.6946530368542015
 1.752060218950872 -0.7449921475837267
 1.743864174918072 -0.7878160030909758
 1.736170533819854 -0.8328675852110881
 1.727898140723620 -0.8794222074568622
 1.716951941084368 -0.9200299716120188
 1.704224348410037 -0.9551109382176944
 1.691813182451996 -0.9914996469223184
 1.679384117044023 -1.029856439788869
 1.665184716603126 -1.064538697332836
 1.649373421948946 -1.094627698402187
 1.633587439912774 -1.125278207177410
 1.617922380816327 -1.158023262453418
 1.600935421132903 -1.188492755779279
 1.582387940484781 -1.214965040575182
 1.563581753802308 -1.241393259719130
 1.544878271236496 -1.269878265313041
 1.525095426894408 -1.297053661320173
 1.503747539417744 -1.320689904189878
 1.481864305154315 -1.343782731485026
 1.459975189927705 -1.368797366347751
 1.437114956413075 -1.393205549038050
 1.412631274849195 -1.414460151391595
 1.387322248138348 -1.434754045480336
 1.361818891312285 -1.456769402749186
 1.335327262652757 -1.478689565202390
 1.307070643387440 -1.497780311463643
 1.277646007788788 -1.515552693736049
 1.247733969438726 -1.534795739143407
 1.216650574092368 -1.554278508621573
 1.183500389577272 -1.571158216813421
 1.148702372549023 -1.586382379216518
 1.112934276283332 -1.602767971161407
 1.075508260671484 -1.619491980243931
 1.035344686716104 -1.633592926241269
 0.9926866543490689 -1.645595297995261
 0.9481104636766575 -1.658283359630323
 0.9006069619081745 -1.670814297220689
 0.8485899294962234 -1.679757031156757
 0.7920024348038370 -1.685338946063158
 0.7308558277541853 -1.689921380065526
 0.6622003487255225 -1.689824486440677
 0.5822680646982927 -1.676698454425891
 0.4930443968582967 -1.650484562510975
 0.4104557812421604 -1.557619860155723
 0.3933379859461750 -1.449899226884215
 0.4472623660005417 -1.340100458614726
 0.5283925506918217 -1.254717068020076
 0.6006941935571589 -1.200251642452937
 0.6636750275968255 -1.159009398434600
 0.7293280274995355 -1.116016691125695
 0.7963636302408101 -1.074426642664632
 0.8565095196433671 -1.041513555123355
 0.9107999162041657 -1.013692647888924
 0.9662216528139882 -0.9834430088978220
 1.022878818273142 -0.9517152276483785
 1.075346312373391 -0.9241126709550972
 1.123315931094478 -0.9000162745375224
 1.171624902362548 -0.8741760510199070
 1.221212388249240 -0.8461742421886549
 1.268096903424056 -0.8203120265162711
 1.311171537094173 -0.7972906044983530
 1.353994843554711 -0.7731979702254714
 1.398047338386944 -0.7467948960360814
 1.440350372069490 -0.7213680978810494
 1.479302260607273 -0.6983598014375532
 1.517527457687036 -0.6748546823115555
 1.556855469416868 -0.6491031125120895
 1.595107959693970 -0.6235423022400886
 1.630378854500146 -0.6000556546227181
 1.664530290804319 -0.5765553915236776
 1.699600536583818 -0.5509855517592134
 1.734097145421149 -0.5250375181243411
 1.765946440534029 -0.5008425348240615
 1.796350804167790 -0.4770378181050532
 1.827445858650659 -0.4514119145754705
 1.858348431567325 -0.4249847221598773
 1.886925513254920 -0.3999921978907801
 1.913791936555145 -0.3757228168782809
 1.941086809586654 -0.3499309534904496
 1.968476210977730 -0.3230259744872623
 1.993858886075160 -0.2972329035564633
 2.017321446366654 -0.2724300984074812
 2.040924688176106 -0.2464409281162279
 2.064829794958255 -0.2191201854994173
 2.087046344022179 -0.1925833265885801
 2.107188986324464 -0.1672414900262648
 2.127168508668401 -0.1410779233760144
 2.147584978548829 -0.1134483996217128
 2.166626968556066 -8.627185888335120E-02
 2.183501974127140 -6.043530428550592E-02
 2.199912171574138 -3.416381044449524E-02
 2.216813204310356 -6.371045664079533E-03
 2.232625130834906 2.129909481390213E-02
 2.246413088280566 4.753521578153297E-02
 2.259842685647054 7.460013096224896E-02
 2.272653076238642 0.1016901172015200
 2.284556279649256 0.1288070612451817
 2.295585202825004 0.1559368099574909
 2.305829859548536 0.1830693932052383
 2.315272434065877 0.2102000483336600
 2.323854098673916 0.2373168475024600
 2.331580862646822 0.2644017843341493
 2.338497102483041 0.2914430354946053
 2.344604951845829 0.3184346773330451
 2.349871102574199 0.3453648662163490
 2.354291674045543 0.3722154618227192
 2.357897265735298 0.3989738992080127
 2.360699385658890 0.4256346338304274
 2.362677132282826 0.4521873072636694
 2.363821494089879 0.4786141695794067
 2.364154525511251 0.5049018950996339
 2.363692919006910 0.5310454284524848
 2.362424375389427 0.5570362526246683
 2.360336837337885 0.5828571621091370
 2.357445362910966 0.6084938029592497
 2.353769520386865 0.6339413486990562
 2.349304106573005 0.6591932242848563
 2.344035388207915 0.6842328418090288
 2.337971988638091 0.7090444412704202
 2.331134784356549 0.7336230035171791
 2.323525077413132 0.7579639479213572
 2.315128655879698 0.7820514057317455
 2.305947912202757 0.8058677609009388
 2.296003794466146 0.8294072818400501
 2.285304045607837 0.8526675084252897
 2.273835225599072 0.8756335084472118
 2.261593484629452 0.8982852697562173
 2.248598711811747 0.9206157305363245
 2.234865499637793 0.9426248982533759
 2.220382661812166 0.9642992352972688
 2.205139775402919 0.9856155986889823
 2.189154409210018 1.006564807140555
 2.172449126367294 1.027150205786722
 2.155017005647609 1.047360612435105
 2.136839879069286 1.067168462036753
 2.117931107841483 1.086561225448993
 2.098324065902723 1.105547875456072
 2.078019465596042 1.124121784474564
 2.056987174369949 1.142247566574053
 2.035232166203534 1.159906614446765
 2.012808540046727 1.177121589792780
 1.989732757250662 1.193896777630319
 1.965937574512021 1.210170350570826
 1.941407086606187 1.225909652435237
 1.916380010923189 1.241278025337495
 1.890416210289699 1.256121367290729
 1.864092025549856 1.270337895377185
 1.837065092367616 1.283962585221689
 1.809218283646606 1.297279787396003
 1.780723553331034 1.310150155441454
 1.751729210405213 1.322256301007408
 1.722115086184245 1.333704751567628
 1.691721630572538 1.344812142114732
 1.660646552159326 1.355486457128269
 1.629072721782244 1.365383649632862
 1.596937690101492 1.374549044703534
 1.564053231529571 1.383327887066770
 1.530459981248545 1.391702899328334
 1.496359173069115 1.399309379080834
 1.461740039695838 1.406114020585818
 1.426395924420164 1.412479769860729
 1.390309091977322 1.418476352249515
 1.353687817083356 1.423730259570418
 1.316574212763388 1.428118136115865
 1.278751873560442 1.432006881833114
 1.240139932548699 1.435563878677838
 1.200942327139008 1.438421921226701
 1.161256649870748 1.440357153787379
 1.120865073841751 1.441724337619928
 1.079616387944170 1.442800117295326
 1.037696857230798 1.443242215428603
 0.9952624935456522 1.442714859367675
 0.9521022307924056 1.441541624895159
 0.9079834486267837 1.440123463785380
 0.8630571801792817 1.438167032694672
 0.8175407731853176 1.435210080640143
 0.7712375307112245 1.431521492760326
 0.7238144382781770 1.427649800382311
 0.6753608390299857 1.423384761196493
 0.6261576223183574 1.418116180040426
 0.5760275040018668 1.412027445767512
 0.5244993450370987 1.405858174636795
 0.4715531797912442 1.399538705923092
 0.4175317468113595 1.392275220702456
 0.3622713245364176 1.384123358212572
 0.3050718674990242 1.376116372006516
 0.2456947339714978 1.368452093394632
 0.1845219482445740 1.360091158439346
 0.1213440284671516 1.350916399846219
 5.493965002461931E-02 1.342604016153721
 -1.550764203132504E-02 1.336070486003703
 -8.972953946293871E-02 1.329994114340009
 -0.1684126762733065 1.324387267095992
 -0.2548826154826024 1.324273247601195
 -0.3522373721272672 1.335814203282119
 -0.4580840720058538 1.357728607320053
 -0.5572696039283330 1.445849157843625
 -0.5905926023064691 1.548303231157637
 -0.5524864438945101 1.651750592344506
 -0.4869464802282889 1.729475540088019
 -0.4299187158896616 1.775267045904664
 -0.3816994892929689 1.807089216573579
 -0.3303470809443781 1.839701453857908
 -0.2773268941504818 1.869650344682314
 -0.2308479840480029 1.889824732363444
 -0.1896634152743312 1.904138677774128
 -0.1468007801285239 1.920001580195527
 -0.1023470980519786 1.936114788746985
 -6.170664288309957E-02 1.946938983862075
 -2.496183827610587E-02 1.953457048579922
 1.275729085203137E-02 1.960903017921985
 5.218978058614776E-02 1.969317527966658
 8.932519690026708E-02 1.974361615238316
 0.1232886835279123 1.975713132935750
 0.1577257937842584 1.977367325856352
 0.1939163730498311 1.980173514365049
 0.2287972081521795 1.980697122409072
 0.2609966196057083 1.977870675389549
 0.2932872221023856 1.974798149546190
 0.3273077018565614 1.972842961301912
 0.3607337073276836 1.969298213546117
 0.3918772378411993 1.962628522109046
 0.4228178300557182 1.955223498967525
 0.4554256969265349 1.948774286546278
 0.4879939199538605 1.941180834931314
 0.5186427863213068 1.930604645895598
 0.5488723274992904 1.918833332863316
 0.5806898645805371 1.907754456604591
 0.6129190964498574 1.895772114424418
 0.6435804773219640 1.880846537446215
 0.6736841296549615 1.864250246656886
 0.7053051149989418 1.847967184270437
 0.7377193859762885 1.830789559003698
 0.7689127343364454 1.810520511169408
 0.7994962542429924 1.787996625623170
 0.8315706412561572 1.765213341584518
 0.8647670657806688 1.741163465843487
 0.8970606302094460 1.713431263490022
 0.9287840052375855 1.682489509661707
 0.9620602842745376 1.650229426952990
 0.9966641454452734 1.615355656447948
 1.030417296419168 1.574778951917753
 1.063545123876068 1.528563701430831
 1.098086931658110 1.477900403371791
 1.132330758831858 1.418394567611555
 1.160929423669780 1.342608163054068
 1.182839361259401 1.252231254128349
 1.143710477712941 1.134275063763761
 1.058980570436060 1.065590301544902
 0.9369298577832583 1.057390800420565
 0.8224205801214022 1.084959906079612
 0.7391013165196609 1.120342252752775
 0.6718940684708713 1.154264132973490
 0.6018347918125350 1.189624945069441
 0.5322989519299912 1.226884455770855
 0.4737224373009863 1.262515780156040
 0.4224836265992395 1.295622189142008
 0.3685758024727254 1.328494001472413
 0.3127701551754147 1.361696655441737
 0.2626318928195088 1.393333559858821
 0.2177789920216851 1.422828270072349
 0.1712462163819267 1.451744954662383
 0.1222021956388012 1.480688072734434
 7.636260228095677E-02 1.508360146083750
 3.488814914713863E-02 1.534153162091821
 -7.388337407533366E-03 1.559192916224252
 -5.228031780966706E-02 1.584141958754354
 -9.545208779009674E-02 1.608064061503071
 -0.1348538012768593 1.630293238280423
 -0.1743224300988342 1.651644670453166
 -0.2162879495974159 1.672827942791800
 -0.2575505057728339 1.693175165993787
 -0.2955259866622977 1.711977333101458
 -0.3329535296537716 1.729803212967078
 -0.3726327833502446 1.747390016846856
 -0.4123527440749628 1.764290939626964
 -0.4492308618135850 1.779775746637206
 -0.4850485330390188 1.794204339570438
 -0.5227887437320011 1.808320494919872
 -0.5611266501729375 1.821869311900210
 -0.5970593519384720 1.834121528473141
 -0.6315104640795328 1.845253843053713
 -0.6674943095000871 1.855995964798155
 -0.7044894055006717 1.866263392695681
 -0.7395181977170729 1.875348898680663
 -0.7727293372069537 1.883266669356430
 -0.8070382398071848 1.890713091229455
 -0.8426512503546738 1.897755149674571
 -0.8767411188400638 1.903726816092934
 -0.9087591142327248 1.908499937744898
 -0.9414071887774177 1.912720928325102
 -0.9755432931833224 1.916587348020001
 -1.008599862853345 1.919489924735697
 -1.039412478266880 1.921185830950329
 -1.070369358052060 1.922261731900042
 -1.102889114761415 1.923002073209592
 -1.134758122603906 1.922860533023633
 -1.164373248581466 1.921683193954058
 -1.194526951362481 1.919781108845676
 -1.224392762929654 1.917330239410756
 -1.253828327049774 1.914080243928931
 -1.282837840220796 1.910066697219361
 -1.311457674945407 1.905372538571117
 -1.339674798766605 1.899984720416051
 -1.367449468020126 1.893858260388970
 -1.394769093362719 1.887007365862709
 -1.421645623735898 1.879476379679312
 -1.448074995939232 1.871270111470756
 -1.474030299005072 1.862365637340030
 -1.499493882642603 1.852768666730273
 -1.524470165028720 1.842511982036628
 -1.548960098457083 1.831608321763703
 -1.572944261500630 1.820044763865659
 -1.596402776511899 1.807822379103819
 -1.619335130330814 1.794966930014872
 -1.641745291106899 1.781495400379136
 -1.663619733296562 1.767401397294494
 -1.684937527833160 1.752683081568258
 -1.705693772863595 1.737360670835097
 -1.725894072676184 1.721453524959011
 -1.745530131519761 1.704960425364898
 -1.764580717214196 1.687877772653258
 -1.783036492871373 1.670220914861800
 -1.800903550024792 1.652010441139741
 -1.818178572759207 1.633249769409298
 -1.834840712368872 1.613934526155268
 -1.850875909132475 1.594075591320806
 -1.866289673390356 1.573693972273122
 -1.881083746081801 1.552797604655093
 -1.895238475519717 1.531382315165110
 -1.908734605768967 1.509454775844368
 -1.921575965673900 1.487035742077775
 -1.933769857946042 1.464137847601043
 -1.945298965523426 1.440758173603214
 -1.956138034532326 1.416899265049948
 -1.966287898144114 1.392580927612312
 -1.975762734897362 1.367821028970025
 -1.984549400115833 1.342619166260750
 -1.992614937776040 1.316973388075292
 -1.999955177926720 1.290901530131547
 -2.006594578196234 1.264428008715974
 -2.012527755100489 1.237556754527454
 -2.017708997249061 1.210279364976120
 -2.022124677230268 1.182609451308111
 -2.025821470127036 1.154582533738343
 -2.028811317549568 1.126210725705969
 -2.031007053757066 1.097466706496360
 -2.032372445056560 1.068353029870475
 -2.033168308563249 1.038994760095434
 -2.033041119455064 1.009087778191421
 -2.032190901561629 0.9791821014295737
 -2.030476762494533 0.9489637457851176
 -2.028086393524318 0.9181891009312395
 -2.024985094049947 0.8870767565812426
 -2.020972152189065 0.8559138462584661
 -2.016079739097702 0.8245430370921705
 -2.010502293675395 0.7926678371500852
 -2.004208982438510 0.7604188723128813
 -1.996993287385092 0.7281265368592512
 -1.988863236511638 0.6957140855369668
 -1.980023707728059 0.6628458878423683
 -1.970480055963067 0.6295657735725286
 -1.960017056572389 0.5962303675233125
 -1.948600482292713 0.5628469978125610
 -1.936441325241071 0.5290552214720858
 -1.923591101704224 0.4948048166400791
 -1.909830481466272 0.4604629086024797
 -1.895073691863316 0.4261276461626597
 -1.879530274841838 0.3914281667237325
 -1.863304753964679 0.3562107464957744
 -1.846181088712246 0.3208356031690329
 -1.828014210637894 0.2854991822079892
 -1.809002438554026 0.2498354593517131
 -1.789309748133005 0.2135751596539838
 -1.768732850990702 0.1770507320748435
 -1.747058965402526 0.1405651731605435
 -1.724462783168109 0.1037739064184786
 -1.701175228537570 6.627500083390780E-02
 -1.677017775288512 2.834592660648549E-02
 -1.651698776194535 -9.593962112014687E-03
 -1.625352744149476 -4.784945243226146E-02
 -1.598288213977952 -8.698320901629031E-02
 -1.570367782070803 -0.1268127372771061
 -1.541203448591935 -0.1667896823192535
 -1.510865390876453 -0.2071592711395972
 -1.479758565872033 -0.2486993302479702
 -1.447812662804619 -0.2913923200269978
 -1.414511583593592 -0.3345445107260983
 -1.379821652451725 -0.3783255089951114
 -1.344287670470832 -0.4238581987691426
 -1.307961643727495 -0.4714481655019394
 -1.270134468793367 -0.5202448844840748
 -1.230599934889418 -0.5703711886730141
 -1.190199010224445 -0.6237228754805137
 -1.149317161110165 -0.6814652549537741
 -1.106943920170764 -0.7427051178147879
 -1.062746679617123 -0.8080432895200041
 -1.019412966233454 -0.8828714437915521
 -0.9807303487147520 -0.9729536140655458
 -0.9467854293811055 -1.075576747086116
 -0.9735072987687492 -1.205534212680641
 -1.045573629790809 -1.285619812463381
 -1.154214751739081 -1.304342591831425
 -1.254296512825892 -1.286445792205124
 -1.322467002309964 -1.259954052475164
 -1.374135423811154 -1.234106062626047
 -1.428054653947924 -1.205939691092820
 -1.480501247613975 -1.174997307828112
 -1.521212234902869 -1.144832584779718
 -1.554200759643741 -1.116322674683153
 -1.589369753691330 -1.087133994984439
 -1.625551042671642 -1.056692581290123
 -1.655245298201268 -1.026909012250056
 -1.679262510133932 -0.9983461103622273
 -1.704570473304027 -0.9694033709996666
 -1.731573897630171 -0.9394610881777889
 -1.754509913503393 -0.9098229179054799
 -1.772662105476858 -0.8810854345335631
 -1.791313233697032 -0.8520891186789427
 -1.811838753866158 -0.8221502519116306
 -1.829732629285082 -0.7922043666297927
 -1.843384560090489 -0.7629056348143678
 -1.856868975904694 -0.7334048898270601
 -1.872185973093057 -0.7029646959888709
 -1.885829134222092 -0.6722445522259439
 -1.895624777258943 -0.6419386179191682
 -1.904682135210033 -0.6114407674824991
 -1.915400886854240 -0.5799769201985276
 -1.925108876366935 -0.5479752858932639
 -1.931274061170502 -0.5161444945040030
 -1.936194575637639 -0.4840792873829804
 -1.942508755892822 -0.4509850538554050
 -1.948246359102615 -0.4170825492220282
 -1.950651120709403 -0.3830662259825719
 -1.951330137443750 -0.3486975529208368
 -1.953039084437668 -0.3131714451270299
 -1.954369960068657 -0.2765110503821259
 -1.952413123913717 -0.2393622943559870
 -1.948198626792015 -0.2016142464066511
 -1.944504917539489 -0.1624453704231110
 -1.940275326452153 -0.1216714855995556
 -1.932405316925550 -7.983833724875243E-02
 -1.921470659586654 -3.689421166644508E-02
 -1.910170747951195 8.053932677333004E-03
 -1.897271107353448 5.545864077274128E-02
 -1.879007225915392 0.1049780792390032
 -1.855547558679905 0.1567752446323275
 -1.828942759412295 0.2120209766937343
 -1.794531107557380 0.2714299188291219
 -1.743197488368073 0.3340902913718231
 -1.675883758117698 0.3982533083826257
   
   
