 # action(x) =  9.166459589615268
 # |grad_action(x)| =  9.095777505189620E-06
 # PRINTSTEPS = 50
 #
 #BODY NUMBER  1
 2.839052091712451 3.541112651031598
 2.802511370330104 3.570028971012372
 2.765750377150702 3.598664583157068
 2.728670425103774 3.626885103607282
 2.691288624412171 3.654700527120337
 2.653640397960936 3.682149790603821
 2.615721958392299 3.709224202379452
 2.577517074003273 3.735893664274042
 2.539033423366138 3.762155848043216
 2.500289907608237 3.788028143625909
 2.461288973771677 3.813510289280067
 2.422022523544579 3.838583478967194
 2.382494414192005 3.863240255778528
 2.342718670420269 3.887490935272829
 2.302700633531330 3.911339332882606
 2.262435954037506 3.934772553922950
 2.221926610310898 3.957780609571768
 2.181183945721648 3.980369358194287
 2.140215006255063 4.002545001482858
 2.099017981892944 4.024299139955967
 2.057593821143620 4.045620486855759
 2.015951952737141 4.066511256392268
 1.974100513520467 4.086979036171464
 1.932039737015313 4.107019403167898
 1.889770024858142 4.126620571742932
 1.847299223550501 4.145781363958045
 1.804636145677703 4.164509971280555
 1.761782809934248 4.182805756544412
 1.718739397807643 4.200657085746015
 1.675512325055672 4.218059382636772
 1.632110743351701 4.235020716520480
 1.588538301162633 4.251544245172044
 1.544795216988132 4.267619130328450
 1.500886534003442 4.283237198221926
 1.456821436585840 4.298405627466604
 1.412605114710975 4.313131610072333
 1.368238062497042 4.327405868024247
 1.323723939027906 4.341216152772559
 1.279071652013901 4.354567803098248
 1.234287926647397 4.367472721011352
 1.189373801929001 4.379924290045675
 1.144331433221354 4.391905055101268
 1.099169082587110 4.403417049081591
 1.053895190233588 4.414478741161689
 1.008511738978261 4.425088217641820
 0.9630189240603813 4.435219458591945
 0.9174237532284399 4.444868042624164
 0.8717373292275701 4.454065930521031
 0.8259634868435219 4.462821379834088
 0.7800977501371236 4.471081495046926
 0.7341444026373367 4.478826470193720
 0.6881349085745307 4.486219559312049
 0.6420315555944232 4.492991466308185
 0.5958777955603665 4.499410137288709
 0.5496553548915102 4.505309848883149
 0.5033740540968483 4.510707811916676
 0.4570451018409079 4.515655458182929
 0.4106695640147879 4.520143366788827
 0.3642484326379480 4.524137356100290
 0.3177895216712374 4.527639249084682
 0.2713005050016253 4.530673556434564
 0.2247836327007695 4.533241274995721
 0.1782412944441023 4.535322069105129
 0.1316805591755366 4.536911409522901
 8.510841486764265E-02 4.538025242138131
 3.852757950734986E-02 4.538669541863280
 -8.059266329712322E-03 4.538830966829803
 -5.464541491199970E-02 4.538501855650060
 -0.1012239717754175 4.537692953502239
 -0.1477919357638731 4.536413154202110
 -0.1943466746583491 4.534654278576207
 -0.2408817236476088 4.532407026259666
 -0.2873900243169230 4.529678029179649
 -0.3338683237531010 4.526477926819161
 -0.3803142082076822 4.522803005486660
 -0.4267214370339651 4.518643259337915
 -0.4730826259930190 4.514001591499017
 -0.5193942388957509 4.508889502281415
 -0.5656542089184156 4.503307449230373
 -0.6118565618864205 4.497245447746978
 -0.6579934534662442 4.490702742562587
 -0.7040609927281627 4.483690897735962
 -0.7500575988946061 4.476214472213842
 -0.7959776636078080 4.468264189034958
 -0.8418127324660052 4.459835491096392
 -0.8875584408722241 4.450939187448990
 -0.9332138901806315 4.441584101543806
 -0.9787740134648846 4.431762445443368
 -1.024229517590510 4.421465441134336
 -1.069575357644556 4.410702165991826
 -1.114811660444606 4.399486290055076
 -1.159934217956641 4.387812602796577
 -1.204932436031886 4.375667065337669
 -1.249800175965923 4.363055569255721
 -1.294539362912323 4.349998329429166
 -1.339147322850915 4.336494679954150
 -1.383610876734525 4.322522184529880
 -1.427921744980987 4.308080517996359
 -1.472086292722240 4.293202910575772
 -1.516105327712180 4.277898430910403
 -1.559956278469628 4.262119032169707
 -1.603625532366775 4.245849703648617
 -1.647167467599599 4.229247559606129
 -1.690480095978081 4.212060526606795
 -1.733659760138007 4.194542378717435
 -1.776639423779376 4.176540458498793
 -1.819419187504505 4.158074581217186
 -1.862015060221992 4.139194892444729
 -1.904421408396528 4.119893766394240
 -1.946620282097017 4.100142096911990
 -1.988605825718544 4.079945369714453
 -2.030383648826327 4.059328648627535
 -2.071952301224044 4.038293921980837
 -2.113299545560550 4.016824773411297
 -2.154416995330896 3.994920814954065
 -2.195306571717862 3.972599350140471
 -2.235968908331951 3.949866912389956
 -2.276395012792297 3.926713287593238
 -2.316575245339163 3.903135194659768
 -2.356509007780590 3.879145386418870
 -2.396198147947048 3.854753065718985
 -2.435636296683263 3.829952465297618
 -2.474813205116045 3.804738763208150
 -2.513726076442508 3.779121232075345
 -2.552377413298693 3.753110712418362
 -2.590763268471347 3.726705194960216
 -2.628873234479773 3.699899134708967
 -2.666702367948516 3.672698737965026
 -2.704253356603712 3.645115732384804
 -2.741524639296125 3.617151547625996
 -2.778506049939335 3.588800523859595
 -2.815190417506915 3.560065929170528
 -2.851580154384261 3.530959723792317
 -2.887676171051209 3.501486646277437
 -2.923468972046825 3.471641466720643
 -2.958948957092950 3.441424465755921
 -2.994117750863150 3.410847186594380
 -3.028978986832831 3.379917719891702
 -3.063524382946327 3.348631854559363
 -3.097741502106430 3.316986635182050
 -3.131630513977925 3.284992445453691
 -3.165198363407679 3.252661060566746
 -3.198438800867576 3.219990072089034
 -3.231335632116316 3.186972619069382
 -3.263886486668611 3.153616873115669
 -3.296103139195578 3.119939378249366
 -3.327982940975889 3.085940894790905
 -3.359503260469498 3.051608581857420
 -3.390656764767919 3.016946297643177
 -3.421465581348202 2.981979637798790
 -3.451934944066881 2.946716052121908
 -3.482021282032584 2.911125216577298
 -3.511705301011280 2.875200937826945
 -3.541112651031598 2.839052091712451
 -3.570028971012372 2.802511370330104
 -3.598664583157068 2.765750377150702
 -3.626885103607282 2.728670425103774
 -3.654700527120337 2.691288624412171
 -3.682149790603821 2.653640397960936
 -3.709224202379452 2.615721958392299
 -3.735893664274042 2.577517074003273
 -3.762155848043216 2.539033423366138
 -3.788028143625909 2.500289907608237
 -3.813510289280067 2.461288973771677
 -3.838583478967194 2.422022523544579
 -3.863240255778528 2.382494414192005
 -3.887490935272829 2.342718670420269
 -3.911339332882606 2.302700633531330
 -3.934772553922950 2.262435954037506
 -3.957780609571768 2.221926610310898
 -3.980369358194287 2.181183945721648
 -4.002545001482858 2.140215006255063
 -4.024299139955967 2.099017981892944
 -4.045620486855759 2.057593821143620
 -4.066511256392268 2.015951952737141
 -4.086979036171464 1.974100513520467
 -4.107019403167898 1.932039737015313
 -4.126620571742932 1.889770024858142
 -4.145781363958045 1.847299223550501
 -4.164509971280555 1.804636145677703
 -4.182805756544412 1.761782809934248
 -4.200657085746015 1.718739397807643
 -4.218059382636772 1.675512325055672
 -4.235020716520480 1.632110743351701
 -4.251544245172044 1.588538301162633
 -4.267619130328450 1.544795216988132
 -4.283237198221926 1.500886534003442
 -4.298405627466604 1.456821436585840
 -4.313131610072333 1.412605114710975
 -4.327405868024247 1.368238062497042
 -4.341216152772559 1.323723939027906
 -4.354567803098248 1.279071652013901
 -4.367472721011352 1.234287926647397
 -4.379924290045675 1.189373801929001
 -4.391905055101268 1.144331433221354
 -4.403417049081591 1.099169082587110
 -4.414478741161689 1.053895190233588
 -4.425088217641820 1.008511738978261
 -4.435219458591945 0.9630189240603813
 -4.444868042624164 0.9174237532284399
 -4.454065930521031 0.8717373292275701
 -4.462821379834088 0.8259634868435219
 -4.471081495046926 0.7800977501371236
 -4.478826470193720 0.7341444026373367
 -4.486219559312049 0.6881349085745307
 -4.492991466308185 0.6420315555944232
 -4.499410137288709 0.5958777955603665
 -4.505309848883149 0.5496553548915102
 -4.510707811916676 0.5033740540968483
 -4.515655458182929 0.4570451018409079
 -4.520143366788827 0.4106695640147879
 -4.524137356100290 0.3642484326379480
 -4.527639249084682 0.3177895216712374
 -4.530673556434564 0.2713005050016253
 -4.533241274995721 0.2247836327007695
 -4.535322069105129 0.1782412944441023
 -4.536911409522901 0.1316805591755366
 -4.538025242138131 8.510841486764265E-02
 -4.538669541863280 3.852757950734986E-02
 -4.538830966829803 -8.059266329712322E-03
 -4.538501855650060 -5.464541491199970E-02
 -4.537692953502239 -0.1012239717754175
 -4.536413154202110 -0.1477919357638731
 -4.534654278576207 -0.1943466746583491
 -4.532407026259666 -0.2408817236476088
 -4.529678029179649 -0.2873900243169230
 -4.526477926819161 -0.3338683237531010
 -4.522803005486660 -0.3803142082076822
 -4.518643259337915 -0.4267214370339651
 -4.514001591499017 -0.4730826259930190
 -4.508889502281415 -0.5193942388957509
 -4.503307449230373 -0.5656542089184156
 -4.497245447746978 -0.6118565618864205
 -4.490702742562587 -0.6579934534662442
 -4.483690897735962 -0.7040609927281627
 -4.476214472213842 -0.7500575988946061
 -4.468264189034958 -0.7959776636078080
 -4.459835491096392 -0.8418127324660052
 -4.450939187448990 -0.8875584408722241
 -4.441584101543806 -0.9332138901806315
 -4.431762445443368 -0.9787740134648846
 -4.421465441134336 -1.024229517590510
 -4.410702165991826 -1.069575357644556
 -4.399486290055076 -1.114811660444606
 -4.387812602796577 -1.159934217956641
 -4.375667065337669 -1.204932436031886
 -4.363055569255721 -1.249800175965923
 -4.349998329429166 -1.294539362912323
 -4.336494679954150 -1.339147322850915
 -4.322522184529880 -1.383610876734525
 -4.308080517996359 -1.427921744980987
 -4.293202910575772 -1.472086292722240
 -4.277898430910403 -1.516105327712180
 -4.262119032169707 -1.559956278469628
 -4.245849703648617 -1.603625532366775
 -4.229247559606129 -1.647167467599599
 -4.212060526606795 -1.690480095978081
 -4.194542378717435 -1.733659760138007
 -4.176540458498793 -1.776639423779376
 -4.158074581217186 -1.819419187504505
 -4.139194892444729 -1.862015060221992
 -4.119893766394240 -1.904421408396528
 -4.100142096911990 -1.946620282097017
 -4.079945369714453 -1.988605825718544
 -4.059328648627535 -2.030383648826327
 -4.038293921980837 -2.071952301224044
 -4.016824773411297 -2.113299545560550
 -3.994920814954065 -2.154416995330896
 -3.972599350140471 -2.195306571717862
 -3.949866912389956 -2.235968908331951
 -3.926713287593238 -2.276395012792297
 -3.903135194659768 -2.316575245339163
 -3.879145386418870 -2.356509007780590
 -3.854753065718985 -2.396198147947048
 -3.829952465297618 -2.435636296683263
 -3.804738763208150 -2.474813205116045
 -3.779121232075345 -2.513726076442508
 -3.753110712418362 -2.552377413298693
 -3.726705194960216 -2.590763268471347
 -3.699899134708967 -2.628873234479773
 -3.672698737965026 -2.666702367948516
 -3.645115732384804 -2.704253356603712
 -3.617151547625996 -2.741524639296125
 -3.588800523859595 -2.778506049939335
 -3.560065929170528 -2.815190417506915
 -3.530959723792317 -2.851580154384261
 -3.501486646277437 -2.887676171051209
 -3.471641466720643 -2.923468972046825
 -3.441424465755921 -2.958948957092950
 -3.410847186594380 -2.994117750863150
 -3.379917719891702 -3.028978986832831
 -3.348631854559363 -3.063524382946327
 -3.316986635182050 -3.097741502106430
 -3.284992445453691 -3.131630513977925
 -3.252661060566746 -3.165198363407679
 -3.219990072089034 -3.198438800867576
 -3.186972619069382 -3.231335632116316
 -3.153616873115669 -3.263886486668611
 -3.119939378249366 -3.296103139195578
 -3.085940894790905 -3.327982940975889
 -3.051608581857420 -3.359503260469498
 -3.016946297643177 -3.390656764767919
 -2.981979637798790 -3.421465581348202
 -2.946716052121908 -3.451934944066881
 -2.911125216577298 -3.482021282032584
 -2.875200937826945 -3.511705301011280
 -2.839052091712451 -3.541112651031598
 -2.802511370330104 -3.570028971012372
 -2.765750377150702 -3.598664583157068
 -2.728670425103774 -3.626885103607282
 -2.691288624412171 -3.654700527120337
 -2.653640397960936 -3.682149790603821
 -2.615721958392299 -3.709224202379452
 -2.577517074003273 -3.735893664274042
 -2.539033423366138 -3.762155848043216
 -2.500289907608237 -3.788028143625909
 -2.461288973771677 -3.813510289280067
 -2.422022523544579 -3.838583478967194
 -2.382494414192005 -3.863240255778528
 -2.342718670420269 -3.887490935272829
 -2.302700633531330 -3.911339332882606
 -2.262435954037506 -3.934772553922950
 -2.221926610310898 -3.957780609571768
 -2.181183945721648 -3.980369358194287
 -2.140215006255063 -4.002545001482858
 -2.099017981892944 -4.024299139955967
 -2.057593821143620 -4.045620486855759
 -2.015951952737141 -4.066511256392268
 -1.974100513520467 -4.086979036171464
 -1.932039737015313 -4.107019403167898
 -1.889770024858142 -4.126620571742932
 -1.847299223550501 -4.145781363958045
 -1.804636145677703 -4.164509971280555
 -1.761782809934248 -4.182805756544412
 -1.718739397807643 -4.200657085746015
 -1.675512325055672 -4.218059382636772
 -1.632110743351701 -4.235020716520480
 -1.588538301162633 -4.251544245172044
 -1.544795216988132 -4.267619130328450
 -1.500886534003442 -4.283237198221926
 -1.456821436585840 -4.298405627466604
 -1.412605114710975 -4.313131610072333
 -1.368238062497042 -4.327405868024247
 -1.323723939027906 -4.341216152772559
 -1.279071652013901 -4.354567803098248
 -1.234287926647397 -4.367472721011352
 -1.189373801929001 -4.379924290045675
 -1.144331433221354 -4.391905055101268
 -1.099169082587110 -4.403417049081591
 -1.053895190233588 -4.414478741161689
 -1.008511738978261 -4.425088217641820
 -0.9630189240603813 -4.435219458591945
 -0.9174237532284399 -4.444868042624164
 -0.8717373292275701 -4.454065930521031
 -0.8259634868435219 -4.462821379834088
 -0.7800977501371236 -4.471081495046926
 -0.7341444026373367 -4.478826470193720
 -0.6881349085745307 -4.486219559312049
 -0.6420315555944232 -4.492991466308185
 -0.5958777955603665 -4.499410137288709
 -0.5496553548915102 -4.505309848883149
 -0.5033740540968483 -4.510707811916676
 -0.4570451018409079 -4.515655458182929
 -0.4106695640147879 -4.520143366788827
 -0.3642484326379480 -4.524137356100290
 -0.3177895216712374 -4.527639249084682
 -0.2713005050016253 -4.530673556434564
 -0.2247836327007695 -4.533241274995721
 -0.1782412944441023 -4.535322069105129
 -0.1316805591755366 -4.536911409522901
 -8.510841486764265E-02 -4.538025242138131
 -3.852757950734986E-02 -4.538669541863280
 8.059266329712322E-03 -4.538830966829803
 5.464541491199970E-02 -4.538501855650060
 0.1012239717754175 -4.537692953502239
 0.1477919357638731 -4.536413154202110
 0.1943466746583491 -4.534654278576207
 0.2408817236476088 -4.532407026259666
 0.2873900243169230 -4.529678029179649
 0.3338683237531010 -4.526477926819161
 0.3803142082076822 -4.522803005486660
 0.4267214370339651 -4.518643259337915
 0.4730826259930190 -4.514001591499017
 0.5193942388957509 -4.508889502281415
 0.5656542089184156 -4.503307449230373
 0.6118565618864205 -4.497245447746978
 0.6579934534662442 -4.490702742562587
 0.7040609927281627 -4.483690897735962
 0.7500575988946061 -4.476214472213842
 0.7959776636078080 -4.468264189034958
 0.8418127324660052 -4.459835491096392
 0.8875584408722241 -4.450939187448990
 0.9332138901806315 -4.441584101543806
 0.9787740134648846 -4.431762445443368
 1.024229517590510 -4.421465441134336
 1.069575357644556 -4.410702165991826
 1.114811660444606 -4.399486290055076
 1.159934217956641 -4.387812602796577
 1.204932436031886 -4.375667065337669
 1.249800175965923 -4.363055569255721
 1.294539362912323 -4.349998329429166
 1.339147322850915 -4.336494679954150
 1.383610876734525 -4.322522184529880
 1.427921744980987 -4.308080517996359
 1.472086292722240 -4.293202910575772
 1.516105327712180 -4.277898430910403
 1.559956278469628 -4.262119032169707
 1.603625532366775 -4.245849703648617
 1.647167467599599 -4.229247559606129
 1.690480095978081 -4.212060526606795
 1.733659760138007 -4.194542378717435
 1.776639423779376 -4.176540458498793
 1.819419187504505 -4.158074581217186
 1.862015060221992 -4.139194892444729
 1.904421408396528 -4.119893766394240
 1.946620282097017 -4.100142096911990
 1.988605825718544 -4.079945369714453
 2.030383648826327 -4.059328648627535
 2.071952301224044 -4.038293921980837
 2.113299545560550 -4.016824773411297
 2.154416995330896 -3.994920814954065
 2.195306571717862 -3.972599350140471
 2.235968908331951 -3.949866912389956
 2.276395012792297 -3.926713287593238
 2.316575245339163 -3.903135194659768
 2.356509007780590 -3.879145386418870
 2.396198147947048 -3.854753065718985
 2.435636296683263 -3.829952465297618
 2.474813205116045 -3.804738763208150
 2.513726076442508 -3.779121232075345
 2.552377413298693 -3.753110712418362
 2.590763268471347 -3.726705194960216
 2.628873234479773 -3.699899134708967
 2.666702367948516 -3.672698737965026
 2.704253356603712 -3.645115732384804
 2.741524639296125 -3.617151547625996
 2.778506049939335 -3.588800523859595
 2.815190417506915 -3.560065929170528
 2.851580154384261 -3.530959723792317
 2.887676171051209 -3.501486646277437
 2.923468972046825 -3.471641466720643
 2.958948957092950 -3.441424465755921
 2.994117750863150 -3.410847186594380
 3.028978986832831 -3.379917719891702
 3.063524382946327 -3.348631854559363
 3.097741502106430 -3.316986635182050
 3.131630513977925 -3.284992445453691
 3.165198363407679 -3.252661060566746
 3.198438800867576 -3.219990072089034
 3.231335632116316 -3.186972619069382
 3.263886486668611 -3.153616873115669
 3.296103139195578 -3.119939378249366
 3.327982940975889 -3.085940894790905
 3.359503260469498 -3.051608581857420
 3.390656764767919 -3.016946297643177
 3.421465581348202 -2.981979637798790
 3.451934944066881 -2.946716052121908
 3.482021282032584 -2.911125216577298
 3.511705301011280 -2.875200937826945
 3.541112651031598 -2.839052091712451
 3.570028971012372 -2.802511370330104
 3.598664583157068 -2.765750377150702
 3.626885103607282 -2.728670425103774
 3.654700527120337 -2.691288624412171
 3.682149790603821 -2.653640397960936
 3.709224202379452 -2.615721958392299
 3.735893664274042 -2.577517074003273
 3.762155848043216 -2.539033423366138
 3.788028143625909 -2.500289907608237
 3.813510289280067 -2.461288973771677
 3.838583478967194 -2.422022523544579
 3.863240255778528 -2.382494414192005
 3.887490935272829 -2.342718670420269
 3.911339332882606 -2.302700633531330
 3.934772553922950 -2.262435954037506
 3.957780609571768 -2.221926610310898
 3.980369358194287 -2.181183945721648
 4.002545001482858 -2.140215006255063
 4.024299139955967 -2.099017981892944
 4.045620486855759 -2.057593821143620
 4.066511256392268 -2.015951952737141
 4.086979036171464 -1.974100513520467
 4.107019403167898 -1.932039737015313
 4.126620571742932 -1.889770024858142
 4.145781363958045 -1.847299223550501
 4.164509971280555 -1.804636145677703
 4.182805756544412 -1.761782809934248
 4.200657085746015 -1.718739397807643
 4.218059382636772 -1.675512325055672
 4.235020716520480 -1.632110743351701
 4.251544245172044 -1.588538301162633
 4.267619130328450 -1.544795216988132
 4.283237198221926 -1.500886534003442
 4.298405627466604 -1.456821436585840
 4.313131610072333 -1.412605114710975
 4.327405868024247 -1.368238062497042
 4.341216152772559 -1.323723939027906
 4.354567803098248 -1.279071652013901
 4.367472721011352 -1.234287926647397
 4.379924290045675 -1.189373801929001
 4.391905055101268 -1.144331433221354
 4.403417049081591 -1.099169082587110
 4.414478741161689 -1.053895190233588
 4.425088217641820 -1.008511738978261
 4.435219458591945 -0.9630189240603813
 4.444868042624164 -0.9174237532284399
 4.454065930521031 -0.8717373292275701
 4.462821379834088 -0.8259634868435219
 4.471081495046926 -0.7800977501371236
 4.478826470193720 -0.7341444026373367
 4.486219559312049 -0.6881349085745307
 4.492991466308185 -0.6420315555944232
 4.499410137288709 -0.5958777955603665
 4.505309848883149 -0.5496553548915102
 4.510707811916676 -0.5033740540968483
 4.515655458182929 -0.4570451018409079
 4.520143366788827 -0.4106695640147879
 4.524137356100290 -0.3642484326379480
 4.527639249084682 -0.3177895216712374
 4.530673556434564 -0.2713005050016253
 4.533241274995721 -0.2247836327007695
 4.535322069105129 -0.1782412944441023
 4.536911409522901 -0.1316805591755366
 4.538025242138131 -8.510841486764265E-02
 4.538669541863280 -3.852757950734986E-02
 4.538830966829803 8.059266329712322E-03
 4.538501855650060 5.464541491199970E-02
 4.537692953502239 0.1012239717754175
 4.536413154202110 0.1477919357638731
 4.534654278576207 0.1943466746583491
 4.532407026259666 0.2408817236476088
 4.529678029179649 0.2873900243169230
 4.526477926819161 0.3338683237531010
 4.522803005486660 0.3803142082076822
 4.518643259337915 0.4267214370339651
 4.514001591499017 0.4730826259930190
 4.508889502281415 0.5193942388957509
 4.503307449230373 0.5656542089184156
 4.497245447746978 0.6118565618864205
 4.490702742562587 0.6579934534662442
 4.483690897735962 0.7040609927281627
 4.476214472213842 0.7500575988946061
 4.468264189034958 0.7959776636078080
 4.459835491096392 0.8418127324660052
 4.450939187448990 0.8875584408722241
 4.441584101543806 0.9332138901806315
 4.431762445443368 0.9787740134648846
 4.421465441134336 1.024229517590510
 4.410702165991826 1.069575357644556
 4.399486290055076 1.114811660444606
 4.387812602796577 1.159934217956641
 4.375667065337669 1.204932436031886
 4.363055569255721 1.249800175965923
 4.349998329429166 1.294539362912323
 4.336494679954150 1.339147322850915
 4.322522184529880 1.383610876734525
 4.308080517996359 1.427921744980987
 4.293202910575772 1.472086292722240
 4.277898430910403 1.516105327712180
 4.262119032169707 1.559956278469628
 4.245849703648617 1.603625532366775
 4.229247559606129 1.647167467599599
 4.212060526606795 1.690480095978081
 4.194542378717435 1.733659760138007
 4.176540458498793 1.776639423779376
 4.158074581217186 1.819419187504505
 4.139194892444729 1.862015060221992
 4.119893766394240 1.904421408396528
 4.100142096911990 1.946620282097017
 4.079945369714453 1.988605825718544
 4.059328648627535 2.030383648826327
 4.038293921980837 2.071952301224044
 4.016824773411297 2.113299545560550
 3.994920814954065 2.154416995330896
 3.972599350140471 2.195306571717862
 3.949866912389956 2.235968908331951
 3.926713287593238 2.276395012792297
 3.903135194659768 2.316575245339163
 3.879145386418870 2.356509007780590
 3.854753065718985 2.396198147947048
 3.829952465297618 2.435636296683263
 3.804738763208150 2.474813205116045
 3.779121232075345 2.513726076442508
 3.753110712418362 2.552377413298693
 3.726705194960216 2.590763268471347
 3.699899134708967 2.628873234479773
 3.672698737965026 2.666702367948516
 3.645115732384804 2.704253356603712
 3.617151547625996 2.741524639296125
 3.588800523859595 2.778506049939335
 3.560065929170528 2.815190417506915
 3.530959723792317 2.851580154384261
 3.501486646277437 2.887676171051209
 3.471641466720643 2.923468972046825
 3.441424465755921 2.958948957092950
 3.410847186594380 2.994117750863150
 3.379917719891702 3.028978986832831
 3.348631854559363 3.063524382946327
 3.316986635182050 3.097741502106430
 3.284992445453691 3.131630513977925
 3.252661060566746 3.165198363407679
 3.219990072089034 3.198438800867576
 3.186972619069382 3.231335632116316
 3.153616873115669 3.263886486668611
 3.119939378249366 3.296103139195578
 3.085940894790905 3.327982940975889
 3.051608581857420 3.359503260469498
 3.016946297643177 3.390656764767919
 2.981979637798790 3.421465581348202
 2.946716052121908 3.451934944066881
 2.911125216577298 3.482021282032584
 2.875200937826945 3.511705301011280
 2.839052091712451 3.541112651031598
   
   
 #BODY NUMBER  2
 0.7468029743314093 0.9331803725249006
 0.7372591043562705 0.9409366930851817
 0.7276660584938081 0.9486141553617375
 0.7180013343773797 0.9561741893158795
 0.7082676462267361 0.9636178954809522
 0.6984714162647330 0.9709542734397990
 0.6886103335683871 0.9781793500665328
 0.6786794280499642 0.9852835555839914
 0.6686789432625138 0.9922651549806676
 0.6586113707414898 0.9991278930188805
 0.6484754955804595 1.005870826808307
 0.6382679408210836 1.012488280238613
 0.6279880694633946 1.018978019156682
 0.6176373857808714 1.025342834215553
 0.6072154578297528 1.031583903915202
 0.5967199661583277 1.037698189534508
 0.5861502435364481 1.043683819074956
 0.5755077129828485 1.049543426405958
 0.5647928747030526 1.055279848171581
 0.5540045745666958 1.060892205852850
 0.5431426321489956 1.066379155786687
 0.5322088489692492 1.071743155214790
 0.5212047626430949 1.076988113269876
 0.5101304466967622 1.082114789646852
 0.4989864192655794 1.087122156198725
 0.4877749865829212 1.092012100635855
 0.4764986288789505 1.096788905398034
 0.4651585200109024 1.101454410632006
 0.4537558238673413 1.106007573749120
 0.4422932284138037 1.110449222537385
 0.4307738935640338 1.114783346793330
 0.4191998280415941 1.119012418680072
 0.4075726420943574 1.123135136685721
 0.3958951646645907 1.127150842010277
 0.3841709104014783 1.131062690167284
 0.3724024237238246 1.134873543941937
 0.3605915327605613 1.138581782550899
 0.3487409551197868 1.142184918318343
 0.3368542537283944 1.145684840046195
 0.3249342449086272 1.149084822776016
 0.3129827799150310 1.152383096395485
 0.3010022435391934 1.155574971020130
 0.2889959824290668 1.158660633918420
 0.2769668794510581 1.161644220311285
 0.2649166637358112 1.164524338441144
 0.2528471804812354 1.167293263383083
 0.2407613163793155 1.169948723566654
 0.2286619046441191 1.172497571238770
 0.2165504720286595 1.174940309523337
 0.2044279770983175 1.177261618958769
 0.1922965626047393 1.179454642923167
 0.1801601611303282 1.181559396085295
 0.1680167670013020 1.183504631742824
 0.1558702144464624 1.185356986179687
 0.1437203008639962 1.187071805579233
 0.1315688265704870 1.188651400141171
 0.1194168535826546 1.190106774844295
 0.1072643671454331 1.191433333399162
 9.511184792516642E-02 1.192620303091776
 8.296037435073655E-02 1.193666303134618
 7.081023177398116E-02 1.194575822354716
 5.866083950022793E-02 1.195347436731881
 4.651211105293440E-02 1.195974542131199
 3.436461185050538E-02 1.196454885219330
 2.221824930546756E-02 1.196791634909441
 1.007206009356376E-02 1.196985595840567
 -2.074445128751656E-03 1.197032976677167
 -1.422090820047839E-02 1.196931822605898
 -2.636741368594875E-02 1.196685126133948
 -3.851494671650535E-02 1.196295593969901
 -5.066406753887587E-02 1.195761888228826
 -6.281426057396666E-02 1.195082755051972
 -7.496519428114962E-02 1.194261223232722
 -8.711749161257903E-02 1.193301446987132
 -9.927146874012649E-02 1.192204120993409
 -0.1114261628719380 1.190968613917800
 -0.1235805206065038 1.189597713682120
 -0.1357345352213925 1.188096369103100
 -0.1478881101997894 1.186466760723185
 -0.1600397162903049 1.184708567578399
 -0.1721874395405054 1.182823850536957
 -0.1843305382830776 1.180817644820878
 -0.1964685089939471 1.178693095748008
 -0.2085993064016038 1.176449881299920
 -0.2207201511701795 1.174088845410216
 -0.2328295772809662 1.171614478158375
 -0.2449268125952396 1.169030530998505
 -0.2570094635152349 1.166336514355529
 -0.2690739326853876 1.163531632643033
 -0.2811180789214588 1.160619303074913
 -0.2931411007376224 1.157603770081483
 -0.3051405098442517 1.154484426327777
 -0.3171118960090131 1.151258402650496
 -0.3290524545839971 1.147927534552867
 -0.3409617565441241 1.144496844674469
 -0.3528376085395395 1.140965992283204
 -0.3646745501195225 1.137329209996807
 -0.3764689455502574 1.133585973923558
 -0.3882217673198427 1.129743634890389
 -0.3999319447833375 1.125803391991891
 -0.4115909880679783 1.121752457467849
 -0.4231936131854548 1.117585964685337
 -0.4347564217538853 1.113340533655229
 -0.4462455273865536 1.108953460086484
 -0.4576909276858789 1.104484369808200
 -0.4690704712018531 1.099894490179876
 -0.4803837539144346 1.095186722051439
 -0.4916353585795617 1.090371127022454
 -0.5028229998307753 1.085443717211966
 -0.5139408750418115 1.080395403509158
 -0.5249873598721043 1.075225529331404
 -0.5359644516132265 1.069938124792862
 -0.5468719411514215 1.064531666308535
 -0.5577066013101154 1.059000391291548
 -0.5684668157559357 1.053342631007187
 -0.5791542491285697 1.047561083521021
 -0.5897701380108137 1.041655964008765
 -0.6003130105188395 1.035623744405756
 -0.6107815790694496 1.029462910874477
 -0.6211774131510989 1.023176012720009
 -0.6315027192668481 1.016764901455075
 -0.6417573136621300 1.010228138313974
 -0.6519401229029765 1.003564895212720
 -0.6620523742634723 0.9967779609336406
 -0.6720966843440375 0.9898706216572967
 -0.6820736742966470 0.9828433209067258
 -0.6919821946522209 0.9756959933267872
 -0.7018227270991985 0.9684315800293509
 -0.7115977402241497 0.9610543701766415
 -0.7213082407122828 0.9535663004322168
 -0.7309527437110579 0.9459678574588146
 -0.7405306221231533 0.9382617829968801
 -0.7500437512568443 0.9304528085102520
 -0.7594932677064136 0.9225439096861249
 -0.7688772392055632 0.9145358302841167
 -0.7781936807456249 0.9064306908400976
 -0.7874435677568963 0.8982331128863177
 -0.7966281072746807 0.8899467313466976
 -0.8057449815949680 0.8815723190356646
 -0.8147906775232462 0.8731109856329560
 -0.8237650493465187 0.8645667611247360
 -0.8326695251728559 0.8559437220383936
 -0.8415016464127462 0.8472425865512334
 -0.8502561591113026 0.8384630750111171
 -0.8589315521238003 0.8296081793344233
 -0.8675299652234113 0.8206824637671613
 -0.8760493285473923 0.8116867299016043
 -0.8844820295155715 0.8026187132635602
 -0.8928246575442426 0.7934797780163968
 -0.9010817302462695 0.7842758039189268
 -0.9092529199632311 0.7750083647399990
 -0.9173244803695315 0.7656706308907911
 -0.9252894020805973 0.7562610297377126
 -0.9331803725249006 0.7468029743314093
 -0.9409366930851817 0.7372591043562705
 -0.9486141553617375 0.7276660584938081
 -0.9561741893158795 0.7180013343773797
 -0.9636178954809522 0.7082676462267361
 -0.9709542734397990 0.6984714162647330
 -0.9781793500665328 0.6886103335683871
 -0.9852835555839914 0.6786794280499642
 -0.9922651549806676 0.6686789432625138
 -0.9991278930188805 0.6586113707414898
 -1.005870826808307 0.6484754955804595
 -1.012488280238613 0.6382679408210836
 -1.018978019156682 0.6279880694633946
 -1.025342834215553 0.6176373857808714
 -1.031583903915202 0.6072154578297528
 -1.037698189534508 0.5967199661583277
 -1.043683819074956 0.5861502435364481
 -1.049543426405958 0.5755077129828485
 -1.055279848171581 0.5647928747030526
 -1.060892205852850 0.5540045745666958
 -1.066379155786687 0.5431426321489956
 -1.071743155214790 0.5322088489692492
 -1.076988113269876 0.5212047626430949
 -1.082114789646852 0.5101304466967622
 -1.087122156198725 0.4989864192655794
 -1.092012100635855 0.4877749865829212
 -1.096788905398034 0.4764986288789505
 -1.101454410632006 0.4651585200109024
 -1.106007573749120 0.4537558238673413
 -1.110449222537385 0.4422932284138037
 -1.114783346793330 0.4307738935640338
 -1.119012418680072 0.4191998280415941
 -1.123135136685721 0.4075726420943574
 -1.127150842010277 0.3958951646645907
 -1.131062690167284 0.3841709104014783
 -1.134873543941937 0.3724024237238246
 -1.138581782550899 0.3605915327605613
 -1.142184918318343 0.3487409551197868
 -1.145684840046195 0.3368542537283944
 -1.149084822776016 0.3249342449086272
 -1.152383096395485 0.3129827799150310
 -1.155574971020130 0.3010022435391934
 -1.158660633918420 0.2889959824290668
 -1.161644220311285 0.2769668794510581
 -1.164524338441144 0.2649166637358112
 -1.167293263383083 0.2528471804812354
 -1.169948723566654 0.2407613163793155
 -1.172497571238770 0.2286619046441191
 -1.174940309523337 0.2165504720286595
 -1.177261618958769 0.2044279770983175
 -1.179454642923167 0.1922965626047393
 -1.181559396085295 0.1801601611303282
 -1.183504631742824 0.1680167670013020
 -1.185356986179687 0.1558702144464624
 -1.187071805579233 0.1437203008639962
 -1.188651400141171 0.1315688265704870
 -1.190106774844295 0.1194168535826546
 -1.191433333399162 0.1072643671454331
 -1.192620303091776 9.511184792516642E-02
 -1.193666303134618 8.296037435073655E-02
 -1.194575822354716 7.081023177398116E-02
 -1.195347436731881 5.866083950022793E-02
 -1.195974542131199 4.651211105293440E-02
 -1.196454885219330 3.436461185050538E-02
 -1.196791634909441 2.221824930546756E-02
 -1.196985595840567 1.007206009356376E-02
 -1.197032976677167 -2.074445128751656E-03
 -1.196931822605898 -1.422090820047839E-02
 -1.196685126133948 -2.636741368594875E-02
 -1.196295593969901 -3.851494671650535E-02
 -1.195761888228826 -5.066406753887587E-02
 -1.195082755051972 -6.281426057396666E-02
 -1.194261223232722 -7.496519428114962E-02
 -1.193301446987132 -8.711749161257903E-02
 -1.192204120993409 -9.927146874012649E-02
 -1.190968613917800 -0.1114261628719380
 -1.189597713682120 -0.1235805206065038
 -1.188096369103100 -0.1357345352213925
 -1.186466760723185 -0.1478881101997894
 -1.184708567578399 -0.1600397162903049
 -1.182823850536957 -0.1721874395405054
 -1.180817644820878 -0.1843305382830776
 -1.178693095748008 -0.1964685089939471
 -1.176449881299920 -0.2085993064016038
 -1.174088845410216 -0.2207201511701795
 -1.171614478158375 -0.2328295772809662
 -1.169030530998505 -0.2449268125952396
 -1.166336514355529 -0.2570094635152349
 -1.163531632643033 -0.2690739326853876
 -1.160619303074913 -0.2811180789214588
 -1.157603770081483 -0.2931411007376224
 -1.154484426327777 -0.3051405098442517
 -1.151258402650496 -0.3171118960090131
 -1.147927534552867 -0.3290524545839971
 -1.144496844674469 -0.3409617565441241
 -1.140965992283204 -0.3528376085395395
 -1.137329209996807 -0.3646745501195225
 -1.133585973923558 -0.3764689455502574
 -1.129743634890389 -0.3882217673198427
 -1.125803391991891 -0.3999319447833375
 -1.121752457467849 -0.4115909880679783
 -1.117585964685337 -0.4231936131854548
 -1.113340533655229 -0.4347564217538853
 -1.108953460086484 -0.4462455273865536
 -1.104484369808200 -0.4576909276858789
 -1.099894490179876 -0.4690704712018531
 -1.095186722051439 -0.4803837539144346
 -1.090371127022454 -0.4916353585795617
 -1.085443717211966 -0.5028229998307753
 -1.080395403509158 -0.5139408750418115
 -1.075225529331404 -0.5249873598721043
 -1.069938124792862 -0.5359644516132265
 -1.064531666308535 -0.5468719411514215
 -1.059000391291548 -0.5577066013101154
 -1.053342631007187 -0.5684668157559357
 -1.047561083521021 -0.5791542491285697
 -1.041655964008765 -0.5897701380108137
 -1.035623744405756 -0.6003130105188395
 -1.029462910874477 -0.6107815790694496
 -1.023176012720009 -0.6211774131510989
 -1.016764901455075 -0.6315027192668481
 -1.010228138313974 -0.6417573136621300
 -1.003564895212720 -0.6519401229029765
 -0.9967779609336406 -0.6620523742634723
 -0.9898706216572967 -0.6720966843440375
 -0.9828433209067258 -0.6820736742966470
 -0.9756959933267872 -0.6919821946522209
 -0.9684315800293509 -0.7018227270991985
 -0.9610543701766415 -0.7115977402241497
 -0.9535663004322168 -0.7213082407122828
 -0.9459678574588146 -0.7309527437110579
 -0.9382617829968801 -0.7405306221231533
 -0.9304528085102520 -0.7500437512568443
 -0.9225439096861249 -0.7594932677064136
 -0.9145358302841167 -0.7688772392055632
 -0.9064306908400976 -0.7781936807456249
 -0.8982331128863177 -0.7874435677568963
 -0.8899467313466976 -0.7966281072746807
 -0.8815723190356646 -0.8057449815949680
 -0.8731109856329560 -0.8147906775232462
 -0.8645667611247360 -0.8237650493465187
 -0.8559437220383936 -0.8326695251728559
 -0.8472425865512334 -0.8415016464127462
 -0.8384630750111171 -0.8502561591113026
 -0.8296081793344233 -0.8589315521238003
 -0.8206824637671613 -0.8675299652234113
 -0.8116867299016043 -0.8760493285473923
 -0.8026187132635602 -0.8844820295155715
 -0.7934797780163968 -0.8928246575442426
 -0.7842758039189268 -0.9010817302462695
 -0.7750083647399990 -0.9092529199632311
 -0.7656706308907911 -0.9173244803695315
 -0.7562610297377126 -0.9252894020805973
 -0.7468029743314093 -0.9331803725249006
 -0.7372591043562705 -0.9409366930851817
 -0.7276660584938081 -0.9486141553617375
 -0.7180013343773797 -0.9561741893158795
 -0.7082676462267361 -0.9636178954809522
 -0.6984714162647330 -0.9709542734397990
 -0.6886103335683871 -0.9781793500665328
 -0.6786794280499642 -0.9852835555839914
 -0.6686789432625138 -0.9922651549806676
 -0.6586113707414898 -0.9991278930188805
 -0.6484754955804595 -1.005870826808307
 -0.6382679408210836 -1.012488280238613
 -0.6279880694633946 -1.018978019156682
 -0.6176373857808714 -1.025342834215553
 -0.6072154578297528 -1.031583903915202
 -0.5967199661583277 -1.037698189534508
 -0.5861502435364481 -1.043683819074956
 -0.5755077129828485 -1.049543426405958
 -0.5647928747030526 -1.055279848171581
 -0.5540045745666958 -1.060892205852850
 -0.5431426321489956 -1.066379155786687
 -0.5322088489692492 -1.071743155214790
 -0.5212047626430949 -1.076988113269876
 -0.5101304466967622 -1.082114789646852
 -0.4989864192655794 -1.087122156198725
 -0.4877749865829212 -1.092012100635855
 -0.4764986288789505 -1.096788905398034
 -0.4651585200109024 -1.101454410632006
 -0.4537558238673413 -1.106007573749120
 -0.4422932284138037 -1.110449222537385
 -0.4307738935640338 -1.114783346793330
 -0.4191998280415941 -1.119012418680072
 -0.4075726420943574 -1.123135136685721
 -0.3958951646645907 -1.127150842010277
 -0.3841709104014783 -1.131062690167284
 -0.3724024237238246 -1.134873543941937
 -0.3605915327605613 -1.138581782550899
 -0.3487409551197868 -1.142184918318343
 -0.3368542537283944 -1.145684840046195
 -0.3249342449086272 -1.149084822776016
 -0.3129827799150310 -1.152383096395485
 -0.3010022435391934 -1.155574971020130
 -0.2889959824290668 -1.158660633918420
 -0.2769668794510581 -1.161644220311285
 -0.2649166637358112 -1.164524338441144
 -0.2528471804812354 -1.167293263383083
 -0.2407613163793155 -1.169948723566654
 -0.2286619046441191 -1.172497571238770
 -0.2165504720286595 -1.174940309523337
 -0.2044279770983175 -1.177261618958769
 -0.1922965626047393 -1.179454642923167
 -0.1801601611303282 -1.181559396085295
 -0.1680167670013020 -1.183504631742824
 -0.1558702144464624 -1.185356986179687
 -0.1437203008639962 -1.187071805579233
 -0.1315688265704870 -1.188651400141171
 -0.1194168535826546 -1.190106774844295
 -0.1072643671454331 -1.191433333399162
 -9.511184792516642E-02 -1.192620303091776
 -8.296037435073655E-02 -1.193666303134618
 -7.081023177398116E-02 -1.194575822354716
 -5.866083950022793E-02 -1.195347436731881
 -4.651211105293440E-02 -1.195974542131199
 -3.436461185050538E-02 -1.196454885219330
 -2.221824930546756E-02 -1.196791634909441
 -1.007206009356376E-02 -1.196985595840567
 2.074445128751656E-03 -1.197032976677167
 1.422090820047839E-02 -1.196931822605898
 2.636741368594875E-02 -1.196685126133948
 3.851494671650535E-02 -1.196295593969901
 5.066406753887587E-02 -1.195761888228826
 6.281426057396666E-02 -1.195082755051972
 7.496519428114962E-02 -1.194261223232722
 8.711749161257903E-02 -1.193301446987132
 9.927146874012649E-02 -1.192204120993409
 0.1114261628719380 -1.190968613917800
 0.1235805206065038 -1.189597713682120
 0.1357345352213925 -1.188096369103100
 0.1478881101997894 -1.186466760723185
 0.1600397162903049 -1.184708567578399
 0.1721874395405054 -1.182823850536957
 0.1843305382830776 -1.180817644820878
 0.1964685089939471 -1.178693095748008
 0.2085993064016038 -1.176449881299920
 0.2207201511701795 -1.174088845410216
 0.2328295772809662 -1.171614478158375
 0.2449268125952396 -1.169030530998505
 0.2570094635152349 -1.166336514355529
 0.2690739326853876 -1.163531632643033
 0.2811180789214588 -1.160619303074913
 0.2931411007376224 -1.157603770081483
 0.3051405098442517 -1.154484426327777
 0.3171118960090131 -1.151258402650496
 0.3290524545839971 -1.147927534552867
 0.3409617565441241 -1.144496844674469
 0.3528376085395395 -1.140965992283204
 0.3646745501195225 -1.137329209996807
 0.3764689455502574 -1.133585973923558
 0.3882217673198427 -1.129743634890389
 0.3999319447833375 -1.125803391991891
 0.4115909880679783 -1.121752457467849
 0.4231936131854548 -1.117585964685337
 0.4347564217538853 -1.113340533655229
 0.4462455273865536 -1.108953460086484
 0.4576909276858789 -1.104484369808200
 0.4690704712018531 -1.099894490179876
 0.4803837539144346 -1.095186722051439
 0.4916353585795617 -1.090371127022454
 0.5028229998307753 -1.085443717211966
 0.5139408750418115 -1.080395403509158
 0.5249873598721043 -1.075225529331404
 0.5359644516132265 -1.069938124792862
 0.5468719411514215 -1.064531666308535
 0.5577066013101154 -1.059000391291548
 0.5684668157559357 -1.053342631007187
 0.5791542491285697 -1.047561083521021
 0.5897701380108137 -1.041655964008765
 0.6003130105188395 -1.035623744405756
 0.6107815790694496 -1.029462910874477
 0.6211774131510989 -1.023176012720009
 0.6315027192668481 -1.016764901455075
 0.6417573136621300 -1.010228138313974
 0.6519401229029765 -1.003564895212720
 0.6620523742634723 -0.9967779609336406
 0.6720966843440375 -0.9898706216572967
 0.6820736742966470 -0.9828433209067258
 0.6919821946522209 -0.9756959933267872
 0.7018227270991985 -0.9684315800293509
 0.7115977402241497 -0.9610543701766415
 0.7213082407122828 -0.9535663004322168
 0.7309527437110579 -0.9459678574588146
 0.7405306221231533 -0.9382617829968801
 0.7500437512568443 -0.9304528085102520
 0.7594932677064136 -0.9225439096861249
 0.7688772392055632 -0.9145358302841167
 0.7781936807456249 -0.9064306908400976
 0.7874435677568963 -0.8982331128863177
 0.7966281072746807 -0.8899467313466976
 0.8057449815949680 -0.8815723190356646
 0.8147906775232462 -0.8731109856329560
 0.8237650493465187 -0.8645667611247360
 0.8326695251728559 -0.8559437220383936
 0.8415016464127462 -0.8472425865512334
 0.8502561591113026 -0.8384630750111171
 0.8589315521238003 -0.8296081793344233
 0.8675299652234113 -0.8206824637671613
 0.8760493285473923 -0.8116867299016043
 0.8844820295155715 -0.8026187132635602
 0.8928246575442426 -0.7934797780163968
 0.9010817302462695 -0.7842758039189268
 0.9092529199632311 -0.7750083647399990
 0.9173244803695315 -0.7656706308907911
 0.9252894020805973 -0.7562610297377126
 0.9331803725249006 -0.7468029743314093
 0.9409366930851817 -0.7372591043562705
 0.9486141553617375 -0.7276660584938081
 0.9561741893158795 -0.7180013343773797
 0.9636178954809522 -0.7082676462267361
 0.9709542734397990 -0.6984714162647330
 0.9781793500665328 -0.6886103335683871
 0.9852835555839914 -0.6786794280499642
 0.9922651549806676 -0.6686789432625138
 0.9991278930188805 -0.6586113707414898
 1.005870826808307 -0.6484754955804595
 1.012488280238613 -0.6382679408210836
 1.018978019156682 -0.6279880694633946
 1.025342834215553 -0.6176373857808714
 1.031583903915202 -0.6072154578297528
 1.037698189534508 -0.5967199661583277
 1.043683819074956 -0.5861502435364481
 1.049543426405958 -0.5755077129828485
 1.055279848171581 -0.5647928747030526
 1.060892205852850 -0.5540045745666958
 1.066379155786687 -0.5431426321489956
 1.071743155214790 -0.5322088489692492
 1.076988113269876 -0.5212047626430949
 1.082114789646852 -0.5101304466967622
 1.087122156198725 -0.4989864192655794
 1.092012100635855 -0.4877749865829212
 1.096788905398034 -0.4764986288789505
 1.101454410632006 -0.4651585200109024
 1.106007573749120 -0.4537558238673413
 1.110449222537385 -0.4422932284138037
 1.114783346793330 -0.4307738935640338
 1.119012418680072 -0.4191998280415941
 1.123135136685721 -0.4075726420943574
 1.127150842010277 -0.3958951646645907
 1.131062690167284 -0.3841709104014783
 1.134873543941937 -0.3724024237238246
 1.138581782550899 -0.3605915327605613
 1.142184918318343 -0.3487409551197868
 1.145684840046195 -0.3368542537283944
 1.149084822776016 -0.3249342449086272
 1.152383096395485 -0.3129827799150310
 1.155574971020130 -0.3010022435391934
 1.158660633918420 -0.2889959824290668
 1.161644220311285 -0.2769668794510581
 1.164524338441144 -0.2649166637358112
 1.167293263383083 -0.2528471804812354
 1.169948723566654 -0.2407613163793155
 1.172497571238770 -0.2286619046441191
 1.174940309523337 -0.2165504720286595
 1.177261618958769 -0.2044279770983175
 1.179454642923167 -0.1922965626047393
 1.181559396085295 -0.1801601611303282
 1.183504631742824 -0.1680167670013020
 1.185356986179687 -0.1558702144464624
 1.187071805579233 -0.1437203008639962
 1.188651400141171 -0.1315688265704870
 1.190106774844295 -0.1194168535826546
 1.191433333399162 -0.1072643671454331
 1.192620303091776 -9.511184792516642E-02
 1.193666303134618 -8.296037435073655E-02
 1.194575822354716 -7.081023177398116E-02
 1.195347436731881 -5.866083950022793E-02
 1.195974542131199 -4.651211105293440E-02
 1.196454885219330 -3.436461185050538E-02
 1.196791634909441 -2.221824930546756E-02
 1.196985595840567 -1.007206009356376E-02
 1.197032976677167 2.074445128751656E-03
 1.196931822605898 1.422090820047839E-02
 1.196685126133948 2.636741368594875E-02
 1.196295593969901 3.851494671650535E-02
 1.195761888228826 5.066406753887587E-02
 1.195082755051972 6.281426057396666E-02
 1.194261223232722 7.496519428114962E-02
 1.193301446987132 8.711749161257903E-02
 1.192204120993409 9.927146874012649E-02
 1.190968613917800 0.1114261628719380
 1.189597713682120 0.1235805206065038
 1.188096369103100 0.1357345352213925
 1.186466760723185 0.1478881101997894
 1.184708567578399 0.1600397162903049
 1.182823850536957 0.1721874395405054
 1.180817644820878 0.1843305382830776
 1.178693095748008 0.1964685089939471
 1.176449881299920 0.2085993064016038
 1.174088845410216 0.2207201511701795
 1.171614478158375 0.2328295772809662
 1.169030530998505 0.2449268125952396
 1.166336514355529 0.2570094635152349
 1.163531632643033 0.2690739326853876
 1.160619303074913 0.2811180789214588
 1.157603770081483 0.2931411007376224
 1.154484426327777 0.3051405098442517
 1.151258402650496 0.3171118960090131
 1.147927534552867 0.3290524545839971
 1.144496844674469 0.3409617565441241
 1.140965992283204 0.3528376085395395
 1.137329209996807 0.3646745501195225
 1.133585973923558 0.3764689455502574
 1.129743634890389 0.3882217673198427
 1.125803391991891 0.3999319447833375
 1.121752457467849 0.4115909880679783
 1.117585964685337 0.4231936131854548
 1.113340533655229 0.4347564217538853
 1.108953460086484 0.4462455273865536
 1.104484369808200 0.4576909276858789
 1.099894490179876 0.4690704712018531
 1.095186722051439 0.4803837539144346
 1.090371127022454 0.4916353585795617
 1.085443717211966 0.5028229998307753
 1.080395403509158 0.5139408750418115
 1.075225529331404 0.5249873598721043
 1.069938124792862 0.5359644516132265
 1.064531666308535 0.5468719411514215
 1.059000391291548 0.5577066013101154
 1.053342631007187 0.5684668157559357
 1.047561083521021 0.5791542491285697
 1.041655964008765 0.5897701380108137
 1.035623744405756 0.6003130105188395
 1.029462910874477 0.6107815790694496
 1.023176012720009 0.6211774131510989
 1.016764901455075 0.6315027192668481
 1.010228138313974 0.6417573136621300
 1.003564895212720 0.6519401229029765
 0.9967779609336406 0.6620523742634723
 0.9898706216572967 0.6720966843440375
 0.9828433209067258 0.6820736742966470
 0.9756959933267872 0.6919821946522209
 0.9684315800293509 0.7018227270991985
 0.9610543701766415 0.7115977402241497
 0.9535663004322168 0.7213082407122828
 0.9459678574588146 0.7309527437110579
 0.9382617829968801 0.7405306221231533
 0.9304528085102520 0.7500437512568443
 0.9225439096861249 0.7594932677064136
 0.9145358302841167 0.7688772392055632
 0.9064306908400976 0.7781936807456249
 0.8982331128863177 0.7874435677568963
 0.8899467313466976 0.7966281072746807
 0.8815723190356646 0.8057449815949680
 0.8731109856329560 0.8147906775232462
 0.8645667611247360 0.8237650493465187
 0.8559437220383936 0.8326695251728559
 0.8472425865512334 0.8415016464127462
 0.8384630750111171 0.8502561591113026
 0.8296081793344233 0.8589315521238003
 0.8206824637671613 0.8675299652234113
 0.8116867299016043 0.8760493285473923
 0.8026187132635602 0.8844820295155715
 0.7934797780163968 0.8928246575442426
 0.7842758039189268 0.9010817302462695
 0.7750083647399990 0.9092529199632311
 0.7656706308907911 0.9173244803695315
 0.7562610297377126 0.9252894020805973
 0.7468029743314093 0.9331803725249006
   
   
 #BODY NUMBER  3
 -2.363152940988666 -2.212093238920247
 -2.338563399862702 -2.270948372653246
 -2.311613506901040 -2.329543568972532
 -2.281267078093694 -2.387655724906790
 -2.247711267436279 -2.445083092157642
 -2.211287276314714 -2.501610437792219
 -2.171932092895037 -2.557011748309255
 -2.129520552487389 -2.611075870267384
 -2.084212000593646 -2.663605001054972
 -2.036250264521712 -2.714393297328025
 -1.985699147939135 -2.763230814346773
 -1.932575632330922 -2.809928311684164
 -1.877068460366957 -2.854318468508092
 -1.819443309381475 -2.896234281493338
 -1.759851253766582 -2.935509108011303
 -1.698394731314289 -2.972001737358109
 -1.635296596555190 -3.005601689542265
 -1.570850558444961 -3.036206519943381
 -1.505263100641815 -3.063715954100824
 -1.438684349149772 -3.088056208652408
 -1.371351667857535 -3.109189864133163
 -1.303567150294226 -3.127092347099967
 -1.235558228501359 -3.141739014689275
 -1.167486126971298 -3.153127747355327
 -1.099575748825685 -3.161294261026089
 -1.032113070771441 -3.166288998183861
 -0.9653166200903005 -3.168156702344552
 -0.8993291578631013 -3.166956552530431
 -0.8343411517978376 -3.162784261634347
 -0.7706051425127356 -3.155751266278563
 -0.7083121381535009 -3.145956439429320
 -0.6475681655148153 -3.133502779801190
 -0.5885170013924603 -3.118527865291494
 -0.5313711350847810 -3.101187584404725
 -0.4762869592417127 -3.081619071194730
 -0.4233246244634052 -3.059952093658869
 -0.3725761898372100 -3.036349733564468
 -0.3242158909003898 -3.010999492282646
 -0.2783661266654371 -2.984065340068752
 -0.2350349183410712 -2.955690352528366
 -0.1942589828518810 -2.926050645409190
 -0.1561819410942107 -2.895358515586687
 -0.1208973884519429 -2.863798972155416
 -8.834905254457936E-02 -2.831516555338092
 -5.850882405939739E-02 -2.798689479877808
 -3.150829154331958E-02 -2.765555665299895
 -7.425122010142005E-03 -2.732321182790148
 1.390323262620630E-02 -2.699110876117955
 3.260051155298371E-02 -2.666087386515017
 4.844953524312778E-02 -2.633546429640215
 6.134660304539596E-02 -2.601726163751025
 7.220879075911002E-02 -2.570473544458277
 7.973280371925706E-02 -2.540515416719019
 8.539622621443965E-02 -2.511516460064999
 8.843172423733514E-02 -2.483977602154908
 8.909063122618166E-02 -2.457999506167379
 8.776378203416857E-02 -2.433660405369496
 8.450856242695681E-02 -2.411173521929395
 7.932068063834730E-02 -2.390739348088253
 7.242814283702459E-02 -2.372449955361595
 6.413707209896491E-02 -2.356390695180151
 5.460602701401940E-02 -2.342711056013766
 4.394203099423544E-02 -2.331539494339264
 3.238456604024065E-02 -2.322919760339652
 2.024032175020807E-02 -2.316882759272233
 7.721699037192220E-03 -2.313504050242170
 -5.014174248768932E-03 -2.312837573206217
 -1.772612631962900E-02 -2.314857963177337
 -3.011538534801705E-02 -2.319520823006795
 -4.195501003488922E-02 -2.326821351620111
 -5.308016773819579E-02 -2.336738867222903
 -6.327356595821954E-02 -2.349176539854466
 -7.226868725822277E-02 -2.364014264696782
 -7.985887824188520E-02 -2.381174460774011
 -8.590555220680385E-02 -2.400575332407106
 -9.023899873880392E-02 -2.422062859956328
 -9.264521362637357E-02 -2.445456061645013
 -9.296086136159842E-02 -2.470623373939051
 -9.109406007349996E-02 -2.497444803849068
 -8.693521976075380E-02 -2.525731922161508
 -8.033111042957719E-02 -2.555263257221031
 -7.117038325361436E-02 -2.585874277735060
 -5.941479999412480E-02 -2.617430475067456
 -4.501628887142162E-02 -2.649731215886562
 -2.788000674498448E-02 -2.682531538968828
 -7.944911249607722E-03 -2.715649785545267
 1.477453477925295E-02 -2.748956072838649
 4.026905544212278E-02 -2.782254860839353
 6.858290196491468E-02 -2.815287077228358
 9.973290377698540E-02 -2.847862014681833
 0.1336537949778158 -2.879869669955878
 0.1702826191593538 -2.911133346014205
 0.2096226028475070 -2.941380469879388
 0.2516533541227903 -2.970411748364264
 0.2962553656912943 -2.998155379672355
 0.3433103194325449 -3.024470073329218
 0.3927945751104609 -3.049055787025346
 0.4446604434231536 -3.071694375320237
 0.4987120693340863 -3.092399575430245
 0.5547607080567567 -3.111102673247522
 0.6128155233953996 -3.127378147144887
 0.6728283470035237 -3.140948018357633
 0.7341524699504012 -3.152597099384217
 0.7974172814692903 -3.160729498968229
 0.8616371565023592 -3.166687805193801
 0.9271369742137820 -3.169463104899633
 0.9936484384541857 -3.169116604051157
 1.060814551343015 -3.165836175249952
 1.128471085363557 -3.159454241896433
 1.196497758616421 -3.149756831468844
 1.264643596264059 -3.136783039913971
 1.332608419087421 -3.120641106202599
 1.400178507774700 -3.101281313561791
 1.467181484566143 -3.078623748175435
 1.533378074035623 -3.052748205574375
 1.598490808393864 -3.023801267416657
 1.662299833695095 -2.991830446649407
 1.724631638986465 -2.956853851650875
 1.785279118523436 -2.919009240110159
 1.844006698184432 -2.878499749133999
 1.900624295910086 -2.835454061585556
 1.954992950432359 -2.789965298716987
 2.006961573599639 -2.742220313953367
 2.056357837421364 -2.692468441243670
 2.103046684530924 -2.640894321081713
 2.146945667101665 -2.587636518200712
 2.187973264473705 -2.532907662381386
 2.226030172764683 -2.476980637957964
 2.261045877355166 -2.420067066865808
 2.293000248241390 -2.362320173338727
 2.321880941366035 -2.303952763696870
 2.347658193365779 -2.245239262842238
 2.370322126668281 -2.186394525164465
 2.389908927379579 -2.127561871918511
 2.406465853055859 -2.068934606410660
 2.420021662452999 -2.010774694023556
 2.430616920820386 -1.953286141791932
 2.438333935240258 -1.896585925662251
 2.443267909122336 -1.840835312026472
 2.445494105648624 -1.786278943971665
 2.445093327719471 -1.733104807279721
 2.442185471839613 -1.681391386323952
 2.436904700258271 -1.631258536767650
 2.429363057014568 -1.582936786393295
 2.419673966992383 -1.536599695728286
 2.407990741886704 -1.492270801572938
 2.394481774848740 -1.450014867919896
 2.379287315958023 -1.410064813556309
 2.362546994589542 -1.372590935682056
 2.344450202662125 -1.337514885409959
 2.325199661207758 -1.304810822076257
 2.304942877735798 -1.274814686498009
 2.283834253021718 -1.247735365202320
 2.262199784636252 -1.222702125055194
 2.240017291444309 -1.201207074823674
 2.217735169546275 -1.181802928743472
 2.195403568016373 -1.165404681387461
 2.173235330443646 -1.151845003202625
 2.151493626251403 -1.140824537910958
 2.130391804136729 -1.132400199065649
 2.110101349590649 -1.126675949565845
 2.090816001968911 -1.123500366035006
 2.072762739316766 -1.122651013828017
 2.056150301741600 -1.124065321413003
 2.041143447521645 -1.127714832034741
 2.027899806427119 -1.133414023288443
 2.016599487995044 -1.140912746819665
 2.007414128786505 -1.150064837594498
 2.000469006099351 -1.160761188881544
 1.995862739104462 -1.172780257292159
 1.993706264656864 -1.185841100259538
 1.994108895553615 -1.199744780316300
 1.997135137156409 -1.214338207309868
 2.002809778509284 -1.229384785435081
 2.011162064507093 -1.244593651412165
 2.022228134752063 -1.259747047662206
 2.036006445459425 -1.274684056740775
 2.052448466915569 -1.289180695298040
 2.071504466410039 -1.302961139361982
 2.093142174334039 -1.315818154466353
 2.117303614645988 -1.327612172082051
 2.143880397860790 -1.338154069877150
 2.172757338895595 -1.347200410956742
 2.203847623884492 -1.354572498762235
 2.237053884050926 -1.360169963689411
 2.272226401722681 -1.363850857690031
 2.309200455827479 -1.365410563583252
 2.347849246439161 -1.364705387745607
 2.388053060355402 -1.361682913971394
 2.429637917010679 -1.356253405420394
 2.472401578808258 -1.348249003247305
 2.516187303075692 -1.337559779076858
 2.560867191259005 -1.324187253214953
 2.606256741031973 -1.308097598992151
 2.652121510534712 -1.289151735666336
 2.698278710844598 -1.267267676564234
 2.744606406134886 -1.242513017140068
 2.790923076205159 -1.214919578654675
 2.836957056675136 -1.184357812998299
 2.882495583400674 -1.150759947597614
 2.927452625641847 -1.114302466497897
 2.971674302842410 -1.075114470425167
 3.014796684365480 -1.032975262478570
 3.056554949365864 -0.9877875682874737
 3.097305410939067 -0.9405038604639694
 3.135980681331992 -0.8897811263149832
 3.173250663403399 -0.8371442362212697
 3.208404052307476 -0.7818073799928432
 3.241359705890465 -0.7240335118935156
 3.272101827657730 -0.6642257374577329
 3.300403178258594 -0.6024424935871782
 3.326018311103811 -0.5386809612014605
 3.348855596857704 -0.4731780388589992
 3.368858683609133 -0.4062478088745736
 3.385877655713835 -0.3380504992150182
 3.399757116897065 -0.2686954364912713
 3.410446534402579 -0.1984297370662822
 3.417934117775339 -0.1275669859233186
 3.422151087461677 -5.632133863810385E-02
 3.423026370300754 1.514788570723358E-02
 3.420575715078626 8.659244943210553E-02
 3.414857256629392 0.1577067708093824
 3.405887396551900 0.2282618925152684
 3.393677299582130 0.2980909099354208
 3.378313241457174 0.3669695501797965
 3.359924987715589 0.4346239058562962
 3.338604913032283 0.5008446936075623
 3.314431794072963 0.5654912291546139
 3.287549013299390 0.6283865986447039
 3.258143243536124 0.6893083602258963
 3.226362497445466 0.7480896354787436
 3.192329406104491 0.8046363791917039
 3.156222093163872 0.8588314979374774
 3.118263335878514 0.9105120034363248
 3.078634264821782 0.9595619142648548
 3.037477092894394 1.005940907882678
 2.994982854448319 1.049593258880834
 2.951392797537780 1.090412890381169
 2.906903880062099 1.128332929402798
 2.861658559703663 1.163366167996618
 2.815844098959546 1.195514421537996
 2.769709996549014 1.224720548310982
 2.723459454384908 1.250960532789031
 2.677220390180683 1.274298966204414
 2.631163683110151 1.294792108641540
 2.585544998108778 1.312421729193392
 2.540571355444326 1.327199276427130
 2.496339794431284 1.339245753765154
 2.452990598908138 1.348674611957911
 2.410795607501343 1.355490851743586
 2.369972116599684 1.359730247108092
 2.330546970035919 1.361595990707997
 2.292599149654775 1.361276564438760
 2.256493342492670 1.358731743142206
 2.222487649976323 1.353990798548705
 2.189990993877142 1.347771419403083
 2.160284487725051 1.339308341895345
 2.132338943331835 1.329713531321527
 2.106971843779038 1.318572920767446
 2.084144699217465 1.306154502964754
 2.063729844217234 1.292835867458539
 2.045883241709773 1.278773322863745
 2.030780668952302 1.264063398522408
 2.018387859131887 1.248949589326589
 2.008625667217801 1.233739681352133
 2.001544274727581 1.218645734600764
 1.997201416527409 1.203824662304523
 1.995515240386879 1.189505737051209
 1.996359166244836 1.175970012452567
 1.999692429749313 1.163439212647671
 2.005483180348120 1.152076384324673
 2.013588865424091 1.142077705885178
 2.023821650004881 1.133679722747257
 2.036063905588504 1.127076571303810
 2.050215304894604 1.122400659913035
 2.066083344467504 1.119791754419384
 2.083430751765315 1.119420613284618
 2.102087012993948 1.121427413111804
 2.121911997666229 1.125891275666331
 2.142687465654373 1.132882164658288
 2.164149680036412 1.142494922283031
 2.186103035695638 1.154805219472698
 2.208397674719488 1.169832631767018
 2.230815617621543 1.187577852284359
 2.253088449325172 1.208062846264289
 2.275018007138106 1.231301778972826
 2.296468684045051 1.257260511378044
 2.317242690594103 1.285880358196531
 2.337080462572463 1.317120975385576
 2.355794157688768 1.350944397799661
 2.373278525576149 1.387273158867254
 2.389368861568556 1.426001455418959
 2.403818676843343 1.467038073981052
 2.416454399298707 1.510302235604975
 2.427213396281189 1.555682416740924
 2.435974121872619 1.603035747022054
 2.442498907687205 1.652228734213051
 2.446625356721807 1.703144071800030
 2.448351040443591 1.755642362532287
 2.447612756772614 1.809550494674543
 2.444162481564675 1.864697974027047
 2.437835139977520 1.920934427722623
 2.428740556307761 1.978097108932348
 2.416913594785653 2.035988202822355
 2.401981160970081 2.094402884666317
 2.383726602362340 2.153160450070160
 2.363152940988666 2.212093238920247
 2.338563399862702 2.270948372653246
 2.311613506901040 2.329543568972532
 2.281267078093694 2.387655724906790
 2.247711267436279 2.445083092157642
 2.211287276314714 2.501610437792219
 2.171932092895037 2.557011748309255
 2.129520552487389 2.611075870267384
 2.084212000593646 2.663605001054972
 2.036250264521712 2.714393297328025
 1.985699147939135 2.763230814346773
 1.932575632330922 2.809928311684164
 1.877068460366957 2.854318468508092
 1.819443309381475 2.896234281493338
 1.759851253766582 2.935509108011303
 1.698394731314289 2.972001737358109
 1.635296596555190 3.005601689542265
 1.570850558444961 3.036206519943381
 1.505263100641815 3.063715954100824
 1.438684349149772 3.088056208652408
 1.371351667857535 3.109189864133163
 1.303567150294226 3.127092347099967
 1.235558228501359 3.141739014689275
 1.167486126971298 3.153127747355327
 1.099575748825685 3.161294261026089
 1.032113070771441 3.166288998183861
 0.9653166200903005 3.168156702344552
 0.8993291578631013 3.166956552530431
 0.8343411517978376 3.162784261634347
 0.7706051425127356 3.155751266278563
 0.7083121381535009 3.145956439429320
 0.6475681655148153 3.133502779801190
 0.5885170013924603 3.118527865291494
 0.5313711350847810 3.101187584404725
 0.4762869592417127 3.081619071194730
 0.4233246244634052 3.059952093658869
 0.3725761898372100 3.036349733564468
 0.3242158909003898 3.010999492282646
 0.2783661266654371 2.984065340068752
 0.2350349183410712 2.955690352528366
 0.1942589828518810 2.926050645409190
 0.1561819410942107 2.895358515586687
 0.1208973884519429 2.863798972155416
 8.834905254457936E-02 2.831516555338092
 5.850882405939739E-02 2.798689479877808
 3.150829154331958E-02 2.765555665299895
 7.425122010142005E-03 2.732321182790148
 -1.390323262620630E-02 2.699110876117955
 -3.260051155298371E-02 2.666087386515017
 -4.844953524312778E-02 2.633546429640215
 -6.134660304539596E-02 2.601726163751025
 -7.220879075911002E-02 2.570473544458277
 -7.973280371925706E-02 2.540515416719019
 -8.539622621443965E-02 2.511516460064999
 -8.843172423733514E-02 2.483977602154908
 -8.909063122618166E-02 2.457999506167379
 -8.776378203416857E-02 2.433660405369496
 -8.450856242695681E-02 2.411173521929395
 -7.932068063834730E-02 2.390739348088253
 -7.242814283702459E-02 2.372449955361595
 -6.413707209896491E-02 2.356390695180151
 -5.460602701401940E-02 2.342711056013766
 -4.394203099423544E-02 2.331539494339264
 -3.238456604024065E-02 2.322919760339652
 -2.024032175020807E-02 2.316882759272233
 -7.721699037192220E-03 2.313504050242170
 5.014174248768932E-03 2.312837573206217
 1.772612631962900E-02 2.314857963177337
 3.011538534801705E-02 2.319520823006795
 4.195501003488922E-02 2.326821351620111
 5.308016773819579E-02 2.336738867222903
 6.327356595821954E-02 2.349176539854466
 7.226868725822277E-02 2.364014264696782
 7.985887824188520E-02 2.381174460774011
 8.590555220680385E-02 2.400575332407106
 9.023899873880392E-02 2.422062859956328
 9.264521362637357E-02 2.445456061645013
 9.296086136159842E-02 2.470623373939051
 9.109406007349996E-02 2.497444803849068
 8.693521976075380E-02 2.525731922161508
 8.033111042957719E-02 2.555263257221031
 7.117038325361436E-02 2.585874277735060
 5.941479999412480E-02 2.617430475067456
 4.501628887142162E-02 2.649731215886562
 2.788000674498448E-02 2.682531538968828
 7.944911249607722E-03 2.715649785545267
 -1.477453477925295E-02 2.748956072838649
 -4.026905544212278E-02 2.782254860839353
 -6.858290196491468E-02 2.815287077228358
 -9.973290377698540E-02 2.847862014681833
 -0.1336537949778158 2.879869669955878
 -0.1702826191593538 2.911133346014205
 -0.2096226028475070 2.941380469879388
 -0.2516533541227903 2.970411748364264
 -0.2962553656912943 2.998155379672355
 -0.3433103194325449 3.024470073329218
 -0.3927945751104609 3.049055787025346
 -0.4446604434231536 3.071694375320237
 -0.4987120693340863 3.092399575430245
 -0.5547607080567567 3.111102673247522
 -0.6128155233953996 3.127378147144887
 -0.6728283470035237 3.140948018357633
 -0.7341524699504012 3.152597099384217
 -0.7974172814692903 3.160729498968229
 -0.8616371565023592 3.166687805193801
 -0.9271369742137820 3.169463104899633
 -0.9936484384541857 3.169116604051157
 -1.060814551343015 3.165836175249952
 -1.128471085363557 3.159454241896433
 -1.196497758616421 3.149756831468844
 -1.264643596264059 3.136783039913971
 -1.332608419087421 3.120641106202599
 -1.400178507774700 3.101281313561791
 -1.467181484566143 3.078623748175435
 -1.533378074035623 3.052748205574375
 -1.598490808393864 3.023801267416657
 -1.662299833695095 2.991830446649407
 -1.724631638986465 2.956853851650875
 -1.785279118523436 2.919009240110159
 -1.844006698184432 2.878499749133999
 -1.900624295910086 2.835454061585556
 -1.954992950432359 2.789965298716987
 -2.006961573599639 2.742220313953367
 -2.056357837421364 2.692468441243670
 -2.103046684530924 2.640894321081713
 -2.146945667101665 2.587636518200712
 -2.187973264473705 2.532907662381386
 -2.226030172764683 2.476980637957964
 -2.261045877355166 2.420067066865808
 -2.293000248241390 2.362320173338727
 -2.321880941366035 2.303952763696870
 -2.347658193365779 2.245239262842238
 -2.370322126668281 2.186394525164465
 -2.389908927379579 2.127561871918511
 -2.406465853055859 2.068934606410660
 -2.420021662452999 2.010774694023556
 -2.430616920820386 1.953286141791932
 -2.438333935240258 1.896585925662251
 -2.443267909122336 1.840835312026472
 -2.445494105648624 1.786278943971665
 -2.445093327719471 1.733104807279721
 -2.442185471839613 1.681391386323952
 -2.436904700258271 1.631258536767650
 -2.429363057014568 1.582936786393295
 -2.419673966992383 1.536599695728286
 -2.407990741886704 1.492270801572938
 -2.394481774848740 1.450014867919896
 -2.379287315958023 1.410064813556309
 -2.362546994589542 1.372590935682056
 -2.344450202662125 1.337514885409959
 -2.325199661207758 1.304810822076257
 -2.304942877735798 1.274814686498009
 -2.283834253021718 1.247735365202320
 -2.262199784636252 1.222702125055194
 -2.240017291444309 1.201207074823674
 -2.217735169546275 1.181802928743472
 -2.195403568016373 1.165404681387461
 -2.173235330443646 1.151845003202625
 -2.151493626251403 1.140824537910958
 -2.130391804136729 1.132400199065649
 -2.110101349590649 1.126675949565845
 -2.090816001968911 1.123500366035006
 -2.072762739316766 1.122651013828017
 -2.056150301741600 1.124065321413003
 -2.041143447521645 1.127714832034741
 -2.027899806427119 1.133414023288443
 -2.016599487995044 1.140912746819665
 -2.007414128786505 1.150064837594498
 -2.000469006099351 1.160761188881544
 -1.995862739104462 1.172780257292159
 -1.993706264656864 1.185841100259538
 -1.994108895553615 1.199744780316300
 -1.997135137156409 1.214338207309868
 -2.002809778509284 1.229384785435081
 -2.011162064507093 1.244593651412165
 -2.022228134752063 1.259747047662206
 -2.036006445459425 1.274684056740775
 -2.052448466915569 1.289180695298040
 -2.071504466410039 1.302961139361982
 -2.093142174334039 1.315818154466353
 -2.117303614645988 1.327612172082051
 -2.143880397860790 1.338154069877150
 -2.172757338895595 1.347200410956742
 -2.203847623884492 1.354572498762235
 -2.237053884050926 1.360169963689411
 -2.272226401722681 1.363850857690031
 -2.309200455827479 1.365410563583252
 -2.347849246439161 1.364705387745607
 -2.388053060355402 1.361682913971394
 -2.429637917010679 1.356253405420394
 -2.472401578808258 1.348249003247305
 -2.516187303075692 1.337559779076858
 -2.560867191259005 1.324187253214953
 -2.606256741031973 1.308097598992151
 -2.652121510534712 1.289151735666336
 -2.698278710844598 1.267267676564234
 -2.744606406134886 1.242513017140068
 -2.790923076205159 1.214919578654675
 -2.836957056675136 1.184357812998299
 -2.882495583400674 1.150759947597614
 -2.927452625641847 1.114302466497897
 -2.971674302842410 1.075114470425167
 -3.014796684365480 1.032975262478570
 -3.056554949365864 0.9877875682874737
 -3.097305410939067 0.9405038604639694
 -3.135980681331992 0.8897811263149832
 -3.173250663403399 0.8371442362212697
 -3.208404052307476 0.7818073799928432
 -3.241359705890465 0.7240335118935156
 -3.272101827657730 0.6642257374577329
 -3.300403178258594 0.6024424935871782
 -3.326018311103811 0.5386809612014605
 -3.348855596857704 0.4731780388589992
 -3.368858683609133 0.4062478088745736
 -3.385877655713835 0.3380504992150182
 -3.399757116897065 0.2686954364912713
 -3.410446534402579 0.1984297370662822
 -3.417934117775339 0.1275669859233186
 -3.422151087461677 5.632133863810385E-02
 -3.423026370300754 -1.514788570723358E-02
 -3.420575715078626 -8.659244943210553E-02
 -3.414857256629392 -0.1577067708093824
 -3.405887396551900 -0.2282618925152684
 -3.393677299582130 -0.2980909099354208
 -3.378313241457174 -0.3669695501797965
 -3.359924987715589 -0.4346239058562962
 -3.338604913032283 -0.5008446936075623
 -3.314431794072963 -0.5654912291546139
 -3.287549013299390 -0.6283865986447039
 -3.258143243536124 -0.6893083602258963
 -3.226362497445466 -0.7480896354787436
 -3.192329406104491 -0.8046363791917039
 -3.156222093163872 -0.8588314979374774
 -3.118263335878514 -0.9105120034363248
 -3.078634264821782 -0.9595619142648548
 -3.037477092894394 -1.005940907882678
 -2.994982854448319 -1.049593258880834
 -2.951392797537780 -1.090412890381169
 -2.906903880062099 -1.128332929402798
 -2.861658559703663 -1.163366167996618
 -2.815844098959546 -1.195514421537996
 -2.769709996549014 -1.224720548310982
 -2.723459454384908 -1.250960532789031
 -2.677220390180683 -1.274298966204414
 -2.631163683110151 -1.294792108641540
 -2.585544998108778 -1.312421729193392
 -2.540571355444326 -1.327199276427130
 -2.496339794431284 -1.339245753765154
 -2.452990598908138 -1.348674611957911
 -2.410795607501343 -1.355490851743586
 -2.369972116599684 -1.359730247108092
 -2.330546970035919 -1.361595990707997
 -2.292599149654775 -1.361276564438760
 -2.256493342492670 -1.358731743142206
 -2.222487649976323 -1.353990798548705
 -2.189990993877142 -1.347771419403083
 -2.160284487725051 -1.339308341895345
 -2.132338943331835 -1.329713531321527
 -2.106971843779038 -1.318572920767446
 -2.084144699217465 -1.306154502964754
 -2.063729844217234 -1.292835867458539
 -2.045883241709773 -1.278773322863745
 -2.030780668952302 -1.264063398522408
 -2.018387859131887 -1.248949589326589
 -2.008625667217801 -1.233739681352133
 -2.001544274727581 -1.218645734600764
 -1.997201416527409 -1.203824662304523
 -1.995515240386879 -1.189505737051209
 -1.996359166244836 -1.175970012452567
 -1.999692429749313 -1.163439212647671
 -2.005483180348120 -1.152076384324673
 -2.013588865424091 -1.142077705885178
 -2.023821650004881 -1.133679722747257
 -2.036063905588504 -1.127076571303810
 -2.050215304894604 -1.122400659913035
 -2.066083344467504 -1.119791754419384
 -2.083430751765315 -1.119420613284618
 -2.102087012993948 -1.121427413111804
 -2.121911997666229 -1.125891275666331
 -2.142687465654373 -1.132882164658288
 -2.164149680036412 -1.142494922283031
 -2.186103035695638 -1.154805219472698
 -2.208397674719488 -1.169832631767018
 -2.230815617621543 -1.187577852284359
 -2.253088449325172 -1.208062846264289
 -2.275018007138106 -1.231301778972826
 -2.296468684045051 -1.257260511378044
 -2.317242690594103 -1.285880358196531
 -2.337080462572463 -1.317120975385576
 -2.355794157688768 -1.350944397799661
 -2.373278525576149 -1.387273158867254
 -2.389368861568556 -1.426001455418959
 -2.403818676843343 -1.467038073981052
 -2.416454399298707 -1.510302235604975
 -2.427213396281189 -1.555682416740924
 -2.435974121872619 -1.603035747022054
 -2.442498907687205 -1.652228734213051
 -2.446625356721807 -1.703144071800030
 -2.448351040443591 -1.755642362532287
 -2.447612756772614 -1.809550494674543
 -2.444162481564675 -1.864697974027047
 -2.437835139977520 -1.920934427722623
 -2.428740556307761 -1.978097108932348
 -2.416913594785653 -2.035988202822355
 -2.401981160970081 -2.094402884666317
 -2.383726602362340 -2.153160450070160
 -2.363152940988666 -2.212093238920247
   
   
 #BODY NUMBER  4
 -1.222702125055194 -2.262199784636252
 -1.201207074823674 -2.240017291444309
 -1.181802928743472 -2.217735169546275
 -1.165404681387461 -2.195403568016373
 -1.151845003202625 -2.173235330443646
 -1.140824537910958 -2.151493626251403
 -1.132400199065649 -2.130391804136729
 -1.126675949565845 -2.110101349590649
 -1.123500366035006 -2.090816001968911
 -1.122651013828017 -2.072762739316766
 -1.124065321413003 -2.056150301741600
 -1.127714832034741 -2.041143447521645
 -1.133414023288443 -2.027899806427119
 -1.140912746819665 -2.016599487995044
 -1.150064837594498 -2.007414128786505
 -1.160761188881544 -2.000469006099351
 -1.172780257292159 -1.995862739104462
 -1.185841100259538 -1.993706264656864
 -1.199744780316300 -1.994108895553615
 -1.214338207309868 -1.997135137156409
 -1.229384785435081 -2.002809778509284
 -1.244593651412165 -2.011162064507093
 -1.259747047662206 -2.022228134752063
 -1.274684056740775 -2.036006445459425
 -1.289180695298040 -2.052448466915569
 -1.302961139361982 -2.071504466410039
 -1.315818154466353 -2.093142174334039
 -1.327612172082051 -2.117303614645988
 -1.338154069877150 -2.143880397860790
 -1.347200410956742 -2.172757338895595
 -1.354572498762235 -2.203847623884492
 -1.360169963689411 -2.237053884050926
 -1.363850857690031 -2.272226401722681
 -1.365410563583252 -2.309200455827479
 -1.364705387745607 -2.347849246439161
 -1.361682913971394 -2.388053060355402
 -1.356253405420394 -2.429637917010679
 -1.348249003247305 -2.472401578808258
 -1.337559779076858 -2.516187303075692
 -1.324187253214953 -2.560867191259005
 -1.308097598992151 -2.606256741031973
 -1.289151735666336 -2.652121510534712
 -1.267267676564234 -2.698278710844598
 -1.242513017140068 -2.744606406134886
 -1.214919578654675 -2.790923076205159
 -1.184357812998299 -2.836957056675136
 -1.150759947597614 -2.882495583400674
 -1.114302466497897 -2.927452625641847
 -1.075114470425167 -2.971674302842410
 -1.032975262478570 -3.014796684365480
 -0.9877875682874737 -3.056554949365864
 -0.9405038604639694 -3.097305410939067
 -0.8897811263149832 -3.135980681331992
 -0.8371442362212697 -3.173250663403399
 -0.7818073799928432 -3.208404052307476
 -0.7240335118935156 -3.241359705890465
 -0.6642257374577329 -3.272101827657730
 -0.6024424935871782 -3.300403178258594
 -0.5386809612014605 -3.326018311103811
 -0.4731780388589992 -3.348855596857704
 -0.4062478088745736 -3.368858683609133
 -0.3380504992150182 -3.385877655713835
 -0.2686954364912713 -3.399757116897065
 -0.1984297370662822 -3.410446534402579
 -0.1275669859233186 -3.417934117775339
 -5.632133863810385E-02 -3.422151087461677
 1.514788570723358E-02 -3.423026370300754
 8.659244943210553E-02 -3.420575715078626
 0.1577067708093824 -3.414857256629392
 0.2282618925152684 -3.405887396551900
 0.2980909099354208 -3.393677299582130
 0.3669695501797965 -3.378313241457174
 0.4346239058562962 -3.359924987715589
 0.5008446936075623 -3.338604913032283
 0.5654912291546139 -3.314431794072963
 0.6283865986447039 -3.287549013299390
 0.6893083602258963 -3.258143243536124
 0.7480896354787436 -3.226362497445466
 0.8046363791917039 -3.192329406104491
 0.8588314979374774 -3.156222093163872
 0.9105120034363248 -3.118263335878514
 0.9595619142648548 -3.078634264821782
 1.005940907882678 -3.037477092894394
 1.049593258880834 -2.994982854448319
 1.090412890381169 -2.951392797537780
 1.128332929402798 -2.906903880062099
 1.163366167996618 -2.861658559703663
 1.195514421537996 -2.815844098959546
 1.224720548310982 -2.769709996549014
 1.250960532789031 -2.723459454384908
 1.274298966204414 -2.677220390180683
 1.294792108641540 -2.631163683110151
 1.312421729193392 -2.585544998108778
 1.327199276427130 -2.540571355444326
 1.339245753765154 -2.496339794431284
 1.348674611957911 -2.452990598908138
 1.355490851743586 -2.410795607501343
 1.359730247108092 -2.369972116599684
 1.361595990707997 -2.330546970035919
 1.361276564438760 -2.292599149654775
 1.358731743142206 -2.256493342492670
 1.353990798548705 -2.222487649976323
 1.347771419403083 -2.189990993877142
 1.339308341895345 -2.160284487725051
 1.329713531321527 -2.132338943331835
 1.318572920767446 -2.106971843779038
 1.306154502964754 -2.084144699217465
 1.292835867458539 -2.063729844217234
 1.278773322863745 -2.045883241709773
 1.264063398522408 -2.030780668952302
 1.248949589326589 -2.018387859131887
 1.233739681352133 -2.008625667217801
 1.218645734600764 -2.001544274727581
 1.203824662304523 -1.997201416527409
 1.189505737051209 -1.995515240386879
 1.175970012452567 -1.996359166244836
 1.163439212647671 -1.999692429749313
 1.152076384324673 -2.005483180348120
 1.142077705885178 -2.013588865424091
 1.133679722747257 -2.023821650004881
 1.127076571303810 -2.036063905588504
 1.122400659913035 -2.050215304894604
 1.119791754419384 -2.066083344467504
 1.119420613284618 -2.083430751765315
 1.121427413111804 -2.102087012993948
 1.125891275666331 -2.121911997666229
 1.132882164658288 -2.142687465654373
 1.142494922283031 -2.164149680036412
 1.154805219472698 -2.186103035695638
 1.169832631767018 -2.208397674719488
 1.187577852284359 -2.230815617621543
 1.208062846264289 -2.253088449325172
 1.231301778972826 -2.275018007138106
 1.257260511378044 -2.296468684045051
 1.285880358196531 -2.317242690594103
 1.317120975385576 -2.337080462572463
 1.350944397799661 -2.355794157688768
 1.387273158867254 -2.373278525576149
 1.426001455418959 -2.389368861568556
 1.467038073981052 -2.403818676843343
 1.510302235604975 -2.416454399298707
 1.555682416740924 -2.427213396281189
 1.603035747022054 -2.435974121872619
 1.652228734213051 -2.442498907687205
 1.703144071800030 -2.446625356721807
 1.755642362532287 -2.448351040443591
 1.809550494674543 -2.447612756772614
 1.864697974027047 -2.444162481564675
 1.920934427722623 -2.437835139977520
 1.978097108932348 -2.428740556307761
 2.035988202822355 -2.416913594785653
 2.094402884666317 -2.401981160970081
 2.153160450070160 -2.383726602362340
 2.212093238920247 -2.363152940988666
 2.270948372653246 -2.338563399862702
 2.329543568972532 -2.311613506901040
 2.387655724906790 -2.281267078093694
 2.445083092157642 -2.247711267436279
 2.501610437792219 -2.211287276314714
 2.557011748309255 -2.171932092895037
 2.611075870267384 -2.129520552487389
 2.663605001054972 -2.084212000593646
 2.714393297328025 -2.036250264521712
 2.763230814346773 -1.985699147939135
 2.809928311684164 -1.932575632330922
 2.854318468508092 -1.877068460366957
 2.896234281493338 -1.819443309381475
 2.935509108011303 -1.759851253766582
 2.972001737358109 -1.698394731314289
 3.005601689542265 -1.635296596555190
 3.036206519943381 -1.570850558444961
 3.063715954100824 -1.505263100641815
 3.088056208652408 -1.438684349149772
 3.109189864133163 -1.371351667857535
 3.127092347099967 -1.303567150294226
 3.141739014689275 -1.235558228501359
 3.153127747355327 -1.167486126971298
 3.161294261026089 -1.099575748825685
 3.166288998183861 -1.032113070771441
 3.168156702344552 -0.9653166200903005
 3.166956552530431 -0.8993291578631013
 3.162784261634347 -0.8343411517978376
 3.155751266278563 -0.7706051425127356
 3.145956439429320 -0.7083121381535009
 3.133502779801190 -0.6475681655148153
 3.118527865291494 -0.5885170013924603
 3.101187584404725 -0.5313711350847810
 3.081619071194730 -0.4762869592417127
 3.059952093658869 -0.4233246244634052
 3.036349733564468 -0.3725761898372100
 3.010999492282646 -0.3242158909003898
 2.984065340068752 -0.2783661266654371
 2.955690352528366 -0.2350349183410712
 2.926050645409190 -0.1942589828518810
 2.895358515586687 -0.1561819410942107
 2.863798972155416 -0.1208973884519429
 2.831516555338092 -8.834905254457936E-02
 2.798689479877808 -5.850882405939739E-02
 2.765555665299895 -3.150829154331958E-02
 2.732321182790148 -7.425122010142005E-03
 2.699110876117955 1.390323262620630E-02
 2.666087386515017 3.260051155298371E-02
 2.633546429640215 4.844953524312778E-02
 2.601726163751025 6.134660304539596E-02
 2.570473544458277 7.220879075911002E-02
 2.540515416719019 7.973280371925706E-02
 2.511516460064999 8.539622621443965E-02
 2.483977602154908 8.843172423733514E-02
 2.457999506167379 8.909063122618166E-02
 2.433660405369496 8.776378203416857E-02
 2.411173521929395 8.450856242695681E-02
 2.390739348088253 7.932068063834730E-02
 2.372449955361595 7.242814283702459E-02
 2.356390695180151 6.413707209896491E-02
 2.342711056013766 5.460602701401940E-02
 2.331539494339264 4.394203099423544E-02
 2.322919760339652 3.238456604024065E-02
 2.316882759272233 2.024032175020807E-02
 2.313504050242170 7.721699037192220E-03
 2.312837573206217 -5.014174248768932E-03
 2.314857963177337 -1.772612631962900E-02
 2.319520823006795 -3.011538534801705E-02
 2.326821351620111 -4.195501003488922E-02
 2.336738867222903 -5.308016773819579E-02
 2.349176539854466 -6.327356595821954E-02
 2.364014264696782 -7.226868725822277E-02
 2.381174460774011 -7.985887824188520E-02
 2.400575332407106 -8.590555220680385E-02
 2.422062859956328 -9.023899873880392E-02
 2.445456061645013 -9.264521362637357E-02
 2.470623373939051 -9.296086136159842E-02
 2.497444803849068 -9.109406007349996E-02
 2.525731922161508 -8.693521976075380E-02
 2.555263257221031 -8.033111042957719E-02
 2.585874277735060 -7.117038325361436E-02
 2.617430475067456 -5.941479999412480E-02
 2.649731215886562 -4.501628887142162E-02
 2.682531538968828 -2.788000674498448E-02
 2.715649785545267 -7.944911249607722E-03
 2.748956072838649 1.477453477925295E-02
 2.782254860839353 4.026905544212278E-02
 2.815287077228358 6.858290196491468E-02
 2.847862014681833 9.973290377698540E-02
 2.879869669955878 0.1336537949778158
 2.911133346014205 0.1702826191593538
 2.941380469879388 0.2096226028475070
 2.970411748364264 0.2516533541227903
 2.998155379672355 0.2962553656912943
 3.024470073329218 0.3433103194325449
 3.049055787025346 0.3927945751104609
 3.071694375320237 0.4446604434231536
 3.092399575430245 0.4987120693340863
 3.111102673247522 0.5547607080567567
 3.127378147144887 0.6128155233953996
 3.140948018357633 0.6728283470035237
 3.152597099384217 0.7341524699504012
 3.160729498968229 0.7974172814692903
 3.166687805193801 0.8616371565023592
 3.169463104899633 0.9271369742137820
 3.169116604051157 0.9936484384541857
 3.165836175249952 1.060814551343015
 3.159454241896433 1.128471085363557
 3.149756831468844 1.196497758616421
 3.136783039913971 1.264643596264059
 3.120641106202599 1.332608419087421
 3.101281313561791 1.400178507774700
 3.078623748175435 1.467181484566143
 3.052748205574375 1.533378074035623
 3.023801267416657 1.598490808393864
 2.991830446649407 1.662299833695095
 2.956853851650875 1.724631638986465
 2.919009240110159 1.785279118523436
 2.878499749133999 1.844006698184432
 2.835454061585556 1.900624295910086
 2.789965298716987 1.954992950432359
 2.742220313953367 2.006961573599639
 2.692468441243670 2.056357837421364
 2.640894321081713 2.103046684530924
 2.587636518200712 2.146945667101665
 2.532907662381386 2.187973264473705
 2.476980637957964 2.226030172764683
 2.420067066865808 2.261045877355166
 2.362320173338727 2.293000248241390
 2.303952763696870 2.321880941366035
 2.245239262842238 2.347658193365779
 2.186394525164465 2.370322126668281
 2.127561871918511 2.389908927379579
 2.068934606410660 2.406465853055859
 2.010774694023556 2.420021662452999
 1.953286141791932 2.430616920820386
 1.896585925662251 2.438333935240258
 1.840835312026472 2.443267909122336
 1.786278943971665 2.445494105648624
 1.733104807279721 2.445093327719471
 1.681391386323952 2.442185471839613
 1.631258536767650 2.436904700258271
 1.582936786393295 2.429363057014568
 1.536599695728286 2.419673966992383
 1.492270801572938 2.407990741886704
 1.450014867919896 2.394481774848740
 1.410064813556309 2.379287315958023
 1.372590935682056 2.362546994589542
 1.337514885409959 2.344450202662125
 1.304810822076257 2.325199661207758
 1.274814686498009 2.304942877735798
 1.247735365202320 2.283834253021718
 1.222702125055194 2.262199784636252
 1.201207074823674 2.240017291444309
 1.181802928743472 2.217735169546275
 1.165404681387461 2.195403568016373
 1.151845003202625 2.173235330443646
 1.140824537910958 2.151493626251403
 1.132400199065649 2.130391804136729
 1.126675949565845 2.110101349590649
 1.123500366035006 2.090816001968911
 1.122651013828017 2.072762739316766
 1.124065321413003 2.056150301741600
 1.127714832034741 2.041143447521645
 1.133414023288443 2.027899806427119
 1.140912746819665 2.016599487995044
 1.150064837594498 2.007414128786505
 1.160761188881544 2.000469006099351
 1.172780257292159 1.995862739104462
 1.185841100259538 1.993706264656864
 1.199744780316300 1.994108895553615
 1.214338207309868 1.997135137156409
 1.229384785435081 2.002809778509284
 1.244593651412165 2.011162064507093
 1.259747047662206 2.022228134752063
 1.274684056740775 2.036006445459425
 1.289180695298040 2.052448466915569
 1.302961139361982 2.071504466410039
 1.315818154466353 2.093142174334039
 1.327612172082051 2.117303614645988
 1.338154069877150 2.143880397860790
 1.347200410956742 2.172757338895595
 1.354572498762235 2.203847623884492
 1.360169963689411 2.237053884050926
 1.363850857690031 2.272226401722681
 1.365410563583252 2.309200455827479
 1.364705387745607 2.347849246439161
 1.361682913971394 2.388053060355402
 1.356253405420394 2.429637917010679
 1.348249003247305 2.472401578808258
 1.337559779076858 2.516187303075692
 1.324187253214953 2.560867191259005
 1.308097598992151 2.606256741031973
 1.289151735666336 2.652121510534712
 1.267267676564234 2.698278710844598
 1.242513017140068 2.744606406134886
 1.214919578654675 2.790923076205159
 1.184357812998299 2.836957056675136
 1.150759947597614 2.882495583400674
 1.114302466497897 2.927452625641847
 1.075114470425167 2.971674302842410
 1.032975262478570 3.014796684365480
 0.9877875682874737 3.056554949365864
 0.9405038604639694 3.097305410939067
 0.8897811263149832 3.135980681331992
 0.8371442362212697 3.173250663403399
 0.7818073799928432 3.208404052307476
 0.7240335118935156 3.241359705890465
 0.6642257374577329 3.272101827657730
 0.6024424935871782 3.300403178258594
 0.5386809612014605 3.326018311103811
 0.4731780388589992 3.348855596857704
 0.4062478088745736 3.368858683609133
 0.3380504992150182 3.385877655713835
 0.2686954364912713 3.399757116897065
 0.1984297370662822 3.410446534402579
 0.1275669859233186 3.417934117775339
 5.632133863810385E-02 3.422151087461677
 -1.514788570723358E-02 3.423026370300754
 -8.659244943210553E-02 3.420575715078626
 -0.1577067708093824 3.414857256629392
 -0.2282618925152684 3.405887396551900
 -0.2980909099354208 3.393677299582130
 -0.3669695501797965 3.378313241457174
 -0.4346239058562962 3.359924987715589
 -0.5008446936075623 3.338604913032283
 -0.5654912291546139 3.314431794072963
 -0.6283865986447039 3.287549013299390
 -0.6893083602258963 3.258143243536124
 -0.7480896354787436 3.226362497445466
 -0.8046363791917039 3.192329406104491
 -0.8588314979374774 3.156222093163872
 -0.9105120034363248 3.118263335878514
 -0.9595619142648548 3.078634264821782
 -1.005940907882678 3.037477092894394
 -1.049593258880834 2.994982854448319
 -1.090412890381169 2.951392797537780
 -1.128332929402798 2.906903880062099
 -1.163366167996618 2.861658559703663
 -1.195514421537996 2.815844098959546
 -1.224720548310982 2.769709996549014
 -1.250960532789031 2.723459454384908
 -1.274298966204414 2.677220390180683
 -1.294792108641540 2.631163683110151
 -1.312421729193392 2.585544998108778
 -1.327199276427130 2.540571355444326
 -1.339245753765154 2.496339794431284
 -1.348674611957911 2.452990598908138
 -1.355490851743586 2.410795607501343
 -1.359730247108092 2.369972116599684
 -1.361595990707997 2.330546970035919
 -1.361276564438760 2.292599149654775
 -1.358731743142206 2.256493342492670
 -1.353990798548705 2.222487649976323
 -1.347771419403083 2.189990993877142
 -1.339308341895345 2.160284487725051
 -1.329713531321527 2.132338943331835
 -1.318572920767446 2.106971843779038
 -1.306154502964754 2.084144699217465
 -1.292835867458539 2.063729844217234
 -1.278773322863745 2.045883241709773
 -1.264063398522408 2.030780668952302
 -1.248949589326589 2.018387859131887
 -1.233739681352133 2.008625667217801
 -1.218645734600764 2.001544274727581
 -1.203824662304523 1.997201416527409
 -1.189505737051209 1.995515240386879
 -1.175970012452567 1.996359166244836
 -1.163439212647671 1.999692429749313
 -1.152076384324673 2.005483180348120
 -1.142077705885178 2.013588865424091
 -1.133679722747257 2.023821650004881
 -1.127076571303810 2.036063905588504
 -1.122400659913035 2.050215304894604
 -1.119791754419384 2.066083344467504
 -1.119420613284618 2.083430751765315
 -1.121427413111804 2.102087012993948
 -1.125891275666331 2.121911997666229
 -1.132882164658288 2.142687465654373
 -1.142494922283031 2.164149680036412
 -1.154805219472698 2.186103035695638
 -1.169832631767018 2.208397674719488
 -1.187577852284359 2.230815617621543
 -1.208062846264289 2.253088449325172
 -1.231301778972826 2.275018007138106
 -1.257260511378044 2.296468684045051
 -1.285880358196531 2.317242690594103
 -1.317120975385576 2.337080462572463
 -1.350944397799661 2.355794157688768
 -1.387273158867254 2.373278525576149
 -1.426001455418959 2.389368861568556
 -1.467038073981052 2.403818676843343
 -1.510302235604975 2.416454399298707
 -1.555682416740924 2.427213396281189
 -1.603035747022054 2.435974121872619
 -1.652228734213051 2.442498907687205
 -1.703144071800030 2.446625356721807
 -1.755642362532287 2.448351040443591
 -1.809550494674543 2.447612756772614
 -1.864697974027047 2.444162481564675
 -1.920934427722623 2.437835139977520
 -1.978097108932348 2.428740556307761
 -2.035988202822355 2.416913594785653
 -2.094402884666317 2.401981160970081
 -2.153160450070160 2.383726602362340
 -2.212093238920247 2.363152940988666
 -2.270948372653246 2.338563399862702
 -2.329543568972532 2.311613506901040
 -2.387655724906790 2.281267078093694
 -2.445083092157642 2.247711267436279
 -2.501610437792219 2.211287276314714
 -2.557011748309255 2.171932092895037
 -2.611075870267384 2.129520552487389
 -2.663605001054972 2.084212000593646
 -2.714393297328025 2.036250264521712
 -2.763230814346773 1.985699147939135
 -2.809928311684164 1.932575632330922
 -2.854318468508092 1.877068460366957
 -2.896234281493338 1.819443309381475
 -2.935509108011303 1.759851253766582
 -2.972001737358109 1.698394731314289
 -3.005601689542265 1.635296596555190
 -3.036206519943381 1.570850558444961
 -3.063715954100824 1.505263100641815
 -3.088056208652408 1.438684349149772
 -3.109189864133163 1.371351667857535
 -3.127092347099967 1.303567150294226
 -3.141739014689275 1.235558228501359
 -3.153127747355327 1.167486126971298
 -3.161294261026089 1.099575748825685
 -3.166288998183861 1.032113070771441
 -3.168156702344552 0.9653166200903005
 -3.166956552530431 0.8993291578631013
 -3.162784261634347 0.8343411517978376
 -3.155751266278563 0.7706051425127356
 -3.145956439429320 0.7083121381535009
 -3.133502779801190 0.6475681655148153
 -3.118527865291494 0.5885170013924603
 -3.101187584404725 0.5313711350847810
 -3.081619071194730 0.4762869592417127
 -3.059952093658869 0.4233246244634052
 -3.036349733564468 0.3725761898372100
 -3.010999492282646 0.3242158909003898
 -2.984065340068752 0.2783661266654371
 -2.955690352528366 0.2350349183410712
 -2.926050645409190 0.1942589828518810
 -2.895358515586687 0.1561819410942107
 -2.863798972155416 0.1208973884519429
 -2.831516555338092 8.834905254457936E-02
 -2.798689479877808 5.850882405939739E-02
 -2.765555665299895 3.150829154331958E-02
 -2.732321182790148 7.425122010142005E-03
 -2.699110876117955 -1.390323262620630E-02
 -2.666087386515017 -3.260051155298371E-02
 -2.633546429640215 -4.844953524312778E-02
 -2.601726163751025 -6.134660304539596E-02
 -2.570473544458277 -7.220879075911002E-02
 -2.540515416719019 -7.973280371925706E-02
 -2.511516460064999 -8.539622621443965E-02
 -2.483977602154908 -8.843172423733514E-02
 -2.457999506167379 -8.909063122618166E-02
 -2.433660405369496 -8.776378203416857E-02
 -2.411173521929395 -8.450856242695681E-02
 -2.390739348088253 -7.932068063834730E-02
 -2.372449955361595 -7.242814283702459E-02
 -2.356390695180151 -6.413707209896491E-02
 -2.342711056013766 -5.460602701401940E-02
 -2.331539494339264 -4.394203099423544E-02
 -2.322919760339652 -3.238456604024065E-02
 -2.316882759272233 -2.024032175020807E-02
 -2.313504050242170 -7.721699037192220E-03
 -2.312837573206217 5.014174248768932E-03
 -2.314857963177337 1.772612631962900E-02
 -2.319520823006795 3.011538534801705E-02
 -2.326821351620111 4.195501003488922E-02
 -2.336738867222903 5.308016773819579E-02
 -2.349176539854466 6.327356595821954E-02
 -2.364014264696782 7.226868725822277E-02
 -2.381174460774011 7.985887824188520E-02
 -2.400575332407106 8.590555220680385E-02
 -2.422062859956328 9.023899873880392E-02
 -2.445456061645013 9.264521362637357E-02
 -2.470623373939051 9.296086136159842E-02
 -2.497444803849068 9.109406007349996E-02
 -2.525731922161508 8.693521976075380E-02
 -2.555263257221031 8.033111042957719E-02
 -2.585874277735060 7.117038325361436E-02
 -2.617430475067456 5.941479999412480E-02
 -2.649731215886562 4.501628887142162E-02
 -2.682531538968828 2.788000674498448E-02
 -2.715649785545267 7.944911249607722E-03
 -2.748956072838649 -1.477453477925295E-02
 -2.782254860839353 -4.026905544212278E-02
 -2.815287077228358 -6.858290196491468E-02
 -2.847862014681833 -9.973290377698540E-02
 -2.879869669955878 -0.1336537949778158
 -2.911133346014205 -0.1702826191593538
 -2.941380469879388 -0.2096226028475070
 -2.970411748364264 -0.2516533541227903
 -2.998155379672355 -0.2962553656912943
 -3.024470073329218 -0.3433103194325449
 -3.049055787025346 -0.3927945751104609
 -3.071694375320237 -0.4446604434231536
 -3.092399575430245 -0.4987120693340863
 -3.111102673247522 -0.5547607080567567
 -3.127378147144887 -0.6128155233953996
 -3.140948018357633 -0.6728283470035237
 -3.152597099384217 -0.7341524699504012
 -3.160729498968229 -0.7974172814692903
 -3.166687805193801 -0.8616371565023592
 -3.169463104899633 -0.9271369742137820
 -3.169116604051157 -0.9936484384541857
 -3.165836175249952 -1.060814551343015
 -3.159454241896433 -1.128471085363557
 -3.149756831468844 -1.196497758616421
 -3.136783039913971 -1.264643596264059
 -3.120641106202599 -1.332608419087421
 -3.101281313561791 -1.400178507774700
 -3.078623748175435 -1.467181484566143
 -3.052748205574375 -1.533378074035623
 -3.023801267416657 -1.598490808393864
 -2.991830446649407 -1.662299833695095
 -2.956853851650875 -1.724631638986465
 -2.919009240110159 -1.785279118523436
 -2.878499749133999 -1.844006698184432
 -2.835454061585556 -1.900624295910086
 -2.789965298716987 -1.954992950432359
 -2.742220313953367 -2.006961573599639
 -2.692468441243670 -2.056357837421364
 -2.640894321081713 -2.103046684530924
 -2.587636518200712 -2.146945667101665
 -2.532907662381386 -2.187973264473705
 -2.476980637957964 -2.226030172764683
 -2.420067066865808 -2.261045877355166
 -2.362320173338727 -2.293000248241390
 -2.303952763696870 -2.321880941366035
 -2.245239262842238 -2.347658193365779
 -2.186394525164465 -2.370322126668281
 -2.127561871918511 -2.389908927379579
 -2.068934606410660 -2.406465853055859
 -2.010774694023556 -2.420021662452999
 -1.953286141791932 -2.430616920820386
 -1.896585925662251 -2.438333935240258
 -1.840835312026472 -2.443267909122336
 -1.786278943971665 -2.445494105648624
 -1.733104807279721 -2.445093327719471
 -1.681391386323952 -2.442185471839613
 -1.631258536767650 -2.436904700258271
 -1.582936786393295 -2.429363057014568
 -1.536599695728286 -2.419673966992383
 -1.492270801572938 -2.407990741886704
 -1.450014867919896 -2.394481774848740
 -1.410064813556309 -2.379287315958023
 -1.372590935682056 -2.362546994589542
 -1.337514885409959 -2.344450202662125
 -1.304810822076257 -2.325199661207758
 -1.274814686498009 -2.304942877735798
 -1.247735365202320 -2.283834253021718
 -1.222702125055194 -2.262199784636252
   
   
