 # action(x) =  64.47641308288026
 # |grad_action(x)| =  1.766074280185602E-04
 # PRINTSTEPS = 50
 #
 #BODY NUMBER  1
 -0.8732931809499860 -0.2339982017874718
 -0.8592795847843196 -0.2302432777323397
 -0.8189131428092210 -0.2194271217310021
 -0.7640748678068982 -0.2047332434690509
 -0.7189989588410270 -0.1926551829801983
 -0.6748204045656033 -0.1808175682316468
 -0.6030066756184995 -0.1615751304854662
 -0.5020426115013326 -0.1345218890779299
 -0.3862152802262482 -0.1034860558689980
 -0.2297289233245605 -6.155566925132742E-02
 1.104630084437342E-02 2.959863563084050E-03
 0.2821168721157451 7.559301787070102E-02
 0.4057106777510405 0.1087098810042377
 0.2626171722932517 7.036807601531275E-02
 -1.589744506809979E-02 -4.259709863814898E-03
 -0.1470072307893377 -3.939047465972751E-02
 -2.555345511616077E-02 -6.847021579815980E-03
 0.1363509799370594 3.653515315096477E-02
 7.115951510395886E-02 1.906715310565490E-02
 -0.2137570630592194 -5.727602488288117E-02
 -0.4730896844687120 -0.1267640051913649
 -0.5521401342286939 -0.1479455158995577
 -0.5422978202575606 -0.1453082685902340
 -0.5883364447765196 -0.1576442642626941
 -0.6774595038502949 -0.1815247047719593
 -0.7077620198818825 -0.1896442439432065
 -0.6735796285091166 -0.1804851128073844
 -0.6594540288524144 -0.1767001751291103
 -0.6846009287282613 -0.1834382584744416
 -0.6756930730033794 -0.1810513932753657
 -0.6023777087899653 -0.1614065951136631
 -0.5303738353380937 -0.1421132200891105
 -0.4982390208926889 -0.1335027348361374
 -0.4298006047616089 -0.1151647300921791
 -0.2371777884686203 -6.355160668554638E-02
 4.344846371816032E-02 1.164198091062617E-02
 0.2904698738533517 7.783118231412835E-02
 0.4416902874926554 0.1183505689502631
 0.5342109166547856 0.1431413778333699
 0.6162717188328691 0.1651294876455622
 0.6887435610786402 0.1845482647293921
 0.7406729209704537 0.1984627119775026
 0.7837673943969781 0.2100098465408370
 0.8280815299669119 0.2218837716030217
 0.8618484987517501 0.2309315929432003
 0.8773610355295210 0.2350881690064714
 0.8885112498731285 0.2380758723555648
 0.9045968936236187 0.2423860142512771
 0.9122344928792802 0.2444325012321597
 0.9009442980937518 0.2414072992501728
 0.8835243661809089 0.2367396407535214
 0.8732931809499860 0.2339982017874718
 0.8592795847843196 0.2302432777323397
 0.8189131428092210 0.2194271217310021
 0.7640748678068982 0.2047332434690509
 0.7189989588410270 0.1926551829801983
 0.6748204045656033 0.1808175682316468
 0.6030066756184995 0.1615751304854662
 0.5020426115013326 0.1345218890779299
 0.3862152802262482 0.1034860558689980
 0.2297289233245605 6.155566925132742E-02
 -1.104630084437342E-02 -2.959863563084050E-03
 -0.2821168721157451 -7.559301787070102E-02
 -0.4057106777510405 -0.1087098810042377
 -0.2626171722932517 -7.036807601531275E-02
 1.589744506809979E-02 4.259709863814898E-03
 0.1470072307893377 3.939047465972751E-02
 2.555345511616077E-02 6.847021579815980E-03
 -0.1363509799370594 -3.653515315096477E-02
 -7.115951510395886E-02 -1.906715310565490E-02
 0.2137570630592194 5.727602488288117E-02
 0.4730896844687120 0.1267640051913649
 0.5521401342286939 0.1479455158995577
 0.5422978202575606 0.1453082685902340
 0.5883364447765196 0.1576442642626941
 0.6774595038502949 0.1815247047719593
 0.7077620198818825 0.1896442439432065
 0.6735796285091166 0.1804851128073844
 0.6594540288524144 0.1767001751291103
 0.6846009287282613 0.1834382584744416
 0.6756930730033794 0.1810513932753657
 0.6023777087899653 0.1614065951136631
 0.5303738353380937 0.1421132200891105
 0.4982390208926889 0.1335027348361374
 0.4298006047616089 0.1151647300921791
 0.2371777884686203 6.355160668554638E-02
 -4.344846371816032E-02 -1.164198091062617E-02
 -0.2904698738533517 -7.783118231412835E-02
 -0.4416902874926554 -0.1183505689502631
 -0.5342109166547856 -0.1431413778333699
 -0.6162717188328691 -0.1651294876455622
 -0.6887435610786402 -0.1845482647293921
 -0.7406729209704537 -0.1984627119775026
 -0.7837673943969781 -0.2100098465408370
 -0.8280815299669119 -0.2218837716030217
 -0.8618484987517501 -0.2309315929432003
 -0.8773610355295210 -0.2350881690064714
 -0.8885112498731285 -0.2380758723555648
 -0.9045968936236187 -0.2423860142512771
 -0.9122344928792802 -0.2444325012321597
 -0.9009442980937518 -0.2414072992501728
 -0.8835243661809089 -0.2367396407535214
 -0.8732931809499860 -0.2339982017874718
   
   
 #BODY NUMBER  2
 0.2339982073754072 0.8732931800186634
 0.2302432888498301 0.8592795775289135
 0.2194271373863676 0.8189131317139074
 0.2047332598641684 0.7640748559992679
 0.1926551967866436 0.7189989473520659
 0.1808175827575634 0.6748203914828362
 0.1615751534498682 0.6030066589791599
 0.1345219215148417 0.5020425929049782
 0.1034860873836957 0.3862152641562058
 6.155568813586376E-02 0.2297289126694728
 -2.959858038338916E-03 -1.104630692159515E-02
 -7.559301674554442E-02 -0.2821168751757535
 -0.1087098768261680 -0.4057106769815426
 -7.036806853371307E-02 -0.2626171663998891
 4.259717600774506E-03 1.589745394262262E-02
 3.939048057304408E-02 0.1470072376098226
 6.847024023886015E-03 2.555345698441145E-02
 -3.653515602679507E-02 -0.1363509807011842
 -1.906716112877054E-02 -7.115951341747606E-02
 5.727601493857617E-02 0.2137570704497019
 0.1267639971462402 0.4730896969311135
 0.1479455120265997 0.5521401482871933
 0.1453082700531440 0.5422978317867917
 0.1576442712002045 0.5883364510654918
 0.1815247150052868 0.6774595046392433
 0.1896442539523510 0.7077620164776215
 0.1804851213790764 0.6735796219000506
 0.1767001841133519 0.6594540192573387
 0.1834382687774680 0.6846009168379685
 0.1810514025251590 0.6756930603114951
 0.1614066011324059 0.6023776961421256
 0.1421132242605010 0.5303738225117046
 0.1335027392684420 0.4982390085882453
 0.1151647330952819 0.4298005955104673
 6.355160411717083E-02 0.2371777836877205
 -1.164199067666415E-02 -4.344846662987132E-02
 -7.783119740093346E-02 -0.2904698789475346
 -0.1183505867809906 -0.4416902946400413
 -0.1431413957050467 -0.5342109208182398
 -0.1651295016080926 -0.6162717157882668
 -0.1845482724136030 -0.6887435517333650
 -0.1984627170731903 -0.7406729086538638
 -0.2100098560283442 -0.7837673801690700
 -0.2218837867021628 -0.8280815135983605
 -0.2309316065741178 -0.8618484835491224
 -0.2350881747178992 -0.8773610283979542
 -0.2380758724618060 -0.8885112545898522
 -0.2423860159624720 -0.9045969056577799
 -0.2444325075063644 -0.9122345030718769
 -0.2414073073402651 -0.9009443013380544
 -0.2367396477970979 -0.8835243649512099
 -0.2339982073754072 -0.8732931800186634
 -0.2302432888498301 -0.8592795775289135
 -0.2194271373863676 -0.8189131317139074
 -0.2047332598641684 -0.7640748559992679
 -0.1926551967866436 -0.7189989473520659
 -0.1808175827575634 -0.6748203914828362
 -0.1615751534498682 -0.6030066589791599
 -0.1345219215148417 -0.5020425929049782
 -0.1034860873836957 -0.3862152641562058
 -6.155568813586376E-02 -0.2297289126694728
 2.959858038338916E-03 1.104630692159515E-02
 7.559301674554442E-02 0.2821168751757535
 0.1087098768261680 0.4057106769815426
 7.036806853371307E-02 0.2626171663998891
 -4.259717600774506E-03 -1.589745394262262E-02
 -3.939048057304408E-02 -0.1470072376098226
 -6.847024023886015E-03 -2.555345698441145E-02
 3.653515602679507E-02 0.1363509807011842
 1.906716112877054E-02 7.115951341747606E-02
 -5.727601493857617E-02 -0.2137570704497019
 -0.1267639971462402 -0.4730896969311135
 -0.1479455120265997 -0.5521401482871933
 -0.1453082700531440 -0.5422978317867917
 -0.1576442712002045 -0.5883364510654918
 -0.1815247150052868 -0.6774595046392433
 -0.1896442539523510 -0.7077620164776215
 -0.1804851213790764 -0.6735796219000506
 -0.1767001841133519 -0.6594540192573387
 -0.1834382687774680 -0.6846009168379685
 -0.1810514025251590 -0.6756930603114951
 -0.1614066011324059 -0.6023776961421256
 -0.1421132242605010 -0.5303738225117046
 -0.1335027392684420 -0.4982390085882453
 -0.1151647330952819 -0.4298005955104673
 -6.355160411717083E-02 -0.2371777836877205
 1.164199067666415E-02 4.344846662987132E-02
 7.783119740093346E-02 0.2904698789475346
 0.1183505867809906 0.4416902946400413
 0.1431413957050467 0.5342109208182398
 0.1651295016080926 0.6162717157882668
 0.1845482724136030 0.6887435517333650
 0.1984627170731903 0.7406729086538638
 0.2100098560283442 0.7837673801690700
 0.2218837867021628 0.8280815135983605
 0.2309316065741178 0.8618484835491224
 0.2350881747178992 0.8773610283979542
 0.2380758724618060 0.8885112545898522
 0.2423860159624720 0.9045969056577799
 0.2444325075063644 0.9122345030718769
 0.2414073073402651 0.9009443013380544
 0.2367396477970979 0.8835243649512099
 0.2339982073754072 0.8732931800186634
   
   
 #BODY NUMBER  3
 0.6392949777655303 -0.6392949782311916
 0.6290363040458654 -0.6290363118711213
 0.5994860280155261 -0.5994860348699779
 0.5593416464667438 -0.5593416457876789
 0.5263437980901809 -0.5263437920515641
 0.4940028336077606 -0.4940028292464020
 0.4414315102160450 -0.4414315115464167
 0.3675206783984936 -0.3675206838942237
 0.2827292018857262 -0.2827292072787042
 0.1681732573445913 -0.1681732586869096
 -8.086432920043112E-03 8.086437326895592E-03
 -0.2065238679131531 0.2065238761920584
 -0.2970008148963668 0.2970008228589966
 -0.1922490891553693 0.1922490946325269
 1.163777412092384E-02 -1.163776906332392E-02
 0.1076167982002962 -0.1076167911420158
 1.870644481166283E-02 -1.870643791145179E-02
 -9.981585104495168E-02 9.981585280528502E-02
 -5.209239610991143E-02 5.209239162754636E-02
 0.1564810228787905 -0.1564810285672346
 0.3463256908497827 -0.3463256920912317
 0.4041946436050272 -0.4041946403000982
 0.3969895712053614 -0.3969895684586943
 0.4306921829234762 -0.4306921854528695
 0.4959347860466231 -0.4959347933033689
 0.5181177575758497 -0.5181177634774936
 0.4930945005253137 -0.4930944983179671
 0.4827538408675705 -0.4827538300670519
 0.5011626508861058 -0.5011626392704797
 0.4946416477387777 -0.4946416436893509
 0.4409710768017731 -0.4409710788300116
 0.3882605944992163 -0.3882605916666359
 0.3647362989993463 -0.3647362841802193
 0.3146359149661189 -0.3146358949043187
 0.1736262183418034 -0.1736262065924410
 -3.180647818593268E-02 3.180647702529814E-02
 -0.2126387131718500 0.2126387076702241
 -0.3233397305435911 0.3233397305029144
 -0.3910695156389061 0.3910695203775028
 -0.4511421891348618 0.4511421900686611
 -0.5041952755875758 0.5041952676237555
 -0.5422102261245525 0.5422102132394566
 -0.5737575782599313 0.5737575684704677
 -0.6061977699237393 0.6061977669100849
 -0.6309168996814614 0.6309168993736277
 -0.6422728735336066 0.6422728680797801
 -0.6504354175537049 0.6504354033663391
 -0.6622109361391405 0.6622109187526819
 -0.6678020314771385 0.6678020210286647
 -0.6595370072278102 0.6595370077888654
 -0.6467847179607265 0.6467847229683067
 -0.6392949777655303 0.6392949782311916
 -0.6290363040458654 0.6290363118711213
 -0.5994860280155261 0.5994860348699779
 -0.5593416464667438 0.5593416457876789
 -0.5263437980901809 0.5263437920515641
 -0.4940028336077606 0.4940028292464020
 -0.4414315102160450 0.4414315115464167
 -0.3675206783984936 0.3675206838942237
 -0.2827292018857262 0.2827292072787042
 -0.1681732573445913 0.1681732586869096
 8.086432920043112E-03 -8.086437326895592E-03
 0.2065238679131531 -0.2065238761920584
 0.2970008148963668 -0.2970008228589966
 0.1922490891553693 -0.1922490946325269
 -1.163777412092384E-02 1.163776906332392E-02
 -0.1076167982002962 0.1076167911420158
 -1.870644481166283E-02 1.870643791145179E-02
 9.981585104495168E-02 -9.981585280528502E-02
 5.209239610991143E-02 -5.209239162754636E-02
 -0.1564810228787905 0.1564810285672346
 -0.3463256908497827 0.3463256920912317
 -0.4041946436050272 0.4041946403000982
 -0.3969895712053614 0.3969895684586943
 -0.4306921829234762 0.4306921854528695
 -0.4959347860466231 0.4959347933033689
 -0.5181177575758497 0.5181177634774936
 -0.4930945005253137 0.4930944983179671
 -0.4827538408675705 0.4827538300670519
 -0.5011626508861058 0.5011626392704797
 -0.4946416477387777 0.4946416436893509
 -0.4409710768017731 0.4409710788300116
 -0.3882605944992163 0.3882605916666359
 -0.3647362989993463 0.3647362841802193
 -0.3146359149661189 0.3146358949043187
 -0.1736262183418034 0.1736262065924410
 3.180647818593268E-02 -3.180647702529814E-02
 0.2126387131718500 -0.2126387076702241
 0.3233397305435911 -0.3233397305029144
 0.3910695156389061 -0.3910695203775028
 0.4511421891348618 -0.4511421900686611
 0.5041952755875758 -0.5041952676237555
 0.5422102261245525 -0.5422102132394566
 0.5737575782599313 -0.5737575684704677
 0.6061977699237393 -0.6061977669100849
 0.6309168996814614 -0.6309168993736277
 0.6422728735336066 -0.6422728680797801
 0.6504354175537049 -0.6504354033663391
 0.6622109361391405 -0.6622109187526819
 0.6678020314771385 -0.6678020210286647
 0.6595370072278102 -0.6595370077888654
 0.6467847179607265 -0.6467847229683067
 0.6392949777655303 -0.6392949782311916
   
   
 #BODY NUMBER  4
 0.000000000000000E+00 -1.862645149230957E-09
 3.486927371254919E-08 -3.214566620015907E-08
 3.976252929808287E-08 -4.262178668934187E-08
 1.498872644600743E-08 -2.896495708747470E-08
 -1.161514510326300E-08 -6.534925659535949E-09
 -1.591662716201278E-08 3.766298427593714E-09
 -6.261347371237226E-10 -3.600990113471990E-09
 1.453979685419298E-08 -1.607349326769512E-08
 1.925411763655872E-08 -2.223102651854215E-08
 2.076785872377996E-08 -2.491426089016190E-08
 2.702686627489982E-08 -2.956445644838217E-08
 3.220928205025837E-08 -2.969447496877206E-08
 2.512538625247215E-08 -1.630285798843143E-08
 5.910033555353542E-09 3.641371947093223E-09
 -1.349074784319744E-08 1.244955875384161E-08
 -2.305396797133350E-08 4.678968543253438E-09
 -2.174486096425024E-08 -8.554827459263720E-09
 -1.209823513102401E-08 -1.917150891731377E-08
 4.036560279166317E-09 -3.129941786565915E-08
 2.194620923284529E-08 -4.594372758753798E-08
 3.219612458264521E-08 -5.111365113477478E-08
 2.651981038938417E-08 -3.772449057733927E-08
 4.506229665180644E-09 -1.546878268539888E-08
 -2.466360849519732E-08 -1.448706776068304E-09
 -4.379381709795353E-08 2.866350606493050E-10
 -3.505367734528640E-08 -2.788014155053828E-09
 3.120124293665702E-09 -6.949832731049231E-09
 4.453604661165351E-08 -1.287059341305434E-08
 5.354128433183683E-08 -1.509943563484969E-08
 2.392459389106648E-08 -5.753123422150207E-09
 -9.677285087923379E-09 1.092922744926851E-08
 -1.127687929372932E-08 2.094455561517946E-08
 1.243857258048086E-08 1.967933211794275E-08
 2.351649559026438E-08 1.658789142911167E-08
 5.645843061144617E-09 1.755841089984388E-08
 -1.441877948038600E-08 1.518620972565006E-08
 -5.351875140622257E-09 2.714607419165114E-09
 2.621200797229875E-08 -1.322381092589227E-08
 4.633664068995704E-08 -2.127251746896588E-08
 3.682806356860340E-08 -1.771901882965082E-08
 1.059677136424172E-08 -3.576817557066808E-09
 -1.203110748821636E-08 1.971355437135875E-08
 -2.435901962536505E-08 4.211743429738881E-08
 -2.751150032599105E-08 4.426373658330942E-08
 -1.947634992633281E-08 2.012241753401567E-08
 -4.919062202291755E-10 -6.986294670282874E-09
 1.838034733031796E-08 -8.411305189890709E-09
 2.304440175570593E-08 1.314172656346914E-08
 1.195982511447137E-08 2.858610314646474E-08
 -2.162678125051246E-09 2.273280812961945E-08
 -6.381009054764391E-09 9.194914970246480E-09
 0.000000000000000E+00 1.862645149230957E-09
 -3.486927371254919E-08 3.214566620015907E-08
 -3.976252929808287E-08 4.262178668934187E-08
 -1.498872644600743E-08 2.896495708747470E-08
 1.161514510326300E-08 6.534925659535949E-09
 1.591662716201278E-08 -3.766298427593714E-09
 6.261347371237226E-10 3.600990113471990E-09
 -1.453979685419298E-08 1.607349326769512E-08
 -1.925411763655872E-08 2.223102651854215E-08
 -2.076785872377996E-08 2.491426089016190E-08
 -2.702686627489982E-08 2.956445644838217E-08
 -3.220928205025837E-08 2.969447496877206E-08
 -2.512538625247215E-08 1.630285798843143E-08
 -5.910033555353542E-09 -3.641371947093223E-09
 1.349074784319744E-08 -1.244955875384161E-08
 2.305396797133350E-08 -4.678968543253438E-09
 2.174486096425024E-08 8.554827459263720E-09
 1.209823513102401E-08 1.917150891731377E-08
 -4.036560279166317E-09 3.129941786565915E-08
 -2.194620923284529E-08 4.594372758753798E-08
 -3.219612458264521E-08 5.111365113477478E-08
 -2.651981038938417E-08 3.772449057733927E-08
 -4.506229665180644E-09 1.546878268539888E-08
 2.466360849519732E-08 1.448706776068304E-09
 4.379381709795353E-08 -2.866350606493050E-10
 3.505367734528640E-08 2.788014155053828E-09
 -3.120124293665702E-09 6.949832731049231E-09
 -4.453604661165351E-08 1.287059341305434E-08
 -5.354128433183683E-08 1.509943563484969E-08
 -2.392459389106648E-08 5.753123422150207E-09
 9.677285087923379E-09 -1.092922744926851E-08
 1.127687929372932E-08 -2.094455561517946E-08
 -1.243857258048086E-08 -1.967933211794275E-08
 -2.351649559026438E-08 -1.658789142911167E-08
 -5.645843061144617E-09 -1.755841089984388E-08
 1.441877948038600E-08 -1.518620972565006E-08
 5.351875140622257E-09 -2.714607419165114E-09
 -2.621200797229875E-08 1.322381092589227E-08
 -4.633664068995704E-08 2.127251746896588E-08
 -3.682806356860340E-08 1.771901882965082E-08
 -1.059677136424172E-08 3.576817557066808E-09
 1.203110748821636E-08 -1.971355437135875E-08
 2.435901962536505E-08 -4.211743429738881E-08
 2.751150032599105E-08 -4.426373658330942E-08
 1.947634992633281E-08 -2.012241753401567E-08
 4.919062202291755E-10 6.986294670282874E-09
 -1.838034733031796E-08 8.411305189890709E-09
 -2.304440175570593E-08 -1.314172656346914E-08
 -1.195982511447137E-08 -2.858610314646474E-08
 2.162678125051246E-09 -2.273280812961945E-08
 6.381009054764391E-09 -9.194914970246480E-09
 0.000000000000000E+00 -1.862645149230957E-09
   
   
