 # action(x) =  83.31362194274283
 # |grad_action(x)| =  4.084129363233320E-04
 # PRINTSTEPS = 50
 #
 #BODY NUMBER  1
 0.1556914318352938 4.171739332377911E-02
 0.2562521884946651 6.866256879127379E-02
 0.2804659764240514 7.515063658977529E-02
 0.1542475587342630 4.133051455457299E-02
 -9.511040575736651E-02 -2.548475400507458E-02
 -0.3129734984928335 -8.386099861662964E-02
 -0.3867475974466187 -0.1036287099925367
 -0.3782326122961765 -0.1013471241491351
 -0.3913448320255921 -0.1048605321297714
 -0.3825833967756214 -0.1025129158187082
 -0.2354782821595821 -6.309622164007739E-02
 2.470638784152000E-02 6.620053047839953E-03
 0.2417299198934302 6.477133783616987E-02
 0.3400405801449970 9.111360102899527E-02
 0.3765628262549377 0.1008997051665542
 0.3749248544253114 0.1004608115083174
 0.2663757150876231 7.137516022251404E-02
 3.969738556660457E-02 1.063688629923896E-02
 -0.1932151852460837 -5.177185280399356E-02
 -0.3435088785513230 -9.204293193207370E-02
 -0.4270535748036319 -0.1144286665860060
 -0.4391952308947715 -0.1176820100191503
 -0.3049828596372843 -8.171991178798906E-02
 -6.312074555640998E-02 -1.691315604938235E-02
 5.736872319763038E-02 1.537189814663688E-02
 -8.074413807848770E-02 -2.163532811869831E-02
 -0.2710371751717014 -7.262418915355850E-02
 -0.1977874607995300 -5.299698861218568E-02
 0.1345010933489985 3.603945445528906E-02
 0.4217148396423116 0.1129981421864931
 0.4949405926839113 0.1326189279563628
 0.5012001077507373 0.1342961668697792
 0.6036247697863111 0.1617407737053014
 0.7331021314960182 0.1964341248226515
 0.7611513866436721 0.2039498995812676
 0.7352527122172626 0.1970103750308599
 0.7740428001035866 0.2074041495856091
 0.8508815443867713 0.2279930230855033
 0.8578103539481404 0.2298495842931863
 0.8081400569202033 0.2165404684939996
 0.8029969373867719 0.2151623810544036
 0.8405263193158065 0.2252183526610212
 0.8254774021182156 0.2211860030263926
 0.7500578544218540 0.2009773900600774
 0.7036046508099911 0.1885302920800261
 0.6995841439504141 0.1874530054982508
 0.6502707498243493 0.1742395235666760
 0.5346302405681405 0.1432537408660262
 0.4335128174208398 0.1161594089088187
 0.3530870600832756 9.460939522340797E-02
 0.1718971168783912 4.605969736597849E-02
 -0.1556914318352938 -4.171739332377911E-02
 -0.2562521884946651 -6.866256879127379E-02
 -0.2804659764240514 -7.515063658977529E-02
 -0.1542475587342630 -4.133051455457299E-02
 9.511040575736651E-02 2.548475400507458E-02
 0.3129734984928335 8.386099861662964E-02
 0.3867475974466187 0.1036287099925367
 0.3782326122961765 0.1013471241491351
 0.3913448320255921 0.1048605321297714
 0.3825833967756214 0.1025129158187082
 0.2354782821595821 6.309622164007739E-02
 -2.470638784152000E-02 -6.620053047839953E-03
 -0.2417299198934302 -6.477133783616987E-02
 -0.3400405801449970 -9.111360102899527E-02
 -0.3765628262549377 -0.1008997051665542
 -0.3749248544253114 -0.1004608115083174
 -0.2663757150876231 -7.137516022251404E-02
 -3.969738556660457E-02 -1.063688629923896E-02
 0.1932151852460837 5.177185280399356E-02
 0.3435088785513230 9.204293193207370E-02
 0.4270535748036319 0.1144286665860060
 0.4391952308947715 0.1176820100191503
 0.3049828596372843 8.171991178798906E-02
 6.312074555640998E-02 1.691315604938235E-02
 -5.736872319763038E-02 -1.537189814663688E-02
 8.074413807848770E-02 2.163532811869831E-02
 0.2710371751717014 7.262418915355850E-02
 0.1977874607995300 5.299698861218568E-02
 -0.1345010933489985 -3.603945445528906E-02
 -0.4217148396423116 -0.1129981421864931
 -0.4949405926839113 -0.1326189279563628
 -0.5012001077507373 -0.1342961668697792
 -0.6036247697863111 -0.1617407737053014
 -0.7331021314960182 -0.1964341248226515
 -0.7611513866436721 -0.2039498995812676
 -0.7352527122172626 -0.1970103750308599
 -0.7740428001035866 -0.2074041495856091
 -0.8508815443867713 -0.2279930230855033
 -0.8578103539481404 -0.2298495842931863
 -0.8081400569202033 -0.2165404684939996
 -0.8029969373867719 -0.2151623810544036
 -0.8405263193158065 -0.2252183526610212
 -0.8254774021182156 -0.2211860030263926
 -0.7500578544218540 -0.2009773900600774
 -0.7036046508099911 -0.1885302920800261
 -0.6995841439504141 -0.1874530054982508
 -0.6502707498243493 -0.1742395235666760
 -0.5346302405681405 -0.1432537408660262
 -0.4335128174208398 -0.1161594089088187
 -0.3530870600832756 -9.460939522340797E-02
 -0.1718971168783912 -4.605969736597849E-02
 0.1556914318352938 4.171739332377911E-02
   
   
 #BODY NUMBER  2
 -4.171739425510168E-02 -0.1556914313696325
 -6.866256717211669E-02 -0.2562521849399844
 -7.515063417915320E-02 -0.2804659747746710
 -4.133051321904035E-02 -0.1542475620891842
 2.548475361956340E-02 9.511040020376652E-02
 8.386099685837177E-02 0.3129734953739303
 0.1036287073824690 0.3867475975062421
 0.1013471213081633 0.3782326129490163
 0.1048605300777319 0.3913448322387260
 0.1025129154279418 0.3825833985170765
 6.309622256684155E-02 0.2354782867743134
 -6.620052215592817E-03 -2.470638234070966E-02
 -6.477133785303373E-02 -0.2417299166964758
 -9.111360084671324E-02 -0.3400405800897617
 -0.1008997032490786 -0.3765628276171303
 -0.1004608081953474 -0.3749248554984328
 -7.137515790723686E-02 -0.2663757157855710
 -1.063688681131707E-02 -3.969738682284487E-02
 5.177185037811295E-02 0.1932151825938717
 9.204293008106175E-02 0.3435088744092873
 0.1144286663260903 0.4270535703788871
 0.1176820099958654 0.4391952286303478
 8.171991065577788E-02 0.3049828614350853
 1.691315475259071E-02 6.312075053847487E-02
 -1.537189745992625E-02 -5.736871825720543E-02
 2.163533107057996E-02 8.074414088516760E-02
 7.262419192102168E-02 0.2710371772983466
 5.299698861633716E-02 0.1977874650465670
 -3.603945722485292E-02 -0.1345010872227820
 -0.1129981457434665 -0.4217148356008081
 -0.1326189310238832 -0.4949405938823626
 -0.1342961699026252 -0.5012001123078822
 -0.1617407771299001 -0.6036247725711237
 -0.1964341274664408 -0.7331021301224759
 -0.2039498998757384 -0.7611513841776083
 -0.1970103733888045 -0.7352527129939873
 -0.2074041484392284 -0.7740428039176739
 -0.2279930242165991 -0.8508815465968658
 -0.2298495868767931 -0.8578103514205053
 -0.2165404703909219 -0.8081400520499685
 -0.2151623815670138 -0.8029969349550163
 -0.2252183531591648 -0.8405263204391339
 -0.2211860048699087 -0.8254774033380627
 -0.2009773927618613 -0.7500578530148887
 -0.1885302939739629 -0.7036046491053143
 -0.1874530056459221 -0.6995841468189562
 -0.1742395223018950 -0.6502707584433081
 -0.1432537387244072 -0.5346302502675798
 -0.1161594059505662 -0.4335128222808794
 -9.460939173578331E-02 -0.3530870589454375
 -4.605969452454621E-02 -0.1718971141172715
 4.171739425510168E-02 0.1556914313696325
 6.866256717211669E-02 0.2562521849399844
 7.515063417915320E-02 0.2804659747746710
 4.133051321904035E-02 0.1542475620891842
 -2.548475361956340E-02 -9.511040020376652E-02
 -8.386099685837177E-02 -0.3129734953739303
 -0.1036287073824690 -0.3867475975062421
 -0.1013471213081633 -0.3782326129490163
 -0.1048605300777319 -0.3913448322387260
 -0.1025129154279418 -0.3825833985170765
 -6.309622256684155E-02 -0.2354782867743134
 6.620052215592817E-03 2.470638234070966E-02
 6.477133785303373E-02 0.2417299166964758
 9.111360084671324E-02 0.3400405800897617
 0.1008997032490786 0.3765628276171303
 0.1004608081953474 0.3749248554984328
 7.137515790723686E-02 0.2663757157855710
 1.063688681131707E-02 3.969738682284487E-02
 -5.177185037811295E-02 -0.1932151825938717
 -9.204293008106175E-02 -0.3435088744092873
 -0.1144286663260903 -0.4270535703788871
 -0.1176820099958654 -0.4391952286303478
 -8.171991065577788E-02 -0.3049828614350853
 -1.691315475259071E-02 -6.312075053847487E-02
 1.537189745992625E-02 5.736871825720543E-02
 -2.163533107057996E-02 -8.074414088516760E-02
 -7.262419192102168E-02 -0.2710371772983466
 -5.299698861633716E-02 -0.1977874650465670
 3.603945722485292E-02 0.1345010872227820
 0.1129981457434665 0.4217148356008081
 0.1326189310238832 0.4949405938823626
 0.1342961699026252 0.5012001123078822
 0.1617407771299001 0.6036247725711237
 0.1964341274664408 0.7331021301224759
 0.2039498998757384 0.7611513841776083
 0.1970103733888045 0.7352527129939873
 0.2074041484392284 0.7740428039176739
 0.2279930242165991 0.8508815465968658
 0.2298495868767931 0.8578103514205053
 0.2165404703909219 0.8081400520499685
 0.2151623815670138 0.8029969349550163
 0.2252183531591648 0.8405263204391339
 0.2211860048699087 0.8254774033380627
 0.2009773927618613 0.7500578530148887
 0.1885302939739629 0.7036046491053143
 0.1874530056459221 0.6995841468189562
 0.1742395223018950 0.6502707584433081
 0.1432537387244072 0.5346302502675798
 0.1161594059505662 0.4335128222808794
 9.460939173578331E-02 0.3530870589454375
 4.605969452454621E-02 0.1718971141172715
 -4.171739425510168E-02 -0.1556914313696325
   
   
 #BODY NUMBER  3
 -0.1139740380458534 0.1139740371145308
 -0.1875896179347322 0.1875896196609276
 -0.2053153431689700 0.2053153442975885
 -0.1129170551000397 0.1129170533289853
 6.962564013095329E-02 -6.962564324586637E-02
 0.2291124964664661 -0.2291124974851844
 0.2831188934647093 -0.2831188910243503
 0.2768854976118466 -0.2768854933410469
 0.2864843078484126 -0.2864843037368464
 0.2800704874706067 -0.2800704836862118
 0.1723820671911828 -0.1723820629814715
 -1.808632867359562E-02 1.808633286466427E-02
 -0.1769585785278513 0.1769585808999992
 -0.2489269789186536 0.2489269782802914
 -0.2756631234655222 0.2756631207382361
 -0.2744640467374007 0.2744640442202568
 -0.1950005587345357 0.1950005580532507
 -2.906050153179211E-02 2.906050244377694E-02
 0.1414433325626933 -0.1414433314586196
 0.2514659485643780 -0.2514659481044372
 0.3126249117436251 -0.3126249113047281
 0.3215132271724481 -0.3215132256070265
 0.2232629572132943 -0.2232629545949579
 4.620759832645035E-02 -4.620759632880010E-02
 -4.199682238250640E-02 4.199682225680070E-02
 5.910880534392950E-02 -5.910880696190313E-02
 0.1984129806186106 -0.1984129813896502
 0.1447904744222944 -0.1447904729208764
 -9.846162802666356E-02 9.846163057333299E-02
 -0.3087166862736608 0.3087166873266536
 -0.3623216620866097 0.3623216606744608
 -0.3669039465669605 0.3669039443053795
 -0.4418840020470565 0.4418840012143365
 -0.5366680076867413 0.5366680087074908
 -0.5572014870159880 0.5572014881455802
 -0.5382423425800054 0.5382423419202987
 -0.5666386599145501 0.5666386574481742
 -0.6228885257267263 0.6228885232554980
 -0.6279607641602910 0.6279607632764060
 -0.5915995789546172 0.5915995792088108
 -0.5878345518590365 0.5878345512244544
 -0.6153079671108691 0.6153079644549920
 -0.6042913957735702 0.6042913925153965
 -0.5490804522213391 0.5490804508405810
 -0.5150743437692985 0.5150743446076320
 -0.5121311308805739 0.5121311313545933
 -0.4760312292826290 0.4760312270590807
 -0.3913765077793014 0.3913765041385737
 -0.3173534148000081 0.3173534135098088
 -0.2584776672591616 0.2584776698973135
 -0.1258374199034755 0.1258374236183705
 0.1139740380458534 -0.1139740371145308
 0.1875896179347322 -0.1875896196609276
 0.2053153431689700 -0.2053153442975885
 0.1129170551000397 -0.1129170533289853
 -6.962564013095329E-02 6.962564324586637E-02
 -0.2291124964664661 0.2291124974851844
 -0.2831188934647093 0.2831188910243503
 -0.2768854976118466 0.2768854933410469
 -0.2864843078484126 0.2864843037368464
 -0.2800704874706067 0.2800704836862118
 -0.1723820671911828 0.1723820629814715
 1.808632867359562E-02 -1.808633286466427E-02
 0.1769585785278513 -0.1769585808999992
 0.2489269789186536 -0.2489269782802914
 0.2756631234655222 -0.2756631207382361
 0.2744640467374007 -0.2744640442202568
 0.1950005587345357 -0.1950005580532507
 2.906050153179211E-02 -2.906050244377694E-02
 -0.1414433325626933 0.1414433314586196
 -0.2514659485643780 0.2514659481044372
 -0.3126249117436251 0.3126249113047281
 -0.3215132271724481 0.3215132256070265
 -0.2232629572132943 0.2232629545949579
 -4.620759832645035E-02 4.620759632880010E-02
 4.199682238250640E-02 -4.199682225680070E-02
 -5.910880534392950E-02 5.910880696190313E-02
 -0.1984129806186106 0.1984129813896502
 -0.1447904744222944 0.1447904729208764
 9.846162802666356E-02 -9.846163057333299E-02
 0.3087166862736608 -0.3087166873266536
 0.3623216620866097 -0.3623216606744608
 0.3669039465669605 -0.3669039443053795
 0.4418840020470565 -0.4418840012143365
 0.5366680076867413 -0.5366680087074908
 0.5572014870159880 -0.5572014881455802
 0.5382423425800054 -0.5382423419202987
 0.5666386599145501 -0.5666386574481742
 0.6228885257267263 -0.6228885232554980
 0.6279607641602910 -0.6279607632764060
 0.5915995789546172 -0.5915995792088108
 0.5878345518590365 -0.5878345512244544
 0.6153079671108691 -0.6153079644549920
 0.6042913957735702 -0.6042913925153965
 0.5490804522213391 -0.5490804508405810
 0.5150743437692985 -0.5150743446076320
 0.5121311308805739 -0.5121311313545933
 0.4760312292826290 -0.4760312270590807
 0.3913765077793014 -0.3913765041385737
 0.3173534148000081 -0.3173534135098088
 0.2584776672591616 -0.2584776698973135
 0.1258374199034755 -0.1258374236183705
 -0.1139740380458534 0.1139740371145308
   
   
 #BODY NUMBER  4
 -9.313225746154785E-09 7.450580596923828E-09
 -1.280564918643975E-08 1.606393281574226E-08
 -1.263519709880502E-08 1.300963033689047E-08
 -1.141411079539456E-08 4.126672421759426E-09
 -1.398967092314215E-08 4.992941254695008E-09
 -1.888084981121912E-08 1.803938610551440E-08
 -1.856509002477704E-08 2.670183515951374E-08
 -9.362023555730940E-09 1.627067103551735E-08
 2.490604140988054E-09 -5.810900918168793E-09
 7.098793890069602E-09 -1.781684774573581E-08
 1.641522067555625E-09 -9.942316390757410E-09
 -7.354650636156097E-09 5.130310660443740E-09
 -1.168426171128657E-08 9.566975372729787E-09
 -9.423465703289939E-09 1.478500223089556E-09
 -5.436070607782707E-09 -6.052269420675642E-09
 -5.695887891960051E-09 -2.577297984923725E-09
 -1.147330412678905E-08 9.440147503515563E-09
 -1.802556524364785E-08 2.032842368390166E-08
 -1.873056940817674E-08 2.280771149998809E-08
 -1.137364834609128E-08 1.536613106185487E-08
 -5.349063523663110E-10 1.904936818083274E-09
 6.890529672504957E-09 -9.587069886423302E-09
 8.191035293951677E-09 -1.245498807179289E-08
 5.768378265645408E-09 -8.473860059013863E-09
 2.422292052696666E-09 -6.087159394506720E-09
 -1.379591284994151E-09 -8.894419969188732E-09
 -4.617644436043219E-09 -1.028908647209462E-08
 -3.503191792161991E-09 -4.053583930250720E-09
 4.182263826370727E-09 4.183452629489514E-09
 1.362102859962240E-08 3.902554154979056E-09
 1.607333211189181E-08 -3.493977530847671E-09
 8.817533469155838E-09 -4.515194586961549E-09
 -8.916453010061159E-10 6.807173207051661E-09
 -3.844612996933540E-09 1.795010265329132E-08
 1.088036060214242E-09 1.374827193514928E-08
 7.228654873781171E-09 -2.238956400092080E-09
 8.859018845472470E-09 -1.169236884647407E-08
 6.631970760977368E-09 -5.787755569378380E-09
 4.606878271937111E-09 4.002081478595018E-09
 5.250225823730941E-09 2.418433401989680E-09
 8.538393016007410E-09 -9.843971144651417E-09
 1.335396373439169E-08 -1.905459309406397E-08
 1.758610766599941E-08 -1.689927632520595E-08
 1.833842512926533E-08 -8.669169575591052E-09
 1.450459175129586E-08 -3.575187540075520E-09
 8.851704904823435E-09 -3.691175496297254E-09
 5.667979344475823E-09 -5.192638995857990E-09
 6.283031467648460E-09 -5.904556711162641E-09
 8.356015228221231E-09 -7.008475870608605E-09
 9.446031385162068E-09 -8.814376872498491E-09
 9.464052772478298E-09 -9.262922279019305E-09
 9.313225746154785E-09 -7.450580596923828E-09
 1.280564918643975E-08 -1.606393281574226E-08
 1.263519709880502E-08 -1.300963033689047E-08
 1.141411079539456E-08 -4.126672421759426E-09
 1.398967092314215E-08 -4.992941254695008E-09
 1.888084981121912E-08 -1.803938610551440E-08
 1.856509002477704E-08 -2.670183515951374E-08
 9.362023555730940E-09 -1.627067103551735E-08
 -2.490604140988054E-09 5.810900918168793E-09
 -7.098793890069602E-09 1.781684774573581E-08
 -1.641522067555625E-09 9.942316390757410E-09
 7.354650636156097E-09 -5.130310660443740E-09
 1.168426171128657E-08 -9.566975372729787E-09
 9.423465703289939E-09 -1.478500223089556E-09
 5.436070607782707E-09 6.052269420675642E-09
 5.695887891960051E-09 2.577297984923725E-09
 1.147330412678905E-08 -9.440147503515563E-09
 1.802556524364785E-08 -2.032842368390166E-08
 1.873056940817674E-08 -2.280771149998809E-08
 1.137364834609128E-08 -1.536613106185487E-08
 5.349063523663110E-10 -1.904936818083274E-09
 -6.890529672504957E-09 9.587069886423302E-09
 -8.191035293951677E-09 1.245498807179289E-08
 -5.768378265645408E-09 8.473860059013863E-09
 -2.422292052696666E-09 6.087159394506720E-09
 1.379591284994151E-09 8.894419969188732E-09
 4.617644436043219E-09 1.028908647209462E-08
 3.503191792161991E-09 4.053583930250720E-09
 -4.182263826370727E-09 -4.183452629489514E-09
 -1.362102859962240E-08 -3.902554154979056E-09
 -1.607333211189181E-08 3.493977530847671E-09
 -8.817533469155838E-09 4.515194586961549E-09
 8.916453010061159E-10 -6.807173207051661E-09
 3.844612996933540E-09 -1.795010265329132E-08
 -1.088036060214242E-09 -1.374827193514928E-08
 -7.228654873781171E-09 2.238956400092080E-09
 -8.859018845472470E-09 1.169236884647407E-08
 -6.631970760977368E-09 5.787755569378380E-09
 -4.606878271937111E-09 -4.002081478595018E-09
 -5.250225823730941E-09 -2.418433401989680E-09
 -8.538393016007410E-09 9.843971144651417E-09
 -1.335396373439169E-08 1.905459309406397E-08
 -1.758610766599941E-08 1.689927632520595E-08
 -1.833842512926533E-08 8.669169575591052E-09
 -1.450459175129586E-08 3.575187540075520E-09
 -8.851704904823435E-09 3.691175496297254E-09
 -5.667979344475823E-09 5.192638995857990E-09
 -6.283031467648460E-09 5.904556711162641E-09
 -8.356015228221231E-09 7.008475870608605E-09
 -9.446031385162068E-09 8.814376872498491E-09
 -9.464052772478298E-09 9.262922279019305E-09
 -9.313225746154785E-09 7.450580596923828E-09
   
   
