 # action(x) =  9.209448056479705
 # |grad_action(x)| =  3.603368885772035E-14
 # PRINTSTEPS = 50
 #
 #BODY NUMBER  1
 1.705682131966569 -1.718723094325185
 1.740495033459811 -1.683231292803310
 1.774759707406187 -1.647206286567096
 1.808208588441153 -1.610417473096912
 1.840852180811335 -1.572916855094643
 1.872758161628451 -1.534794425538008
 1.903903025395608 -1.496043387888637
 1.934221090130108 -1.456633516746689
 1.963699924376137 -1.416595435281303
 1.992366433763109 -1.375980859815402
 2.020214358543947 -1.334798342579918
 2.047200874921837 -1.293037032560520
 2.073304501652868 -1.250719448660334
 2.098539225272436 -1.207887296995343
 2.122907633773519 -1.164556360801494
 2.146379449173958 -1.120724183054797
 2.168929210124170 -1.076409522162790
 2.190563044849739 -1.031649368013513
 2.211289151719257 -0.9864638773307005
 2.231087161894454 -0.9408557450068756
 2.249930126498293 -0.8948416558883387
 2.267817944923563 -0.8484557373899948
 2.284762556934878 -0.8017211202034755
 2.300752637656851 -0.7546441692077307
 2.315761449630380 -0.7072403003553710
 2.329783243356255 -0.6595416339628259
 2.342832273653267 -0.6115734342518591
 2.354906054423727 -0.5633448401107771
 2.365979496888916 -0.5148704129249032
 2.376041286664520 -0.4661807591670207
 2.385106667140576 -0.4173027150509876
 2.393182178205420 -0.3682475052971602
 2.400245807908591 -0.3190290245415880
 2.406280354676820 -0.2696767481374870
 2.411300601384994 -0.2202187134292391
 2.415322744701909 -0.1706675624079120
 2.418329505036203 -0.1210365208998249
 2.420296860288357 -7.135437684864621E-02
 2.421237260371134 -2.165020185302294E-02
 2.421178055404331 2.806278424900565E-02
 2.420109018545987 7.777228430541135E-02
 2.417996963170268 0.1274494249521939
 2.414849002576895 0.1770639085689030
 2.410707556027893 0.2266033970724225
 2.405573688226011 0.2760573457249468
 2.399398002819293 0.3253947950147869
 2.392175704980682 0.3745830443423260
 2.383978736824143 0.4236148805331453
 2.374830807603758 0.4724842560597620
 2.364627977873649 0.5211478636585992
 2.353334847350218 0.5695661882676911
 2.341298927739899 0.6178025099017077
 2.327968576742502 0.6656972677352371
 2.313902343143633 0.7133838489432950
 2.298766736620848 0.7607458363828298
 2.282612044958359 0.8077663256473243
 2.265550042916888 0.8544589303459214
 2.247563091773104 0.9008066923903697
 2.228592174571556 0.9467678422150018
 2.208657596026754 0.9923163022787049
 2.187817596602851 1.037449515378597
 2.166076452875548 1.082157784299221
 2.143403355692377 1.126409448051816
 2.119807066373554 1.170174643881888
 2.095330696742706 1.213444631426405
 2.069989209479611 1.256213760335064
 2.043765337747995 1.298457037618130
 2.016662596130531 1.340143033896284
 1.988716082922733 1.381258561424536
 1.959947353543711 1.421800641836495
 1.930348557419716 1.461750287754511
 1.899920669612980 1.501075818343312
 1.868693195028176 1.539760082767051
 1.836692135314166 1.577801855819379
 1.803917340180122 1.615188147431043
 1.770368791503077 1.651888094306921
 1.736071431543431 1.687880657076426
 1.701054267168434 1.723165548663873
 1.665323969838678 1.757736046601356
 1.628880605694407 1.791563142676490
 1.591745023526414 1.824621735108642
 1.553948085872660 1.856911606953893
 1.515502783570294 1.888432809561504
 1.476410143751878 1.919159332705160
 1.436687092035450 1.949061541708822
 1.396365300910942 1.978138220245489
 1.355463816998170 2.006397074046261
 1.313985454403034 2.033816525632894
 1.271943133166312 2.060361377285117
 1.229368254987343 2.086027875144332
 1.186285943641602 2.110833095190064
 1.142701735354158 2.134762032141358
 1.098624041878811 2.157771508855176
 1.054082658374408 2.179852536819557
 1.009109479565371 2.201035683151463
 0.9637141698138929 2.221316597541624
 0.9178988426676057 2.240637021738545
 0.8716894202629677 2.258976453000379
 0.8251281204492502 2.276393588438211
 0.7782320351659264 2.292905937104646
 0.7309866998804797 2.308401831167301
 0.6834086354986091 2.322830855550301
 0.6356167957732737 2.336525604226864
 0.5874735432826360 2.348928560538520
 0.5391426357373964 2.360590135510364
 0.4905581481796494 2.371163309479716
 0.4417598641469802 2.380683180741942
 0.3927918812883960 2.389253355883906
 0.3436600663774569 2.396850080278984
 0.2943710844414100 2.403401358961668
 0.2449576716505830 2.408911737559988
 0.1954511628397098 2.413430375193979
 0.1458620943315733 2.416956126879120
 9.620248077051456E-02 2.419446480612319
 4.650256472066025E-02 2.420894092542205
 -3.208528529750266E-03 2.421331928421735
 -5.291842429392734E-02 2.420770121136545
 -0.1026141114259787 2.419181220672915
 -0.1522666139936548 2.416552556059061
 -0.2018469619270174 2.412907929438038
 -0.2513417981755550 2.408264519167187
 -0.3007386044747465 2.402606032761378
 -0.3500094568853174 2.395917474231643
 -0.3991247498953914 2.388215820157041
 -0.4480704216207135 2.379522976022851
 -0.4968352974767277 2.369832316638769
 -0.5453926581273003 2.359128394662291
 -0.5937118118128187 2.347422291039252
 -0.6417780064848256 2.334738982915731
 -0.6895820845850400 2.321080886712134
 -0.7370988911944991 2.306433555601397
 -0.7842962631380943 2.290802494275668
 -0.8311585812679008 2.274214322004886
 -0.8776793946351104 2.256680314858670
 -0.9238356641566950 2.238188357246755
 -0.9695932626413510 2.218738289846319
 -1.014935300474032 2.198356933674739
 -1.059858927703715 2.177064636454184
 -1.104344050633144 2.154853046532731
 -1.148353727122019 2.131715754133777
 -1.191869005383762 2.107678076997371
 -1.234892111762699 2.082770310941075
 -1.277407283191796 2.056989747835964
 -1.319372921291422 2.030322083903001
 -1.360766344202450 2.002788628250673
 -1.401598076462482 1.974432286079061
 -1.441859518412077 1.945259251816699
 -1.481499160151645 1.915242226723781
 -1.520486284717670 1.884393408658076
 -1.558850616374845 1.852778707905091
 -1.596598772437783 1.820421681044909
 -1.633641277993118 1.787253967508728
 -1.669926211851555 1.753264667282637
 -1.705682131966569 1.718723094325185
 -1.740495033459811 1.683231292803310
 -1.774759707406187 1.647206286567096
 -1.808208588441153 1.610417473096912
 -1.840852180811335 1.572916855094643
 -1.872758161628451 1.534794425538008
 -1.903903025395608 1.496043387888637
 -1.934221090130108 1.456633516746689
 -1.963699924376137 1.416595435281303
 -1.992366433763109 1.375980859815402
 -2.020214358543947 1.334798342579918
 -2.047200874921837 1.293037032560520
 -2.073304501652868 1.250719448660334
 -2.098539225272436 1.207887296995343
 -2.122907633773519 1.164556360801494
 -2.146379449173958 1.120724183054797
 -2.168929210124170 1.076409522162790
 -2.190563044849739 1.031649368013513
 -2.211289151719257 0.9864638773307005
 -2.231087161894454 0.9408557450068756
 -2.249930126498293 0.8948416558883387
 -2.267817944923563 0.8484557373899948
 -2.284762556934878 0.8017211202034755
 -2.300752637656851 0.7546441692077307
 -2.315761449630380 0.7072403003553710
 -2.329783243356255 0.6595416339628259
 -2.342832273653267 0.6115734342518591
 -2.354906054423727 0.5633448401107771
 -2.365979496888916 0.5148704129249032
 -2.376041286664520 0.4661807591670207
 -2.385106667140576 0.4173027150509876
 -2.393182178205420 0.3682475052971602
 -2.400245807908591 0.3190290245415880
 -2.406280354676820 0.2696767481374870
 -2.411300601384994 0.2202187134292391
 -2.415322744701909 0.1706675624079120
 -2.418329505036203 0.1210365208998249
 -2.420296860288357 7.135437684864621E-02
 -2.421237260371134 2.165020185302294E-02
 -2.421178055404331 -2.806278424900565E-02
 -2.420109018545987 -7.777228430541135E-02
 -2.417996963170268 -0.1274494249521939
 -2.414849002576895 -0.1770639085689030
 -2.410707556027893 -0.2266033970724225
 -2.405573688226011 -0.2760573457249468
 -2.399398002819293 -0.3253947950147869
 -2.392175704980682 -0.3745830443423260
 -2.383978736824143 -0.4236148805331453
 -2.374830807603758 -0.4724842560597620
 -2.364627977873649 -0.5211478636585992
 -2.353334847350218 -0.5695661882676911
 -2.341298927739899 -0.6178025099017077
 -2.327968576742502 -0.6656972677352371
 -2.313902343143633 -0.7133838489432950
 -2.298766736620848 -0.7607458363828298
 -2.282612044958359 -0.8077663256473243
 -2.265550042916888 -0.8544589303459214
 -2.247563091773104 -0.9008066923903697
 -2.228592174571556 -0.9467678422150018
 -2.208657596026754 -0.9923163022787049
 -2.187817596602851 -1.037449515378597
 -2.166076452875548 -1.082157784299221
 -2.143403355692377 -1.126409448051816
 -2.119807066373554 -1.170174643881888
 -2.095330696742706 -1.213444631426405
 -2.069989209479611 -1.256213760335064
 -2.043765337747995 -1.298457037618130
 -2.016662596130531 -1.340143033896284
 -1.988716082922733 -1.381258561424536
 -1.959947353543711 -1.421800641836495
 -1.930348557419716 -1.461750287754511
 -1.899920669612980 -1.501075818343312
 -1.868693195028176 -1.539760082767051
 -1.836692135314166 -1.577801855819379
 -1.803917340180122 -1.615188147431043
 -1.770368791503077 -1.651888094306921
 -1.736071431543431 -1.687880657076426
 -1.701054267168434 -1.723165548663873
 -1.665323969838678 -1.757736046601356
 -1.628880605694407 -1.791563142676490
 -1.591745023526414 -1.824621735108642
 -1.553948085872660 -1.856911606953893
 -1.515502783570294 -1.888432809561504
 -1.476410143751878 -1.919159332705160
 -1.436687092035450 -1.949061541708822
 -1.396365300910942 -1.978138220245489
 -1.355463816998170 -2.006397074046261
 -1.313985454403034 -2.033816525632894
 -1.271943133166312 -2.060361377285117
 -1.229368254987343 -2.086027875144332
 -1.186285943641602 -2.110833095190064
 -1.142701735354158 -2.134762032141358
 -1.098624041878811 -2.157771508855176
 -1.054082658374408 -2.179852536819557
 -1.009109479565371 -2.201035683151463
 -0.9637141698138929 -2.221316597541624
 -0.9178988426676057 -2.240637021738545
 -0.8716894202629677 -2.258976453000379
 -0.8251281204492502 -2.276393588438211
 -0.7782320351659264 -2.292905937104646
 -0.7309866998804797 -2.308401831167301
 -0.6834086354986091 -2.322830855550301
 -0.6356167957732737 -2.336525604226864
 -0.5874735432826360 -2.348928560538520
 -0.5391426357373964 -2.360590135510364
 -0.4905581481796494 -2.371163309479716
 -0.4417598641469802 -2.380683180741942
 -0.3927918812883960 -2.389253355883906
 -0.3436600663774569 -2.396850080278984
 -0.2943710844414100 -2.403401358961668
 -0.2449576716505830 -2.408911737559988
 -0.1954511628397098 -2.413430375193979
 -0.1458620943315733 -2.416956126879120
 -9.620248077051456E-02 -2.419446480612319
 -4.650256472066025E-02 -2.420894092542205
 3.208528529750266E-03 -2.421331928421735
 5.291842429392734E-02 -2.420770121136545
 0.1026141114259787 -2.419181220672915
 0.1522666139936548 -2.416552556059061
 0.2018469619270174 -2.412907929438038
 0.2513417981755550 -2.408264519167187
 0.3007386044747465 -2.402606032761378
 0.3500094568853174 -2.395917474231643
 0.3991247498953914 -2.388215820157041
 0.4480704216207135 -2.379522976022851
 0.4968352974767277 -2.369832316638769
 0.5453926581273003 -2.359128394662291
 0.5937118118128187 -2.347422291039252
 0.6417780064848256 -2.334738982915731
 0.6895820845850400 -2.321080886712134
 0.7370988911944991 -2.306433555601397
 0.7842962631380943 -2.290802494275668
 0.8311585812679008 -2.274214322004886
 0.8776793946351104 -2.256680314858670
 0.9238356641566950 -2.238188357246755
 0.9695932626413510 -2.218738289846319
 1.014935300474032 -2.198356933674739
 1.059858927703715 -2.177064636454184
 1.104344050633144 -2.154853046532731
 1.148353727122019 -2.131715754133777
 1.191869005383762 -2.107678076997371
 1.234892111762699 -2.082770310941075
 1.277407283191796 -2.056989747835964
 1.319372921291422 -2.030322083903001
 1.360766344202450 -2.002788628250673
 1.401598076462482 -1.974432286079061
 1.441859518412077 -1.945259251816699
 1.481499160151645 -1.915242226723781
 1.520486284717670 -1.884393408658076
 1.558850616374845 -1.852778707905091
 1.596598772437783 -1.820421681044909
 1.633641277993118 -1.787253967508728
 1.669926211851555 -1.753264667282637
 1.705682131966569 -1.718723094325185
   
   
 #BODY NUMBER  2
 -2.341298927739899 -0.6178025099017077
 -2.327968576742502 -0.6656972677352371
 -2.313902343143633 -0.7133838489432950
 -2.298766736620848 -0.7607458363828298
 -2.282612044958359 -0.8077663256473243
 -2.265550042916888 -0.8544589303459214
 -2.247563091773104 -0.9008066923903697
 -2.228592174571556 -0.9467678422150018
 -2.208657596026754 -0.9923163022787049
 -2.187817596602851 -1.037449515378597
 -2.166076452875548 -1.082157784299221
 -2.143403355692377 -1.126409448051816
 -2.119807066373554 -1.170174643881888
 -2.095330696742706 -1.213444631426405
 -2.069989209479611 -1.256213760335064
 -2.043765337747995 -1.298457037618130
 -2.016662596130531 -1.340143033896284
 -1.988716082922733 -1.381258561424536
 -1.959947353543711 -1.421800641836495
 -1.930348557419716 -1.461750287754511
 -1.899920669612980 -1.501075818343312
 -1.868693195028176 -1.539760082767051
 -1.836692135314166 -1.577801855819379
 -1.803917340180122 -1.615188147431043
 -1.770368791503077 -1.651888094306921
 -1.736071431543431 -1.687880657076426
 -1.701054267168434 -1.723165548663873
 -1.665323969838678 -1.757736046601356
 -1.628880605694407 -1.791563142676490
 -1.591745023526414 -1.824621735108642
 -1.553948085872660 -1.856911606953893
 -1.515502783570294 -1.888432809561504
 -1.476410143751878 -1.919159332705160
 -1.436687092035450 -1.949061541708822
 -1.396365300910942 -1.978138220245489
 -1.355463816998170 -2.006397074046261
 -1.313985454403034 -2.033816525632894
 -1.271943133166312 -2.060361377285117
 -1.229368254987343 -2.086027875144332
 -1.186285943641602 -2.110833095190064
 -1.142701735354158 -2.134762032141358
 -1.098624041878811 -2.157771508855176
 -1.054082658374408 -2.179852536819557
 -1.009109479565371 -2.201035683151463
 -0.9637141698138929 -2.221316597541624
 -0.9178988426676057 -2.240637021738545
 -0.8716894202629677 -2.258976453000379
 -0.8251281204492502 -2.276393588438211
 -0.7782320351659264 -2.292905937104646
 -0.7309866998804797 -2.308401831167301
 -0.6834086354986091 -2.322830855550301
 -0.6356167957732737 -2.336525604226864
 -0.5874735432826360 -2.348928560538520
 -0.5391426357373964 -2.360590135510364
 -0.4905581481796494 -2.371163309479716
 -0.4417598641469802 -2.380683180741942
 -0.3927918812883960 -2.389253355883906
 -0.3436600663774569 -2.396850080278984
 -0.2943710844414100 -2.403401358961668
 -0.2449576716505830 -2.408911737559988
 -0.1954511628397098 -2.413430375193979
 -0.1458620943315733 -2.416956126879120
 -9.620248077051456E-02 -2.419446480612319
 -4.650256472066025E-02 -2.420894092542205
 3.208528529750266E-03 -2.421331928421735
 5.291842429392734E-02 -2.420770121136545
 0.1026141114259787 -2.419181220672915
 0.1522666139936548 -2.416552556059061
 0.2018469619270174 -2.412907929438038
 0.2513417981755550 -2.408264519167187
 0.3007386044747465 -2.402606032761378
 0.3500094568853174 -2.395917474231643
 0.3991247498953914 -2.388215820157041
 0.4480704216207135 -2.379522976022851
 0.4968352974767277 -2.369832316638769
 0.5453926581273003 -2.359128394662291
 0.5937118118128187 -2.347422291039252
 0.6417780064848256 -2.334738982915731
 0.6895820845850400 -2.321080886712134
 0.7370988911944991 -2.306433555601397
 0.7842962631380943 -2.290802494275668
 0.8311585812679008 -2.274214322004886
 0.8776793946351104 -2.256680314858670
 0.9238356641566950 -2.238188357246755
 0.9695932626413510 -2.218738289846319
 1.014935300474032 -2.198356933674739
 1.059858927703715 -2.177064636454184
 1.104344050633144 -2.154853046532731
 1.148353727122019 -2.131715754133777
 1.191869005383762 -2.107678076997371
 1.234892111762699 -2.082770310941075
 1.277407283191796 -2.056989747835964
 1.319372921291422 -2.030322083903001
 1.360766344202450 -2.002788628250673
 1.401598076462482 -1.974432286079061
 1.441859518412077 -1.945259251816699
 1.481499160151645 -1.915242226723781
 1.520486284717670 -1.884393408658076
 1.558850616374845 -1.852778707905091
 1.596598772437783 -1.820421681044909
 1.633641277993118 -1.787253967508728
 1.669926211851555 -1.753264667282637
 1.705682131966569 -1.718723094325185
 1.740495033459811 -1.683231292803310
 1.774759707406187 -1.647206286567096
 1.808208588441153 -1.610417473096912
 1.840852180811335 -1.572916855094643
 1.872758161628451 -1.534794425538008
 1.903903025395608 -1.496043387888637
 1.934221090130108 -1.456633516746689
 1.963699924376137 -1.416595435281303
 1.992366433763109 -1.375980859815402
 2.020214358543947 -1.334798342579918
 2.047200874921837 -1.293037032560520
 2.073304501652868 -1.250719448660334
 2.098539225272436 -1.207887296995343
 2.122907633773519 -1.164556360801494
 2.146379449173958 -1.120724183054797
 2.168929210124170 -1.076409522162790
 2.190563044849739 -1.031649368013513
 2.211289151719257 -0.9864638773307005
 2.231087161894454 -0.9408557450068756
 2.249930126498293 -0.8948416558883387
 2.267817944923563 -0.8484557373899948
 2.284762556934878 -0.8017211202034755
 2.300752637656851 -0.7546441692077307
 2.315761449630380 -0.7072403003553710
 2.329783243356255 -0.6595416339628259
 2.342832273653267 -0.6115734342518591
 2.354906054423727 -0.5633448401107771
 2.365979496888916 -0.5148704129249032
 2.376041286664520 -0.4661807591670207
 2.385106667140576 -0.4173027150509876
 2.393182178205420 -0.3682475052971602
 2.400245807908591 -0.3190290245415880
 2.406280354676820 -0.2696767481374870
 2.411300601384994 -0.2202187134292391
 2.415322744701909 -0.1706675624079120
 2.418329505036203 -0.1210365208998249
 2.420296860288357 -7.135437684864621E-02
 2.421237260371134 -2.165020185302294E-02
 2.421178055404331 2.806278424900565E-02
 2.420109018545987 7.777228430541135E-02
 2.417996963170268 0.1274494249521939
 2.414849002576895 0.1770639085689030
 2.410707556027893 0.2266033970724225
 2.405573688226011 0.2760573457249468
 2.399398002819293 0.3253947950147869
 2.392175704980682 0.3745830443423260
 2.383978736824143 0.4236148805331453
 2.374830807603758 0.4724842560597620
 2.364627977873649 0.5211478636585992
 2.353334847350218 0.5695661882676911
 2.341298927739899 0.6178025099017077
 2.327968576742502 0.6656972677352371
 2.313902343143633 0.7133838489432950
 2.298766736620848 0.7607458363828298
 2.282612044958359 0.8077663256473243
 2.265550042916888 0.8544589303459214
 2.247563091773104 0.9008066923903697
 2.228592174571556 0.9467678422150018
 2.208657596026754 0.9923163022787049
 2.187817596602851 1.037449515378597
 2.166076452875548 1.082157784299221
 2.143403355692377 1.126409448051816
 2.119807066373554 1.170174643881888
 2.095330696742706 1.213444631426405
 2.069989209479611 1.256213760335064
 2.043765337747995 1.298457037618130
 2.016662596130531 1.340143033896284
 1.988716082922733 1.381258561424536
 1.959947353543711 1.421800641836495
 1.930348557419716 1.461750287754511
 1.899920669612980 1.501075818343312
 1.868693195028176 1.539760082767051
 1.836692135314166 1.577801855819379
 1.803917340180122 1.615188147431043
 1.770368791503077 1.651888094306921
 1.736071431543431 1.687880657076426
 1.701054267168434 1.723165548663873
 1.665323969838678 1.757736046601356
 1.628880605694407 1.791563142676490
 1.591745023526414 1.824621735108642
 1.553948085872660 1.856911606953893
 1.515502783570294 1.888432809561504
 1.476410143751878 1.919159332705160
 1.436687092035450 1.949061541708822
 1.396365300910942 1.978138220245489
 1.355463816998170 2.006397074046261
 1.313985454403034 2.033816525632894
 1.271943133166312 2.060361377285117
 1.229368254987343 2.086027875144332
 1.186285943641602 2.110833095190064
 1.142701735354158 2.134762032141358
 1.098624041878811 2.157771508855176
 1.054082658374408 2.179852536819557
 1.009109479565371 2.201035683151463
 0.9637141698138929 2.221316597541624
 0.9178988426676057 2.240637021738545
 0.8716894202629677 2.258976453000379
 0.8251281204492502 2.276393588438211
 0.7782320351659264 2.292905937104646
 0.7309866998804797 2.308401831167301
 0.6834086354986091 2.322830855550301
 0.6356167957732737 2.336525604226864
 0.5874735432826360 2.348928560538520
 0.5391426357373964 2.360590135510364
 0.4905581481796494 2.371163309479716
 0.4417598641469802 2.380683180741942
 0.3927918812883960 2.389253355883906
 0.3436600663774569 2.396850080278984
 0.2943710844414100 2.403401358961668
 0.2449576716505830 2.408911737559988
 0.1954511628397098 2.413430375193979
 0.1458620943315733 2.416956126879120
 9.620248077051456E-02 2.419446480612319
 4.650256472066025E-02 2.420894092542205
 -3.208528529750266E-03 2.421331928421735
 -5.291842429392734E-02 2.420770121136545
 -0.1026141114259787 2.419181220672915
 -0.1522666139936548 2.416552556059061
 -0.2018469619270174 2.412907929438038
 -0.2513417981755550 2.408264519167187
 -0.3007386044747465 2.402606032761378
 -0.3500094568853174 2.395917474231643
 -0.3991247498953914 2.388215820157041
 -0.4480704216207135 2.379522976022851
 -0.4968352974767277 2.369832316638769
 -0.5453926581273003 2.359128394662291
 -0.5937118118128187 2.347422291039252
 -0.6417780064848256 2.334738982915731
 -0.6895820845850400 2.321080886712134
 -0.7370988911944991 2.306433555601397
 -0.7842962631380943 2.290802494275668
 -0.8311585812679008 2.274214322004886
 -0.8776793946351104 2.256680314858670
 -0.9238356641566950 2.238188357246755
 -0.9695932626413510 2.218738289846319
 -1.014935300474032 2.198356933674739
 -1.059858927703715 2.177064636454184
 -1.104344050633144 2.154853046532731
 -1.148353727122019 2.131715754133777
 -1.191869005383762 2.107678076997371
 -1.234892111762699 2.082770310941075
 -1.277407283191796 2.056989747835964
 -1.319372921291422 2.030322083903001
 -1.360766344202450 2.002788628250673
 -1.401598076462482 1.974432286079061
 -1.441859518412077 1.945259251816699
 -1.481499160151645 1.915242226723781
 -1.520486284717670 1.884393408658076
 -1.558850616374845 1.852778707905091
 -1.596598772437783 1.820421681044909
 -1.633641277993118 1.787253967508728
 -1.669926211851555 1.753264667282637
 -1.705682131966569 1.718723094325185
 -1.740495033459811 1.683231292803310
 -1.774759707406187 1.647206286567096
 -1.808208588441153 1.610417473096912
 -1.840852180811335 1.572916855094643
 -1.872758161628451 1.534794425538008
 -1.903903025395608 1.496043387888637
 -1.934221090130108 1.456633516746689
 -1.963699924376137 1.416595435281303
 -1.992366433763109 1.375980859815402
 -2.020214358543947 1.334798342579918
 -2.047200874921837 1.293037032560520
 -2.073304501652868 1.250719448660334
 -2.098539225272436 1.207887296995343
 -2.122907633773519 1.164556360801494
 -2.146379449173958 1.120724183054797
 -2.168929210124170 1.076409522162790
 -2.190563044849739 1.031649368013513
 -2.211289151719257 0.9864638773307005
 -2.231087161894454 0.9408557450068756
 -2.249930126498293 0.8948416558883387
 -2.267817944923563 0.8484557373899948
 -2.284762556934878 0.8017211202034755
 -2.300752637656851 0.7546441692077307
 -2.315761449630380 0.7072403003553710
 -2.329783243356255 0.6595416339628259
 -2.342832273653267 0.6115734342518591
 -2.354906054423727 0.5633448401107771
 -2.365979496888916 0.5148704129249032
 -2.376041286664520 0.4661807591670207
 -2.385106667140576 0.4173027150509876
 -2.393182178205420 0.3682475052971602
 -2.400245807908591 0.3190290245415880
 -2.406280354676820 0.2696767481374870
 -2.411300601384994 0.2202187134292391
 -2.415322744701909 0.1706675624079120
 -2.418329505036203 0.1210365208998249
 -2.420296860288357 7.135437684864621E-02
 -2.421237260371134 2.165020185302294E-02
 -2.421178055404331 -2.806278424900565E-02
 -2.420109018545987 -7.777228430541135E-02
 -2.417996963170268 -0.1274494249521939
 -2.414849002576895 -0.1770639085689030
 -2.410707556027893 -0.2266033970724225
 -2.405573688226011 -0.2760573457249468
 -2.399398002819293 -0.3253947950147869
 -2.392175704980682 -0.3745830443423260
 -2.383978736824143 -0.4236148805331453
 -2.374830807603758 -0.4724842560597620
 -2.364627977873649 -0.5211478636585992
 -2.353334847350218 -0.5695661882676911
 -2.341298927739899 -0.6178025099017077
   
   
 #BODY NUMBER  3
 0.6356167957732737 2.336525604226864
 0.5874735432826360 2.348928560538520
 0.5391426357373964 2.360590135510364
 0.4905581481796494 2.371163309479716
 0.4417598641469802 2.380683180741942
 0.3927918812883960 2.389253355883906
 0.3436600663774569 2.396850080278984
 0.2943710844414100 2.403401358961668
 0.2449576716505830 2.408911737559988
 0.1954511628397098 2.413430375193979
 0.1458620943315733 2.416956126879120
 9.620248077051456E-02 2.419446480612319
 4.650256472066025E-02 2.420894092542205
 -3.208528529750266E-03 2.421331928421735
 -5.291842429392734E-02 2.420770121136545
 -0.1026141114259787 2.419181220672915
 -0.1522666139936548 2.416552556059061
 -0.2018469619270174 2.412907929438038
 -0.2513417981755550 2.408264519167187
 -0.3007386044747465 2.402606032761378
 -0.3500094568853174 2.395917474231643
 -0.3991247498953914 2.388215820157041
 -0.4480704216207135 2.379522976022851
 -0.4968352974767277 2.369832316638769
 -0.5453926581273003 2.359128394662291
 -0.5937118118128187 2.347422291039252
 -0.6417780064848256 2.334738982915731
 -0.6895820845850400 2.321080886712134
 -0.7370988911944991 2.306433555601397
 -0.7842962631380943 2.290802494275668
 -0.8311585812679008 2.274214322004886
 -0.8776793946351104 2.256680314858670
 -0.9238356641566950 2.238188357246755
 -0.9695932626413510 2.218738289846319
 -1.014935300474032 2.198356933674739
 -1.059858927703715 2.177064636454184
 -1.104344050633144 2.154853046532731
 -1.148353727122019 2.131715754133777
 -1.191869005383762 2.107678076997371
 -1.234892111762699 2.082770310941075
 -1.277407283191796 2.056989747835964
 -1.319372921291422 2.030322083903001
 -1.360766344202450 2.002788628250673
 -1.401598076462482 1.974432286079061
 -1.441859518412077 1.945259251816699
 -1.481499160151645 1.915242226723781
 -1.520486284717670 1.884393408658076
 -1.558850616374845 1.852778707905091
 -1.596598772437783 1.820421681044909
 -1.633641277993118 1.787253967508728
 -1.669926211851555 1.753264667282637
 -1.705682131966569 1.718723094325185
 -1.740495033459811 1.683231292803310
 -1.774759707406187 1.647206286567096
 -1.808208588441153 1.610417473096912
 -1.840852180811335 1.572916855094643
 -1.872758161628451 1.534794425538008
 -1.903903025395608 1.496043387888637
 -1.934221090130108 1.456633516746689
 -1.963699924376137 1.416595435281303
 -1.992366433763109 1.375980859815402
 -2.020214358543947 1.334798342579918
 -2.047200874921837 1.293037032560520
 -2.073304501652868 1.250719448660334
 -2.098539225272436 1.207887296995343
 -2.122907633773519 1.164556360801494
 -2.146379449173958 1.120724183054797
 -2.168929210124170 1.076409522162790
 -2.190563044849739 1.031649368013513
 -2.211289151719257 0.9864638773307005
 -2.231087161894454 0.9408557450068756
 -2.249930126498293 0.8948416558883387
 -2.267817944923563 0.8484557373899948
 -2.284762556934878 0.8017211202034755
 -2.300752637656851 0.7546441692077307
 -2.315761449630380 0.7072403003553710
 -2.329783243356255 0.6595416339628259
 -2.342832273653267 0.6115734342518591
 -2.354906054423727 0.5633448401107771
 -2.365979496888916 0.5148704129249032
 -2.376041286664520 0.4661807591670207
 -2.385106667140576 0.4173027150509876
 -2.393182178205420 0.3682475052971602
 -2.400245807908591 0.3190290245415880
 -2.406280354676820 0.2696767481374870
 -2.411300601384994 0.2202187134292391
 -2.415322744701909 0.1706675624079120
 -2.418329505036203 0.1210365208998249
 -2.420296860288357 7.135437684864621E-02
 -2.421237260371134 2.165020185302294E-02
 -2.421178055404331 -2.806278424900565E-02
 -2.420109018545987 -7.777228430541135E-02
 -2.417996963170268 -0.1274494249521939
 -2.414849002576895 -0.1770639085689030
 -2.410707556027893 -0.2266033970724225
 -2.405573688226011 -0.2760573457249468
 -2.399398002819293 -0.3253947950147869
 -2.392175704980682 -0.3745830443423260
 -2.383978736824143 -0.4236148805331453
 -2.374830807603758 -0.4724842560597620
 -2.364627977873649 -0.5211478636585992
 -2.353334847350218 -0.5695661882676911
 -2.341298927739899 -0.6178025099017077
 -2.327968576742502 -0.6656972677352371
 -2.313902343143633 -0.7133838489432950
 -2.298766736620848 -0.7607458363828298
 -2.282612044958359 -0.8077663256473243
 -2.265550042916888 -0.8544589303459214
 -2.247563091773104 -0.9008066923903697
 -2.228592174571556 -0.9467678422150018
 -2.208657596026754 -0.9923163022787049
 -2.187817596602851 -1.037449515378597
 -2.166076452875548 -1.082157784299221
 -2.143403355692377 -1.126409448051816
 -2.119807066373554 -1.170174643881888
 -2.095330696742706 -1.213444631426405
 -2.069989209479611 -1.256213760335064
 -2.043765337747995 -1.298457037618130
 -2.016662596130531 -1.340143033896284
 -1.988716082922733 -1.381258561424536
 -1.959947353543711 -1.421800641836495
 -1.930348557419716 -1.461750287754511
 -1.899920669612980 -1.501075818343312
 -1.868693195028176 -1.539760082767051
 -1.836692135314166 -1.577801855819379
 -1.803917340180122 -1.615188147431043
 -1.770368791503077 -1.651888094306921
 -1.736071431543431 -1.687880657076426
 -1.701054267168434 -1.723165548663873
 -1.665323969838678 -1.757736046601356
 -1.628880605694407 -1.791563142676490
 -1.591745023526414 -1.824621735108642
 -1.553948085872660 -1.856911606953893
 -1.515502783570294 -1.888432809561504
 -1.476410143751878 -1.919159332705160
 -1.436687092035450 -1.949061541708822
 -1.396365300910942 -1.978138220245489
 -1.355463816998170 -2.006397074046261
 -1.313985454403034 -2.033816525632894
 -1.271943133166312 -2.060361377285117
 -1.229368254987343 -2.086027875144332
 -1.186285943641602 -2.110833095190064
 -1.142701735354158 -2.134762032141358
 -1.098624041878811 -2.157771508855176
 -1.054082658374408 -2.179852536819557
 -1.009109479565371 -2.201035683151463
 -0.9637141698138929 -2.221316597541624
 -0.9178988426676057 -2.240637021738545
 -0.8716894202629677 -2.258976453000379
 -0.8251281204492502 -2.276393588438211
 -0.7782320351659264 -2.292905937104646
 -0.7309866998804797 -2.308401831167301
 -0.6834086354986091 -2.322830855550301
 -0.6356167957732737 -2.336525604226864
 -0.5874735432826360 -2.348928560538520
 -0.5391426357373964 -2.360590135510364
 -0.4905581481796494 -2.371163309479716
 -0.4417598641469802 -2.380683180741942
 -0.3927918812883960 -2.389253355883906
 -0.3436600663774569 -2.396850080278984
 -0.2943710844414100 -2.403401358961668
 -0.2449576716505830 -2.408911737559988
 -0.1954511628397098 -2.413430375193979
 -0.1458620943315733 -2.416956126879120
 -9.620248077051456E-02 -2.419446480612319
 -4.650256472066025E-02 -2.420894092542205
 3.208528529750266E-03 -2.421331928421735
 5.291842429392734E-02 -2.420770121136545
 0.1026141114259787 -2.419181220672915
 0.1522666139936548 -2.416552556059061
 0.2018469619270174 -2.412907929438038
 0.2513417981755550 -2.408264519167187
 0.3007386044747465 -2.402606032761378
 0.3500094568853174 -2.395917474231643
 0.3991247498953914 -2.388215820157041
 0.4480704216207135 -2.379522976022851
 0.4968352974767277 -2.369832316638769
 0.5453926581273003 -2.359128394662291
 0.5937118118128187 -2.347422291039252
 0.6417780064848256 -2.334738982915731
 0.6895820845850400 -2.321080886712134
 0.7370988911944991 -2.306433555601397
 0.7842962631380943 -2.290802494275668
 0.8311585812679008 -2.274214322004886
 0.8776793946351104 -2.256680314858670
 0.9238356641566950 -2.238188357246755
 0.9695932626413510 -2.218738289846319
 1.014935300474032 -2.198356933674739
 1.059858927703715 -2.177064636454184
 1.104344050633144 -2.154853046532731
 1.148353727122019 -2.131715754133777
 1.191869005383762 -2.107678076997371
 1.234892111762699 -2.082770310941075
 1.277407283191796 -2.056989747835964
 1.319372921291422 -2.030322083903001
 1.360766344202450 -2.002788628250673
 1.401598076462482 -1.974432286079061
 1.441859518412077 -1.945259251816699
 1.481499160151645 -1.915242226723781
 1.520486284717670 -1.884393408658076
 1.558850616374845 -1.852778707905091
 1.596598772437783 -1.820421681044909
 1.633641277993118 -1.787253967508728
 1.669926211851555 -1.753264667282637
 1.705682131966569 -1.718723094325185
 1.740495033459811 -1.683231292803310
 1.774759707406187 -1.647206286567096
 1.808208588441153 -1.610417473096912
 1.840852180811335 -1.572916855094643
 1.872758161628451 -1.534794425538008
 1.903903025395608 -1.496043387888637
 1.934221090130108 -1.456633516746689
 1.963699924376137 -1.416595435281303
 1.992366433763109 -1.375980859815402
 2.020214358543947 -1.334798342579918
 2.047200874921837 -1.293037032560520
 2.073304501652868 -1.250719448660334
 2.098539225272436 -1.207887296995343
 2.122907633773519 -1.164556360801494
 2.146379449173958 -1.120724183054797
 2.168929210124170 -1.076409522162790
 2.190563044849739 -1.031649368013513
 2.211289151719257 -0.9864638773307005
 2.231087161894454 -0.9408557450068756
 2.249930126498293 -0.8948416558883387
 2.267817944923563 -0.8484557373899948
 2.284762556934878 -0.8017211202034755
 2.300752637656851 -0.7546441692077307
 2.315761449630380 -0.7072403003553710
 2.329783243356255 -0.6595416339628259
 2.342832273653267 -0.6115734342518591
 2.354906054423727 -0.5633448401107771
 2.365979496888916 -0.5148704129249032
 2.376041286664520 -0.4661807591670207
 2.385106667140576 -0.4173027150509876
 2.393182178205420 -0.3682475052971602
 2.400245807908591 -0.3190290245415880
 2.406280354676820 -0.2696767481374870
 2.411300601384994 -0.2202187134292391
 2.415322744701909 -0.1706675624079120
 2.418329505036203 -0.1210365208998249
 2.420296860288357 -7.135437684864621E-02
 2.421237260371134 -2.165020185302294E-02
 2.421178055404331 2.806278424900565E-02
 2.420109018545987 7.777228430541135E-02
 2.417996963170268 0.1274494249521939
 2.414849002576895 0.1770639085689030
 2.410707556027893 0.2266033970724225
 2.405573688226011 0.2760573457249468
 2.399398002819293 0.3253947950147869
 2.392175704980682 0.3745830443423260
 2.383978736824143 0.4236148805331453
 2.374830807603758 0.4724842560597620
 2.364627977873649 0.5211478636585992
 2.353334847350218 0.5695661882676911
 2.341298927739899 0.6178025099017077
 2.327968576742502 0.6656972677352371
 2.313902343143633 0.7133838489432950
 2.298766736620848 0.7607458363828298
 2.282612044958359 0.8077663256473243
 2.265550042916888 0.8544589303459214
 2.247563091773104 0.9008066923903697
 2.228592174571556 0.9467678422150018
 2.208657596026754 0.9923163022787049
 2.187817596602851 1.037449515378597
 2.166076452875548 1.082157784299221
 2.143403355692377 1.126409448051816
 2.119807066373554 1.170174643881888
 2.095330696742706 1.213444631426405
 2.069989209479611 1.256213760335064
 2.043765337747995 1.298457037618130
 2.016662596130531 1.340143033896284
 1.988716082922733 1.381258561424536
 1.959947353543711 1.421800641836495
 1.930348557419716 1.461750287754511
 1.899920669612980 1.501075818343312
 1.868693195028176 1.539760082767051
 1.836692135314166 1.577801855819379
 1.803917340180122 1.615188147431043
 1.770368791503077 1.651888094306921
 1.736071431543431 1.687880657076426
 1.701054267168434 1.723165548663873
 1.665323969838678 1.757736046601356
 1.628880605694407 1.791563142676490
 1.591745023526414 1.824621735108642
 1.553948085872660 1.856911606953893
 1.515502783570294 1.888432809561504
 1.476410143751878 1.919159332705160
 1.436687092035450 1.949061541708822
 1.396365300910942 1.978138220245489
 1.355463816998170 2.006397074046261
 1.313985454403034 2.033816525632894
 1.271943133166312 2.060361377285117
 1.229368254987343 2.086027875144332
 1.186285943641602 2.110833095190064
 1.142701735354158 2.134762032141358
 1.098624041878811 2.157771508855176
 1.054082658374408 2.179852536819557
 1.009109479565371 2.201035683151463
 0.9637141698138929 2.221316597541624
 0.9178988426676057 2.240637021738545
 0.8716894202629677 2.258976453000379
 0.8251281204492502 2.276393588438211
 0.7782320351659264 2.292905937104646
 0.7309866998804797 2.308401831167301
 0.6834086354986091 2.322830855550301
 0.6356167957732737 2.336525604226864
   
   
 #BODY NUMBER  4
 0.000000000000000E+00 0.000000000000000E+00
 -6.839266446783569E-16 -2.128874251839484E-16
 -1.330932958410506E-15 -4.402571110723394E-16
 -1.922769587503717E-15 -6.883565265567710E-16
 -2.459119246094986E-15 -9.552896839088954E-16
 -2.943809945483801E-15 -1.237152724273932E-15
 -3.377414698474364E-15 -1.531900554837015E-15
 -3.760315508825737E-15 -1.838250242949878E-15
 -4.094852354778880E-15 -2.153968591929802E-15
 -4.382137940710508E-15 -2.476570085043772E-15
 -4.621156830881192E-15 -2.804459925062513E-15
 -4.812866947161292E-15 -3.136498577770543E-15
 -4.961466902306183E-15 -3.471217795967366E-15
 -5.069592431903289E-15 -3.807010547017332E-15
 -5.135729404782531E-15 -4.142260601739231E-15
 -5.159069200211213E-15 -4.474592556687174E-15
 -5.144058697905616E-15 -4.800515721726434E-15
 -5.096790065540655E-15 -5.116320155324238E-15
 -5.018737579438220E-15 -5.418939145765146E-15
 -4.907660016840515E-15 -5.705811293349825E-15
 -4.763940020166561E-15 -5.974783288235889E-15
 -4.592633778076402E-15 -6.224668290703111E-15
 -4.399029452950482E-15 -6.455099342714461E-15
 -4.184926520097654E-15 -6.665134570801957E-15
 -3.950095518777575E-15 -6.852624636410439E-15
 -3.695538983650809E-15 -7.015535063147612E-15
 -3.424539454096561E-15 -7.153024667666237E-15
 -3.141674262706652E-15 -7.264287476024449E-15
 -2.851112399896419E-15 -7.347153312810874E-15
 -2.554934551613499E-15 -7.399188160791508E-15
 -2.253376640056468E-15 -7.419780036086665E-15
 -1.947868752554743E-15 -7.409761331656974E-15
 -1.643083965663958E-15 -7.369134771356324E-15
 -1.344181153621337E-15 -7.296547863570024E-15
 -1.052934744389907E-15 -7.190922721517833E-15
 -7.694773312694021E-16 -7.051924504873212E-15
 -4.976463792033605E-16 -6.878382218416710E-15
 -2.449449902902291E-16 -6.667806920490262E-15
 -1.609902550895497E-17 -6.418324999510239E-15
 1.898431632560402E-16 -6.129983446612847E-15
 3.739211308686705E-16 -5.803541420247834E-15
 5.318511344696672E-16 -5.439374683255501E-15
 6.569740080718155E-16 -5.038499714817266E-15
 7.460521948340785E-16 -4.603160746110100E-15
 7.988517241120029E-16 -4.134937352547495E-15
 8.140842264591328E-16 -3.633518977338214E-15
 7.895118508571320E-16 -3.098993889755644E-15
 7.241088582487284E-16 -2.533943635275128E-15
 6.154323146065448E-16 -1.940913424993752E-15
 4.569497654616931E-16 -1.319313442460080E-15
 2.463470689031494E-16 -6.692846336869295E-16
 0.000000000000000E+00 0.000000000000000E+00
 6.839266446783569E-16 2.128874251839484E-16
 1.330932958410506E-15 4.402571110723394E-16
 1.922769587503717E-15 6.883565265567710E-16
 2.459119246094986E-15 9.552896839088954E-16
 2.943809945483801E-15 1.237152724273932E-15
 3.377414698474364E-15 1.531900554837015E-15
 3.760315508825737E-15 1.838250242949878E-15
 4.094852354778880E-15 2.153968591929802E-15
 4.382137940710508E-15 2.476570085043772E-15
 4.621156830881192E-15 2.804459925062513E-15
 4.812866947161292E-15 3.136498577770543E-15
 4.961466902306183E-15 3.471217795967366E-15
 5.069592431903289E-15 3.807010547017332E-15
 5.135729404782531E-15 4.142260601739231E-15
 5.159069200211213E-15 4.474592556687174E-15
 5.144058697905616E-15 4.800515721726434E-15
 5.096790065540655E-15 5.116320155324238E-15
 5.018737579438220E-15 5.418939145765146E-15
 4.907660016840515E-15 5.705811293349825E-15
 4.763940020166561E-15 5.974783288235889E-15
 4.592633778076402E-15 6.224668290703111E-15
 4.399029452950482E-15 6.455099342714461E-15
 4.184926520097654E-15 6.665134570801957E-15
 3.950095518777575E-15 6.852624636410439E-15
 3.695538983650809E-15 7.015535063147612E-15
 3.424539454096561E-15 7.153024667666237E-15
 3.141674262706652E-15 7.264287476024449E-15
 2.851112399896419E-15 7.347153312810874E-15
 2.554934551613499E-15 7.399188160791508E-15
 2.253376640056468E-15 7.419780036086665E-15
 1.947868752554743E-15 7.409761331656974E-15
 1.643083965663958E-15 7.369134771356324E-15
 1.344181153621337E-15 7.296547863570024E-15
 1.052934744389907E-15 7.190922721517833E-15
 7.694773312694021E-16 7.051924504873212E-15
 4.976463792033605E-16 6.878382218416710E-15
 2.449449902902291E-16 6.667806920490262E-15
 1.609902550895497E-17 6.418324999510239E-15
 -1.898431632560402E-16 6.129983446612847E-15
 -3.739211308686705E-16 5.803541420247834E-15
 -5.318511344696672E-16 5.439374683255501E-15
 -6.569740080718155E-16 5.038499714817266E-15
 -7.460521948340785E-16 4.603160746110100E-15
 -7.988517241120029E-16 4.134937352547495E-15
 -8.140842264591328E-16 3.633518977338214E-15
 -7.895118508571320E-16 3.098993889755644E-15
 -7.241088582487284E-16 2.533943635275128E-15
 -6.154323146065448E-16 1.940913424993752E-15
 -4.569497654616931E-16 1.319313442460080E-15
 -2.463470689031494E-16 6.692846336869295E-16
 0.000000000000000E+00 0.000000000000000E+00
 -6.839266446783569E-16 -2.128874251839484E-16
 -1.330932958410506E-15 -4.402571110723394E-16
 -1.922769587503717E-15 -6.883565265567710E-16
 -2.459119246094986E-15 -9.552896839088954E-16
 -2.943809945483801E-15 -1.237152724273932E-15
 -3.377414698474364E-15 -1.531900554837015E-15
 -3.760315508825737E-15 -1.838250242949878E-15
 -4.094852354778880E-15 -2.153968591929802E-15
 -4.382137940710508E-15 -2.476570085043772E-15
 -4.621156830881192E-15 -2.804459925062513E-15
 -4.812866947161292E-15 -3.136498577770543E-15
 -4.961466902306183E-15 -3.471217795967366E-15
 -5.069592431903289E-15 -3.807010547017332E-15
 -5.135729404782531E-15 -4.142260601739231E-15
 -5.159069200211213E-15 -4.474592556687174E-15
 -5.144058697905616E-15 -4.800515721726434E-15
 -5.096790065540655E-15 -5.116320155324238E-15
 -5.018737579438220E-15 -5.418939145765146E-15
 -4.907660016840515E-15 -5.705811293349825E-15
 -4.763940020166561E-15 -5.974783288235889E-15
 -4.592633778076402E-15 -6.224668290703111E-15
 -4.399029452950482E-15 -6.455099342714461E-15
 -4.184926520097654E-15 -6.665134570801957E-15
 -3.950095518777575E-15 -6.852624636410439E-15
 -3.695538983650809E-15 -7.015535063147612E-15
 -3.424539454096561E-15 -7.153024667666237E-15
 -3.141674262706652E-15 -7.264287476024449E-15
 -2.851112399896419E-15 -7.347153312810874E-15
 -2.554934551613499E-15 -7.399188160791508E-15
 -2.253376640056468E-15 -7.419780036086665E-15
 -1.947868752554743E-15 -7.409761331656974E-15
 -1.643083965663958E-15 -7.369134771356324E-15
 -1.344181153621337E-15 -7.296547863570024E-15
 -1.052934744389907E-15 -7.190922721517833E-15
 -7.694773312694021E-16 -7.051924504873212E-15
 -4.976463792033605E-16 -6.878382218416710E-15
 -2.449449902902291E-16 -6.667806920490262E-15
 -1.609902550895497E-17 -6.418324999510239E-15
 1.898431632560402E-16 -6.129983446612847E-15
 3.739211308686705E-16 -5.803541420247834E-15
 5.318511344696672E-16 -5.439374683255501E-15
 6.569740080718155E-16 -5.038499714817266E-15
 7.460521948340785E-16 -4.603160746110100E-15
 7.988517241120029E-16 -4.134937352547495E-15
 8.140842264591328E-16 -3.633518977338214E-15
 7.895118508571320E-16 -3.098993889755644E-15
 7.241088582487284E-16 -2.533943635275128E-15
 6.154323146065448E-16 -1.940913424993752E-15
 4.569497654616931E-16 -1.319313442460080E-15
 2.463470689031494E-16 -6.692846336869295E-16
 0.000000000000000E+00 0.000000000000000E+00
 6.839266446783569E-16 2.128874251839484E-16
 1.330932958410506E-15 4.402571110723394E-16
 1.922769587503717E-15 6.883565265567710E-16
 2.459119246094986E-15 9.552896839088954E-16
 2.943809945483801E-15 1.237152724273932E-15
 3.377414698474364E-15 1.531900554837015E-15
 3.760315508825737E-15 1.838250242949878E-15
 4.094852354778880E-15 2.153968591929802E-15
 4.382137940710508E-15 2.476570085043772E-15
 4.621156830881192E-15 2.804459925062513E-15
 4.812866947161292E-15 3.136498577770543E-15
 4.961466902306183E-15 3.471217795967366E-15
 5.069592431903289E-15 3.807010547017332E-15
 5.135729404782531E-15 4.142260601739231E-15
 5.159069200211213E-15 4.474592556687174E-15
 5.144058697905616E-15 4.800515721726434E-15
 5.096790065540655E-15 5.116320155324238E-15
 5.018737579438220E-15 5.418939145765146E-15
 4.907660016840515E-15 5.705811293349825E-15
 4.763940020166561E-15 5.974783288235889E-15
 4.592633778076402E-15 6.224668290703111E-15
 4.399029452950482E-15 6.455099342714461E-15
 4.184926520097654E-15 6.665134570801957E-15
 3.950095518777575E-15 6.852624636410439E-15
 3.695538983650809E-15 7.015535063147612E-15
 3.424539454096561E-15 7.153024667666237E-15
 3.141674262706652E-15 7.264287476024449E-15
 2.851112399896419E-15 7.347153312810874E-15
 2.554934551613499E-15 7.399188160791508E-15
 2.253376640056468E-15 7.419780036086665E-15
 1.947868752554743E-15 7.409761331656974E-15
 1.643083965663958E-15 7.369134771356324E-15
 1.344181153621337E-15 7.296547863570024E-15
 1.052934744389907E-15 7.190922721517833E-15
 7.694773312694021E-16 7.051924504873212E-15
 4.976463792033605E-16 6.878382218416710E-15
 2.449449902902291E-16 6.667806920490262E-15
 1.609902550895497E-17 6.418324999510239E-15
 -1.898431632560402E-16 6.129983446612847E-15
 -3.739211308686705E-16 5.803541420247834E-15
 -5.318511344696672E-16 5.439374683255501E-15
 -6.569740080718155E-16 5.038499714817266E-15
 -7.460521948340785E-16 4.603160746110100E-15
 -7.988517241120029E-16 4.134937352547495E-15
 -8.140842264591328E-16 3.633518977338214E-15
 -7.895118508571320E-16 3.098993889755644E-15
 -7.241088582487284E-16 2.533943635275128E-15
 -6.154323146065448E-16 1.940913424993752E-15
 -4.569497654616931E-16 1.319313442460080E-15
 -2.463470689031494E-16 6.692846336869295E-16
 0.000000000000000E+00 0.000000000000000E+00
 -6.839266446783569E-16 -2.128874251839484E-16
 -1.330932958410506E-15 -4.402571110723394E-16
 -1.922769587503717E-15 -6.883565265567710E-16
 -2.459119246094986E-15 -9.552896839088954E-16
 -2.943809945483801E-15 -1.237152724273932E-15
 -3.377414698474364E-15 -1.531900554837015E-15
 -3.760315508825737E-15 -1.838250242949878E-15
 -4.094852354778880E-15 -2.153968591929802E-15
 -4.382137940710508E-15 -2.476570085043772E-15
 -4.621156830881192E-15 -2.804459925062513E-15
 -4.812866947161292E-15 -3.136498577770543E-15
 -4.961466902306183E-15 -3.471217795967366E-15
 -5.069592431903289E-15 -3.807010547017332E-15
 -5.135729404782531E-15 -4.142260601739231E-15
 -5.159069200211213E-15 -4.474592556687174E-15
 -5.144058697905616E-15 -4.800515721726434E-15
 -5.096790065540655E-15 -5.116320155324238E-15
 -5.018737579438220E-15 -5.418939145765146E-15
 -4.907660016840515E-15 -5.705811293349825E-15
 -4.763940020166561E-15 -5.974783288235889E-15
 -4.592633778076402E-15 -6.224668290703111E-15
 -4.399029452950482E-15 -6.455099342714461E-15
 -4.184926520097654E-15 -6.665134570801957E-15
 -3.950095518777575E-15 -6.852624636410439E-15
 -3.695538983650809E-15 -7.015535063147612E-15
 -3.424539454096561E-15 -7.153024667666237E-15
 -3.141674262706652E-15 -7.264287476024449E-15
 -2.851112399896419E-15 -7.347153312810874E-15
 -2.554934551613499E-15 -7.399188160791508E-15
 -2.253376640056468E-15 -7.419780036086665E-15
 -1.947868752554743E-15 -7.409761331656974E-15
 -1.643083965663958E-15 -7.369134771356324E-15
 -1.344181153621337E-15 -7.296547863570024E-15
 -1.052934744389907E-15 -7.190922721517833E-15
 -7.694773312694021E-16 -7.051924504873212E-15
 -4.976463792033605E-16 -6.878382218416710E-15
 -2.449449902902291E-16 -6.667806920490262E-15
 -1.609902550895497E-17 -6.418324999510239E-15
 1.898431632560402E-16 -6.129983446612847E-15
 3.739211308686705E-16 -5.803541420247834E-15
 5.318511344696672E-16 -5.439374683255501E-15
 6.569740080718155E-16 -5.038499714817266E-15
 7.460521948340785E-16 -4.603160746110100E-15
 7.988517241120029E-16 -4.134937352547495E-15
 8.140842264591328E-16 -3.633518977338214E-15
 7.895118508571320E-16 -3.098993889755644E-15
 7.241088582487284E-16 -2.533943635275128E-15
 6.154323146065448E-16 -1.940913424993752E-15
 4.569497654616931E-16 -1.319313442460080E-15
 2.463470689031494E-16 -6.692846336869295E-16
 0.000000000000000E+00 0.000000000000000E+00
 6.839266446783569E-16 2.128874251839484E-16
 1.330932958410506E-15 4.402571110723394E-16
 1.922769587503717E-15 6.883565265567710E-16
 2.459119246094986E-15 9.552896839088954E-16
 2.943809945483801E-15 1.237152724273932E-15
 3.377414698474364E-15 1.531900554837015E-15
 3.760315508825737E-15 1.838250242949878E-15
 4.094852354778880E-15 2.153968591929802E-15
 4.382137940710508E-15 2.476570085043772E-15
 4.621156830881192E-15 2.804459925062513E-15
 4.812866947161292E-15 3.136498577770543E-15
 4.961466902306183E-15 3.471217795967366E-15
 5.069592431903289E-15 3.807010547017332E-15
 5.135729404782531E-15 4.142260601739231E-15
 5.159069200211213E-15 4.474592556687174E-15
 5.144058697905616E-15 4.800515721726434E-15
 5.096790065540655E-15 5.116320155324238E-15
 5.018737579438220E-15 5.418939145765146E-15
 4.907660016840515E-15 5.705811293349825E-15
 4.763940020166561E-15 5.974783288235889E-15
 4.592633778076402E-15 6.224668290703111E-15
 4.399029452950482E-15 6.455099342714461E-15
 4.184926520097654E-15 6.665134570801957E-15
 3.950095518777575E-15 6.852624636410439E-15
 3.695538983650809E-15 7.015535063147612E-15
 3.424539454096561E-15 7.153024667666237E-15
 3.141674262706652E-15 7.264287476024449E-15
 2.851112399896419E-15 7.347153312810874E-15
 2.554934551613499E-15 7.399188160791508E-15
 2.253376640056468E-15 7.419780036086665E-15
 1.947868752554743E-15 7.409761331656974E-15
 1.643083965663958E-15 7.369134771356324E-15
 1.344181153621337E-15 7.296547863570024E-15
 1.052934744389907E-15 7.190922721517833E-15
 7.694773312694021E-16 7.051924504873212E-15
 4.976463792033605E-16 6.878382218416710E-15
 2.449449902902291E-16 6.667806920490262E-15
 1.609902550895497E-17 6.418324999510239E-15
 -1.898431632560402E-16 6.129983446612847E-15
 -3.739211308686705E-16 5.803541420247834E-15
 -5.318511344696672E-16 5.439374683255501E-15
 -6.569740080718155E-16 5.038499714817266E-15
 -7.460521948340785E-16 4.603160746110100E-15
 -7.988517241120029E-16 4.134937352547495E-15
 -8.140842264591328E-16 3.633518977338214E-15
 -7.895118508571320E-16 3.098993889755644E-15
 -7.241088582487284E-16 2.533943635275128E-15
 -6.154323146065448E-16 1.940913424993752E-15
 -4.569497654616931E-16 1.319313442460080E-15
 -2.463470689031494E-16 6.692846336869295E-16
 0.000000000000000E+00 0.000000000000000E+00
   
   
