 # action(x) =  68.87385060773788
 # |grad_action(x)| =  8.325382045308711E-05
 # PRINTSTEPS = 50
 #
 #BODY NUMBER  1
 0.8395185512490571 0.2249483161140233
 0.8490521236985266 0.2275028415800388
 0.8553707249186943 0.2291959029097982
 0.8556873332110487 0.2292807318063385
 0.8459782500847518 0.2266791981174512
 0.8246621910784419 0.2209675875924841
 0.7976628340067174 0.2137331248076720
 0.7694253027417668 0.2061668841379837
 0.7301989907156108 0.1956562232888216
 0.6688029592907906 0.1792052206120104
 0.5965301619144446 0.1598397904455852
 0.5301511988487787 0.1420535922562011
 0.4437408303443718 0.1188999964944392
 0.2762455970297868 7.401978930450517E-02
 1.697094030230135E-02 4.547358978968690E-03
 -0.2467952795366703 -6.612859370038093E-02
 -0.4112527765543836 -0.1101948530411786
 -0.4697561637785321 -0.1258707798134496
 -0.4997792940729412 -0.1339154425913625
 -0.5468124391569561 -0.1465179416823676
 -0.5783361126827528 -0.1549647009906542
 -0.5610778538842506 -0.1503403705298779
 -0.5224885785095813 -0.1400003973078904
 -0.4990520761615184 -0.1337205978823088
 -0.4639967422532489 -0.1243275493079042
 -0.3518982810989757 -9.429085792217824E-02
 -0.1409230919019555 -3.776022617719697E-02
 0.1175754360474406 3.150424168111407E-02
 0.3381751969029822 9.061376564329865E-02
 0.4553309830635450 0.1220055712404840
 0.4676590231719183 0.1253088735185161
 0.4494753908505320 0.1204365856963533
 0.4785895337277303 0.1282376835720053
 0.5208430078044648 0.1395594604935213
 0.4416345800183783 0.1183356370349803
 0.1980641168447201 5.307114071368477E-02
 -3.050034021894261E-02 -8.172524874763411E-03
 -1.448269711741263E-02 -3.880622127382792E-03
 0.2252821782319468 6.036418144185833E-02
 0.4050983161019788 0.1085457767336603
 0.3062468681370984 8.205860845197380E-02
 1.231118122808093E-02 3.298768092629633E-03
 -0.2455258683952494 -6.578846233894976E-02
 -0.3799308426315160 -0.1018021563655799
 -0.4744290146828328 -0.1271228605054852
 -0.5868909972146712 -0.1572569659193129
 -0.6728653584890885 -0.1802937331299627
 -0.7043243207770892 -0.1887231304599565
 -0.7329885252117871 -0.1964036709250321
 -0.7930142576883163 -0.2124875163807719
 -0.8397720530091721 -0.2250162358790428
 -0.8395185512490571 -0.2249483161140233
 -0.8490521236985266 -0.2275028415800388
 -0.8553707249186943 -0.2291959029097982
 -0.8556873332110487 -0.2292807318063385
 -0.8459782500847518 -0.2266791981174512
 -0.8246621910784419 -0.2209675875924841
 -0.7976628340067174 -0.2137331248076720
 -0.7694253027417668 -0.2061668841379837
 -0.7301989907156108 -0.1956562232888216
 -0.6688029592907906 -0.1792052206120104
 -0.5965301619144446 -0.1598397904455852
 -0.5301511988487787 -0.1420535922562011
 -0.4437408303443718 -0.1188999964944392
 -0.2762455970297868 -7.401978930450517E-02
 -1.697094030230135E-02 -4.547358978968690E-03
 0.2467952795366703 6.612859370038093E-02
 0.4112527765543836 0.1101948530411786
 0.4697561637785321 0.1258707798134496
 0.4997792940729412 0.1339154425913625
 0.5468124391569561 0.1465179416823676
 0.5783361126827528 0.1549647009906542
 0.5610778538842506 0.1503403705298779
 0.5224885785095813 0.1400003973078904
 0.4990520761615184 0.1337205978823088
 0.4639967422532489 0.1243275493079042
 0.3518982810989757 9.429085792217824E-02
 0.1409230919019555 3.776022617719697E-02
 -0.1175754360474406 -3.150424168111407E-02
 -0.3381751969029822 -9.061376564329865E-02
 -0.4553309830635450 -0.1220055712404840
 -0.4676590231719183 -0.1253088735185161
 -0.4494753908505320 -0.1204365856963533
 -0.4785895337277303 -0.1282376835720053
 -0.5208430078044648 -0.1395594604935213
 -0.4416345800183783 -0.1183356370349803
 -0.1980641168447201 -5.307114071368477E-02
 3.050034021894261E-02 8.172524874763411E-03
 1.448269711741263E-02 3.880622127382792E-03
 -0.2252821782319468 -6.036418144185833E-02
 -0.4050983161019788 -0.1085457767336603
 -0.3062468681370984 -8.205860845197380E-02
 -1.231118122808093E-02 -3.298768092629633E-03
 0.2455258683952494 6.578846233894976E-02
 0.3799308426315160 0.1018021563655799
 0.4744290146828328 0.1271228605054852
 0.5868909972146712 0.1572569659193129
 0.6728653584890885 0.1802937331299627
 0.7043243207770892 0.1887231304599565
 0.7329885252117871 0.1964036709250321
 0.7930142576883163 0.2124875163807719
 0.8397720530091721 0.2250162358790428
 0.8395185512490571 0.2249483161140233
   
   
 #BODY NUMBER  2
 -0.2249483163468540 -0.8395185512490571
 -0.2275028412781896 -0.8490521193412295
 -0.2291959025176437 -0.8553707259426456
 -0.2292807307768135 -0.8556873419685821
 -0.2266791953184109 -0.8459782559133229
 -0.2209675839469678 -0.8246621860626282
 -0.2137331238225122 -0.7976628250884763
 -0.2061668878308802 -0.7694253012072408
 -0.1956562281645620 -0.7301989961607629
 -0.1792052201221938 -0.6688029624277099
 -0.1598397824697129 -0.5965301596002760
 -0.1420535825318531 -0.5301511971855269
 -0.1188999928667614 -0.4437408332517266
 -7.401979316675061E-02 -0.2762456000985806
 -4.547364231739910E-03 -1.697093840669838E-02
 6.612859317294792E-02 0.2467952847067762
 0.1101948569292861 0.4112527800965760
 0.1258707834913331 0.4697561645346721
 0.1339154438570233 0.4997792942944589
 0.1465179428996741 0.5468124399416682
 0.1549647047125985 0.5783361133832348
 0.1503403756810582 0.5610778547130730
 0.1400004012892428 0.5224885806373799
 0.1337206008574771 0.4990520795084242
 0.1243275539330402 0.4639967451880748
 9.429086491661334E-02 0.3518982822771368
 3.776023258184936E-02 0.1409230913718281
 -3.150423852620644E-02 -0.1175754370758979
 -9.061376388470588E-02 -0.3381751967468565
 -0.1220055662872733 -0.4553309809752115
 -0.1253088637675869 -0.4676590206435924
 -0.1204365746157498 -0.4494753902748499
 -0.1282376755202204 -0.4785895353188269
 -0.1395594560120952 -0.5208430095825396
 -0.1183356335043321 -0.4416345811777925
 -5.307113657985994E-02 -0.1980641183571352
 8.172528445536249E-03 3.050033928755336E-02
 3.880623739976169E-03 1.448269996119125E-02
 -6.036418122876348E-02 -0.2252821721503403
 -0.1085457766777775 -0.4050983132919269
 -8.205860864287204E-02 -0.3062468726138899
 -3.298769069632112E-03 -1.231118699980396E-02
 6.578846170845451E-02 0.2455258700503554
 0.1018021578793375 0.3799308502065152
 0.1271228630413717 0.4744290185122302
 0.1572569650672611 0.5868909946130016
 0.1802937263652675 0.6728653577867099
 0.1887231217184852 0.7043243269499960
 0.1964036674793773 0.7329885305061031
 0.2124875205292363 0.7930142536671667
 0.2250162417436674 0.8397720450655409
 0.2249483163468540 0.8395185512490571
 0.2275028412781896 0.8490521193412295
 0.2291959025176437 0.8553707259426456
 0.2292807307768135 0.8556873419685821
 0.2266791953184109 0.8459782559133229
 0.2209675839469678 0.8246621860626282
 0.2137331238225122 0.7976628250884763
 0.2061668878308802 0.7694253012072408
 0.1956562281645620 0.7301989961607629
 0.1792052201221938 0.6688029624277099
 0.1598397824697129 0.5965301596002760
 0.1420535825318531 0.5301511971855269
 0.1188999928667614 0.4437408332517266
 7.401979316675061E-02 0.2762456000985806
 4.547364231739910E-03 1.697093840669838E-02
 -6.612859317294792E-02 -0.2467952847067762
 -0.1101948569292861 -0.4112527800965760
 -0.1258707834913331 -0.4697561645346721
 -0.1339154438570233 -0.4997792942944589
 -0.1465179428996741 -0.5468124399416682
 -0.1549647047125985 -0.5783361133832348
 -0.1503403756810582 -0.5610778547130730
 -0.1400004012892428 -0.5224885806373799
 -0.1337206008574771 -0.4990520795084242
 -0.1243275539330402 -0.4639967451880748
 -9.429086491661334E-02 -0.3518982822771368
 -3.776023258184936E-02 -0.1409230913718281
 3.150423852620644E-02 0.1175754370758979
 9.061376388470588E-02 0.3381751967468565
 0.1220055662872733 0.4553309809752115
 0.1253088637675869 0.4676590206435924
 0.1204365746157498 0.4494753902748499
 0.1282376755202204 0.4785895353188269
 0.1395594560120952 0.5208430095825396
 0.1183356335043321 0.4416345811777925
 5.307113657985994E-02 0.1980641183571352
 -8.172528445536249E-03 -3.050033928755336E-02
 -3.880623739976169E-03 -1.448269996119125E-02
 6.036418122876348E-02 0.2252821721503403
 0.1085457766777775 0.4050983132919269
 8.205860864287204E-02 0.3062468726138899
 3.298769069632112E-03 1.231118699980396E-02
 -6.578846170845451E-02 -0.2455258700503554
 -0.1018021578793375 -0.3799308502065152
 -0.1271228630413717 -0.4744290185122302
 -0.1572569650672611 -0.5868909946130016
 -0.1802937263652675 -0.6728653577867099
 -0.1887231217184852 -0.7043243269499960
 -0.1964036674793773 -0.7329885305061031
 -0.2124875205292363 -0.7930142536671667
 -0.2250162417436674 -0.8397720450655409
 -0.2249483163468540 -0.8395185512490571
   
   
 #BODY NUMBER  3
 -0.6145702321082354 0.6145702325738966
 -0.6215492802663308 0.6215492833990276
 -0.6261748230784658 0.6261748265466349
 -0.6264066122390425 0.6264066127574702
 -0.6192990770520184 0.6192990723375916
 -0.6036946325768221 0.6036946236428484
 -0.5839297236278579 0.5839297158128233
 -0.5632584143485131 0.5632584135740474
 -0.5345427620417834 0.5345427676665369
 -0.4895977493124241 0.4895977528926919
 -0.4366903947657533 0.4366903895634535
 -0.3880976274992514 0.3880976175790752
 -0.3248408457493320 0.3248408407616777
 -0.2022258140789926 0.2022258158982002
 -1.242358430661631E-02 1.242358546583581E-02
 0.1806666857059205 -0.1806666890819043
 0.3010579195485017 -0.3010579210149492
 0.3438853684649653 -0.3438853621850134
 0.3658638298781086 -0.3658638216501223
 0.4002944858916797 -0.4002944855613232
 0.4233714170268295 -0.4233714237118795
 0.4107374951264438 -0.4107374988408541
 0.3824881869773928 -0.3824881837568910
 0.3653314781826884 -0.3653314743994380
 0.3396691937170577 -0.3396691941455177
 0.2576074263708677 -0.2576074271600504
 0.1031628691051662 -0.1031628665443843
 -8.607119032835447E-02 8.607119229602556E-02
 -0.2475614266760014 0.2475614240720542
 -0.3333254126187174 0.3333254101212764
 -0.3423501609109424 0.3423501647016495
 -0.3290388220282990 0.3290388279994559
 -0.3503518636463829 0.3503518621582368
 -0.3812835571684982 0.3812835483927745
 -0.3232989565694544 0.3232989514489168
 -0.1449929956885601 0.1449929997323622
 2.232779523240292E-02 -2.232779044915469E-02
 1.060205715464653E-02 -1.060206185388068E-02
 -0.1649180151197778 0.1649180029529642
 -0.2965525571063433 0.2965525477671654
 -0.2241882692720564 0.2241882677913451
 -9.012412506542937E-03 9.012415512021751E-03
 0.1797374069648158 -0.1797374034488995
 0.2781286776718709 -0.2781286743663271
 0.3473061390543775 -0.3473061374214290
 0.4296340187058613 -0.4296340223463554
 0.4925716161625936 -0.4925716253722522
 0.5156011778096220 -0.5156011864263721
 0.5365848363657613 -0.5365848374311226
 0.5805267238518761 -0.5805267174259254
 0.6147558060834390 -0.6147557994993827
 0.6145702321082354 -0.6145702325738966
 0.6215492802663308 -0.6215492833990276
 0.6261748230784658 -0.6261748265466349
 0.6264066122390425 -0.6264066127574702
 0.6192990770520184 -0.6192990723375916
 0.6036946325768221 -0.6036946236428484
 0.5839297236278579 -0.5839297158128233
 0.5632584143485131 -0.5632584135740474
 0.5345427620417834 -0.5345427676665369
 0.4895977493124241 -0.4895977528926919
 0.4366903947657533 -0.4366903895634535
 0.3880976274992514 -0.3880976175790752
 0.3248408457493320 -0.3248408407616777
 0.2022258140789926 -0.2022258158982002
 1.242358430661631E-02 -1.242358546583581E-02
 -0.1806666857059205 0.1806666890819043
 -0.3010579195485017 0.3010579210149492
 -0.3438853684649653 0.3438853621850134
 -0.3658638298781086 0.3658638216501223
 -0.4002944858916797 0.4002944855613232
 -0.4233714170268295 0.4233714237118795
 -0.4107374951264438 0.4107374988408541
 -0.3824881869773928 0.3824881837568910
 -0.3653314781826884 0.3653314743994380
 -0.3396691937170577 0.3396691941455177
 -0.2576074263708677 0.2576074271600504
 -0.1031628691051662 0.1031628665443843
 8.607119032835447E-02 -8.607119229602556E-02
 0.2475614266760014 -0.2475614240720542
 0.3333254126187174 -0.3333254101212764
 0.3423501609109424 -0.3423501647016495
 0.3290388220282990 -0.3290388279994559
 0.3503518636463829 -0.3503518621582368
 0.3812835571684982 -0.3812835483927745
 0.3232989565694544 -0.3232989514489168
 0.1449929956885601 -0.1449929997323622
 -2.232779523240292E-02 2.232779044915469E-02
 -1.060205715464653E-02 1.060206185388068E-02
 0.1649180151197778 -0.1649180029529642
 0.2965525571063433 -0.2965525477671654
 0.2241882692720564 -0.2241882677913451
 9.012412506542937E-03 -9.012415512021751E-03
 -0.1797374069648158 0.1797374034488995
 -0.2781286776718709 0.2781286743663271
 -0.3473061390543775 0.3473061374214290
 -0.4296340187058613 0.4296340223463554
 -0.4925716161625936 0.4925716253722522
 -0.5156011778096220 0.5156011864263721
 -0.5365848363657613 0.5365848374311226
 -0.5805267238518761 0.5805267174259254
 -0.6147558060834390 0.6147557994993827
 -0.6145702321082354 0.6145702325738966
   
   
 #BODY NUMBER  4
 9.313225746154785E-10 -9.313225746154785E-10
 -1.107601172711757E-08 -1.785166847043959E-08
 9.621706830306039E-09 -3.297543644739780E-08
 2.614633375757165E-08 -2.834438778218714E-08
 2.620515327483581E-09 -1.552382755020567E-09
 -1.823690143438646E-08 1.372975655507924E-08
 1.192083482031160E-08 -6.493935789743428E-09
 5.040436733597610E-08 -3.422499010590542E-08
 3.065046323621243E-08 -3.030522361643729E-08
 -1.704361971223362E-08 -5.324522544412756E-09
 -1.496644678674686E-08 3.734363639836314E-09
 2.045064161089455E-08 -9.489360663523369E-10
 3.109683083492991E-09 1.182807048307886E-08
 -6.253425879703244E-08 3.579422275048672E-08
 -7.099307621436276E-08 2.965191896081877E-08
 1.005047588920689E-08 -9.159332069198818E-09
 7.671164983443638E-08 -3.183869658058537E-08
 5.218162398247058E-08 -1.623978378072010E-08
 2.299338601935254E-09 -1.297192221167711E-09
 1.252472910466312E-08 -1.633259863872061E-08
 4.629330415806741E-08 -3.012511782510886E-08
 2.485718688729215E-08 -1.017828477006629E-08
 -2.621236535426707E-08 1.605650074204170E-08
 -2.577619266411965E-08 1.148609769585718E-08
 1.514067965192135E-08 8.005089765162289E-10
 1.654414594362397E-08 2.713689240629783E-08
 -2.211619175529912E-08 6.428988070780728E-08
 -2.145803660844519E-08 4.731672012918631E-08
 2.845889188497662E-08 -1.660276342440558E-08
 4.278487287112396E-08 -4.624349290050638E-08
 -7.379478264601598E-09 -8.314413855094342E-09
 -3.766469925327396E-08 3.309511259753467E-08
 5.269808027162855E-09 1.972658855037270E-08
 5.028697279651381E-08 -1.590867678921272E-08
 2.575117398654245E-08 -1.682872557741222E-08
 -1.652083296546718E-08 3.305580527646135E-09
 4.387292693222443E-09 -4.466791365083832E-09
 5.250516479185033E-08 -3.103089229639040E-08
 3.517077908793273E-08 -2.456694156894979E-08
 -3.417351449520862E-08 1.475204730591738E-08
 -5.299201675247066E-08 2.852216415652094E-08
 2.093161674294689E-09 -4.074863443374995E-09
 3.972210694055934E-08 -2.950684387196477E-08
 3.412264982621795E-09 -3.657408267958924E-09
 -4.572717118557242E-08 3.940603595497111E-08
 -3.463379410358108E-08 3.853299516414371E-08
 1.622655174085449E-08 -8.931200164048835E-09
 4.369789489050405E-08 -5.123435359431049E-08
 3.594178230354509E-08 -5.325405959124347E-08
 2.202367384823324E-08 -2.861377324581624E-08
 1.227255824418112E-08 -7.386671226969252E-09
 -9.313225746154785E-10 9.313225746154785E-10
 1.107601172711757E-08 1.785166847043959E-08
 -9.621706830306039E-09 3.297543644739780E-08
 -2.614633375757165E-08 2.834438778218714E-08
 -2.620515327483581E-09 1.552382755020567E-09
 1.823690143438646E-08 -1.372975655507924E-08
 -1.192083482031160E-08 6.493935789743428E-09
 -5.040436733597610E-08 3.422499010590542E-08
 -3.065046323621243E-08 3.030522361643729E-08
 1.704361971223362E-08 5.324522544412756E-09
 1.496644678674686E-08 -3.734363639836314E-09
 -2.045064161089455E-08 9.489360663523369E-10
 -3.109683083492991E-09 -1.182807048307886E-08
 6.253425879703244E-08 -3.579422275048672E-08
 7.099307621436276E-08 -2.965191896081877E-08
 -1.005047588920689E-08 9.159332069198818E-09
 -7.671164983443638E-08 3.183869658058537E-08
 -5.218162398247058E-08 1.623978378072010E-08
 -2.299338601935254E-09 1.297192221167711E-09
 -1.252472910466312E-08 1.633259863872061E-08
 -4.629330415806741E-08 3.012511782510886E-08
 -2.485718688729215E-08 1.017828477006629E-08
 2.621236535426707E-08 -1.605650074204170E-08
 2.577619266411965E-08 -1.148609769585718E-08
 -1.514067965192135E-08 -8.005089765162289E-10
 -1.654414594362397E-08 -2.713689240629783E-08
 2.211619175529912E-08 -6.428988070780728E-08
 2.145803660844519E-08 -4.731672012918631E-08
 -2.845889188497662E-08 1.660276342440558E-08
 -4.278487287112396E-08 4.624349290050638E-08
 7.379478264601598E-09 8.314413855094342E-09
 3.766469925327396E-08 -3.309511259753467E-08
 -5.269808027162855E-09 -1.972658855037270E-08
 -5.028697279651381E-08 1.590867678921272E-08
 -2.575117398654245E-08 1.682872557741222E-08
 1.652083296546718E-08 -3.305580527646135E-09
 -4.387292693222443E-09 4.466791365083832E-09
 -5.250516479185033E-08 3.103089229639040E-08
 -3.517077908793273E-08 2.456694156894979E-08
 3.417351449520862E-08 -1.475204730591738E-08
 5.299201675247066E-08 -2.852216415652094E-08
 -2.093161674294689E-09 4.074863443374995E-09
 -3.972210694055934E-08 2.950684387196477E-08
 -3.412264982621795E-09 3.657408267958924E-09
 4.572717118557242E-08 -3.940603595497111E-08
 3.463379410358108E-08 -3.853299516414371E-08
 -1.622655174085449E-08 8.931200164048835E-09
 -4.369789489050405E-08 5.123435359431049E-08
 -3.594178230354509E-08 5.325405959124347E-08
 -2.202367384823324E-08 2.861377324581624E-08
 -1.227255824418112E-08 7.386671226969252E-09
 9.313225746154785E-10 -9.313225746154785E-10
   
   
