 # action(x) =  49.09470638148933
 # |grad_action(x)| =  2.260060286133090E-05
 # PRINTSTEPS = 50
 #
 #BODY NUMBER  1
 1.117989773047157 0.2995644561888184
 1.098262814533427 0.2942786345734578
 1.080998434302840 0.2896526553670605
 1.061764954749177 0.2844990568570676
 1.032483037148966 0.2766529912047183
 0.9921819366839550 0.2658543468862520
 0.9497528744464890 0.2544855146723358
 0.9106511153092854 0.2440082278331133
 0.8649299069718058 0.2317572659780305
 0.7990562193429462 0.2141064660475727
 0.7190167879827426 0.1926599661725262
 0.6454033066249244 0.1729352924562283
 0.5760428339475948 0.1543502091379165
 0.4684292393218293 0.1255152343731930
 0.2806255893938820 7.519339914229052E-02
 2.918660836137633E-02 7.820527245223946E-03
 -0.2092598846940853 -5.607101759603506E-02
 -0.3555209974947788 -9.526156315539622E-02
 -0.3744109081450681 -0.1003230990112974
 -0.2704413784226040 -7.246454900841445E-02
 -7.019998085605778E-02 -1.881002883279104E-02
 0.1712394464389912 4.588347294925586E-02
 0.3707818642485699 9.935070428214371E-02
 0.4648612645246911 0.1245592008659137
 0.4654057441133346 0.1247050892357477
 0.4451434695910729 0.1192758286479861
 0.4526078743932049 0.1212759135309436
 0.4535686025822759 0.1215333422050250
 0.3698698523432559 9.910632837804693E-02
 0.1693279286444138 4.537128064885872E-02
 -9.549238393288116E-02 -2.558710695499986E-02
 -0.3347274536867253 -8.968995008731781E-02
 -0.4955602675773775 -0.1327849755791877
 -0.5897612692324011 -0.1580260609920896
 -0.6612862937816787 -0.1771911321693856
 -0.7380267976797075 -0.1977536837134247
 -0.8149881555063438 -0.2183754150204661
 -0.8757085189929633 -0.2346453883352526
 -0.9190093177347965 -0.2462478029482164
 -0.9586664900093805 -0.2568739083334433
 -1.001978331691222 -0.2684792793152037
 -1.040586414433098 -0.2788242839485754
 -1.065922553991238 -0.2856130829622611
 -1.083458713185982 -0.2903118826609614
 -1.103223652626468 -0.2956078821501759
 -1.123260781307568 -0.3009768158438869
 -1.133750313294906 -0.3037874793383872
 -1.134210548983559 -0.3039108000693776
 -1.134153333038891 -0.3038954691076391
 -1.136368128902220 -0.3044889218476571
 -1.132265615691884 -0.3033896568310743
 -1.117989773047157 -0.2995644561888184
 -1.098262814533427 -0.2942786345734578
 -1.080998434302840 -0.2896526553670605
 -1.061764954749177 -0.2844990568570676
 -1.032483037148966 -0.2766529912047183
 -0.9921819366839550 -0.2658543468862520
 -0.9497528744464890 -0.2544855146723358
 -0.9106511153092854 -0.2440082278331133
 -0.8649299069718058 -0.2317572659780305
 -0.7990562193429462 -0.2141064660475727
 -0.7190167879827426 -0.1926599661725262
 -0.6454033066249244 -0.1729352924562283
 -0.5760428339475948 -0.1543502091379165
 -0.4684292393218293 -0.1255152343731930
 -0.2806255893938820 -7.519339914229052E-02
 -2.918660836137633E-02 -7.820527245223946E-03
 0.2092598846940853 5.607101759603506E-02
 0.3555209974947788 9.526156315539622E-02
 0.3744109081450681 0.1003230990112974
 0.2704413784226040 7.246454900841445E-02
 7.019998085605778E-02 1.881002883279104E-02
 -0.1712394464389912 -4.588347294925586E-02
 -0.3707818642485699 -9.935070428214371E-02
 -0.4648612645246911 -0.1245592008659137
 -0.4654057441133346 -0.1247050892357477
 -0.4451434695910729 -0.1192758286479861
 -0.4526078743932049 -0.1212759135309436
 -0.4535686025822759 -0.1215333422050250
 -0.3698698523432559 -9.910632837804693E-02
 -0.1693279286444138 -4.537128064885872E-02
 9.549238393288116E-02 2.558710695499986E-02
 0.3347274536867253 8.968995008731781E-02
 0.4955602675773775 0.1327849755791877
 0.5897612692324011 0.1580260609920896
 0.6612862937816787 0.1771911321693856
 0.7380267976797075 0.1977536837134247
 0.8149881555063438 0.2183754150204661
 0.8757085189929633 0.2346453883352526
 0.9190093177347965 0.2462478029482164
 0.9586664900093805 0.2568739083334433
 1.001978331691222 0.2684792793152037
 1.040586414433098 0.2788242839485754
 1.065922553991238 0.2856130829622611
 1.083458713185982 0.2903118826609614
 1.103223652626468 0.2956078821501759
 1.123260781307568 0.3009768158438869
 1.133750313294906 0.3037874793383872
 1.134210548983559 0.3039108000693776
 1.134153333038891 0.3038954691076391
 1.136368128902220 0.3044889218476571
 1.132265615691884 0.3033896568310743
 1.117989773047157 0.2995644561888184
   
   
 #BODY NUMBER  2
 -0.2995644569164142 -1.117989773571026
 -0.2942786343487407 -1.098262813311195
 -0.2896526564930464 -1.080998433074429
 -0.2844990600130817 -1.061764954474820
 -0.2766529940232956 -1.032483036992837
 -0.2658543473633181 -0.9921819360926496
 -0.2544855139212314 -0.9497528747655229
 -0.2440082279573286 -0.9106511179006032
 -0.2317572668652171 -0.8649299106149441
 -0.2141064663327454 -0.7990562214373921
 -0.1926599663372141 -0.7190167881724093
 -0.1729352944083178 -0.6454033071200631
 -0.1543502127249729 -0.5760428357901260
 -0.1255152367823203 -0.4684292406748816
 -7.519339865162004E-02 -0.2806255889086777
 -7.820525606987498E-03 -2.918660794995386E-02
 5.607101786387048E-02 0.2092598829322470
 9.526156230795249E-02 0.3555209954550111
 0.1003230991343638 0.3744109094392158
 7.246455058056542E-02 0.2704413825138971
 1.881003037509778E-02 7.019998329476419E-02
 -4.588347212185054E-02 -0.1712394473906822
 -9.935070324418993E-02 -0.3707818652158044
 -0.1245591994972635 -0.4648612629548601
 -0.1247050893551806 -0.4654057426460637
 -0.1192758314407603 -0.4451434712770989
 -0.1212759172770310 -0.4526078768101598
 -0.1215333441788295 -0.4535686013267137
 -9.910632818816439E-02 -0.3698698485534387
 -4.537128005280736E-02 -0.1693279277414586
 2.558710706634555E-02 9.549238073682723E-02
 8.968995064186865E-02 0.3347274512505346
 0.1327849771231923 0.4955602691630832
 0.1580260623515823 0.5897612722493210
 0.1771911321094616 0.6612862955189902
 0.1977536825771205 0.7380268001827528
 0.2183754136785246 0.8149881607299136
 0.2346453866163051 0.8757085232646485
 0.2462478005126458 0.9190093164890678
 0.2568739064395042 0.9586664855154829
 0.2684792800348769 1.001978330114850
 0.2788242875143537 1.040586416368113
 0.2856130871819879 1.065922554201676
 0.2903118852989918 1.083458709867537
 0.2956078828654819 1.103223650157613
 0.3009768154988998 1.123260781852493
 0.3037874786538682 1.133750312365242
 0.3039107997375926 1.134210543436585
 0.3038954701306261 1.134153327816570
 0.3044889244465315 1.136368129947691
 0.3033896594637863 1.132265620161638
 0.2995644569164142 1.117989773571026
 0.2942786343487407 1.098262813311195
 0.2896526564930464 1.080998433074429
 0.2844990600130817 1.061764954474820
 0.2766529940232956 1.032483036992837
 0.2658543473633181 0.9921819360926496
 0.2544855139212314 0.9497528747655229
 0.2440082279573286 0.9106511179006032
 0.2317572668652171 0.8649299106149441
 0.2141064663327454 0.7990562214373921
 0.1926599663372141 0.7190167881724093
 0.1729352944083178 0.6454033071200631
 0.1543502127249729 0.5760428357901260
 0.1255152367823203 0.4684292406748816
 7.519339865162004E-02 0.2806255889086777
 7.820525606987498E-03 2.918660794995386E-02
 -5.607101786387048E-02 -0.2092598829322470
 -9.526156230795249E-02 -0.3555209954550111
 -0.1003230991343638 -0.3744109094392158
 -7.246455058056542E-02 -0.2704413825138971
 -1.881003037509778E-02 -7.019998329476419E-02
 4.588347212185054E-02 0.1712394473906822
 9.935070324418993E-02 0.3707818652158044
 0.1245591994972635 0.4648612629548601
 0.1247050893551806 0.4654057426460637
 0.1192758314407603 0.4451434712770989
 0.1212759172770310 0.4526078768101598
 0.1215333441788295 0.4535686013267137
 9.910632818816439E-02 0.3698698485534387
 4.537128005280736E-02 0.1693279277414586
 -2.558710706634555E-02 -9.549238073682723E-02
 -8.968995064186865E-02 -0.3347274512505346
 -0.1327849771231923 -0.4955602691630832
 -0.1580260623515823 -0.5897612722493210
 -0.1771911321094616 -0.6612862955189902
 -0.1977536825771205 -0.7380268001827528
 -0.2183754136785246 -0.8149881607299136
 -0.2346453866163051 -0.8757085232646485
 -0.2462478005126458 -0.9190093164890678
 -0.2568739064395042 -0.9586664855154829
 -0.2684792800348769 -1.001978330114850
 -0.2788242875143537 -1.040586416368113
 -0.2856130871819879 -1.065922554201676
 -0.2903118852989918 -1.083458709867537
 -0.2956078828654819 -1.103223650157613
 -0.3009768154988998 -1.123260781852493
 -0.3037874786538682 -1.133750312365242
 -0.3039107997375926 -1.134210543436585
 -0.3038954701306261 -1.134153327816570
 -0.3044889244465315 -1.136368129947691
 -0.3033896594637863 -1.132265620161638
 -0.2995644569164142 -1.117989773571026
   
   
 #BODY NUMBER  3
 -0.8184253168292344 0.8184253163053654
 -0.8039841790908040 0.8039841814943121
 -0.7913457764874349 0.7913457769830818
 -0.7772658966803133 0.7772658935578732
 -0.7558300495316280 0.7558300473281840
 -0.7263275946623247 0.7263275974540029
 -0.6952673575629682 0.6952673630377806
 -0.6666428768942313 0.6666428801764133
 -0.6331726303891799 0.6331726310041326
 -0.5849497488421277 0.5849497500372575
 -0.5263568203346157 0.5263568229746034
 -0.4724680113941494 0.4724680128345390
 -0.4216926232614794 0.4216926223289859
 -0.3429140079888392 0.3429140070370793
 -0.2054321947418696 0.2054321954846373
 -2.136608304866932E-02 2.136608376131843E-02
 0.1531888649374324 -0.1531888660014175
 0.2602594281487384 -0.2602594293819571
 0.2740878029900247 -0.2740878022717245
 0.1979768293009148 -0.1979768281027152
 5.138995440449195E-02 -5.138995555401164E-02
 -0.1253559764275963 0.1253559740337179
 -0.2714311651426576 0.2714311656893492
 -0.3403020593559053 0.3403020637188873
 -0.3407006398753287 0.3407006438032110
 -0.3258676290849690 0.3258676291459779
 -0.3313319614378311 0.3313319595406672
 -0.3320352650795321 0.3320352647752175
 -0.2707635212241178 0.2707635221442099
 -0.1239566408293556 0.1239566400304872
 6.990527788071811E-02 -6.990528060023921E-02
 0.2450374979713387 -0.2450374998349431
 0.3627752891240287 -0.3627752891837645
 0.4317352111428677 -0.4317352116775545
 0.4840951639718292 -0.4840951662672626
 0.5402731123282153 -0.5402731143494812
 0.5966127383543597 -0.5966127383355688
 0.6410631290204591 -0.6410631285634771
 0.6727615092659958 -0.6727615103033610
 0.7017925725526238 -0.7017925733151495
 0.7334990476798757 -0.7334990450354264
 0.7617621337785837 -0.7617621287128965
 0.7803094742736260 -0.7803094715082490
 0.7931468254226299 -0.7931468272046698
 0.8076157600978074 -0.8076157634807162
 0.8222839576258407 -0.8222839590484042
 0.8299628290398610 -0.8299628288529541
 0.8302997424870656 -0.8302997430584856
 0.8302578570067205 -0.8302578585389789
 0.8318792045491261 -0.8318792053479291
 0.8288759601508850 -0.8288759597833379
 0.8184253168292344 -0.8184253163053654
 0.8039841790908040 -0.8039841814943121
 0.7913457764874349 -0.7913457769830818
 0.7772658966803133 -0.7772658935578732
 0.7558300495316280 -0.7558300473281840
 0.7263275946623247 -0.7263275974540029
 0.6952673575629682 -0.6952673630377806
 0.6666428768942313 -0.6666428801764133
 0.6331726303891799 -0.6331726310041326
 0.5849497488421277 -0.5849497500372575
 0.5263568203346157 -0.5263568229746034
 0.4724680113941494 -0.4724680128345390
 0.4216926232614794 -0.4216926223289859
 0.3429140079888392 -0.3429140070370793
 0.2054321947418696 -0.2054321954846373
 2.136608304866932E-02 -2.136608376131843E-02
 -0.1531888649374324 0.1531888660014175
 -0.2602594281487384 0.2602594293819571
 -0.2740878029900247 0.2740878022717245
 -0.1979768293009148 0.1979768281027152
 -5.138995440449195E-02 5.138995555401164E-02
 0.1253559764275963 -0.1253559740337179
 0.2714311651426576 -0.2714311656893492
 0.3403020593559053 -0.3403020637188873
 0.3407006398753287 -0.3407006438032110
 0.3258676290849690 -0.3258676291459779
 0.3313319614378311 -0.3313319595406672
 0.3320352650795321 -0.3320352647752175
 0.2707635212241178 -0.2707635221442099
 0.1239566408293556 -0.1239566400304872
 -6.990527788071811E-02 6.990528060023921E-02
 -0.2450374979713387 0.2450374998349431
 -0.3627752891240287 0.3627752891837645
 -0.4317352111428677 0.4317352116775545
 -0.4840951639718292 0.4840951662672626
 -0.5402731123282153 0.5402731143494812
 -0.5966127383543597 0.5966127383355688
 -0.6410631290204591 0.6410631285634771
 -0.6727615092659958 0.6727615103033610
 -0.7017925725526238 0.7017925733151495
 -0.7334990476798757 0.7334990450354264
 -0.7617621337785837 0.7617621287128965
 -0.7803094742736260 0.7803094715082490
 -0.7931468254226299 0.7931468272046698
 -0.8076157600978074 0.8076157634807162
 -0.8222839576258407 0.8222839590484042
 -0.8299628290398610 0.8299628288529541
 -0.8302997424870656 0.8302997430584856
 -0.8302578570067205 0.8302578585389789
 -0.8318792045491261 0.8318792053479291
 -0.8288759601508850 0.8288759597833379
 -0.8184253168292344 0.8184253163053654
   
   
 #BODY NUMBER  4
 -6.984919309616089E-10 1.571606844663620E-09
 -1.112886637026275E-08 1.371932172486552E-09
 -8.536381405758762E-09 1.645301526377953E-10
 2.946822183519023E-09 -2.863624220834504E-09
 8.798566036444607E-09 -6.044025887470654E-09
 3.651039387780314E-09 -5.411731041391087E-09
 -4.426114969520715E-09 3.996869959537842E-10
 -7.824081145472223E-09 7.546437332561276E-09
 -8.077750065124945E-09 1.138428247846872E-08
 -8.076277095047780E-09 1.089951030247303E-08
 -4.433195735797138E-09 6.702179002670731E-09
 5.548970476994418E-09 -1.247536400468025E-09
 1.489108999697438E-08 -1.000892140337631E-08
 1.403935258984697E-08 -1.235331162964729E-08
 5.558530945892549E-09 -5.733620843674016E-09
 2.550868151208102E-09 5.672539246258363E-10
 1.022818503413279E-08 -4.137543688611001E-09
 1.730961029633092E-08 -1.520383672210998E-08
 1.136847119032998E-08 -1.622886648753766E-08
 -3.173829373669192E-09 -1.670455060279902E-09
 -1.053710028263283E-08 1.389675383084053E-08
 -4.740353002177338E-09 1.464120031105379E-08
 3.817983322698563E-09 3.245607115159707E-09
 4.616889756562755E-09 -5.972196939660672E-09
 1.312974098499898E-09 -6.970246252535491E-09
 3.733625134836372E-09 -4.774338259292615E-09
 1.098263184777103E-08 -2.357716094876010E-09
 1.163856339050172E-08 3.012614065746002E-09
 1.023800255533060E-09 9.679952737334540E-09
 -9.830029445699992E-09 9.299381431207583E-09
 -7.177872980513564E-09 -8.198189942198840E-10
 7.692299167960550E-09 -1.152745340173412E-08
 1.955011225839105E-08 -1.373857372652611E-08
 1.728601198543144E-08 -1.017798366954102E-08
 5.677036452614683E-09 -8.992633539937999E-09
 -2.466192462249779E-09 -1.081935727999551E-08
 -1.710665833399739E-09 -9.850324558813100E-09
 2.368342273565919E-09 -5.097432195262160E-09
 3.290441202540849E-09 -2.690928589041951E-09
 2.291725785102454E-09 -6.595947467623746E-09
 4.537054483957739E-09 -1.289918636543409E-08
 9.688454334647566E-09 -1.470296617507283E-08
 1.078019802210321E-08 -9.075409920586334E-09
 3.474412189401018E-09 1.119765853588773E-09
 -6.778418064213460E-09 8.950061513192413E-09
 -9.976814551301981E-09 7.627609497605330E-09
 -3.271655505864807E-09 -2.634161804888298E-09
 5.712833483921647E-09 -1.222746827140401E-08
 8.218908289805255E-09 -1.153050848890646E-08
 4.250490995686466E-09 -2.954320966106217E-09
 5.915388277670585E-10 1.944196196568012E-09
 6.984919309616089E-10 -1.571606844663620E-09
 1.112886637026275E-08 -1.371932172486552E-09
 8.536381405758762E-09 -1.645301526377953E-10
 -2.946822183519023E-09 2.863624220834504E-09
 -8.798566036444607E-09 6.044025887470654E-09
 -3.651039387780314E-09 5.411731041391087E-09
 4.426114969520715E-09 -3.996869959537842E-10
 7.824081145472223E-09 -7.546437332561276E-09
 8.077750065124945E-09 -1.138428247846872E-08
 8.076277095047780E-09 -1.089951030247303E-08
 4.433195735797138E-09 -6.702179002670731E-09
 -5.548970476994418E-09 1.247536400468025E-09
 -1.489108999697438E-08 1.000892140337631E-08
 -1.403935258984697E-08 1.235331162964729E-08
 -5.558530945892549E-09 5.733620843674016E-09
 -2.550868151208102E-09 -5.672539246258363E-10
 -1.022818503413279E-08 4.137543688611001E-09
 -1.730961029633092E-08 1.520383672210998E-08
 -1.136847119032998E-08 1.622886648753766E-08
 3.173829373669192E-09 1.670455060279902E-09
 1.053710028263283E-08 -1.389675383084053E-08
 4.740353002177338E-09 -1.464120031105379E-08
 -3.817983322698563E-09 -3.245607115159707E-09
 -4.616889756562755E-09 5.972196939660672E-09
 -1.312974098499898E-09 6.970246252535491E-09
 -3.733625134836372E-09 4.774338259292615E-09
 -1.098263184777103E-08 2.357716094876010E-09
 -1.163856339050172E-08 -3.012614065746002E-09
 -1.023800255533060E-09 -9.679952737334540E-09
 9.830029445699992E-09 -9.299381431207583E-09
 7.177872980513564E-09 8.198189942198840E-10
 -7.692299167960550E-09 1.152745340173412E-08
 -1.955011225839105E-08 1.373857372652611E-08
 -1.728601198543144E-08 1.017798366954102E-08
 -5.677036452614683E-09 8.992633539937999E-09
 2.466192462249779E-09 1.081935727999551E-08
 1.710665833399739E-09 9.850324558813100E-09
 -2.368342273565919E-09 5.097432195262160E-09
 -3.290441202540849E-09 2.690928589041951E-09
 -2.291725785102454E-09 6.595947467623746E-09
 -4.537054483957739E-09 1.289918636543409E-08
 -9.688454334647566E-09 1.470296617507283E-08
 -1.078019802210321E-08 9.075409920586334E-09
 -3.474412189401018E-09 -1.119765853588773E-09
 6.778418064213460E-09 -8.950061513192413E-09
 9.976814551301981E-09 -7.627609497605330E-09
 3.271655505864807E-09 2.634161804888298E-09
 -5.712833483921647E-09 1.222746827140401E-08
 -8.218908289805255E-09 1.153050848890646E-08
 -4.250490995686466E-09 2.954320966106217E-09
 -5.915388277670585E-10 -1.944196196568012E-09
 -6.984919309616089E-10 1.571606844663620E-09
   
   
