 # action(x) =  44.41606165622198
 # |grad_action(x)| =  7.304241552867375E-05
 # PRINTSTEPS = 50
 #
 #BODY NUMBER  1
 -1.267225526273251 -0.3395520662888885
 -1.252419569474499 -0.3355848222425871
 -1.259974225979539 -0.3376090855933719
 -1.265187909707804 -0.3390060877876570
 -1.241511886684719 -0.3326621176871645
 -1.211691810142101 -0.3246718517980944
 -1.204454116800860 -0.3227325135396135
 -1.197808597804926 -0.3209518481179304
 -1.159852153034562 -0.3107814511450007
 -1.111654351394061 -0.2978668945119276
 -1.088603862295958 -0.2916905348959292
 -1.069561221428554 -0.2865880665904845
 -1.013358010239317 -0.2715284529645386
 -0.9402667837565593 -0.2519437178788496
 -0.8979462348525237 -0.2406039682411823
 -0.8648509984647779 -0.2317361322961127
 -0.7804203238811891 -0.2091130022509359
 -0.6642849531398513 -0.1779946237845790
 -0.5933685688726457 -0.1589926384072278
 -0.5427671649131042 -0.1454340343005145
 -0.3802982300516878 -0.1019006108851163
 -8.689248284134021E-02 -2.328277208430974E-02
 0.1363559604755893 3.653647192303387E-02
 9.475795706817833E-02 2.539032283197183E-02
 -0.1431703527903586 -3.836237305643825E-02
 -0.3395593271325948 -9.098463950790134E-02
 -0.3841810860986491 -0.1029410081458147
 -0.3549448905529618 -9.510719878788312E-02
 -0.3061671645811847 -8.203724560709685E-02
 -0.1681152788464352 -4.504634623143490E-02
 9.419804222590769E-02 2.524030276125646E-02
 0.3658663057690582 9.803359278298172E-02
 0.5206661318605765 0.1395120751617181
 0.5840276931338595 0.1564897514023960
 0.6618669960354567 0.1773467294182544
 0.7729972959159184 0.2071240004242381
 0.8544658879027724 0.2289534389463751
 0.8919486160164934 0.2389969067145281
 0.9376746773881152 0.2512491779184665
 1.008897294454222 0.2703332323505779
 1.063458997137139 0.2849530011630428
 1.084661820765680 0.2906342769341915
 1.109857411186497 0.2973854068790904
 1.157220119020196 0.3100761965192628
 1.194185093550791 0.3199809235067185
 1.202191883063468 0.3221263358272970
 1.210940034682918 0.3244704066680107
 1.240276541966291 0.3323311156328557
 1.263328657783681 0.3385079202325695
 1.259235217325130 0.3374110838684755
 1.252870258511098 0.3357055907661908
 1.267225526273251 0.3395520662888885
 1.252419569474499 0.3355848222425871
 1.259974225979539 0.3376090855933719
 1.265187909707804 0.3390060877876570
 1.241511886684719 0.3326621176871645
 1.211691810142101 0.3246718517980944
 1.204454116800860 0.3227325135396135
 1.197808597804926 0.3209518481179304
 1.159852153034562 0.3107814511450007
 1.111654351394061 0.2978668945119276
 1.088603862295958 0.2916905348959292
 1.069561221428554 0.2865880665904845
 1.013358010239317 0.2715284529645386
 0.9402667837565593 0.2519437178788496
 0.8979462348525237 0.2406039682411823
 0.8648509984647779 0.2317361322961127
 0.7804203238811891 0.2091130022509359
 0.6642849531398513 0.1779946237845790
 0.5933685688726457 0.1589926384072278
 0.5427671649131042 0.1454340343005145
 0.3802982300516878 0.1019006108851163
 8.689248284134021E-02 2.328277208430974E-02
 -0.1363559604755893 -3.653647192303387E-02
 -9.475795706817833E-02 -2.539032283197183E-02
 0.1431703527903586 3.836237305643825E-02
 0.3395593271325948 9.098463950790134E-02
 0.3841810860986491 0.1029410081458147
 0.3549448905529618 9.510719878788312E-02
 0.3061671645811847 8.203724560709685E-02
 0.1681152788464352 4.504634623143490E-02
 -9.419804222590769E-02 -2.524030276125646E-02
 -0.3658663057690582 -9.803359278298172E-02
 -0.5206661318605765 -0.1395120751617181
 -0.5840276931338595 -0.1564897514023960
 -0.6618669960354567 -0.1773467294182544
 -0.7729972959159184 -0.2071240004242381
 -0.8544658879027724 -0.2289534389463751
 -0.8919486160164934 -0.2389969067145281
 -0.9376746773881152 -0.2512491779184665
 -1.008897294454222 -0.2703332323505779
 -1.063458997137139 -0.2849530011630428
 -1.084661820765680 -0.2906342769341915
 -1.109857411186497 -0.2973854068790904
 -1.157220119020196 -0.3100761965192628
 -1.194185093550791 -0.3199809235067185
 -1.202191883063468 -0.3221263358272970
 -1.210940034682918 -0.3244704066680107
 -1.240276541966291 -0.3323311156328557
 -1.263328657783681 -0.3385079202325695
 -1.259235217325130 -0.3374110838684755
 -1.252870258511098 -0.3357055907661908
 -1.267225526273251 -0.3395520662888885
   
   
 #BODY NUMBER  2
 0.3395520634949207 1.267225526273251
 0.3355848188705121 1.252419571600566
 0.3376090815624146 1.259974226219507
 0.3390060824873918 1.265187905651140
 0.3326621107212520 1.241511880660877
 0.3246718447520669 1.211691805740078
 0.3227325100185450 1.204454114242393
 0.3209518507067792 1.197808594551002
 0.3107814582258219 1.159852147856602
 0.2978669009497352 1.111654345790347
 0.2916905363594916 1.088603858087454
 0.2865880630086704 1.069561218775310
 0.2715284477765220 1.013358008428907
 0.2519437145634166 0.9402667825133849
 0.2406039680070131 0.8979462340748163
 0.2317361345301397 0.8648509975853595
 0.2091130059949029 0.7804203223579698
 0.1779946280958250 0.6642849511234790
 0.1589926416364788 0.5933685667518686
 0.1454340340162533 0.5427671625575562
 0.1019006055132217 0.3802982270462898
 2.328276311236530E-02 8.689247916271438E-02
 -3.653647973712405E-02 -0.1363559644642294
 -2.539032448468983E-02 -9.475796089476116E-02
 3.836237871587531E-02 0.1431703499394091
 9.098464864980395E-02 0.3395593263652036
 0.1029410152808174 0.3841810876246588
 9.510720118883563E-02 0.3549448928195720
 8.203724425465106E-02 0.3061671657220494
 4.504634306924854E-02 0.1681152791042609
 -2.524030699669810E-02 -9.419804069866408E-02
 -9.803359738992101E-02 -0.3658663021007134
 -0.1395120775797593 -0.5206661283999426
 -0.1564897486334111 -0.5840276930593896
 -0.1773467218329025 -0.6618669994632901
 -0.2071239927148182 -0.7729972996419530
 -0.2289534359581213 -0.8544658891758559
 -0.2389969085625273 -0.8919486155035897
 -0.2512491800816700 -0.9376746777852870
 -0.2703332304527107 -1.008897296865507
 -0.2849529948052821 -1.063458999774596
 -0.2906342688790102 -1.084661821166018
 -0.2973853997834298 -1.109857408922989
 -0.3100761914052506 -1.157220115864918
 -0.3199809206478728 -1.194185091394659
 -0.3221263354587671 -1.202191882206621
 -0.3244704081562448 -1.210940034120938
 -0.3323311168233227 -1.240276540843318
 -0.3385079188098478 -1.263328656211506
 -0.3374110796334694 -1.259235215958396
 -0.3357055860195625 -1.252870257789171
 -0.3395520634949207 -1.267225526273251
 -0.3355848188705121 -1.252419571600566
 -0.3376090815624146 -1.259974226219507
 -0.3390060824873918 -1.265187905651140
 -0.3326621107212520 -1.241511880660877
 -0.3246718447520669 -1.211691805740078
 -0.3227325100185450 -1.204454114242393
 -0.3209518507067792 -1.197808594551002
 -0.3107814582258219 -1.159852147856602
 -0.2978669009497352 -1.111654345790347
 -0.2916905363594916 -1.088603858087454
 -0.2865880630086704 -1.069561218775310
 -0.2715284477765220 -1.013358008428907
 -0.2519437145634166 -0.9402667825133849
 -0.2406039680070131 -0.8979462340748163
 -0.2317361345301397 -0.8648509975853595
 -0.2091130059949029 -0.7804203223579698
 -0.1779946280958250 -0.6642849511234790
 -0.1589926416364788 -0.5933685667518686
 -0.1454340340162533 -0.5427671625575562
 -0.1019006055132217 -0.3802982270462898
 -2.328276311236530E-02 -8.689247916271438E-02
 3.653647973712405E-02 0.1363559644642294
 2.539032448468983E-02 9.475796089476116E-02
 -3.836237871587531E-02 -0.1431703499394091
 -9.098464864980395E-02 -0.3395593263652036
 -0.1029410152808174 -0.3841810876246588
 -9.510720118883563E-02 -0.3549448928195720
 -8.203724425465106E-02 -0.3061671657220494
 -4.504634306924854E-02 -0.1681152791042609
 2.524030699669810E-02 9.419804069866408E-02
 9.803359738992101E-02 0.3658663021007134
 0.1395120775797593 0.5206661283999426
 0.1564897486334111 0.5840276930593896
 0.1773467218329025 0.6618669994632901
 0.2071239927148182 0.7729972996419530
 0.2289534359581213 0.8544658891758559
 0.2389969085625273 0.8919486155035897
 0.2512491800816700 0.9376746777852870
 0.2703332304527107 1.008897296865507
 0.2849529948052821 1.063458999774596
 0.2906342688790102 1.084661821166018
 0.2973853997834298 1.109857408922989
 0.3100761914052506 1.157220115864918
 0.3199809206478728 1.194185091394659
 0.3221263354587671 1.202191882206621
 0.3244704081562448 1.210940034120938
 0.3323311168233227 1.240276540843318
 0.3385079188098478 1.263328656211506
 0.3374110796334694 1.259235215958396
 0.3357055860195625 1.252870257789171
 0.3395520634949207 1.267225526273251
   
   
 #BODY NUMBER  3
 0.9276734758168459 -0.9276734776794910
 0.9168347672479135 -0.9168347592740607
 0.9223651735019639 -0.9223651635339052
 0.9261818671938459 -0.9261818631388145
 0.9088498062363963 -0.9088498080573209
 0.8870199649073407 -0.8870199655442237
 0.8817215787174200 -0.8817215740501287
 0.8768567184871886 -0.8768567140533673
 0.8490706902995946 -0.8490706943315222
 0.8137874695559347 -0.8137874802845384
 0.7969133471342030 -0.7969133527961049
 0.7829731626161497 -0.7829731564408035
 0.7418295502591404 -0.7418295400960664
 0.6883230566443999 -0.6883230544289524
 0.6573422679923177 -0.6573422731704581
 0.6331148798976441 -0.6331148808835836
 0.5713073420745142 -0.5713073338525909
 0.4862903544436268 -0.4862903461420601
 0.4343759635461468 -0.4343759644388018
 0.3973331705376277 -0.3973331754335004
 0.2783976537395301 -0.2783976500515170
 6.360972541795085E-02 -6.360971189708974E-02
 -9.981949605007817E-02 9.981950646942911E-02
 -6.936765166466199E-02 6.936764920344982E-02
 0.1048079663210773 -0.1048079755543466
 0.2485746823070941 -0.2485746855145895
 0.2812400762882589 -0.2812400710064518
 0.2598376888755865 -0.2598376842556290
 0.2241299130964499 -0.2241299155041213
 0.1230689236639288 -0.1230689275887223
 -6.895775029287150E-02 6.895775447155576E-02
 -0.2678327224970078 0.2678327354538746
 -0.3811540621057652 0.3811540740347712
 -0.4275379445801000 0.4275379461791469
 -0.4845202720459251 0.4845202646517257
 -0.5658733067333570 0.5658733006168862
 -0.6255124641857512 0.6255124672959237
 -0.6529517246229343 0.6529517339599760
 -0.6864255136190684 0.6864255190000649
 -0.7385640773369428 0.7385640739607784
 -0.7785060150138814 0.7785060097712655
 -0.7940275661961831 0.7940275683905064
 -0.8124720251292317 0.8124720323715523
 -0.8471439358888097 0.8471439351000231
 -0.8742041755459884 0.8742041605749219
 -0.8800655523716482 0.8800655351783353
 -0.8864696413075721 0.8864696390830816
 -0.9079454472229208 0.9079454604669124
 -0.9248207566669180 0.9248207681908662
 -0.9218241447383620 0.9218241422950149
 -0.9171646766414457 0.9171646685115942
 -0.9276734758168459 0.9276734776794910
 -0.9168347672479135 0.9168347592740607
 -0.9223651735019639 0.9223651635339052
 -0.9261818671938459 0.9261818631388145
 -0.9088498062363963 0.9088498080573209
 -0.8870199649073407 0.8870199655442237
 -0.8817215787174200 0.8817215740501287
 -0.8768567184871886 0.8768567140533673
 -0.8490706902995946 0.8490706943315222
 -0.8137874695559347 0.8137874802845384
 -0.7969133471342030 0.7969133527961049
 -0.7829731626161497 0.7829731564408035
 -0.7418295502591404 0.7418295400960664
 -0.6883230566443999 0.6883230544289524
 -0.6573422679923177 0.6573422731704581
 -0.6331148798976441 0.6331148808835836
 -0.5713073420745142 0.5713073338525909
 -0.4862903544436268 0.4862903461420601
 -0.4343759635461468 0.4343759644388018
 -0.3973331705376277 0.3973331754335004
 -0.2783976537395301 0.2783976500515170
 -6.360972541795085E-02 6.360971189708974E-02
 9.981949605007817E-02 -9.981950646942911E-02
 6.936765166466199E-02 -6.936764920344982E-02
 -0.1048079663210773 0.1048079755543466
 -0.2485746823070941 0.2485746855145895
 -0.2812400762882589 0.2812400710064518
 -0.2598376888755865 0.2598376842556290
 -0.2241299130964499 0.2241299155041213
 -0.1230689236639288 0.1230689275887223
 6.895775029287150E-02 -6.895775447155576E-02
 0.2678327224970078 -0.2678327354538746
 0.3811540621057652 -0.3811540740347712
 0.4275379445801000 -0.4275379461791469
 0.4845202720459251 -0.4845202646517257
 0.5658733067333570 -0.5658733006168862
 0.6255124641857512 -0.6255124672959237
 0.6529517246229343 -0.6529517339599760
 0.6864255136190684 -0.6864255190000649
 0.7385640773369428 -0.7385640739607784
 0.7785060150138814 -0.7785060097712655
 0.7940275661961831 -0.7940275683905064
 0.8124720251292317 -0.8124720323715523
 0.8471439358888097 -0.8471439351000231
 0.8742041755459884 -0.8742041605749219
 0.8800655523716482 -0.8800655351783353
 0.8864696413075721 -0.8864696390830816
 0.9079454472229208 -0.9079454604669124
 0.9248207566669180 -0.9248207681908662
 0.9218241447383620 -0.9218241422950149
 0.9171646766414457 -0.9171646685115942
 0.9276734758168459 -0.9276734776794910
   
   
 #BODY NUMBER  4
 4.656612873077393E-09 -5.587935447692871E-09
 -1.738264950462904E-08 5.060443199871748E-09
 -2.476948028415344E-08 2.134418356824043E-08
 -1.472466495438838E-08 3.081369821508820E-08
 3.977988635121488E-09 1.248145292749051E-08
 2.168069262889751E-08 -3.564841739749637E-08
 3.558552777336518E-08 -8.632855778546092E-08
 4.592779041004889E-08 -1.053064313280618E-07
 4.735262589121415E-08 -8.158601536144738E-08
 3.006838217766623E-08 -3.335908962592961E-08
 -6.012791941156426E-09 1.136812944348010E-08
 -4.072523867516058E-08 3.409709472731672E-08
 -4.562284663688323E-08 2.978385962867270E-08
 -1.219480251716628E-08 3.351574004755786E-09
 3.532125531288567E-08 -3.209648146901754E-08
 6.198598710976830E-08 -5.962232347075014E-08
 5.611537948005374E-08 -6.803689551093353E-08
 3.462071364915806E-08 -5.670797774320640E-08
 1.571088886371110E-08 -2.991123804469004E-08
 -1.648838423296653E-09 7.539929757920895E-09
 -2.448156444566799E-08 4.446774854794556E-08
 -4.311091876382014E-08 6.090725294347959E-08
 -3.720786225110304E-08 4.341483403236818E-08
 -3.881105924490020E-09 2.473461721131291E-09
 3.356566093205331E-08 -3.501404109237066E-08
 4.945897660747924E-08 -5.159745115163411E-08
 3.927885090189923E-08 -4.876657669834873E-08
 1.519444870659022E-08 -3.113873136647748E-08
 -1.171938670817104E-08 3.251394937937667E-09
 -3.605239412625224E-08 4.816547688292911E-08
 -5.165679832832835E-08 7.795291336252045E-08
 -5.192082550190523E-08 6.811175317056905E-08
 -3.588478051742868E-08 2.440769678552782E-08
 -7.873709745006507E-09 -2.179845596314201E-08
 2.587046200596184E-08 -4.653029537486499E-08
 5.321031416205055E-08 -4.917151953182147E-08
 5.464383611881024E-08 -3.653981801497265E-08
 2.017056327253610E-08 -8.628579560449983E-09
 -3.102335839359381E-08 3.127287926729967E-08
 -6.141298102598911E-08 6.501978652788187E-08
 -5.210793325005671E-08 7.153381141241645E-08
 -1.976631491590950E-08 4.681608329045307E-08
 8.108951857746335E-09 5.161224558349143E-09
 2.248422143355259E-08 -3.360291414754503E-08
 2.820760591772075E-08 -5.107636141666203E-08
 2.332482457059636E-08 -3.442901634432435E-08
 1.567928157155244E-09 1.093294489283833E-08
 -2.832847527662755E-08 5.556731872797954E-08
 -4.474132050866173E-08 6.862673933543341E-08
 -3.830570709269324E-08 4.910988639467774E-08
 -2.079124167486138E-08 2.262028349847451E-08
 -4.656612873077393E-09 5.587935447692871E-09
 1.738264950462904E-08 -5.060443199871748E-09
 2.476948028415344E-08 -2.134418356824043E-08
 1.472466495438838E-08 -3.081369821508820E-08
 -3.977988635121488E-09 -1.248145292749051E-08
 -2.168069262889751E-08 3.564841739749637E-08
 -3.558552777336518E-08 8.632855778546092E-08
 -4.592779041004889E-08 1.053064313280618E-07
 -4.735262589121415E-08 8.158601536144738E-08
 -3.006838217766623E-08 3.335908962592961E-08
 6.012791941156426E-09 -1.136812944348010E-08
 4.072523867516058E-08 -3.409709472731672E-08
 4.562284663688323E-08 -2.978385962867270E-08
 1.219480251716628E-08 -3.351574004755786E-09
 -3.532125531288567E-08 3.209648146901754E-08
 -6.198598710976830E-08 5.962232347075014E-08
 -5.611537948005374E-08 6.803689551093353E-08
 -3.462071364915806E-08 5.670797774320640E-08
 -1.571088886371110E-08 2.991123804469004E-08
 1.648838423296653E-09 -7.539929757920895E-09
 2.448156444566799E-08 -4.446774854794556E-08
 4.311091876382014E-08 -6.090725294347959E-08
 3.720786225110304E-08 -4.341483403236818E-08
 3.881105924490020E-09 -2.473461721131291E-09
 -3.356566093205331E-08 3.501404109237066E-08
 -4.945897660747924E-08 5.159745115163411E-08
 -3.927885090189923E-08 4.876657669834873E-08
 -1.519444870659022E-08 3.113873136647748E-08
 1.171938670817104E-08 -3.251394937937667E-09
 3.605239412625224E-08 -4.816547688292911E-08
 5.165679832832835E-08 -7.795291336252045E-08
 5.192082550190523E-08 -6.811175317056905E-08
 3.588478051742868E-08 -2.440769678552782E-08
 7.873709745006507E-09 2.179845596314201E-08
 -2.587046200596184E-08 4.653029537486499E-08
 -5.321031416205055E-08 4.917151953182147E-08
 -5.464383611881024E-08 3.653981801497265E-08
 -2.017056327253610E-08 8.628579560449983E-09
 3.102335839359381E-08 -3.127287926729967E-08
 6.141298102598911E-08 -6.501978652788187E-08
 5.210793325005671E-08 -7.153381141241645E-08
 1.976631491590950E-08 -4.681608329045307E-08
 -8.108951857746335E-09 -5.161224558349143E-09
 -2.248422143355259E-08 3.360291414754503E-08
 -2.820760591772075E-08 5.107636141666203E-08
 -2.332482457059636E-08 3.442901634432435E-08
 -1.567928157155244E-09 -1.093294489283833E-08
 2.832847527662755E-08 -5.556731872797954E-08
 4.474132050866173E-08 -6.862673933543341E-08
 3.830570709269324E-08 -4.910988639467774E-08
 2.079124167486138E-08 -2.262028349847451E-08
 4.656612873077393E-09 -5.587935447692871E-09
   
   
