 # action(x) =  10.24222223742063
 # |grad_action(x)| =  2.069741523990024E-07
 # PRINTSTEPS = 50
 #
 #BODY NUMBER  1
 2.403357341895183 -0.1540496199255996
 2.363686105520159 -0.1163122832291096
 2.324237203079798 -7.724290396556799E-02
 2.285161201389652 -3.627746118356467E-02
 2.246536271298693 6.446223211343693E-03
 2.208423725008912 5.071327297374462E-02
 2.170906902665824 9.654765463764448E-02
 2.134079673859823 0.1440060613345314
 2.098020992692859 0.1929830456000943
 2.062796846534534 0.2433361739248789
 2.028479164041927 0.2950348016861181
 1.995147937182400 0.3480727095335270
 1.962875791402128 0.4023442480202474
 1.931722562846340 0.4577096588180165
 1.901747190013255 0.5141041107057318
 1.873014549925123 0.5714879078351263
 1.845585610923415 0.6297481580169941
 1.819508690267909 0.6887384435829453
 1.794826473903155 0.7483713112054307
 1.771585237925948 0.8085881759017821
 1.749829473904781 0.8692725297880011
 1.729591488856828 0.9302741457524316
 1.710894282547293 0.9914940367345606
 1.693762017178463 1.052867483155886
 1.678218836686072 1.114281872485072
 1.664277925563259 1.175589123276433
 1.651940537665701 1.236688090205150
 1.641206898123109 1.297518220553893
 1.632079213718825 1.357977547628147
 1.624551074364818 1.417924380738310
 1.618602596435941 1.477261034322726
 1.614210885406748 1.535937973504043
 1.611357320532218 1.593868187532398
 1.610018097065422 1.650917407609181
 1.610155138276709 1.706993228534293
 1.611725057113039 1.762061642713619
 1.614690999977298 1.816053365504023
 1.619015329921166 1.868839586964353
 1.624645635071425 1.920332043008722
 1.631520777226807 1.970516827611656
 1.639588102775504 2.019345611332527
 1.648799940578050 2.066689535405593
 1.659093323284074 2.112460253568704
 1.670390690372494 2.156672936017264
 1.682624645100418 2.199307313819013
 1.695741989199746 2.240219646505313
 1.709673297108670 2.279310201374530
 1.724321660018612 2.316653633548607
 1.739602903760925 2.352279700366456
 1.755472270399095 2.385953003206136
 1.771861303719356 2.417527499122056
 1.788575264853020 2.447631299541992
 1.805701263799043 2.475171485422167
 1.822992271765880 2.501192254726762
 1.840457341064457 2.525005524554551
 1.857976471627952 2.546696572856210
 1.875432353813371 2.566452416616028
 1.892754514311213 2.584199022134727
 1.909861448020101 2.599807834429894
 1.926636187984202 2.613322230894938
 1.942971651729582 2.624842399720636
 1.958790043490783 2.634352960705741
 1.974003645388309 2.641795309257024
 1.988497708024274 2.647209925549814
 2.002167436794567 2.650690024127854
 2.014936180039200 2.652259345737928
 2.026721191555303 2.651901165951873
 2.037414943559378 2.649666113374442
 2.046918809365755 2.645655684730748
 2.055164744595011 2.639925124279600
 2.062083750853758 2.632489843279068
 2.067582346026702 2.623413396127451
 2.071573548250661 2.612808252477185
 2.074004217806452 2.600754262391046
 2.074826137321894 2.587290785376302
 2.073965641620811 2.572491574660692
 2.071351229902217 2.556477243958456
 2.066948160589020 2.539344459992152
 2.060733084782038 2.521147928140382
 2.052655228877152 2.501966290058662
 2.042659305723033 2.481923566432260
 2.030729040830384 2.461125832617605
 2.016867143175188 2.439635137715282
 2.001046319607529 2.417529570638391
 1.983225407067083 2.394932535919587
 1.963404021366294 2.371953962981195
 1.941610696448251 2.348656670003299
 1.917841234305024 2.325113773773162
 1.892064616110066 2.301446124156440
 1.864292220689119 2.277764422782487
 1.834578902907531 2.254126636081473
 1.802944111509550 2.230597151696404
 1.769361071459152 2.207295188840598
 1.733847354280312 2.184331851084777
 1.696488660685268 2.161753255402214
 1.657332191376111 2.139610046363387
 1.616343377212531 2.118026472916767
 1.573535941805083 2.097118162355524
 1.529047352507565 2.076901505092934
 1.482968109430254 2.057400853720684
 1.435198731399191 2.038785498076910
 1.385722107474772 2.021192537024246
 1.335089555246498 2.004343702490271
 1.282572444808659 1.988856072338208
 1.229012918636163 1.974227010305212
 1.173997803664597 1.960868921554224
 1.117685542589858 1.948780593073510
 1.060292879800138 1.937907684664849
 1.001840729740906 1.928334354278418
 0.9423269295152676 1.920170241929882
 0.8818822763570575 1.913431000145110
 0.8206631149886136 1.908102558907776
 0.7587319487602810 1.904231887950789
 0.6961341597710836 1.901885152674841
 0.6329975558489832 1.901072423837852
 0.5694730893292597 1.901775641897520
 0.5056463749454562 1.904013433480016
 0.4415842288217222 1.907822135810596
 0.3774149026325339 1.913198102927198
 0.3132893564281685 1.920109969970034
 0.2493046699842047 1.928550977387695
 0.1855347174323107 1.938531908964261
 0.1221026433440166 1.950033041586301
 5.915470172294075E-02 1.963007240395579
 -3.211882239264386E-03 1.977424930242787
 -6.492897864234996E-02 1.993274676419667
 -0.1258869902055291 2.010521081922243
 -0.1859510823884378 2.029101524133666
 -0.2450330338424714 2.048966516262396
 -0.3030802918112971 2.070085976917818
 -0.3600034471554557 2.092410833883108
 -0.4156829971822861 2.115864690514390
 -0.4700442855263858 2.140381484306339
 -0.5230558609883175 2.165916620579637
 -0.5746516804208073 2.192410467921125
 -0.6247273660067888 2.219775276415926
 -0.6732219308603594 2.247931868048822
 -0.7201276170676141 2.276825664732627
 -0.7654028491660614 2.306390107994450
 -0.8089548929485638 2.336528198310350
 -0.8507335154111118 2.367150413623718
 -0.8907572426830114 2.398196853686375
 -0.9290105470468339 2.429597754412581
 -0.9654056691076772 2.461247402001661
 -0.9998975824333776 2.493047091997509
 -1.032538205059075 2.524937240116239
 -1.063343681945971 2.556849344600244
 -1.092216129330723 2.588665464163594
 -1.119103888941033 2.620275608155274
 -1.144120068413313 2.651633178646176
 -1.167332525443335 2.682680157337365
 -1.188559777812740 2.713260083407830
 -1.207709576727485 2.743240650564606
 -1.225423252074774 2.772767265714192
 -1.240710753198939 2.801368908806721
 -1.254599896459314 2.829353745615338
 -1.266490258428065 2.856385574220656
 -1.276515692010270 2.882403110491689
 -1.284896813486759 2.907398269789639
 -1.291604744447972 2.931273003588550
 -1.296568905564045 2.953892448908887
 -1.299885346237538 2.975176998092199
 -1.301694373223788 2.995084009091146
 -1.302021564760530 3.013538418695914
 -1.300860026720996 3.030434958697876
 -1.298302190664315 3.045694493291059
 -1.294481180055425 3.059272874957996
 -1.289455880814141 3.071115591787287
 -1.283253182262243 3.081142621251096
 -1.275970693949356 3.089286155859681
 -1.267745627960664 3.095511530760314
 -1.258659849417420 3.099787439921237
 -1.248761204057310 3.102061834609990
 -1.238151472661430 3.102285534139077
 -1.226971547737537 3.100439444831533
 -1.215317151328079 3.096517471371984
 -1.203246478452322 3.090497536044851
 -1.190860233867187 3.082352719550061
 -1.178298622513743 3.072081407234689
 -1.165662731017971 3.059701845371685
 -1.153011610077056 3.045221165910508
 -1.140438752164531 3.028634718447906
 -1.128079205920096 3.009956633248961
 -1.116032972541782 2.989225853870721
 -1.104352433638988 2.966475750905500
 -1.093118862769169 2.941721732248671
 -1.082459712922708 2.914989851910622
 -1.072470377865742 2.886334741886333
 -1.063190992766497 2.855812522385431
 -1.054686977624151 2.823456116220036
 -1.047078500905679 2.789299085231189
 -1.040455743621473 2.753406634585726
 -1.034841478739951 2.715855253205643
 -1.030281743223523 2.676693978019036
 -1.026893171457552 2.635959230771178
 -1.024763196194748 2.593721780633576
 -1.023888905549393 2.550078905086788
 -1.024290558655038 2.505096803423138
 -1.026093042827608 2.458807662363168
 -1.029389632435081 2.411281180548836
 -1.034125788314834 2.362644603407358
 -1.040277350374777 2.312988482629123
 -1.048040668502319 2.262311309909354
 -1.057543029265131 2.210666816170985
 -1.068267786648684 2.158393322415870
 -1.081113660711500 2.105168355567317
 -1.095224284443635 2.051469914270780
 -1.111163397725055 1.997146382737789
 -1.128850728708835 1.942334369862166
 -1.148130845208773 1.887194411691105
 -1.169066172924919 1.831786699640773
 -1.191752744344556 1.776164180595351
 -1.216138716335802 1.720447954545016
 -1.242133731545921 1.664766384982897
 -1.269747215281645 1.609197086264671
 -1.299013777411316 1.553812443141314
 -1.329878235553145 1.498728175817604
 -1.362249473517080 1.444065983079504
 -1.396100815067798 1.389909322774284
 -1.431430321103401 1.336334227975470
 -1.468170708290881 1.283449944910203
 -1.506219333839740 1.231371526387088
 -1.545521803918950 1.180179666182265
 -1.586050520493638 1.129943733062479
 -1.627726830560765 1.080760511798300
 -1.670436787133887 1.032733094643147
 -1.714106164786557 0.9859308935082265
 -1.758690995820813 0.9404071932637812
 -1.804105826891601 0.8962392094371705
 -1.850229007951697 0.8535124008572328
 -1.896973571508172 0.8122784260572460
 -1.944287189934406 0.7725677563639252
 -1.992082660874281 0.7344332862549610
 -2.040234071547104 0.6979403097760801
 -2.088646881962326 0.6631204499836134
 -2.137266746395065 0.6299786470755935
 -2.186009000953026 0.5985422803887266
 -2.234745463072211 0.5688578688067449
 -2.283377069137069 0.5409386395145290
 -2.331852674180653 0.5147640220190074
 -2.380093849143359 0.4903367424904268
 -2.427970222869730 0.4676886113459978
 -2.475379150482537 0.4468183706149961
 -2.522278019909819 0.4276800260747193
 -2.568598649822338 0.4102521430800540
 -2.614205609685727 0.3945578665960681
 -2.658990905717451 0.3805868384288045
 -2.702928895431569 0.3682643040989744
 -2.745968327046389 0.3575420307812308
 -2.787958118530469 0.3484458176582808
 -2.828777186049702 0.3409654067807436
 -2.868441728431926 0.3349795450975689
 -2.906935429204260 0.3304004569709098
 -2.944032048211835 0.3273070802016940
 -2.979570880446841 0.3257131514425493
 -3.013998516927794 0.3251359661722000
 -3.046412016997982 0.3261974233845540
 -3.077592168225194 0.3281614908885770
 -3.106947599492522 0.3313800496661049
 -3.134492163638222 0.3357065376354786
 -3.160329167300130 0.3409458531736109
 -3.184359258759185 0.3470739814538235
 -3.206430353584146 0.3540846144789934
 -3.226521534221740 0.3618547671972615
 -3.244666024953370 0.3702416093705105
 -3.260811608251313 0.3791854579901723
 -3.274863672109305 0.3886396494408522
 -3.286799898688588 0.3984845677412454
 -3.296648616849992 0.4085828508301422
 -3.304392060853341 0.4188562460493586
 -3.309974373817546 0.4292414552992238
 -3.313385637508734 0.4396200424852387
 -3.314664437326419 0.4498558460295662
 -3.313824594012431 0.4598623156416366
 -3.310844954911068 0.4695719913309214
 -3.305733818688132 0.4788721380116264
 -3.298545095988198 0.4876311923543483
 -3.289321369134531 0.4957632089809385
 -3.278072615774216 0.5032067506685493
 -3.264825875487997 0.5098611448893688
 -3.249649852415960 0.5156041632762330
 -3.232610891606991 0.5203573853795330
 -3.213744694859094 0.5240732377701255
 -3.193093981041683 0.5266684283892438
 -3.170738511643129 0.5280330668167004
 -3.146762013372166 0.5281000212531165
 -3.121219576814176 0.5268406131902179
 -3.094165182376698 0.5241921616102796
 -3.065685119989792 0.5200573159910351
 -3.035874399232036 0.5143807789051379
 -3.004801689214748 0.5071558523821321
 -2.972528211929175 0.4983423424468736
 -2.939143117015745 0.4878529610747491
 -2.904747964310592 0.4756422118032383
 -2.869420381647482 0.4617286171241700
 -2.833225854733072 0.4460968263226313
 -2.796254242916704 0.4286640419305797
 -2.758610550475060 0.4093899295487993
 -2.720377566234661 0.3883256496845740
 -2.681622750031149 0.3654867570597518
 -2.642436420040139 0.3407811894464018
 -2.602925574240164 0.3141630181933118
 -2.563173140822399 0.2857430983144236
 -2.523245459805031 0.2555876289084393
 -2.483239399901510 0.2235258118324432
 -2.443265136739903 0.1894742791467392
 -2.403357341895183 0.1540496199255996
 -2.363686105520159 0.1163122832291096
 -2.324237203079798 7.724290396556799E-02
 -2.285161201389652 3.627746118356467E-02
 -2.246536271298693 -6.446223211343693E-03
 -2.208423725008912 -5.071327297374462E-02
 -2.170906902665824 -9.654765463764448E-02
 -2.134079673859823 -0.1440060613345314
 -2.098020992692859 -0.1929830456000943
 -2.062796846534534 -0.2433361739248789
 -2.028479164041927 -0.2950348016861181
 -1.995147937182400 -0.3480727095335270
 -1.962875791402128 -0.4023442480202474
 -1.931722562846340 -0.4577096588180165
 -1.901747190013255 -0.5141041107057318
 -1.873014549925123 -0.5714879078351263
 -1.845585610923415 -0.6297481580169941
 -1.819508690267909 -0.6887384435829453
 -1.794826473903155 -0.7483713112054307
 -1.771585237925948 -0.8085881759017821
 -1.749829473904781 -0.8692725297880011
 -1.729591488856828 -0.9302741457524316
 -1.710894282547293 -0.9914940367345606
 -1.693762017178463 -1.052867483155886
 -1.678218836686072 -1.114281872485072
 -1.664277925563259 -1.175589123276433
 -1.651940537665701 -1.236688090205150
 -1.641206898123109 -1.297518220553893
 -1.632079213718825 -1.357977547628147
 -1.624551074364818 -1.417924380738310
 -1.618602596435941 -1.477261034322726
 -1.614210885406748 -1.535937973504043
 -1.611357320532218 -1.593868187532398
 -1.610018097065422 -1.650917407609181
 -1.610155138276709 -1.706993228534293
 -1.611725057113039 -1.762061642713619
 -1.614690999977298 -1.816053365504023
 -1.619015329921166 -1.868839586964353
 -1.624645635071425 -1.920332043008722
 -1.631520777226807 -1.970516827611656
 -1.639588102775504 -2.019345611332527
 -1.648799940578050 -2.066689535405593
 -1.659093323284074 -2.112460253568704
 -1.670390690372494 -2.156672936017264
 -1.682624645100418 -2.199307313819013
 -1.695741989199746 -2.240219646505313
 -1.709673297108670 -2.279310201374530
 -1.724321660018612 -2.316653633548607
 -1.739602903760925 -2.352279700366456
 -1.755472270399095 -2.385953003206136
 -1.771861303719356 -2.417527499122056
 -1.788575264853020 -2.447631299541992
 -1.805701263799043 -2.475171485422167
 -1.822992271765880 -2.501192254726762
 -1.840457341064457 -2.525005524554551
 -1.857976471627952 -2.546696572856210
 -1.875432353813371 -2.566452416616028
 -1.892754514311213 -2.584199022134727
 -1.909861448020101 -2.599807834429894
 -1.926636187984202 -2.613322230894938
 -1.942971651729582 -2.624842399720636
 -1.958790043490783 -2.634352960705741
 -1.974003645388309 -2.641795309257024
 -1.988497708024274 -2.647209925549814
 -2.002167436794567 -2.650690024127854
 -2.014936180039200 -2.652259345737928
 -2.026721191555303 -2.651901165951873
 -2.037414943559378 -2.649666113374442
 -2.046918809365755 -2.645655684730748
 -2.055164744595011 -2.639925124279600
 -2.062083750853758 -2.632489843279068
 -2.067582346026702 -2.623413396127451
 -2.071573548250661 -2.612808252477185
 -2.074004217806452 -2.600754262391046
 -2.074826137321894 -2.587290785376302
 -2.073965641620811 -2.572491574660692
 -2.071351229902217 -2.556477243958456
 -2.066948160589020 -2.539344459992152
 -2.060733084782038 -2.521147928140382
 -2.052655228877152 -2.501966290058662
 -2.042659305723033 -2.481923566432260
 -2.030729040830384 -2.461125832617605
 -2.016867143175188 -2.439635137715282
 -2.001046319607529 -2.417529570638391
 -1.983225407067083 -2.394932535919587
 -1.963404021366294 -2.371953962981195
 -1.941610696448251 -2.348656670003299
 -1.917841234305024 -2.325113773773162
 -1.892064616110066 -2.301446124156440
 -1.864292220689119 -2.277764422782487
 -1.834578902907531 -2.254126636081473
 -1.802944111509550 -2.230597151696404
 -1.769361071459152 -2.207295188840598
 -1.733847354280312 -2.184331851084777
 -1.696488660685268 -2.161753255402214
 -1.657332191376111 -2.139610046363387
 -1.616343377212531 -2.118026472916767
 -1.573535941805083 -2.097118162355524
 -1.529047352507565 -2.076901505092934
 -1.482968109430254 -2.057400853720684
 -1.435198731399191 -2.038785498076910
 -1.385722107474772 -2.021192537024246
 -1.335089555246498 -2.004343702490271
 -1.282572444808659 -1.988856072338208
 -1.229012918636163 -1.974227010305212
 -1.173997803664597 -1.960868921554224
 -1.117685542589858 -1.948780593073510
 -1.060292879800138 -1.937907684664849
 -1.001840729740906 -1.928334354278418
 -0.9423269295152676 -1.920170241929882
 -0.8818822763570575 -1.913431000145110
 -0.8206631149886136 -1.908102558907776
 -0.7587319487602810 -1.904231887950789
 -0.6961341597710836 -1.901885152674841
 -0.6329975558489832 -1.901072423837852
 -0.5694730893292597 -1.901775641897520
 -0.5056463749454562 -1.904013433480016
 -0.4415842288217222 -1.907822135810596
 -0.3774149026325339 -1.913198102927198
 -0.3132893564281685 -1.920109969970034
 -0.2493046699842047 -1.928550977387695
 -0.1855347174323107 -1.938531908964261
 -0.1221026433440166 -1.950033041586301
 -5.915470172294075E-02 -1.963007240395579
 3.211882239264386E-03 -1.977424930242787
 6.492897864234996E-02 -1.993274676419667
 0.1258869902055291 -2.010521081922243
 0.1859510823884378 -2.029101524133666
 0.2450330338424714 -2.048966516262396
 0.3030802918112971 -2.070085976917818
 0.3600034471554557 -2.092410833883108
 0.4156829971822861 -2.115864690514390
 0.4700442855263858 -2.140381484306339
 0.5230558609883175 -2.165916620579637
 0.5746516804208073 -2.192410467921125
 0.6247273660067888 -2.219775276415926
 0.6732219308603594 -2.247931868048822
 0.7201276170676141 -2.276825664732627
 0.7654028491660614 -2.306390107994450
 0.8089548929485638 -2.336528198310350
 0.8507335154111118 -2.367150413623718
 0.8907572426830114 -2.398196853686375
 0.9290105470468339 -2.429597754412581
 0.9654056691076772 -2.461247402001661
 0.9998975824333776 -2.493047091997509
 1.032538205059075 -2.524937240116239
 1.063343681945971 -2.556849344600244
 1.092216129330723 -2.588665464163594
 1.119103888941033 -2.620275608155274
 1.144120068413313 -2.651633178646176
 1.167332525443335 -2.682680157337365
 1.188559777812740 -2.713260083407830
 1.207709576727485 -2.743240650564606
 1.225423252074774 -2.772767265714192
 1.240710753198939 -2.801368908806721
 1.254599896459314 -2.829353745615338
 1.266490258428065 -2.856385574220656
 1.276515692010270 -2.882403110491689
 1.284896813486759 -2.907398269789639
 1.291604744447972 -2.931273003588550
 1.296568905564045 -2.953892448908887
 1.299885346237538 -2.975176998092199
 1.301694373223788 -2.995084009091146
 1.302021564760530 -3.013538418695914
 1.300860026720996 -3.030434958697876
 1.298302190664315 -3.045694493291059
 1.294481180055425 -3.059272874957996
 1.289455880814141 -3.071115591787287
 1.283253182262243 -3.081142621251096
 1.275970693949356 -3.089286155859681
 1.267745627960664 -3.095511530760314
 1.258659849417420 -3.099787439921237
 1.248761204057310 -3.102061834609990
 1.238151472661430 -3.102285534139077
 1.226971547737537 -3.100439444831533
 1.215317151328079 -3.096517471371984
 1.203246478452322 -3.090497536044851
 1.190860233867187 -3.082352719550061
 1.178298622513743 -3.072081407234689
 1.165662731017971 -3.059701845371685
 1.153011610077056 -3.045221165910508
 1.140438752164531 -3.028634718447906
 1.128079205920096 -3.009956633248961
 1.116032972541782 -2.989225853870721
 1.104352433638988 -2.966475750905500
 1.093118862769169 -2.941721732248671
 1.082459712922708 -2.914989851910622
 1.072470377865742 -2.886334741886333
 1.063190992766497 -2.855812522385431
 1.054686977624151 -2.823456116220036
 1.047078500905679 -2.789299085231189
 1.040455743621473 -2.753406634585726
 1.034841478739951 -2.715855253205643
 1.030281743223523 -2.676693978019036
 1.026893171457552 -2.635959230771178
 1.024763196194748 -2.593721780633576
 1.023888905549393 -2.550078905086788
 1.024290558655038 -2.505096803423138
 1.026093042827608 -2.458807662363168
 1.029389632435081 -2.411281180548836
 1.034125788314834 -2.362644603407358
 1.040277350374777 -2.312988482629123
 1.048040668502319 -2.262311309909354
 1.057543029265131 -2.210666816170985
 1.068267786648684 -2.158393322415870
 1.081113660711500 -2.105168355567317
 1.095224284443635 -2.051469914270780
 1.111163397725055 -1.997146382737789
 1.128850728708835 -1.942334369862166
 1.148130845208773 -1.887194411691105
 1.169066172924919 -1.831786699640773
 1.191752744344556 -1.776164180595351
 1.216138716335802 -1.720447954545016
 1.242133731545921 -1.664766384982897
 1.269747215281645 -1.609197086264671
 1.299013777411316 -1.553812443141314
 1.329878235553145 -1.498728175817604
 1.362249473517080 -1.444065983079504
 1.396100815067798 -1.389909322774284
 1.431430321103401 -1.336334227975470
 1.468170708290881 -1.283449944910203
 1.506219333839740 -1.231371526387088
 1.545521803918950 -1.180179666182265
 1.586050520493638 -1.129943733062479
 1.627726830560765 -1.080760511798300
 1.670436787133887 -1.032733094643147
 1.714106164786557 -0.9859308935082265
 1.758690995820813 -0.9404071932637812
 1.804105826891601 -0.8962392094371705
 1.850229007951697 -0.8535124008572328
 1.896973571508172 -0.8122784260572460
 1.944287189934406 -0.7725677563639252
 1.992082660874281 -0.7344332862549610
 2.040234071547104 -0.6979403097760801
 2.088646881962326 -0.6631204499836134
 2.137266746395065 -0.6299786470755935
 2.186009000953026 -0.5985422803887266
 2.234745463072211 -0.5688578688067449
 2.283377069137069 -0.5409386395145290
 2.331852674180653 -0.5147640220190074
 2.380093849143359 -0.4903367424904268
 2.427970222869730 -0.4676886113459978
 2.475379150482537 -0.4468183706149961
 2.522278019909819 -0.4276800260747193
 2.568598649822338 -0.4102521430800540
 2.614205609685727 -0.3945578665960681
 2.658990905717451 -0.3805868384288045
 2.702928895431569 -0.3682643040989744
 2.745968327046389 -0.3575420307812308
 2.787958118530469 -0.3484458176582808
 2.828777186049702 -0.3409654067807436
 2.868441728431926 -0.3349795450975689
 2.906935429204260 -0.3304004569709098
 2.944032048211835 -0.3273070802016940
 2.979570880446841 -0.3257131514425493
 3.013998516927794 -0.3251359661722000
 3.046412016997982 -0.3261974233845540
 3.077592168225194 -0.3281614908885770
 3.106947599492522 -0.3313800496661049
 3.134492163638222 -0.3357065376354786
 3.160329167300130 -0.3409458531736109
 3.184359258759185 -0.3470739814538235
 3.206430353584146 -0.3540846144789934
 3.226521534221740 -0.3618547671972615
 3.244666024953370 -0.3702416093705105
 3.260811608251313 -0.3791854579901723
 3.274863672109305 -0.3886396494408522
 3.286799898688588 -0.3984845677412454
 3.296648616849992 -0.4085828508301422
 3.304392060853341 -0.4188562460493586
 3.309974373817546 -0.4292414552992238
 3.313385637508734 -0.4396200424852387
 3.314664437326419 -0.4498558460295662
 3.313824594012431 -0.4598623156416366
 3.310844954911068 -0.4695719913309214
 3.305733818688132 -0.4788721380116264
 3.298545095988198 -0.4876311923543483
 3.289321369134531 -0.4957632089809385
 3.278072615774216 -0.5032067506685493
 3.264825875487997 -0.5098611448893688
 3.249649852415960 -0.5156041632762330
 3.232610891606991 -0.5203573853795330
 3.213744694859094 -0.5240732377701255
 3.193093981041683 -0.5266684283892438
 3.170738511643129 -0.5280330668167004
 3.146762013372166 -0.5281000212531165
 3.121219576814176 -0.5268406131902179
 3.094165182376698 -0.5241921616102796
 3.065685119989792 -0.5200573159910351
 3.035874399232036 -0.5143807789051379
 3.004801689214748 -0.5071558523821321
 2.972528211929175 -0.4983423424468736
 2.939143117015745 -0.4878529610747491
 2.904747964310592 -0.4756422118032383
 2.869420381647482 -0.4617286171241700
 2.833225854733072 -0.4460968263226313
 2.796254242916704 -0.4286640419305797
 2.758610550475060 -0.4093899295487993
 2.720377566234661 -0.3883256496845740
 2.681622750031149 -0.3654867570597518
 2.642436420040139 -0.3407811894464018
 2.602925574240164 -0.3141630181933118
 2.563173140822399 -0.2857430983144236
 2.523245459805031 -0.2555876289084393
 2.483239399901510 -0.2235258118324432
 2.443265136739903 -0.1894742791467392
 2.403357341895183 -0.1540496199255996
   
   
 #BODY NUMBER  2
 -2.772767265714192 -1.225423252074774
 -2.801368908806721 -1.240710753198939
 -2.829353745615338 -1.254599896459314
 -2.856385574220656 -1.266490258428065
 -2.882403110491689 -1.276515692010270
 -2.907398269789639 -1.284896813486759
 -2.931273003588550 -1.291604744447972
 -2.953892448908887 -1.296568905564045
 -2.975176998092199 -1.299885346237538
 -2.995084009091146 -1.301694373223788
 -3.013538418695914 -1.302021564760530
 -3.030434958697876 -1.300860026720996
 -3.045694493291059 -1.298302190664315
 -3.059272874957996 -1.294481180055425
 -3.071115591787287 -1.289455880814141
 -3.081142621251096 -1.283253182262243
 -3.089286155859681 -1.275970693949356
 -3.095511530760314 -1.267745627960664
 -3.099787439921237 -1.258659849417420
 -3.102061834609990 -1.248761204057310
 -3.102285534139077 -1.238151472661430
 -3.100439444831533 -1.226971547737537
 -3.096517471371984 -1.215317151328079
 -3.090497536044851 -1.203246478452322
 -3.082352719550061 -1.190860233867187
 -3.072081407234689 -1.178298622513743
 -3.059701845371685 -1.165662731017971
 -3.045221165910508 -1.153011610077056
 -3.028634718447906 -1.140438752164531
 -3.009956633248961 -1.128079205920096
 -2.989225853870721 -1.116032972541782
 -2.966475750905500 -1.104352433638988
 -2.941721732248671 -1.093118862769169
 -2.914989851910622 -1.082459712922708
 -2.886334741886333 -1.072470377865742
 -2.855812522385431 -1.063190992766497
 -2.823456116220036 -1.054686977624151
 -2.789299085231189 -1.047078500905679
 -2.753406634585726 -1.040455743621473
 -2.715855253205643 -1.034841478739951
 -2.676693978019036 -1.030281743223523
 -2.635959230771178 -1.026893171457552
 -2.593721780633576 -1.024763196194748
 -2.550078905086788 -1.023888905549393
 -2.505096803423138 -1.024290558655038
 -2.458807662363168 -1.026093042827608
 -2.411281180548836 -1.029389632435081
 -2.362644603407358 -1.034125788314834
 -2.312988482629123 -1.040277350374777
 -2.262311309909354 -1.048040668502319
 -2.210666816170985 -1.057543029265131
 -2.158393322415870 -1.068267786648684
 -2.105168355567317 -1.081113660711500
 -2.051469914270780 -1.095224284443635
 -1.997146382737789 -1.111163397725055
 -1.942334369862166 -1.128850728708835
 -1.887194411691105 -1.148130845208773
 -1.831786699640773 -1.169066172924919
 -1.776164180595351 -1.191752744344556
 -1.720447954545016 -1.216138716335802
 -1.664766384982897 -1.242133731545921
 -1.609197086264671 -1.269747215281645
 -1.553812443141314 -1.299013777411316
 -1.498728175817604 -1.329878235553145
 -1.444065983079504 -1.362249473517080
 -1.389909322774284 -1.396100815067798
 -1.336334227975470 -1.431430321103401
 -1.283449944910203 -1.468170708290881
 -1.231371526387088 -1.506219333839740
 -1.180179666182265 -1.545521803918950
 -1.129943733062479 -1.586050520493638
 -1.080760511798300 -1.627726830560765
 -1.032733094643147 -1.670436787133887
 -0.9859308935082265 -1.714106164786557
 -0.9404071932637812 -1.758690995820813
 -0.8962392094371705 -1.804105826891601
 -0.8535124008572328 -1.850229007951697
 -0.8122784260572460 -1.896973571508172
 -0.7725677563639252 -1.944287189934406
 -0.7344332862549610 -1.992082660874281
 -0.6979403097760801 -2.040234071547104
 -0.6631204499836134 -2.088646881962326
 -0.6299786470755935 -2.137266746395065
 -0.5985422803887266 -2.186009000953026
 -0.5688578688067449 -2.234745463072211
 -0.5409386395145290 -2.283377069137069
 -0.5147640220190074 -2.331852674180653
 -0.4903367424904268 -2.380093849143359
 -0.4676886113459978 -2.427970222869730
 -0.4468183706149961 -2.475379150482537
 -0.4276800260747193 -2.522278019909819
 -0.4102521430800540 -2.568598649822338
 -0.3945578665960681 -2.614205609685727
 -0.3805868384288045 -2.658990905717451
 -0.3682643040989744 -2.702928895431569
 -0.3575420307812308 -2.745968327046389
 -0.3484458176582808 -2.787958118530469
 -0.3409654067807436 -2.828777186049702
 -0.3349795450975689 -2.868441728431926
 -0.3304004569709098 -2.906935429204260
 -0.3273070802016940 -2.944032048211835
 -0.3257131514425493 -2.979570880446841
 -0.3251359661722000 -3.013998516927794
 -0.3261974233845540 -3.046412016997982
 -0.3281614908885770 -3.077592168225194
 -0.3313800496661049 -3.106947599492522
 -0.3357065376354786 -3.134492163638222
 -0.3409458531736109 -3.160329167300130
 -0.3470739814538235 -3.184359258759185
 -0.3540846144789934 -3.206430353584146
 -0.3618547671972615 -3.226521534221740
 -0.3702416093705105 -3.244666024953370
 -0.3791854579901723 -3.260811608251313
 -0.3886396494408522 -3.274863672109305
 -0.3984845677412454 -3.286799898688588
 -0.4085828508301422 -3.296648616849992
 -0.4188562460493586 -3.304392060853341
 -0.4292414552992238 -3.309974373817546
 -0.4396200424852387 -3.313385637508734
 -0.4498558460295662 -3.314664437326419
 -0.4598623156416366 -3.313824594012431
 -0.4695719913309214 -3.310844954911068
 -0.4788721380116264 -3.305733818688132
 -0.4876311923543483 -3.298545095988198
 -0.4957632089809385 -3.289321369134531
 -0.5032067506685493 -3.278072615774216
 -0.5098611448893688 -3.264825875487997
 -0.5156041632762330 -3.249649852415960
 -0.5203573853795330 -3.232610891606991
 -0.5240732377701255 -3.213744694859094
 -0.5266684283892438 -3.193093981041683
 -0.5280330668167004 -3.170738511643129
 -0.5281000212531165 -3.146762013372166
 -0.5268406131902179 -3.121219576814176
 -0.5241921616102796 -3.094165182376698
 -0.5200573159910351 -3.065685119989792
 -0.5143807789051379 -3.035874399232036
 -0.5071558523821321 -3.004801689214748
 -0.4983423424468736 -2.972528211929175
 -0.4878529610747491 -2.939143117015745
 -0.4756422118032383 -2.904747964310592
 -0.4617286171241700 -2.869420381647482
 -0.4460968263226313 -2.833225854733072
 -0.4286640419305797 -2.796254242916704
 -0.4093899295487993 -2.758610550475060
 -0.3883256496845740 -2.720377566234661
 -0.3654867570597518 -2.681622750031149
 -0.3407811894464018 -2.642436420040139
 -0.3141630181933118 -2.602925574240164
 -0.2857430983144236 -2.563173140822399
 -0.2555876289084393 -2.523245459805031
 -0.2235258118324432 -2.483239399901510
 -0.1894742791467392 -2.443265136739903
 -0.1540496199255996 -2.403357341895183
 -0.1163122832291096 -2.363686105520159
 -7.724290396556799E-02 -2.324237203079798
 -3.627746118356467E-02 -2.285161201389652
 6.446223211343693E-03 -2.246536271298693
 5.071327297374462E-02 -2.208423725008912
 9.654765463764448E-02 -2.170906902665824
 0.1440060613345314 -2.134079673859823
 0.1929830456000943 -2.098020992692859
 0.2433361739248789 -2.062796846534534
 0.2950348016861181 -2.028479164041927
 0.3480727095335270 -1.995147937182400
 0.4023442480202474 -1.962875791402128
 0.4577096588180165 -1.931722562846340
 0.5141041107057318 -1.901747190013255
 0.5714879078351263 -1.873014549925123
 0.6297481580169941 -1.845585610923415
 0.6887384435829453 -1.819508690267909
 0.7483713112054307 -1.794826473903155
 0.8085881759017821 -1.771585237925948
 0.8692725297880011 -1.749829473904781
 0.9302741457524316 -1.729591488856828
 0.9914940367345606 -1.710894282547293
 1.052867483155886 -1.693762017178463
 1.114281872485072 -1.678218836686072
 1.175589123276433 -1.664277925563259
 1.236688090205150 -1.651940537665701
 1.297518220553893 -1.641206898123109
 1.357977547628147 -1.632079213718825
 1.417924380738310 -1.624551074364818
 1.477261034322726 -1.618602596435941
 1.535937973504043 -1.614210885406748
 1.593868187532398 -1.611357320532218
 1.650917407609181 -1.610018097065422
 1.706993228534293 -1.610155138276709
 1.762061642713619 -1.611725057113039
 1.816053365504023 -1.614690999977298
 1.868839586964353 -1.619015329921166
 1.920332043008722 -1.624645635071425
 1.970516827611656 -1.631520777226807
 2.019345611332527 -1.639588102775504
 2.066689535405593 -1.648799940578050
 2.112460253568704 -1.659093323284074
 2.156672936017264 -1.670390690372494
 2.199307313819013 -1.682624645100418
 2.240219646505313 -1.695741989199746
 2.279310201374530 -1.709673297108670
 2.316653633548607 -1.724321660018612
 2.352279700366456 -1.739602903760925
 2.385953003206136 -1.755472270399095
 2.417527499122056 -1.771861303719356
 2.447631299541992 -1.788575264853020
 2.475171485422167 -1.805701263799043
 2.501192254726762 -1.822992271765880
 2.525005524554551 -1.840457341064457
 2.546696572856210 -1.857976471627952
 2.566452416616028 -1.875432353813371
 2.584199022134727 -1.892754514311213
 2.599807834429894 -1.909861448020101
 2.613322230894938 -1.926636187984202
 2.624842399720636 -1.942971651729582
 2.634352960705741 -1.958790043490783
 2.641795309257024 -1.974003645388309
 2.647209925549814 -1.988497708024274
 2.650690024127854 -2.002167436794567
 2.652259345737928 -2.014936180039200
 2.651901165951873 -2.026721191555303
 2.649666113374442 -2.037414943559378
 2.645655684730748 -2.046918809365755
 2.639925124279600 -2.055164744595011
 2.632489843279068 -2.062083750853758
 2.623413396127451 -2.067582346026702
 2.612808252477185 -2.071573548250661
 2.600754262391046 -2.074004217806452
 2.587290785376302 -2.074826137321894
 2.572491574660692 -2.073965641620811
 2.556477243958456 -2.071351229902217
 2.539344459992152 -2.066948160589020
 2.521147928140382 -2.060733084782038
 2.501966290058662 -2.052655228877152
 2.481923566432260 -2.042659305723033
 2.461125832617605 -2.030729040830384
 2.439635137715282 -2.016867143175188
 2.417529570638391 -2.001046319607529
 2.394932535919587 -1.983225407067083
 2.371953962981195 -1.963404021366294
 2.348656670003299 -1.941610696448251
 2.325113773773162 -1.917841234305024
 2.301446124156440 -1.892064616110066
 2.277764422782487 -1.864292220689119
 2.254126636081473 -1.834578902907531
 2.230597151696404 -1.802944111509550
 2.207295188840598 -1.769361071459152
 2.184331851084777 -1.733847354280312
 2.161753255402214 -1.696488660685268
 2.139610046363387 -1.657332191376111
 2.118026472916767 -1.616343377212531
 2.097118162355524 -1.573535941805083
 2.076901505092934 -1.529047352507565
 2.057400853720684 -1.482968109430254
 2.038785498076910 -1.435198731399191
 2.021192537024246 -1.385722107474772
 2.004343702490271 -1.335089555246498
 1.988856072338208 -1.282572444808659
 1.974227010305212 -1.229012918636163
 1.960868921554224 -1.173997803664597
 1.948780593073510 -1.117685542589858
 1.937907684664849 -1.060292879800138
 1.928334354278418 -1.001840729740906
 1.920170241929882 -0.9423269295152676
 1.913431000145110 -0.8818822763570575
 1.908102558907776 -0.8206631149886136
 1.904231887950789 -0.7587319487602810
 1.901885152674841 -0.6961341597710836
 1.901072423837852 -0.6329975558489832
 1.901775641897520 -0.5694730893292597
 1.904013433480016 -0.5056463749454562
 1.907822135810596 -0.4415842288217222
 1.913198102927198 -0.3774149026325339
 1.920109969970034 -0.3132893564281685
 1.928550977387695 -0.2493046699842047
 1.938531908964261 -0.1855347174323107
 1.950033041586301 -0.1221026433440166
 1.963007240395579 -5.915470172294075E-02
 1.977424930242787 3.211882239264386E-03
 1.993274676419667 6.492897864234996E-02
 2.010521081922243 0.1258869902055291
 2.029101524133666 0.1859510823884378
 2.048966516262396 0.2450330338424714
 2.070085976917818 0.3030802918112971
 2.092410833883108 0.3600034471554557
 2.115864690514390 0.4156829971822861
 2.140381484306339 0.4700442855263858
 2.165916620579637 0.5230558609883175
 2.192410467921125 0.5746516804208073
 2.219775276415926 0.6247273660067888
 2.247931868048822 0.6732219308603594
 2.276825664732627 0.7201276170676141
 2.306390107994450 0.7654028491660614
 2.336528198310350 0.8089548929485638
 2.367150413623718 0.8507335154111118
 2.398196853686375 0.8907572426830114
 2.429597754412581 0.9290105470468339
 2.461247402001661 0.9654056691076772
 2.493047091997509 0.9998975824333776
 2.524937240116239 1.032538205059075
 2.556849344600244 1.063343681945971
 2.588665464163594 1.092216129330723
 2.620275608155274 1.119103888941033
 2.651633178646176 1.144120068413313
 2.682680157337365 1.167332525443335
 2.713260083407830 1.188559777812740
 2.743240650564606 1.207709576727485
 2.772767265714192 1.225423252074774
 2.801368908806721 1.240710753198939
 2.829353745615338 1.254599896459314
 2.856385574220656 1.266490258428065
 2.882403110491689 1.276515692010270
 2.907398269789639 1.284896813486759
 2.931273003588550 1.291604744447972
 2.953892448908887 1.296568905564045
 2.975176998092199 1.299885346237538
 2.995084009091146 1.301694373223788
 3.013538418695914 1.302021564760530
 3.030434958697876 1.300860026720996
 3.045694493291059 1.298302190664315
 3.059272874957996 1.294481180055425
 3.071115591787287 1.289455880814141
 3.081142621251096 1.283253182262243
 3.089286155859681 1.275970693949356
 3.095511530760314 1.267745627960664
 3.099787439921237 1.258659849417420
 3.102061834609990 1.248761204057310
 3.102285534139077 1.238151472661430
 3.100439444831533 1.226971547737537
 3.096517471371984 1.215317151328079
 3.090497536044851 1.203246478452322
 3.082352719550061 1.190860233867187
 3.072081407234689 1.178298622513743
 3.059701845371685 1.165662731017971
 3.045221165910508 1.153011610077056
 3.028634718447906 1.140438752164531
 3.009956633248961 1.128079205920096
 2.989225853870721 1.116032972541782
 2.966475750905500 1.104352433638988
 2.941721732248671 1.093118862769169
 2.914989851910622 1.082459712922708
 2.886334741886333 1.072470377865742
 2.855812522385431 1.063190992766497
 2.823456116220036 1.054686977624151
 2.789299085231189 1.047078500905679
 2.753406634585726 1.040455743621473
 2.715855253205643 1.034841478739951
 2.676693978019036 1.030281743223523
 2.635959230771178 1.026893171457552
 2.593721780633576 1.024763196194748
 2.550078905086788 1.023888905549393
 2.505096803423138 1.024290558655038
 2.458807662363168 1.026093042827608
 2.411281180548836 1.029389632435081
 2.362644603407358 1.034125788314834
 2.312988482629123 1.040277350374777
 2.262311309909354 1.048040668502319
 2.210666816170985 1.057543029265131
 2.158393322415870 1.068267786648684
 2.105168355567317 1.081113660711500
 2.051469914270780 1.095224284443635
 1.997146382737789 1.111163397725055
 1.942334369862166 1.128850728708835
 1.887194411691105 1.148130845208773
 1.831786699640773 1.169066172924919
 1.776164180595351 1.191752744344556
 1.720447954545016 1.216138716335802
 1.664766384982897 1.242133731545921
 1.609197086264671 1.269747215281645
 1.553812443141314 1.299013777411316
 1.498728175817604 1.329878235553145
 1.444065983079504 1.362249473517080
 1.389909322774284 1.396100815067798
 1.336334227975470 1.431430321103401
 1.283449944910203 1.468170708290881
 1.231371526387088 1.506219333839740
 1.180179666182265 1.545521803918950
 1.129943733062479 1.586050520493638
 1.080760511798300 1.627726830560765
 1.032733094643147 1.670436787133887
 0.9859308935082265 1.714106164786557
 0.9404071932637812 1.758690995820813
 0.8962392094371705 1.804105826891601
 0.8535124008572328 1.850229007951697
 0.8122784260572460 1.896973571508172
 0.7725677563639252 1.944287189934406
 0.7344332862549610 1.992082660874281
 0.6979403097760801 2.040234071547104
 0.6631204499836134 2.088646881962326
 0.6299786470755935 2.137266746395065
 0.5985422803887266 2.186009000953026
 0.5688578688067449 2.234745463072211
 0.5409386395145290 2.283377069137069
 0.5147640220190074 2.331852674180653
 0.4903367424904268 2.380093849143359
 0.4676886113459978 2.427970222869730
 0.4468183706149961 2.475379150482537
 0.4276800260747193 2.522278019909819
 0.4102521430800540 2.568598649822338
 0.3945578665960681 2.614205609685727
 0.3805868384288045 2.658990905717451
 0.3682643040989744 2.702928895431569
 0.3575420307812308 2.745968327046389
 0.3484458176582808 2.787958118530469
 0.3409654067807436 2.828777186049702
 0.3349795450975689 2.868441728431926
 0.3304004569709098 2.906935429204260
 0.3273070802016940 2.944032048211835
 0.3257131514425493 2.979570880446841
 0.3251359661722000 3.013998516927794
 0.3261974233845540 3.046412016997982
 0.3281614908885770 3.077592168225194
 0.3313800496661049 3.106947599492522
 0.3357065376354786 3.134492163638222
 0.3409458531736109 3.160329167300130
 0.3470739814538235 3.184359258759185
 0.3540846144789934 3.206430353584146
 0.3618547671972615 3.226521534221740
 0.3702416093705105 3.244666024953370
 0.3791854579901723 3.260811608251313
 0.3886396494408522 3.274863672109305
 0.3984845677412454 3.286799898688588
 0.4085828508301422 3.296648616849992
 0.4188562460493586 3.304392060853341
 0.4292414552992238 3.309974373817546
 0.4396200424852387 3.313385637508734
 0.4498558460295662 3.314664437326419
 0.4598623156416366 3.313824594012431
 0.4695719913309214 3.310844954911068
 0.4788721380116264 3.305733818688132
 0.4876311923543483 3.298545095988198
 0.4957632089809385 3.289321369134531
 0.5032067506685493 3.278072615774216
 0.5098611448893688 3.264825875487997
 0.5156041632762330 3.249649852415960
 0.5203573853795330 3.232610891606991
 0.5240732377701255 3.213744694859094
 0.5266684283892438 3.193093981041683
 0.5280330668167004 3.170738511643129
 0.5281000212531165 3.146762013372166
 0.5268406131902179 3.121219576814176
 0.5241921616102796 3.094165182376698
 0.5200573159910351 3.065685119989792
 0.5143807789051379 3.035874399232036
 0.5071558523821321 3.004801689214748
 0.4983423424468736 2.972528211929175
 0.4878529610747491 2.939143117015745
 0.4756422118032383 2.904747964310592
 0.4617286171241700 2.869420381647482
 0.4460968263226313 2.833225854733072
 0.4286640419305797 2.796254242916704
 0.4093899295487993 2.758610550475060
 0.3883256496845740 2.720377566234661
 0.3654867570597518 2.681622750031149
 0.3407811894464018 2.642436420040139
 0.3141630181933118 2.602925574240164
 0.2857430983144236 2.563173140822399
 0.2555876289084393 2.523245459805031
 0.2235258118324432 2.483239399901510
 0.1894742791467392 2.443265136739903
 0.1540496199255996 2.403357341895183
 0.1163122832291096 2.363686105520159
 7.724290396556799E-02 2.324237203079798
 3.627746118356467E-02 2.285161201389652
 -6.446223211343693E-03 2.246536271298693
 -5.071327297374462E-02 2.208423725008912
 -9.654765463764448E-02 2.170906902665824
 -0.1440060613345314 2.134079673859823
 -0.1929830456000943 2.098020992692859
 -0.2433361739248789 2.062796846534534
 -0.2950348016861181 2.028479164041927
 -0.3480727095335270 1.995147937182400
 -0.4023442480202474 1.962875791402128
 -0.4577096588180165 1.931722562846340
 -0.5141041107057318 1.901747190013255
 -0.5714879078351263 1.873014549925123
 -0.6297481580169941 1.845585610923415
 -0.6887384435829453 1.819508690267909
 -0.7483713112054307 1.794826473903155
 -0.8085881759017821 1.771585237925948
 -0.8692725297880011 1.749829473904781
 -0.9302741457524316 1.729591488856828
 -0.9914940367345606 1.710894282547293
 -1.052867483155886 1.693762017178463
 -1.114281872485072 1.678218836686072
 -1.175589123276433 1.664277925563259
 -1.236688090205150 1.651940537665701
 -1.297518220553893 1.641206898123109
 -1.357977547628147 1.632079213718825
 -1.417924380738310 1.624551074364818
 -1.477261034322726 1.618602596435941
 -1.535937973504043 1.614210885406748
 -1.593868187532398 1.611357320532218
 -1.650917407609181 1.610018097065422
 -1.706993228534293 1.610155138276709
 -1.762061642713619 1.611725057113039
 -1.816053365504023 1.614690999977298
 -1.868839586964353 1.619015329921166
 -1.920332043008722 1.624645635071425
 -1.970516827611656 1.631520777226807
 -2.019345611332527 1.639588102775504
 -2.066689535405593 1.648799940578050
 -2.112460253568704 1.659093323284074
 -2.156672936017264 1.670390690372494
 -2.199307313819013 1.682624645100418
 -2.240219646505313 1.695741989199746
 -2.279310201374530 1.709673297108670
 -2.316653633548607 1.724321660018612
 -2.352279700366456 1.739602903760925
 -2.385953003206136 1.755472270399095
 -2.417527499122056 1.771861303719356
 -2.447631299541992 1.788575264853020
 -2.475171485422167 1.805701263799043
 -2.501192254726762 1.822992271765880
 -2.525005524554551 1.840457341064457
 -2.546696572856210 1.857976471627952
 -2.566452416616028 1.875432353813371
 -2.584199022134727 1.892754514311213
 -2.599807834429894 1.909861448020101
 -2.613322230894938 1.926636187984202
 -2.624842399720636 1.942971651729582
 -2.634352960705741 1.958790043490783
 -2.641795309257024 1.974003645388309
 -2.647209925549814 1.988497708024274
 -2.650690024127854 2.002167436794567
 -2.652259345737928 2.014936180039200
 -2.651901165951873 2.026721191555303
 -2.649666113374442 2.037414943559378
 -2.645655684730748 2.046918809365755
 -2.639925124279600 2.055164744595011
 -2.632489843279068 2.062083750853758
 -2.623413396127451 2.067582346026702
 -2.612808252477185 2.071573548250661
 -2.600754262391046 2.074004217806452
 -2.587290785376302 2.074826137321894
 -2.572491574660692 2.073965641620811
 -2.556477243958456 2.071351229902217
 -2.539344459992152 2.066948160589020
 -2.521147928140382 2.060733084782038
 -2.501966290058662 2.052655228877152
 -2.481923566432260 2.042659305723033
 -2.461125832617605 2.030729040830384
 -2.439635137715282 2.016867143175188
 -2.417529570638391 2.001046319607529
 -2.394932535919587 1.983225407067083
 -2.371953962981195 1.963404021366294
 -2.348656670003299 1.941610696448251
 -2.325113773773162 1.917841234305024
 -2.301446124156440 1.892064616110066
 -2.277764422782487 1.864292220689119
 -2.254126636081473 1.834578902907531
 -2.230597151696404 1.802944111509550
 -2.207295188840598 1.769361071459152
 -2.184331851084777 1.733847354280312
 -2.161753255402214 1.696488660685268
 -2.139610046363387 1.657332191376111
 -2.118026472916767 1.616343377212531
 -2.097118162355524 1.573535941805083
 -2.076901505092934 1.529047352507565
 -2.057400853720684 1.482968109430254
 -2.038785498076910 1.435198731399191
 -2.021192537024246 1.385722107474772
 -2.004343702490271 1.335089555246498
 -1.988856072338208 1.282572444808659
 -1.974227010305212 1.229012918636163
 -1.960868921554224 1.173997803664597
 -1.948780593073510 1.117685542589858
 -1.937907684664849 1.060292879800138
 -1.928334354278418 1.001840729740906
 -1.920170241929882 0.9423269295152676
 -1.913431000145110 0.8818822763570575
 -1.908102558907776 0.8206631149886136
 -1.904231887950789 0.7587319487602810
 -1.901885152674841 0.6961341597710836
 -1.901072423837852 0.6329975558489832
 -1.901775641897520 0.5694730893292597
 -1.904013433480016 0.5056463749454562
 -1.907822135810596 0.4415842288217222
 -1.913198102927198 0.3774149026325339
 -1.920109969970034 0.3132893564281685
 -1.928550977387695 0.2493046699842047
 -1.938531908964261 0.1855347174323107
 -1.950033041586301 0.1221026433440166
 -1.963007240395579 5.915470172294075E-02
 -1.977424930242787 -3.211882239264386E-03
 -1.993274676419667 -6.492897864234996E-02
 -2.010521081922243 -0.1258869902055291
 -2.029101524133666 -0.1859510823884378
 -2.048966516262396 -0.2450330338424714
 -2.070085976917818 -0.3030802918112971
 -2.092410833883108 -0.3600034471554557
 -2.115864690514390 -0.4156829971822861
 -2.140381484306339 -0.4700442855263858
 -2.165916620579637 -0.5230558609883175
 -2.192410467921125 -0.5746516804208073
 -2.219775276415926 -0.6247273660067888
 -2.247931868048822 -0.6732219308603594
 -2.276825664732627 -0.7201276170676141
 -2.306390107994450 -0.7654028491660614
 -2.336528198310350 -0.8089548929485638
 -2.367150413623718 -0.8507335154111118
 -2.398196853686375 -0.8907572426830114
 -2.429597754412581 -0.9290105470468339
 -2.461247402001661 -0.9654056691076772
 -2.493047091997509 -0.9998975824333776
 -2.524937240116239 -1.032538205059075
 -2.556849344600244 -1.063343681945971
 -2.588665464163594 -1.092216129330723
 -2.620275608155274 -1.119103888941033
 -2.651633178646176 -1.144120068413313
 -2.682680157337365 -1.167332525443335
 -2.713260083407830 -1.188559777812740
 -2.743240650564606 -1.207709576727485
 -2.772767265714192 -1.225423252074774
   
   
 #BODY NUMBER  3
 2.772767259481855 1.225423256825612
 2.801368902420784 1.240710758129210
 2.829353739094593 1.254599901575241
 2.856385567593038 1.266490263737052
 2.882403103784803 1.276515697516002
 2.907398263028774 1.284896819188430
 2.931272996799366 1.291604750342150
 2.953892442118244 1.296568911645448
 2.975176991326104 1.299885352497961
 2.995084002373486 1.301694379651424
 3.013538412049388 1.302021571340821
 3.030434952144655 1.300860033437572
 3.045694486851709 1.298302197498731
 3.059272868650383 1.294481186986587
 3.071115585626954 1.289455887818769
 3.081142615251893 1.283253189315854
 3.089286150033191 1.275970701026458
 3.095511525114928 1.267745635034344
 3.099787434462233 1.258659856459572
 3.102061829340178 1.248761211039612
 3.102285529058615 1.238151479555878
 3.100439439937189 1.226971554516207
 3.096517466657114 1.215317157963186
 3.090497531500084 1.203246484917120
 3.082352715163494 1.190860240136735
 3.072081402991436 1.178298628564817
 3.059701841253843 1.165662736828915
 3.045221161897921 1.153011615628468
 3.028634714518724 1.140438757440120
 3.009956629379488 1.128079210906654
 2.989225850035390 1.116032977228737
 2.966475747077643 1.104352438018727
 2.941721728401339 1.093118866837851
 2.914989848016661 1.082459716680248
 2.886334737918297 1.072470381315027
 2.855812518316208 1.063190995913256
 2.823456112023771 1.054686980477656
 2.789299080883518 1.047078503478818
 2.753406630063512 1.040455745929675
 2.715855248487313 1.034841480800541
 2.676693973085505 1.030281745056360
 2.635959225606189 1.026893173085359
 2.593721775223213 1.024763197641847
 2.550078899419375 1.023888906840450
 2.505096797490113 1.024290559815696
 2.458807656159649 1.026093043885442
 2.411281174072839 1.029389633418246
 2.362644596658990 1.034125789249768
 2.312988475611534 1.040277351286881
 2.262311302630240 1.048040669418772
 2.210666808641019 1.057543030213256
 2.158393314643089 1.068267787646863
 2.105168347571797 1.081113661788271
 2.051469906065686 1.095224285613787
 1.997146374343610 1.111163399008965
 1.942334361300967 1.128850730123498
 1.887194402985188 1.148130846766135
 1.831786690814077 1.169066174634835
 1.776164171673780 1.191752746215884
 1.720447945555192 1.216138718374440
 1.664766375951414 1.242133733753586
 1.609197077218464 1.269747217657081
 1.553812434107769 1.299013779951432
 1.498728166823755 1.329878238252249
 1.444065974151369 1.362249476365837
 1.389909313936965 1.396100818053818
 1.336334219253201 1.431430324212406
 1.283449936325766 1.468170711506590
 1.231371517961200 1.506219337143035
 1.180179657933552 1.545521807288132
 1.129943725007537 1.586050523905584
 1.080760503951267 1.627726833991302
 1.032733087015186 1.670436790557216
 0.9859308861074767 1.714106168175295
 0.9404071860954988 1.758690999147109
 0.8962392025035181 1.804105830127906
 0.8535123941569309 1.850229011070456
 0.8122784195856182 1.896973574481677
 0.7725677501132174 1.944287192735777
 0.7344332802143964 1.992082663478486
 0.6979403039317389 2.040234073930855
 0.6631204443186434 2.088646884103684
 0.6299786415707032 2.137266748274102
 0.5985422750224989 2.186009002552943
 0.5688578635557066 2.234745464379356
 0.5409386343534673 2.283377070140221
 0.5147640169215778 2.331852674871215
 0.4903367374296022 2.380093849516435
 0.4676886062942354 2.427970222924298
 0.4468183655445438 2.475379150220392
 0.4276800209582317 2.522278019335177
 0.4102521378910733 2.568598648942856
 0.3945578613091526 2.614205608512956
 0.3805868330197434 2.658990904265494
 0.3682642985453225 2.702928893715953
 0.3575420250627523 2.745968325085037
 0.3484458117569578 2.787958116344821
 0.3409654006807836 2.828777183663150
 0.3349795387858442 2.868441725867418
 0.3304004504374469 2.906935426485371
 0.3273070734395709 2.944032045365951
 0.3257131444473453 2.979570877502960
 0.3251359589416845 3.013998513905851
 0.3261974159218458 3.046412013932734
 0.3281614831976812 3.077592165136027
 0.3313800417545785 3.106947596407330
 0.3357065295139318 3.134492160582754
 0.3409458448553860 3.160329164295884
 0.3470739729547232 3.184359255826668
 0.3540846058170232 3.206430350743978
 0.3618547583925281 3.226521531492340
 0.3702416004451838 3.244666022349523
 0.3791854489682104 3.260811605785397
 0.3886396403475157 3.274863669792337
 0.3984845586027920 3.286799896529155
 0.4085828416737732 3.296648614853019
 0.4188562369030062 3.304392059020650
 0.4292414461910153 3.309974372148889
 0.4396200334430440 3.313385636001398
 0.4498558370808864 3.314664435974211
 0.4598623068134518 3.313824592805870
 0.4695719826491639 3.310844953838428
 0.4788721295006280 3.305733817735547
 0.4876311840366762 3.298545095138906
 0.4957632008773324 3.289321368368888
 0.5032067427974870 3.278072615070732
 0.5098611372664978 3.264825874823893
 0.5156041559142217 3.249649851766732
 0.5203573782881866 3.232610890946307
 0.5240732309561683 3.213744694159799
 0.5266684218558584 3.193093980276707
 0.5280330605634779 3.170738510785347
 0.5281000152764296 3.146762012394149
 0.5268406074833243 3.121219575689024
 0.5241921561630315 3.094165181079152
 0.5200573107899300 3.065685118496292
 0.5143807739339512 3.035874397520259
 0.5071558476223469 3.004801687264077
 0.4983423378775332 2.972528209721855
 0.4878529566725102 2.939143114537122
 0.4756422075431701 2.904747961548340
 0.4617286129804822 2.869420378591583
 0.4460968222685820 2.833225851376928
 0.4286640379383626 2.796254239257595
 0.4093899255903937 2.758610546513097
 0.3883256457327792 2.720377561972067
 0.3654867530880802 2.681622745473327
 0.3407811854285308 2.642436415196650
 0.3141630141038683 2.602925569123368
 0.2857430941305639 2.563173135445608
 0.2555876246097395 2.523245454183673
 0.2235258073992151 2.483239394055839
 0.1894742745606554 2.443265130692823
 0.1540496151747603 2.403357335662845
 0.1163122782988386 2.363686099134220
 7.724289884963997E-02 2.324237196559054
 3.627745587457687E-02 2.285161194762034
 -6.446228717077340E-03 2.246536264591808
 -5.071327867541719E-02 2.208423718248048
 -9.654766053182384E-02 2.170906895876640
 -0.1440060674159344 2.134079667069180
 -0.1929830518605180 2.098020985926762
 -0.2433361803525154 2.062796839816873
 -0.2950348082664095 2.028479157395399
 -0.3480727162501045 1.995147930629178
 -0.4023442548546643 1.962875784962778
 -0.4577096657491793 1.931722556538727
 -0.5141041177103602 1.901747183852921
 -0.5714879148887383 1.873014543925919
 -0.6297481650940979 1.845585605096928
 -0.6887384506566261 1.819508684622523
 -0.7483713182475838 1.794826468444151
 -0.8085881828840855 1.771585232656137
 -0.8692725366824503 1.749829468824320
 -0.9302741525311020 1.729591483962484
 -0.9914940433696682 1.710894277832424
 -1.052867489620684 1.693762012633697
 -1.114281878754621 1.678218832299506
 -1.175589129327509 1.664277921320007
 -1.236688096016095 1.651940533547859
 -1.297518226105306 1.641206894110523
 -1.357977552903738 1.632079209789645
 -1.417924385724869 1.624551070495345
 -1.477261039009681 1.618602592600611
 -1.535937977883782 1.614210881578891
 -1.593868191601081 1.611357316684888
 -1.650917411366721 1.610018093171462
 -1.706993231983580 1.610155134308675
 -1.762061645860379 1.611725053043817
 -1.816053368357529 1.614690995781033
 -1.868839589537491 1.619015325573496
 -1.920332045316924 1.624645630549212
 -1.970516829672246 1.631520772508478
 -2.019345613165364 1.639588097841974
 -2.066689537033401 1.648799935413062
 -2.112460255015803 1.659093317873711
 -2.156672937308323 1.670390684705083
 -2.199307314979672 1.682624639167395
 -2.240219647563149 1.695741982996227
 -2.279310202357695 1.709673290632673
 -2.316653634483541 1.724321653270244
 -2.352279701278559 1.739602896743336
 -2.385953004122589 1.755472263119983
 -2.417527500070182 1.771861296189391
 -2.447631300540170 1.788575257080239
 -2.475171486498938 1.805701255803524
 -2.501192255896912 1.822992263560786
 -2.525005525838460 1.840457332670278
 -2.546696574270872 1.857976463066753
 -2.566452418173387 1.875432345107454
 -2.584199023844643 1.892754505484517
 -2.599807836301221 1.909861439098530
 -2.613322232933575 1.926636178994380
 -2.624842401928302 1.942971642698099
 -2.634352963081177 1.958790034444577
 -2.641795311797139 1.974003636354765
 -2.647209928248917 1.988497699030424
 -2.650690026976610 2.002167427866433
 -2.652259348723947 2.014936171201881
 -2.651901169060878 2.026721182833035
 -2.649666116590148 2.037414934974939
 -2.645655688034041 2.046918800939867
 -2.639925127648781 2.055164736346298
 -2.632489846691014 2.062083742798816
 -2.623413399557987 2.067582338179669
 -2.612808255900513 2.071573540622699
 -2.600754265779782 2.074004210405701
 -2.587290788702597 2.074826130153612
 -2.572491577896996 2.073965634687158
 -2.556477247077214 2.071351223201914
 -2.539344462965656 2.066948154117392
 -2.521147930941753 2.060733078531331
 -2.501966292662866 2.052655222836586
 -2.481923568816010 2.042659299878692
 -2.461125834758961 2.030729035165413
 -2.439635139594319 2.016867137670297
 -2.417529572238307 2.001046314241301
 -2.394932537226731 1.983225401816044
 -2.371953963984346 1.963404016205232
 -2.348656670693861 1.941610691350821
 -2.325113774146238 1.917841229244200
 -2.301446124211008 1.892064611058304
 -2.277764422520342 1.864292215618666
 -2.254126635506831 1.834578897791042
 -2.230597150816923 1.802944106320568
 -2.207295187667826 1.769361066172236
 -2.184331849632819 1.733847348871251
 -2.161753253686596 1.696488655131616
 -2.139610044402033 1.657332185657632
 -2.118026470731118 1.616343371311208
 -2.097118159968971 1.573535935705123
 -2.076901502528426 1.529047346195840
 -2.057400851001795 1.482968102896792
 -2.038785495231025 1.435198724637067
 -2.021192534080364 1.385722100479567
 -2.004343699468328 1.335089548015982
 -1.988856069272959 1.282572437345950
 -1.974227007216046 1.229012910945267
 -1.960868918469033 1.173997795753070
 -1.948780590018044 1.117685534468311
 -1.937907681660605 1.060292871481913
 -1.928334351345901 1.001840721241804
 -1.920170239089714 0.9423269208532964
 -1.913430997415710 0.8818822675523230
 -1.908102556303929 0.8206631060632864
 -1.904231885484873 0.7587319397383179
 -1.901885150357874 0.6961341506777462
 -1.901072421678419 0.6329975467105294
 -1.901775639900549 0.5694730801728899
 -1.904013431647326 0.5056463657991035
 -1.907822134141939 0.4415842197135131
 -1.913198101419864 0.3774148935903386
 -1.920109968617826 0.3132893474794882
 -1.928550976181136 0.2493046611560193
 -1.938531907891623 0.1855347087505528
 -1.950033040633717 0.1221026348330179
 -1.963007239546288 5.915469340526815E-02
 -1.977424929477145 -3.211890342870410E-03
 -1.993274675716182 -6.492898651341242E-02
 -2.010521081258139 -0.1258869978284005
 -2.029101523484440 -0.1859510897504492
 -2.048966515601713 -0.2450330409338179
 -2.070085976218523 -0.3030802986252543
 -2.092410833118135 -0.3600034536888410
 -2.115864689656608 -0.4156830034355093
 -2.140381483328324 -0.4700442915030724
 -2.165916619454485 -0.5230558666952109
 -2.192410466623580 -0.5746516858680555
 -2.219775274922428 -0.6247273712078941
 -2.247931866337047 -0.6732219358315461
 -2.276825662781957 -0.7201276218273988
 -2.306390105787131 -0.7654028537354023
 -2.336528195831727 -0.8089548973508027
 -2.367150410861468 -0.8507335196711797
 -2.398196850630477 -0.8907572468266991
 -2.429597751056438 -0.9290105511008825
 -2.461247398342553 -0.9654056730998948
 -2.493047088035546 -0.9998975863917833
 -2.524937235853646 -1.032538209010871
 -2.556849340042424 -1.063343685917643
 -2.588665459320106 -1.092216133348595
 -2.620275603038479 -1.119103893030477
 -2.651633173269385 -1.144120072597173
 -2.682680151716006 -1.167332529742035
 -2.713260077562160 -1.188559782245968
 -2.743240644517528 -1.207709581313569
 -2.772767259481855 -1.225423256825612
 -2.801368902420784 -1.240710758129210
 -2.829353739094593 -1.254599901575241
 -2.856385567593038 -1.266490263737052
 -2.882403103784803 -1.276515697516002
 -2.907398263028774 -1.284896819188430
 -2.931272996799366 -1.291604750342150
 -2.953892442118244 -1.296568911645448
 -2.975176991326104 -1.299885352497961
 -2.995084002373486 -1.301694379651424
 -3.013538412049388 -1.302021571340821
 -3.030434952144655 -1.300860033437572
 -3.045694486851709 -1.298302197498731
 -3.059272868650383 -1.294481186986587
 -3.071115585626954 -1.289455887818769
 -3.081142615251893 -1.283253189315854
 -3.089286150033191 -1.275970701026458
 -3.095511525114928 -1.267745635034344
 -3.099787434462233 -1.258659856459572
 -3.102061829340178 -1.248761211039612
 -3.102285529058615 -1.238151479555878
 -3.100439439937189 -1.226971554516207
 -3.096517466657114 -1.215317157963186
 -3.090497531500084 -1.203246484917120
 -3.082352715163494 -1.190860240136735
 -3.072081402991436 -1.178298628564817
 -3.059701841253843 -1.165662736828915
 -3.045221161897921 -1.153011615628468
 -3.028634714518724 -1.140438757440120
 -3.009956629379488 -1.128079210906654
 -2.989225850035390 -1.116032977228737
 -2.966475747077643 -1.104352438018727
 -2.941721728401339 -1.093118866837851
 -2.914989848016661 -1.082459716680248
 -2.886334737918297 -1.072470381315027
 -2.855812518316208 -1.063190995913256
 -2.823456112023771 -1.054686980477656
 -2.789299080883518 -1.047078503478818
 -2.753406630063512 -1.040455745929675
 -2.715855248487313 -1.034841480800541
 -2.676693973085505 -1.030281745056360
 -2.635959225606189 -1.026893173085359
 -2.593721775223213 -1.024763197641847
 -2.550078899419375 -1.023888906840450
 -2.505096797490113 -1.024290559815696
 -2.458807656159649 -1.026093043885442
 -2.411281174072839 -1.029389633418246
 -2.362644596658990 -1.034125789249768
 -2.312988475611534 -1.040277351286881
 -2.262311302630240 -1.048040669418772
 -2.210666808641019 -1.057543030213256
 -2.158393314643089 -1.068267787646863
 -2.105168347571797 -1.081113661788271
 -2.051469906065686 -1.095224285613787
 -1.997146374343610 -1.111163399008965
 -1.942334361300967 -1.128850730123498
 -1.887194402985188 -1.148130846766135
 -1.831786690814077 -1.169066174634835
 -1.776164171673780 -1.191752746215884
 -1.720447945555192 -1.216138718374440
 -1.664766375951414 -1.242133733753586
 -1.609197077218464 -1.269747217657081
 -1.553812434107769 -1.299013779951432
 -1.498728166823755 -1.329878238252249
 -1.444065974151369 -1.362249476365837
 -1.389909313936965 -1.396100818053818
 -1.336334219253201 -1.431430324212406
 -1.283449936325766 -1.468170711506590
 -1.231371517961200 -1.506219337143035
 -1.180179657933552 -1.545521807288132
 -1.129943725007537 -1.586050523905584
 -1.080760503951267 -1.627726833991302
 -1.032733087015186 -1.670436790557216
 -0.9859308861074767 -1.714106168175295
 -0.9404071860954988 -1.758690999147109
 -0.8962392025035181 -1.804105830127906
 -0.8535123941569309 -1.850229011070456
 -0.8122784195856182 -1.896973574481677
 -0.7725677501132174 -1.944287192735777
 -0.7344332802143964 -1.992082663478486
 -0.6979403039317389 -2.040234073930855
 -0.6631204443186434 -2.088646884103684
 -0.6299786415707032 -2.137266748274102
 -0.5985422750224989 -2.186009002552943
 -0.5688578635557066 -2.234745464379356
 -0.5409386343534673 -2.283377070140221
 -0.5147640169215778 -2.331852674871215
 -0.4903367374296022 -2.380093849516435
 -0.4676886062942354 -2.427970222924298
 -0.4468183655445438 -2.475379150220392
 -0.4276800209582317 -2.522278019335177
 -0.4102521378910733 -2.568598648942856
 -0.3945578613091526 -2.614205608512956
 -0.3805868330197434 -2.658990904265494
 -0.3682642985453225 -2.702928893715953
 -0.3575420250627523 -2.745968325085037
 -0.3484458117569578 -2.787958116344821
 -0.3409654006807836 -2.828777183663150
 -0.3349795387858442 -2.868441725867418
 -0.3304004504374469 -2.906935426485371
 -0.3273070734395709 -2.944032045365951
 -0.3257131444473453 -2.979570877502960
 -0.3251359589416845 -3.013998513905851
 -0.3261974159218458 -3.046412013932734
 -0.3281614831976812 -3.077592165136027
 -0.3313800417545785 -3.106947596407330
 -0.3357065295139318 -3.134492160582754
 -0.3409458448553860 -3.160329164295884
 -0.3470739729547232 -3.184359255826668
 -0.3540846058170232 -3.206430350743978
 -0.3618547583925281 -3.226521531492340
 -0.3702416004451838 -3.244666022349523
 -0.3791854489682104 -3.260811605785397
 -0.3886396403475157 -3.274863669792337
 -0.3984845586027920 -3.286799896529155
 -0.4085828416737732 -3.296648614853019
 -0.4188562369030062 -3.304392059020650
 -0.4292414461910153 -3.309974372148889
 -0.4396200334430440 -3.313385636001398
 -0.4498558370808864 -3.314664435974211
 -0.4598623068134518 -3.313824592805870
 -0.4695719826491639 -3.310844953838428
 -0.4788721295006280 -3.305733817735547
 -0.4876311840366762 -3.298545095138906
 -0.4957632008773324 -3.289321368368888
 -0.5032067427974870 -3.278072615070732
 -0.5098611372664978 -3.264825874823893
 -0.5156041559142217 -3.249649851766732
 -0.5203573782881866 -3.232610890946307
 -0.5240732309561683 -3.213744694159799
 -0.5266684218558584 -3.193093980276707
 -0.5280330605634779 -3.170738510785347
 -0.5281000152764296 -3.146762012394149
 -0.5268406074833243 -3.121219575689024
 -0.5241921561630315 -3.094165181079152
 -0.5200573107899300 -3.065685118496292
 -0.5143807739339512 -3.035874397520259
 -0.5071558476223469 -3.004801687264077
 -0.4983423378775332 -2.972528209721855
 -0.4878529566725102 -2.939143114537122
 -0.4756422075431701 -2.904747961548340
 -0.4617286129804822 -2.869420378591583
 -0.4460968222685820 -2.833225851376928
 -0.4286640379383626 -2.796254239257595
 -0.4093899255903937 -2.758610546513097
 -0.3883256457327792 -2.720377561972067
 -0.3654867530880802 -2.681622745473327
 -0.3407811854285308 -2.642436415196650
 -0.3141630141038683 -2.602925569123368
 -0.2857430941305639 -2.563173135445608
 -0.2555876246097395 -2.523245454183673
 -0.2235258073992151 -2.483239394055839
 -0.1894742745606554 -2.443265130692823
 -0.1540496151747603 -2.403357335662845
 -0.1163122782988386 -2.363686099134220
 -7.724289884963997E-02 -2.324237196559054
 -3.627745587457687E-02 -2.285161194762034
 6.446228717077340E-03 -2.246536264591808
 5.071327867541719E-02 -2.208423718248048
 9.654766053182384E-02 -2.170906895876640
 0.1440060674159344 -2.134079667069180
 0.1929830518605180 -2.098020985926762
 0.2433361803525154 -2.062796839816873
 0.2950348082664095 -2.028479157395399
 0.3480727162501045 -1.995147930629178
 0.4023442548546643 -1.962875784962778
 0.4577096657491793 -1.931722556538727
 0.5141041177103602 -1.901747183852921
 0.5714879148887383 -1.873014543925919
 0.6297481650940979 -1.845585605096928
 0.6887384506566261 -1.819508684622523
 0.7483713182475838 -1.794826468444151
 0.8085881828840855 -1.771585232656137
 0.8692725366824503 -1.749829468824320
 0.9302741525311020 -1.729591483962484
 0.9914940433696682 -1.710894277832424
 1.052867489620684 -1.693762012633697
 1.114281878754621 -1.678218832299506
 1.175589129327509 -1.664277921320007
 1.236688096016095 -1.651940533547859
 1.297518226105306 -1.641206894110523
 1.357977552903738 -1.632079209789645
 1.417924385724869 -1.624551070495345
 1.477261039009681 -1.618602592600611
 1.535937977883782 -1.614210881578891
 1.593868191601081 -1.611357316684888
 1.650917411366721 -1.610018093171462
 1.706993231983580 -1.610155134308675
 1.762061645860379 -1.611725053043817
 1.816053368357529 -1.614690995781033
 1.868839589537491 -1.619015325573496
 1.920332045316924 -1.624645630549212
 1.970516829672246 -1.631520772508478
 2.019345613165364 -1.639588097841974
 2.066689537033401 -1.648799935413062
 2.112460255015803 -1.659093317873711
 2.156672937308323 -1.670390684705083
 2.199307314979672 -1.682624639167395
 2.240219647563149 -1.695741982996227
 2.279310202357695 -1.709673290632673
 2.316653634483541 -1.724321653270244
 2.352279701278559 -1.739602896743336
 2.385953004122589 -1.755472263119983
 2.417527500070182 -1.771861296189391
 2.447631300540170 -1.788575257080239
 2.475171486498938 -1.805701255803524
 2.501192255896912 -1.822992263560786
 2.525005525838460 -1.840457332670278
 2.546696574270872 -1.857976463066753
 2.566452418173387 -1.875432345107454
 2.584199023844643 -1.892754505484517
 2.599807836301221 -1.909861439098530
 2.613322232933575 -1.926636178994380
 2.624842401928302 -1.942971642698099
 2.634352963081177 -1.958790034444577
 2.641795311797139 -1.974003636354765
 2.647209928248917 -1.988497699030424
 2.650690026976610 -2.002167427866433
 2.652259348723947 -2.014936171201881
 2.651901169060878 -2.026721182833035
 2.649666116590148 -2.037414934974939
 2.645655688034041 -2.046918800939867
 2.639925127648781 -2.055164736346298
 2.632489846691014 -2.062083742798816
 2.623413399557987 -2.067582338179669
 2.612808255900513 -2.071573540622699
 2.600754265779782 -2.074004210405701
 2.587290788702597 -2.074826130153612
 2.572491577896996 -2.073965634687158
 2.556477247077214 -2.071351223201914
 2.539344462965656 -2.066948154117392
 2.521147930941753 -2.060733078531331
 2.501966292662866 -2.052655222836586
 2.481923568816010 -2.042659299878692
 2.461125834758961 -2.030729035165413
 2.439635139594319 -2.016867137670297
 2.417529572238307 -2.001046314241301
 2.394932537226731 -1.983225401816044
 2.371953963984346 -1.963404016205232
 2.348656670693861 -1.941610691350821
 2.325113774146238 -1.917841229244200
 2.301446124211008 -1.892064611058304
 2.277764422520342 -1.864292215618666
 2.254126635506831 -1.834578897791042
 2.230597150816923 -1.802944106320568
 2.207295187667826 -1.769361066172236
 2.184331849632819 -1.733847348871251
 2.161753253686596 -1.696488655131616
 2.139610044402033 -1.657332185657632
 2.118026470731118 -1.616343371311208
 2.097118159968971 -1.573535935705123
 2.076901502528426 -1.529047346195840
 2.057400851001795 -1.482968102896792
 2.038785495231025 -1.435198724637067
 2.021192534080364 -1.385722100479567
 2.004343699468328 -1.335089548015982
 1.988856069272959 -1.282572437345950
 1.974227007216046 -1.229012910945267
 1.960868918469033 -1.173997795753070
 1.948780590018044 -1.117685534468311
 1.937907681660605 -1.060292871481913
 1.928334351345901 -1.001840721241804
 1.920170239089714 -0.9423269208532964
 1.913430997415710 -0.8818822675523230
 1.908102556303929 -0.8206631060632864
 1.904231885484873 -0.7587319397383179
 1.901885150357874 -0.6961341506777462
 1.901072421678419 -0.6329975467105294
 1.901775639900549 -0.5694730801728899
 1.904013431647326 -0.5056463657991035
 1.907822134141939 -0.4415842197135131
 1.913198101419864 -0.3774148935903386
 1.920109968617826 -0.3132893474794882
 1.928550976181136 -0.2493046611560193
 1.938531907891623 -0.1855347087505528
 1.950033040633717 -0.1221026348330179
 1.963007239546288 -5.915469340526815E-02
 1.977424929477145 3.211890342870410E-03
 1.993274675716182 6.492898651341242E-02
 2.010521081258139 0.1258869978284005
 2.029101523484440 0.1859510897504492
 2.048966515601713 0.2450330409338179
 2.070085976218523 0.3030802986252543
 2.092410833118135 0.3600034536888410
 2.115864689656608 0.4156830034355093
 2.140381483328324 0.4700442915030724
 2.165916619454485 0.5230558666952109
 2.192410466623580 0.5746516858680555
 2.219775274922428 0.6247273712078941
 2.247931866337047 0.6732219358315461
 2.276825662781957 0.7201276218273988
 2.306390105787131 0.7654028537354023
 2.336528195831727 0.8089548973508027
 2.367150410861468 0.8507335196711797
 2.398196850630477 0.8907572468266991
 2.429597751056438 0.9290105511008825
 2.461247398342553 0.9654056730998948
 2.493047088035546 0.9998975863917833
 2.524937235853646 1.032538209010871
 2.556849340042424 1.063343685917643
 2.588665459320106 1.092216133348595
 2.620275603038479 1.119103893030477
 2.651633173269385 1.144120072597173
 2.682680151716006 1.167332529742035
 2.713260077562160 1.188559782245968
 2.743240644517528 1.207709581313569
 2.772767259481855 1.225423256825612
   
   
 #BODY NUMBER  4
 -2.403357335662845 0.1540496151747603
 -2.363686099134220 0.1163122782988386
 -2.324237196559054 7.724289884963997E-02
 -2.285161194762034 3.627745587457687E-02
 -2.246536264591808 -6.446228717077340E-03
 -2.208423718248048 -5.071327867541719E-02
 -2.170906895876640 -9.654766053182384E-02
 -2.134079667069180 -0.1440060674159344
 -2.098020985926762 -0.1929830518605180
 -2.062796839816873 -0.2433361803525154
 -2.028479157395399 -0.2950348082664095
 -1.995147930629178 -0.3480727162501045
 -1.962875784962778 -0.4023442548546643
 -1.931722556538727 -0.4577096657491793
 -1.901747183852921 -0.5141041177103602
 -1.873014543925919 -0.5714879148887383
 -1.845585605096928 -0.6297481650940979
 -1.819508684622523 -0.6887384506566261
 -1.794826468444151 -0.7483713182475838
 -1.771585232656137 -0.8085881828840855
 -1.749829468824320 -0.8692725366824503
 -1.729591483962484 -0.9302741525311020
 -1.710894277832424 -0.9914940433696682
 -1.693762012633697 -1.052867489620684
 -1.678218832299506 -1.114281878754621
 -1.664277921320007 -1.175589129327509
 -1.651940533547859 -1.236688096016095
 -1.641206894110523 -1.297518226105306
 -1.632079209789645 -1.357977552903738
 -1.624551070495345 -1.417924385724869
 -1.618602592600611 -1.477261039009681
 -1.614210881578891 -1.535937977883782
 -1.611357316684888 -1.593868191601081
 -1.610018093171462 -1.650917411366721
 -1.610155134308675 -1.706993231983580
 -1.611725053043817 -1.762061645860379
 -1.614690995781033 -1.816053368357529
 -1.619015325573496 -1.868839589537491
 -1.624645630549212 -1.920332045316924
 -1.631520772508478 -1.970516829672246
 -1.639588097841974 -2.019345613165364
 -1.648799935413062 -2.066689537033401
 -1.659093317873711 -2.112460255015803
 -1.670390684705083 -2.156672937308323
 -1.682624639167395 -2.199307314979672
 -1.695741982996227 -2.240219647563149
 -1.709673290632673 -2.279310202357695
 -1.724321653270244 -2.316653634483541
 -1.739602896743336 -2.352279701278559
 -1.755472263119983 -2.385953004122589
 -1.771861296189391 -2.417527500070182
 -1.788575257080239 -2.447631300540170
 -1.805701255803524 -2.475171486498938
 -1.822992263560786 -2.501192255896912
 -1.840457332670278 -2.525005525838460
 -1.857976463066753 -2.546696574270872
 -1.875432345107454 -2.566452418173387
 -1.892754505484517 -2.584199023844643
 -1.909861439098530 -2.599807836301221
 -1.926636178994380 -2.613322232933575
 -1.942971642698099 -2.624842401928302
 -1.958790034444577 -2.634352963081177
 -1.974003636354765 -2.641795311797139
 -1.988497699030424 -2.647209928248917
 -2.002167427866433 -2.650690026976610
 -2.014936171201881 -2.652259348723947
 -2.026721182833035 -2.651901169060878
 -2.037414934974939 -2.649666116590148
 -2.046918800939867 -2.645655688034041
 -2.055164736346298 -2.639925127648781
 -2.062083742798816 -2.632489846691014
 -2.067582338179669 -2.623413399557987
 -2.071573540622699 -2.612808255900513
 -2.074004210405701 -2.600754265779782
 -2.074826130153612 -2.587290788702597
 -2.073965634687158 -2.572491577896996
 -2.071351223201914 -2.556477247077214
 -2.066948154117392 -2.539344462965656
 -2.060733078531331 -2.521147930941753
 -2.052655222836586 -2.501966292662866
 -2.042659299878692 -2.481923568816010
 -2.030729035165413 -2.461125834758961
 -2.016867137670297 -2.439635139594319
 -2.001046314241301 -2.417529572238307
 -1.983225401816044 -2.394932537226731
 -1.963404016205232 -2.371953963984346
 -1.941610691350821 -2.348656670693861
 -1.917841229244200 -2.325113774146238
 -1.892064611058304 -2.301446124211008
 -1.864292215618666 -2.277764422520342
 -1.834578897791042 -2.254126635506831
 -1.802944106320568 -2.230597150816923
 -1.769361066172236 -2.207295187667826
 -1.733847348871251 -2.184331849632819
 -1.696488655131616 -2.161753253686596
 -1.657332185657632 -2.139610044402033
 -1.616343371311208 -2.118026470731118
 -1.573535935705123 -2.097118159968971
 -1.529047346195840 -2.076901502528426
 -1.482968102896792 -2.057400851001795
 -1.435198724637067 -2.038785495231025
 -1.385722100479567 -2.021192534080364
 -1.335089548015982 -2.004343699468328
 -1.282572437345950 -1.988856069272959
 -1.229012910945267 -1.974227007216046
 -1.173997795753070 -1.960868918469033
 -1.117685534468311 -1.948780590018044
 -1.060292871481913 -1.937907681660605
 -1.001840721241804 -1.928334351345901
 -0.9423269208532964 -1.920170239089714
 -0.8818822675523230 -1.913430997415710
 -0.8206631060632864 -1.908102556303929
 -0.7587319397383179 -1.904231885484873
 -0.6961341506777462 -1.901885150357874
 -0.6329975467105294 -1.901072421678419
 -0.5694730801728899 -1.901775639900549
 -0.5056463657991035 -1.904013431647326
 -0.4415842197135131 -1.907822134141939
 -0.3774148935903386 -1.913198101419864
 -0.3132893474794882 -1.920109968617826
 -0.2493046611560193 -1.928550976181136
 -0.1855347087505528 -1.938531907891623
 -0.1221026348330179 -1.950033040633717
 -5.915469340526815E-02 -1.963007239546288
 3.211890342870410E-03 -1.977424929477145
 6.492898651341242E-02 -1.993274675716182
 0.1258869978284005 -2.010521081258139
 0.1859510897504492 -2.029101523484440
 0.2450330409338179 -2.048966515601713
 0.3030802986252543 -2.070085976218523
 0.3600034536888410 -2.092410833118135
 0.4156830034355093 -2.115864689656608
 0.4700442915030724 -2.140381483328324
 0.5230558666952109 -2.165916619454485
 0.5746516858680555 -2.192410466623580
 0.6247273712078941 -2.219775274922428
 0.6732219358315461 -2.247931866337047
 0.7201276218273988 -2.276825662781957
 0.7654028537354023 -2.306390105787131
 0.8089548973508027 -2.336528195831727
 0.8507335196711797 -2.367150410861468
 0.8907572468266991 -2.398196850630477
 0.9290105511008825 -2.429597751056438
 0.9654056730998948 -2.461247398342553
 0.9998975863917833 -2.493047088035546
 1.032538209010871 -2.524937235853646
 1.063343685917643 -2.556849340042424
 1.092216133348595 -2.588665459320106
 1.119103893030477 -2.620275603038479
 1.144120072597173 -2.651633173269385
 1.167332529742035 -2.682680151716006
 1.188559782245968 -2.713260077562160
 1.207709581313569 -2.743240644517528
 1.225423256825612 -2.772767259481855
 1.240710758129210 -2.801368902420784
 1.254599901575241 -2.829353739094593
 1.266490263737052 -2.856385567593038
 1.276515697516002 -2.882403103784803
 1.284896819188430 -2.907398263028774
 1.291604750342150 -2.931272996799366
 1.296568911645448 -2.953892442118244
 1.299885352497961 -2.975176991326104
 1.301694379651424 -2.995084002373486
 1.302021571340821 -3.013538412049388
 1.300860033437572 -3.030434952144655
 1.298302197498731 -3.045694486851709
 1.294481186986587 -3.059272868650383
 1.289455887818769 -3.071115585626954
 1.283253189315854 -3.081142615251893
 1.275970701026458 -3.089286150033191
 1.267745635034344 -3.095511525114928
 1.258659856459572 -3.099787434462233
 1.248761211039612 -3.102061829340178
 1.238151479555878 -3.102285529058615
 1.226971554516207 -3.100439439937189
 1.215317157963186 -3.096517466657114
 1.203246484917120 -3.090497531500084
 1.190860240136735 -3.082352715163494
 1.178298628564817 -3.072081402991436
 1.165662736828915 -3.059701841253843
 1.153011615628468 -3.045221161897921
 1.140438757440120 -3.028634714518724
 1.128079210906654 -3.009956629379488
 1.116032977228737 -2.989225850035390
 1.104352438018727 -2.966475747077643
 1.093118866837851 -2.941721728401339
 1.082459716680248 -2.914989848016661
 1.072470381315027 -2.886334737918297
 1.063190995913256 -2.855812518316208
 1.054686980477656 -2.823456112023771
 1.047078503478818 -2.789299080883518
 1.040455745929675 -2.753406630063512
 1.034841480800541 -2.715855248487313
 1.030281745056360 -2.676693973085505
 1.026893173085359 -2.635959225606189
 1.024763197641847 -2.593721775223213
 1.023888906840450 -2.550078899419375
 1.024290559815696 -2.505096797490113
 1.026093043885442 -2.458807656159649
 1.029389633418246 -2.411281174072839
 1.034125789249768 -2.362644596658990
 1.040277351286881 -2.312988475611534
 1.048040669418772 -2.262311302630240
 1.057543030213256 -2.210666808641019
 1.068267787646863 -2.158393314643089
 1.081113661788271 -2.105168347571797
 1.095224285613787 -2.051469906065686
 1.111163399008965 -1.997146374343610
 1.128850730123498 -1.942334361300967
 1.148130846766135 -1.887194402985188
 1.169066174634835 -1.831786690814077
 1.191752746215884 -1.776164171673780
 1.216138718374440 -1.720447945555192
 1.242133733753586 -1.664766375951414
 1.269747217657081 -1.609197077218464
 1.299013779951432 -1.553812434107769
 1.329878238252249 -1.498728166823755
 1.362249476365837 -1.444065974151369
 1.396100818053818 -1.389909313936965
 1.431430324212406 -1.336334219253201
 1.468170711506590 -1.283449936325766
 1.506219337143035 -1.231371517961200
 1.545521807288132 -1.180179657933552
 1.586050523905584 -1.129943725007537
 1.627726833991302 -1.080760503951267
 1.670436790557216 -1.032733087015186
 1.714106168175295 -0.9859308861074767
 1.758690999147109 -0.9404071860954988
 1.804105830127906 -0.8962392025035181
 1.850229011070456 -0.8535123941569309
 1.896973574481677 -0.8122784195856182
 1.944287192735777 -0.7725677501132174
 1.992082663478486 -0.7344332802143964
 2.040234073930855 -0.6979403039317389
 2.088646884103684 -0.6631204443186434
 2.137266748274102 -0.6299786415707032
 2.186009002552943 -0.5985422750224989
 2.234745464379356 -0.5688578635557066
 2.283377070140221 -0.5409386343534673
 2.331852674871215 -0.5147640169215778
 2.380093849516435 -0.4903367374296022
 2.427970222924298 -0.4676886062942354
 2.475379150220392 -0.4468183655445438
 2.522278019335177 -0.4276800209582317
 2.568598648942856 -0.4102521378910733
 2.614205608512956 -0.3945578613091526
 2.658990904265494 -0.3805868330197434
 2.702928893715953 -0.3682642985453225
 2.745968325085037 -0.3575420250627523
 2.787958116344821 -0.3484458117569578
 2.828777183663150 -0.3409654006807836
 2.868441725867418 -0.3349795387858442
 2.906935426485371 -0.3304004504374469
 2.944032045365951 -0.3273070734395709
 2.979570877502960 -0.3257131444473453
 3.013998513905851 -0.3251359589416845
 3.046412013932734 -0.3261974159218458
 3.077592165136027 -0.3281614831976812
 3.106947596407330 -0.3313800417545785
 3.134492160582754 -0.3357065295139318
 3.160329164295884 -0.3409458448553860
 3.184359255826668 -0.3470739729547232
 3.206430350743978 -0.3540846058170232
 3.226521531492340 -0.3618547583925281
 3.244666022349523 -0.3702416004451838
 3.260811605785397 -0.3791854489682104
 3.274863669792337 -0.3886396403475157
 3.286799896529155 -0.3984845586027920
 3.296648614853019 -0.4085828416737732
 3.304392059020650 -0.4188562369030062
 3.309974372148889 -0.4292414461910153
 3.313385636001398 -0.4396200334430440
 3.314664435974211 -0.4498558370808864
 3.313824592805870 -0.4598623068134518
 3.310844953838428 -0.4695719826491639
 3.305733817735547 -0.4788721295006280
 3.298545095138906 -0.4876311840366762
 3.289321368368888 -0.4957632008773324
 3.278072615070732 -0.5032067427974870
 3.264825874823893 -0.5098611372664978
 3.249649851766732 -0.5156041559142217
 3.232610890946307 -0.5203573782881866
 3.213744694159799 -0.5240732309561683
 3.193093980276707 -0.5266684218558584
 3.170738510785347 -0.5280330605634779
 3.146762012394149 -0.5281000152764296
 3.121219575689024 -0.5268406074833243
 3.094165181079152 -0.5241921561630315
 3.065685118496292 -0.5200573107899300
 3.035874397520259 -0.5143807739339512
 3.004801687264077 -0.5071558476223469
 2.972528209721855 -0.4983423378775332
 2.939143114537122 -0.4878529566725102
 2.904747961548340 -0.4756422075431701
 2.869420378591583 -0.4617286129804822
 2.833225851376928 -0.4460968222685820
 2.796254239257595 -0.4286640379383626
 2.758610546513097 -0.4093899255903937
 2.720377561972067 -0.3883256457327792
 2.681622745473327 -0.3654867530880802
 2.642436415196650 -0.3407811854285308
 2.602925569123368 -0.3141630141038683
 2.563173135445608 -0.2857430941305639
 2.523245454183673 -0.2555876246097395
 2.483239394055839 -0.2235258073992151
 2.443265130692823 -0.1894742745606554
 2.403357335662845 -0.1540496151747603
 2.363686099134220 -0.1163122782988386
 2.324237196559054 -7.724289884963997E-02
 2.285161194762034 -3.627745587457687E-02
 2.246536264591808 6.446228717077340E-03
 2.208423718248048 5.071327867541719E-02
 2.170906895876640 9.654766053182384E-02
 2.134079667069180 0.1440060674159344
 2.098020985926762 0.1929830518605180
 2.062796839816873 0.2433361803525154
 2.028479157395399 0.2950348082664095
 1.995147930629178 0.3480727162501045
 1.962875784962778 0.4023442548546643
 1.931722556538727 0.4577096657491793
 1.901747183852921 0.5141041177103602
 1.873014543925919 0.5714879148887383
 1.845585605096928 0.6297481650940979
 1.819508684622523 0.6887384506566261
 1.794826468444151 0.7483713182475838
 1.771585232656137 0.8085881828840855
 1.749829468824320 0.8692725366824503
 1.729591483962484 0.9302741525311020
 1.710894277832424 0.9914940433696682
 1.693762012633697 1.052867489620684
 1.678218832299506 1.114281878754621
 1.664277921320007 1.175589129327509
 1.651940533547859 1.236688096016095
 1.641206894110523 1.297518226105306
 1.632079209789645 1.357977552903738
 1.624551070495345 1.417924385724869
 1.618602592600611 1.477261039009681
 1.614210881578891 1.535937977883782
 1.611357316684888 1.593868191601081
 1.610018093171462 1.650917411366721
 1.610155134308675 1.706993231983580
 1.611725053043817 1.762061645860379
 1.614690995781033 1.816053368357529
 1.619015325573496 1.868839589537491
 1.624645630549212 1.920332045316924
 1.631520772508478 1.970516829672246
 1.639588097841974 2.019345613165364
 1.648799935413062 2.066689537033401
 1.659093317873711 2.112460255015803
 1.670390684705083 2.156672937308323
 1.682624639167395 2.199307314979672
 1.695741982996227 2.240219647563149
 1.709673290632673 2.279310202357695
 1.724321653270244 2.316653634483541
 1.739602896743336 2.352279701278559
 1.755472263119983 2.385953004122589
 1.771861296189391 2.417527500070182
 1.788575257080239 2.447631300540170
 1.805701255803524 2.475171486498938
 1.822992263560786 2.501192255896912
 1.840457332670278 2.525005525838460
 1.857976463066753 2.546696574270872
 1.875432345107454 2.566452418173387
 1.892754505484517 2.584199023844643
 1.909861439098530 2.599807836301221
 1.926636178994380 2.613322232933575
 1.942971642698099 2.624842401928302
 1.958790034444577 2.634352963081177
 1.974003636354765 2.641795311797139
 1.988497699030424 2.647209928248917
 2.002167427866433 2.650690026976610
 2.014936171201881 2.652259348723947
 2.026721182833035 2.651901169060878
 2.037414934974939 2.649666116590148
 2.046918800939867 2.645655688034041
 2.055164736346298 2.639925127648781
 2.062083742798816 2.632489846691014
 2.067582338179669 2.623413399557987
 2.071573540622699 2.612808255900513
 2.074004210405701 2.600754265779782
 2.074826130153612 2.587290788702597
 2.073965634687158 2.572491577896996
 2.071351223201914 2.556477247077214
 2.066948154117392 2.539344462965656
 2.060733078531331 2.521147930941753
 2.052655222836586 2.501966292662866
 2.042659299878692 2.481923568816010
 2.030729035165413 2.461125834758961
 2.016867137670297 2.439635139594319
 2.001046314241301 2.417529572238307
 1.983225401816044 2.394932537226731
 1.963404016205232 2.371953963984346
 1.941610691350821 2.348656670693861
 1.917841229244200 2.325113774146238
 1.892064611058304 2.301446124211008
 1.864292215618666 2.277764422520342
 1.834578897791042 2.254126635506831
 1.802944106320568 2.230597150816923
 1.769361066172236 2.207295187667826
 1.733847348871251 2.184331849632819
 1.696488655131616 2.161753253686596
 1.657332185657632 2.139610044402033
 1.616343371311208 2.118026470731118
 1.573535935705123 2.097118159968971
 1.529047346195840 2.076901502528426
 1.482968102896792 2.057400851001795
 1.435198724637067 2.038785495231025
 1.385722100479567 2.021192534080364
 1.335089548015982 2.004343699468328
 1.282572437345950 1.988856069272959
 1.229012910945267 1.974227007216046
 1.173997795753070 1.960868918469033
 1.117685534468311 1.948780590018044
 1.060292871481913 1.937907681660605
 1.001840721241804 1.928334351345901
 0.9423269208532964 1.920170239089714
 0.8818822675523230 1.913430997415710
 0.8206631060632864 1.908102556303929
 0.7587319397383179 1.904231885484873
 0.6961341506777462 1.901885150357874
 0.6329975467105294 1.901072421678419
 0.5694730801728899 1.901775639900549
 0.5056463657991035 1.904013431647326
 0.4415842197135131 1.907822134141939
 0.3774148935903386 1.913198101419864
 0.3132893474794882 1.920109968617826
 0.2493046611560193 1.928550976181136
 0.1855347087505528 1.938531907891623
 0.1221026348330179 1.950033040633717
 5.915469340526815E-02 1.963007239546288
 -3.211890342870410E-03 1.977424929477145
 -6.492898651341242E-02 1.993274675716182
 -0.1258869978284005 2.010521081258139
 -0.1859510897504492 2.029101523484440
 -0.2450330409338179 2.048966515601713
 -0.3030802986252543 2.070085976218523
 -0.3600034536888410 2.092410833118135
 -0.4156830034355093 2.115864689656608
 -0.4700442915030724 2.140381483328324
 -0.5230558666952109 2.165916619454485
 -0.5746516858680555 2.192410466623580
 -0.6247273712078941 2.219775274922428
 -0.6732219358315461 2.247931866337047
 -0.7201276218273988 2.276825662781957
 -0.7654028537354023 2.306390105787131
 -0.8089548973508027 2.336528195831727
 -0.8507335196711797 2.367150410861468
 -0.8907572468266991 2.398196850630477
 -0.9290105511008825 2.429597751056438
 -0.9654056730998948 2.461247398342553
 -0.9998975863917833 2.493047088035546
 -1.032538209010871 2.524937235853646
 -1.063343685917643 2.556849340042424
 -1.092216133348595 2.588665459320106
 -1.119103893030477 2.620275603038479
 -1.144120072597173 2.651633173269385
 -1.167332529742035 2.682680151716006
 -1.188559782245968 2.713260077562160
 -1.207709581313569 2.743240644517528
 -1.225423256825612 2.772767259481855
 -1.240710758129210 2.801368902420784
 -1.254599901575241 2.829353739094593
 -1.266490263737052 2.856385567593038
 -1.276515697516002 2.882403103784803
 -1.284896819188430 2.907398263028774
 -1.291604750342150 2.931272996799366
 -1.296568911645448 2.953892442118244
 -1.299885352497961 2.975176991326104
 -1.301694379651424 2.995084002373486
 -1.302021571340821 3.013538412049388
 -1.300860033437572 3.030434952144655
 -1.298302197498731 3.045694486851709
 -1.294481186986587 3.059272868650383
 -1.289455887818769 3.071115585626954
 -1.283253189315854 3.081142615251893
 -1.275970701026458 3.089286150033191
 -1.267745635034344 3.095511525114928
 -1.258659856459572 3.099787434462233
 -1.248761211039612 3.102061829340178
 -1.238151479555878 3.102285529058615
 -1.226971554516207 3.100439439937189
 -1.215317157963186 3.096517466657114
 -1.203246484917120 3.090497531500084
 -1.190860240136735 3.082352715163494
 -1.178298628564817 3.072081402991436
 -1.165662736828915 3.059701841253843
 -1.153011615628468 3.045221161897921
 -1.140438757440120 3.028634714518724
 -1.128079210906654 3.009956629379488
 -1.116032977228737 2.989225850035390
 -1.104352438018727 2.966475747077643
 -1.093118866837851 2.941721728401339
 -1.082459716680248 2.914989848016661
 -1.072470381315027 2.886334737918297
 -1.063190995913256 2.855812518316208
 -1.054686980477656 2.823456112023771
 -1.047078503478818 2.789299080883518
 -1.040455745929675 2.753406630063512
 -1.034841480800541 2.715855248487313
 -1.030281745056360 2.676693973085505
 -1.026893173085359 2.635959225606189
 -1.024763197641847 2.593721775223213
 -1.023888906840450 2.550078899419375
 -1.024290559815696 2.505096797490113
 -1.026093043885442 2.458807656159649
 -1.029389633418246 2.411281174072839
 -1.034125789249768 2.362644596658990
 -1.040277351286881 2.312988475611534
 -1.048040669418772 2.262311302630240
 -1.057543030213256 2.210666808641019
 -1.068267787646863 2.158393314643089
 -1.081113661788271 2.105168347571797
 -1.095224285613787 2.051469906065686
 -1.111163399008965 1.997146374343610
 -1.128850730123498 1.942334361300967
 -1.148130846766135 1.887194402985188
 -1.169066174634835 1.831786690814077
 -1.191752746215884 1.776164171673780
 -1.216138718374440 1.720447945555192
 -1.242133733753586 1.664766375951414
 -1.269747217657081 1.609197077218464
 -1.299013779951432 1.553812434107769
 -1.329878238252249 1.498728166823755
 -1.362249476365837 1.444065974151369
 -1.396100818053818 1.389909313936965
 -1.431430324212406 1.336334219253201
 -1.468170711506590 1.283449936325766
 -1.506219337143035 1.231371517961200
 -1.545521807288132 1.180179657933552
 -1.586050523905584 1.129943725007537
 -1.627726833991302 1.080760503951267
 -1.670436790557216 1.032733087015186
 -1.714106168175295 0.9859308861074767
 -1.758690999147109 0.9404071860954988
 -1.804105830127906 0.8962392025035181
 -1.850229011070456 0.8535123941569309
 -1.896973574481677 0.8122784195856182
 -1.944287192735777 0.7725677501132174
 -1.992082663478486 0.7344332802143964
 -2.040234073930855 0.6979403039317389
 -2.088646884103684 0.6631204443186434
 -2.137266748274102 0.6299786415707032
 -2.186009002552943 0.5985422750224989
 -2.234745464379356 0.5688578635557066
 -2.283377070140221 0.5409386343534673
 -2.331852674871215 0.5147640169215778
 -2.380093849516435 0.4903367374296022
 -2.427970222924298 0.4676886062942354
 -2.475379150220392 0.4468183655445438
 -2.522278019335177 0.4276800209582317
 -2.568598648942856 0.4102521378910733
 -2.614205608512956 0.3945578613091526
 -2.658990904265494 0.3805868330197434
 -2.702928893715953 0.3682642985453225
 -2.745968325085037 0.3575420250627523
 -2.787958116344821 0.3484458117569578
 -2.828777183663150 0.3409654006807836
 -2.868441725867418 0.3349795387858442
 -2.906935426485371 0.3304004504374469
 -2.944032045365951 0.3273070734395709
 -2.979570877502960 0.3257131444473453
 -3.013998513905851 0.3251359589416845
 -3.046412013932734 0.3261974159218458
 -3.077592165136027 0.3281614831976812
 -3.106947596407330 0.3313800417545785
 -3.134492160582754 0.3357065295139318
 -3.160329164295884 0.3409458448553860
 -3.184359255826668 0.3470739729547232
 -3.206430350743978 0.3540846058170232
 -3.226521531492340 0.3618547583925281
 -3.244666022349523 0.3702416004451838
 -3.260811605785397 0.3791854489682104
 -3.274863669792337 0.3886396403475157
 -3.286799896529155 0.3984845586027920
 -3.296648614853019 0.4085828416737732
 -3.304392059020650 0.4188562369030062
 -3.309974372148889 0.4292414461910153
 -3.313385636001398 0.4396200334430440
 -3.314664435974211 0.4498558370808864
 -3.313824592805870 0.4598623068134518
 -3.310844953838428 0.4695719826491639
 -3.305733817735547 0.4788721295006280
 -3.298545095138906 0.4876311840366762
 -3.289321368368888 0.4957632008773324
 -3.278072615070732 0.5032067427974870
 -3.264825874823893 0.5098611372664978
 -3.249649851766732 0.5156041559142217
 -3.232610890946307 0.5203573782881866
 -3.213744694159799 0.5240732309561683
 -3.193093980276707 0.5266684218558584
 -3.170738510785347 0.5280330605634779
 -3.146762012394149 0.5281000152764296
 -3.121219575689024 0.5268406074833243
 -3.094165181079152 0.5241921561630315
 -3.065685118496292 0.5200573107899300
 -3.035874397520259 0.5143807739339512
 -3.004801687264077 0.5071558476223469
 -2.972528209721855 0.4983423378775332
 -2.939143114537122 0.4878529566725102
 -2.904747961548340 0.4756422075431701
 -2.869420378591583 0.4617286129804822
 -2.833225851376928 0.4460968222685820
 -2.796254239257595 0.4286640379383626
 -2.758610546513097 0.4093899255903937
 -2.720377561972067 0.3883256457327792
 -2.681622745473327 0.3654867530880802
 -2.642436415196650 0.3407811854285308
 -2.602925569123368 0.3141630141038683
 -2.563173135445608 0.2857430941305639
 -2.523245454183673 0.2555876246097395
 -2.483239394055839 0.2235258073992151
 -2.443265130692823 0.1894742745606554
 -2.403357335662845 0.1540496151747603
   
   
