 # action(x) =  84.49186374549242
 # |grad_action(x)| =  6.698609225485436E-05
 # PRINTSTEPS = 50
 #
 #BODY NUMBER  1
 0.6840866319835186 0.1833004602231085
 0.6373822472378785 0.1707860537934182
 0.6056107971995276 0.1622729188219147
 0.5716463352984491 0.1531721713300993
 0.5020493321472917 0.1345237122260518
 0.3770063209210652 0.1010185363765666
 0.1906296181768010 5.107904682547167E-02
 -4.688613985893895E-02 -1.256310650256226E-02
 -0.2722758842911973 -7.295609963240783E-02
 -0.3633103983037574 -9.734871911742261E-02
 -0.2372767356896772 -6.357810194605794E-02
 2.891170076787057E-02 7.746871683301051E-03
 0.2279772551712772 6.108632690527041E-02
 0.2079691230043102 5.572516678671210E-02
 7.098750246128773E-03 1.902111297275843E-03
 -0.2162963110440619 -5.795642119604877E-02
 -0.3521605011084137 -9.436112675933640E-02
 -0.3968470516398487 -0.1063348535202700
 -0.3737580249064913 -0.1001481678513267
 -0.2696169211319086 -7.224364418507020E-02
 -7.386326888608336E-02 -1.979160960069567E-02
 0.1621321525917411 4.344317868845657E-02
 0.3433097707370583 9.198957981437268E-02
 0.3979400580377407 0.1066277196758040
 0.3114629777766356 8.345625157962207E-02
 0.1161347785182354 3.111821858357499E-02
 -0.1243308006131176 -3.331433427164026E-02
 -0.3317901221170875 -8.890288936810901E-02
 -0.4517258200682698 -0.1210395656002477
 -0.4877437716991895 -0.1306905501864934
 -0.4868257823357015 -0.1304445759423740
 -0.4872486736738192 -0.1305578887334658
 -0.4886396937013677 -0.1309306127865555
 -0.4645240182919943 -0.1244688376825272
 -0.3830373860726759 -0.1026345570512671
 -0.2197177245548862 -5.887318120685932E-02
 1.509262927019080E-02 4.044063897342446E-03
 0.2438183951253425 6.533094555605257E-02
 0.3453021595469594 9.252343821272938E-02
 0.2492812455109804 6.679471533789193E-02
 9.188143576799734E-03 2.461964737274997E-03
 -0.2413329277345178 -6.466495565055058E-02
 -0.4076700198055588 -0.1092348467886772
 -0.4950055581748865 -0.1326363323190834
 -0.5566965768429502 -0.1491663900617712
 -0.6167878281971451 -0.1652677970273036
 -0.6619606077935226 -0.1773718147822137
 -0.6843325246261487 -0.1833663549278451
 -0.6966420222846532 -0.1866646696178112
 -0.7063735655246632 -0.1892722211677034
 -0.7035874355355256 -0.1885256785874596
 -0.6840866319835186 -0.1833004602231085
 -0.6373822472378785 -0.1707860537934182
 -0.6056107971995276 -0.1622729188219147
 -0.5716463352984491 -0.1531721713300993
 -0.5020493321472917 -0.1345237122260518
 -0.3770063209210652 -0.1010185363765666
 -0.1906296181768010 -5.107904682547167E-02
 4.688613985893895E-02 1.256310650256226E-02
 0.2722758842911973 7.295609963240783E-02
 0.3633103983037574 9.734871911742261E-02
 0.2372767356896772 6.357810194605794E-02
 -2.891170076787057E-02 -7.746871683301051E-03
 -0.2279772551712772 -6.108632690527041E-02
 -0.2079691230043102 -5.572516678671210E-02
 -7.098750246128773E-03 -1.902111297275843E-03
 0.2162963110440619 5.795642119604877E-02
 0.3521605011084137 9.436112675933640E-02
 0.3968470516398487 0.1063348535202700
 0.3737580249064913 0.1001481678513267
 0.2696169211319086 7.224364418507020E-02
 7.386326888608336E-02 1.979160960069567E-02
 -0.1621321525917411 -4.344317868845657E-02
 -0.3433097707370583 -9.198957981437268E-02
 -0.3979400580377407 -0.1066277196758040
 -0.3114629777766356 -8.345625157962207E-02
 -0.1161347785182354 -3.111821858357499E-02
 0.1243308006131176 3.331433427164026E-02
 0.3317901221170875 8.890288936810901E-02
 0.4517258200682698 0.1210395656002477
 0.4877437716991895 0.1306905501864934
 0.4868257823357015 0.1304445759423740
 0.4872486736738192 0.1305578887334658
 0.4886396937013677 0.1309306127865555
 0.4645240182919943 0.1244688376825272
 0.3830373860726759 0.1026345570512671
 0.2197177245548862 5.887318120685932E-02
 -1.509262927019080E-02 -4.044063897342446E-03
 -0.2438183951253425 -6.533094555605257E-02
 -0.3453021595469594 -9.252343821272938E-02
 -0.2492812455109804 -6.679471533789193E-02
 -9.188143576799734E-03 -2.461964737274997E-03
 0.2413329277345178 6.466495565055058E-02
 0.4076700198055588 0.1092348467886772
 0.4950055581748865 0.1326363323190834
 0.5566965768429502 0.1491663900617712
 0.6167878281971451 0.1652677970273036
 0.6619606077935226 0.1773718147822137
 0.6843325246261487 0.1833663549278451
 0.6966420222846532 0.1866646696178112
 0.7063735655246632 0.1892722211677034
 0.7035874355355256 0.1885256785874596
 0.6840866319835186 0.1833004602231085
   
   
 #BODY NUMBER  2
 -0.1833004606887698 -0.6840866338461637
 -0.1707860483773071 -0.6373822521431061
 -0.1622729153698853 -0.6056108015246878
 -0.1531721723737614 -0.5716463355087223
 -0.1345237123927459 -0.5020493289787575
 -0.1010185339300402 -0.3770063190372628
 -5.107904665455924E-02 -0.1906296203913040
 1.256310415698910E-02 4.688613697227122E-02
 7.295610201818860E-02 0.2722758866020775
 9.734872755582924E-02 0.3633104062296661
 6.357810664689789E-02 0.2372767431565439
 -7.746876032078217E-03 -2.891169854920360E-02
 -6.108633056060016E-02 -0.2279772558615435
 -5.572515984648558E-02 -0.2079691211154424
 -1.902100639614458E-03 -7.098744673227098E-03
 5.795642215097430E-02 0.2162963162060011
 9.436111935574483E-02 0.3521605019457648
 0.1063348510210165 0.3968470478683849
 0.1001481738984759 0.3737580187937798
 7.224364868945075E-02 0.2696169158823047
 1.979160709854830E-02 7.386326772334334E-02
 -4.344318068217313E-02 -0.1621321489617740
 -9.198957516707985E-02 -0.3433097663067790
 -0.1066277140926357 -0.3979400581740506
 -8.345625207734231E-02 -0.3114629825239663
 -3.111822242521121E-02 -0.1161347818369693
 3.331433271205581E-02 0.1243308032711770
 8.890288917094052E-02 0.3317901278164875
 0.1210395647814298 0.4517258222142919
 0.1306905528455140 0.4877437681177387
 0.1304445844432662 0.4868257769670047
 0.1305578951839386 0.4872486712514525
 0.1309306092462156 0.4886396953427735
 0.1244688303601612 0.4645240218868016
 0.1026345584919251 0.3830373885334975
 5.887319091136281E-02 0.2197177237486338
 -4.044058384458359E-03 -1.509263244769602E-02
 -6.533094851939189E-02 -0.2438183963982912
 -9.252344002475621E-02 -0.3453021553246511
 -6.679470953280849E-02 -0.2492812377616705
 -2.461957952221715E-03 -9.188138211186676E-03
 6.466495654337963E-02 0.2413329282183991
 0.1092348461717504 0.4076700195175443
 0.1326363363617638 0.4950055620454284
 0.1491663949401336 0.5566965838996326
 0.1652677962624162 0.6167878330756413
 0.1773718115794736 0.6619606076021887
 0.1833663568495568 0.6843325216191164
 0.1866646755298079 0.6966420201661365
 0.1892722238821600 0.7063735656280947
 0.1885256774782155 0.7035874370105574
 0.1833004606887698 0.6840866338461637
 0.1707860483773071 0.6373822521431061
 0.1622729153698853 0.6056108015246878
 0.1531721723737614 0.5716463355087223
 0.1345237123927459 0.5020493289787575
 0.1010185339300402 0.3770063190372628
 5.107904665455924E-02 0.1906296203913040
 -1.256310415698910E-02 -4.688613697227122E-02
 -7.295610201818860E-02 -0.2722758866020775
 -9.734872755582924E-02 -0.3633104062296661
 -6.357810664689789E-02 -0.2372767431565439
 7.746876032078217E-03 2.891169854920360E-02
 6.108633056060016E-02 0.2279772558615435
 5.572515984648558E-02 0.2079691211154424
 1.902100639614458E-03 7.098744673227098E-03
 -5.795642215097430E-02 -0.2162963162060011
 -9.436111935574483E-02 -0.3521605019457648
 -0.1063348510210165 -0.3968470478683849
 -0.1001481738984759 -0.3737580187937798
 -7.224364868945075E-02 -0.2696169158823047
 -1.979160709854830E-02 -7.386326772334334E-02
 4.344318068217313E-02 0.1621321489617740
 9.198957516707985E-02 0.3433097663067790
 0.1066277140926357 0.3979400581740506
 8.345625207734231E-02 0.3114629825239663
 3.111822242521121E-02 0.1161347818369693
 -3.331433271205581E-02 -0.1243308032711770
 -8.890288917094052E-02 -0.3317901278164875
 -0.1210395647814298 -0.4517258222142919
 -0.1306905528455140 -0.4877437681177387
 -0.1304445844432662 -0.4868257769670047
 -0.1305578951839386 -0.4872486712514525
 -0.1309306092462156 -0.4886396953427735
 -0.1244688303601612 -0.4645240218868016
 -0.1026345584919251 -0.3830373885334975
 -5.887319091136281E-02 -0.2197177237486338
 4.044058384458359E-03 1.509263244769602E-02
 6.533094851939189E-02 0.2438183963982912
 9.252344002475621E-02 0.3453021553246511
 6.679470953280849E-02 0.2492812377616705
 2.461957952221715E-03 9.188138211186676E-03
 -6.466495654337963E-02 -0.2413329282183991
 -0.1092348461717504 -0.4076700195175443
 -0.1326363363617638 -0.4950055620454284
 -0.1491663949401336 -0.5566965838996326
 -0.1652677962624162 -0.6167878330756413
 -0.1773718115794736 -0.6619606076021887
 -0.1833663568495568 -0.6843325216191164
 -0.1866646755298079 -0.6966420201661365
 -0.1892722238821600 -0.7063735656280947
 -0.1885256774782155 -0.7035874370105574
 -0.1833004606887698 -0.6840866338461637
   
   
 #BODY NUMBER  3
 -0.5007861703634262 0.5007861703634262
 -0.4665961750860756 0.4665961942395642
 -0.4433378575677471 0.4433378724933284
 -0.4184741520882349 0.4184741497117726
 -0.3675256143760425 0.3675256066748661
 -0.2759877767639132 0.2759877773036694
 -0.1395505588383099 0.1395505627251850
 3.432304607522944E-02 -3.432304893403675E-02
 0.1993197919073765 -0.1993197980404111
 0.2659616777187965 -0.2659616779209619
 0.1736986249959827 -0.1736986215326844
 -2.116483722858476E-02 2.116483493147383E-02
 -0.1668909269149083 0.1668909184638681
 -0.1522439467300861 0.1522439404018989
 -5.196633809780747E-03 5.196633341956953E-03
 0.1583398828460127 -0.1583398802575712
 0.2577993644299296 -0.2577993599512133
 0.2905122009544777 -0.2905121948297461
 0.2736098745938264 -0.2736098724419144
 0.1973732956569749 -0.1973733022189439
 5.407166744029153E-02 -5.407167539187182E-02
 -0.1186889755740263 0.1186889778662498
 -0.2513201965722718 0.2513202059321333
 -0.2913123460562417 0.2913123469203616
 -0.2280067356532847 0.2280067241448135
 -8.501656819781414E-02 8.501655913430502E-02
 9.101646141050307E-02 -9.101645752249075E-02
 0.2428872288032046 -0.2428872213783372
 0.3306862489754016 -0.3306862501232229
 0.3570532160179991 -0.3570532204452654
 0.3563812024560110 -0.3563811983231229
 0.3566907801872494 -0.3566907709619446
 0.3577090743458006 -0.3577090736219986
 0.3400551776103096 -0.3400551862834299
 0.2804028340503628 -0.2804028386628147
 0.1608445502123751 -0.1608445438336119
 -1.104856796157364E-02 1.104857749307341E-02
 -0.1784874631133275 0.1784874675168892
 -0.2527787357734559 0.2527787357984905
 -0.1824865379204759 0.1824865355409670
 -6.726183418518832E-03 6.726177269245239E-03
 0.1766679635914912 -0.1766679702548384
 0.2984351597362020 -0.2984351584975769
 0.3623692126026698 -0.3623692036218386
 0.4075301796834516 -0.4075301748424012
 0.4515200362898841 -0.4515200411440049
 0.4845888118903160 -0.4845888156212506
 0.5009661914857002 -0.5009661846163098
 0.5099773584629061 -0.5099773498156879
 0.5171013279472322 -0.5171013306532430
 0.5150617363764216 -0.5150617454115791
 0.5007861703634262 -0.5007861703634262
 0.4665961750860756 -0.4665961942395642
 0.4433378575677471 -0.4433378724933284
 0.4184741520882349 -0.4184741497117726
 0.3675256143760425 -0.3675256066748661
 0.2759877767639132 -0.2759877773036694
 0.1395505588383099 -0.1395505627251850
 -3.432304607522944E-02 3.432304893403675E-02
 -0.1993197919073765 0.1993197980404111
 -0.2659616777187965 0.2659616779209619
 -0.1736986249959827 0.1736986215326844
 2.116483722858476E-02 -2.116483493147383E-02
 0.1668909269149083 -0.1668909184638681
 0.1522439467300861 -0.1522439404018989
 5.196633809780747E-03 -5.196633341956953E-03
 -0.1583398828460127 0.1583398802575712
 -0.2577993644299296 0.2577993599512133
 -0.2905122009544777 0.2905121948297461
 -0.2736098745938264 0.2736098724419144
 -0.1973732956569749 0.1973733022189439
 -5.407166744029153E-02 5.407167539187182E-02
 0.1186889755740263 -0.1186889778662498
 0.2513201965722718 -0.2513202059321333
 0.2913123460562417 -0.2913123469203616
 0.2280067356532847 -0.2280067241448135
 8.501656819781414E-02 -8.501655913430502E-02
 -9.101646141050307E-02 9.101645752249075E-02
 -0.2428872288032046 0.2428872213783372
 -0.3306862489754016 0.3306862501232229
 -0.3570532160179991 0.3570532204452654
 -0.3563812024560110 0.3563811983231229
 -0.3566907801872494 0.3566907709619446
 -0.3577090743458006 0.3577090736219986
 -0.3400551776103096 0.3400551862834299
 -0.2804028340503628 0.2804028386628147
 -0.1608445502123751 0.1608445438336119
 1.104856796157364E-02 -1.104857749307341E-02
 0.1784874631133275 -0.1784874675168892
 0.2527787357734559 -0.2527787357984905
 0.1824865379204759 -0.1824865355409670
 6.726183418518832E-03 -6.726177269245239E-03
 -0.1766679635914912 0.1766679702548384
 -0.2984351597362020 0.2984351584975769
 -0.3623692126026698 0.3623692036218386
 -0.4075301796834516 0.4075301748424012
 -0.4515200362898841 0.4515200411440049
 -0.4845888118903160 0.4845888156212506
 -0.5009661914857002 0.5009661846163098
 -0.5099773584629061 0.5099773498156879
 -0.5171013279472322 0.5171013306532430
 -0.5150617363764216 0.5150617454115791
 -0.5007861703634262 0.5007861703634262
   
   
 #BODY NUMBER  4
 0.000000000000000E+00 -9.313225746154785E-10
 -3.219770807951668E-08 -1.050030492672732E-08
 -2.913934066528249E-08 -8.075033540138245E-09
 -9.796715527795104E-09 -1.285333356348825E-09
 -1.246056963625272E-08 -2.414321042563465E-09
 -3.295280859251058E-08 -6.971993825726473E-09
 -3.864174832705798E-08 -3.951380308045811E-09
 -2.619663440598432E-08 3.670910645451514E-09
 -2.103053267273031E-08 6.810526999771081E-09
 -2.704879171548511E-08 9.026663673434870E-09
 -2.189114103067116E-08 1.729247730317460E-08
 -3.946444112418572E-09 2.190006420557752E-08
 -7.901007029322972E-10 8.771352910122773E-09
 -2.037728457742611E-08 -1.227115222608828E-08
 -3.355163219438802E-08 -1.658712692588066E-08
 -2.251239501047695E-08 -2.203650471418149E-09
 -1.095227375429154E-08 7.501455239303141E-09
 -2.202886980107283E-08 2.109206167999649E-09
 -3.693051552051669E-08 -2.507356036352309E-09
 -2.544014576103429E-08 2.118346518256568E-09
 4.896697690251442E-09 -5.958022621202001E-10
 2.296326960513200E-08 -1.919484971975205E-08
 2.231243872261202E-08 -3.080900843242643E-08
 2.216288511001066E-08 -1.609212956105666E-08
 2.911134344918143E-08 4.400527897024162E-09
 3.056174750352590E-08 -2.688396165959405E-11
 2.362381634671248E-08 -1.962605913374790E-08
 2.047300963476908E-08 -1.965247790729908E-08
 2.383433566321165E-08 1.123410254551314E-09
 2.396989704560232E-08 7.561194818464474E-09
 2.141570764170881E-08 -1.289888951552289E-08
 2.572661135638118E-08 -2.876196756324097E-08
 2.961150815077350E-08 -1.667478182642787E-08
 1.427174623744759E-08 1.139533030129519E-09
 -1.345928658326417E-08 -3.722304185469495E-09
 -2.120933496207298E-08 -1.799420416863008E-08
 -1.878483326015833E-10 -1.058327838979679E-08
 1.738915933070575E-08 1.465410876941833E-08
 7.338825396291838E-09 2.604613799092299E-08
 -1.107500726224400E-08 1.596809254708266E-08
 -1.217682051267583E-08 9.630142104242270E-09
 -6.054127856506134E-09 1.998769479773634E-08
 -1.201342368436446E-08 2.665662223528839E-08
 -1.659157337546381E-08 1.095234461841045E-08
 1.046949732905357E-09 -1.375132081925973E-08
 2.074228794658162E-08 -2.273346012297412E-08
 6.512139051254582E-09 -1.348542722768654E-08
 -2.816060268625123E-08 -2.247940568267639E-09
 -3.238705774453980E-08 1.324007709392813E-09
 1.187338519895242E-09 6.833828370836387E-10
 2.120344650169135E-08 4.576580912233871E-10
 0.000000000000000E+00 9.313225746154785E-10
 3.219770807951668E-08 1.050030492672732E-08
 2.913934066528249E-08 8.075033540138245E-09
 9.796715527795104E-09 1.285333356348825E-09
 1.246056963625272E-08 2.414321042563465E-09
 3.295280859251058E-08 6.971993825726473E-09
 3.864174832705798E-08 3.951380308045811E-09
 2.619663440598432E-08 -3.670910645451514E-09
 2.103053267273031E-08 -6.810526999771081E-09
 2.704879171548511E-08 -9.026663673434870E-09
 2.189114103067116E-08 -1.729247730317460E-08
 3.946444112418572E-09 -2.190006420557752E-08
 7.901007029322972E-10 -8.771352910122773E-09
 2.037728457742611E-08 1.227115222608828E-08
 3.355163219438802E-08 1.658712692588066E-08
 2.251239501047695E-08 2.203650471418149E-09
 1.095227375429154E-08 -7.501455239303141E-09
 2.202886980107283E-08 -2.109206167999649E-09
 3.693051552051669E-08 2.507356036352309E-09
 2.544014576103429E-08 -2.118346518256568E-09
 -4.896697690251442E-09 5.958022621202001E-10
 -2.296326960513200E-08 1.919484971975205E-08
 -2.231243872261202E-08 3.080900843242643E-08
 -2.216288511001066E-08 1.609212956105666E-08
 -2.911134344918143E-08 -4.400527897024162E-09
 -3.056174750352590E-08 2.688396165959405E-11
 -2.362381634671248E-08 1.962605913374790E-08
 -2.047300963476908E-08 1.965247790729908E-08
 -2.383433566321165E-08 -1.123410254551314E-09
 -2.396989704560232E-08 -7.561194818464474E-09
 -2.141570764170881E-08 1.289888951552289E-08
 -2.572661135638118E-08 2.876196756324097E-08
 -2.961150815077350E-08 1.667478182642787E-08
 -1.427174623744759E-08 -1.139533030129519E-09
 1.345928658326417E-08 3.722304185469495E-09
 2.120933496207298E-08 1.799420416863008E-08
 1.878483326015833E-10 1.058327838979679E-08
 -1.738915933070575E-08 -1.465410876941833E-08
 -7.338825396291838E-09 -2.604613799092299E-08
 1.107500726224400E-08 -1.596809254708266E-08
 1.217682051267583E-08 -9.630142104242270E-09
 6.054127856506134E-09 -1.998769479773634E-08
 1.201342368436446E-08 -2.665662223528839E-08
 1.659157337546381E-08 -1.095234461841045E-08
 -1.046949732905357E-09 1.375132081925973E-08
 -2.074228794658162E-08 2.273346012297412E-08
 -6.512139051254582E-09 1.348542722768654E-08
 2.816060268625123E-08 2.247940568267639E-09
 3.238705774453980E-08 -1.324007709392813E-09
 -1.187338519895242E-09 -6.833828370836387E-10
 -2.120344650169135E-08 -4.576580912233871E-10
 0.000000000000000E+00 -9.313225746154785E-10
   
   
