 # action(x) =  11.76569664307279
 # |grad_action(x)| =  1.305035753969990E-12
 # PRINTSTEPS = 50
 #
 #BODY NUMBER  1
 -2.916366563842621E-02 -2.767624271016799
 -5.843459480099811E-02 -2.775308200668913
 -8.776988049199530E-02 -2.782489215990126
 -0.1171878331741771 -2.788935088584800
 -0.1466688944804178 -2.794676158706643
 -0.1761947411240563 -2.799789878238433
 -0.2057612258836901 -2.804265372339377
 -0.2353611462329095 -2.808057241277392
 -0.2649771301165624 -2.811172058603482
 -0.2945951231065067 -2.813647341622672
 -0.3242098830954034 -2.815485899905091
 -0.3538130889546196 -2.816661075334490
 -0.3833883009651009 -2.817169677663496
 -0.4129220075825770 -2.817036549290125
 -0.4424087687811427 -2.816271049823156
 -0.4718406923541505 -2.814855896751810
 -0.5012018441693153 -2.812783152027252
 -0.5304783708412044 -2.810070201529812
 -0.5596647524530398 -2.806730318098400
 -0.5887540317833646 -2.802753163617976
 -0.6177307189801338 -2.798128364385196
 -0.6465801880932556 -2.792867638256795
 -0.6752967497410178 -2.786986695342876
 -0.7038746752252034 -2.780481242209819
 -0.7322990147745729 -2.773339894236170
 -0.7605540646654130 -2.765569429431918
 -0.7886337721513523 -2.757186900574695
 -0.8165338801783529 -2.748193689530232
 -0.8442401703639159 -2.738578475623914
 -0.8717355616824178 -2.728343349412225
 -0.8990133434593478 -2.717505719726846
 -0.9260709928184571 -2.706072540566386
 -0.9528953009961589 -2.694033503889807
 -0.9794674148478348 -2.681385931209787
 -1.005779521522427 -2.668146544116159
 -1.031831196121166 -2.654328002648285
 -1.057610641542037 -2.639921983274629
 -1.083096573152355 -2.624920529386431
 -1.108279350390569 -2.609338365552758
 -1.133161301604486 -2.593194399426832
 -1.157732701573417 -2.576483490195689
 -1.181968486279197 -2.559190981359786
 -1.205855831297637 -2.541327540471017
 -1.229401416084592 -2.522919983113213
 -1.252598995588620 -2.503968293282183
 -1.275416171842323 -2.484446766787412
 -1.297833854690180 -2.464357552670621
 -1.319869282077277 -2.443742071881886
 -1.341524491848962 -2.422610246741316
 -1.362743369370980 -2.400903008898938
 -1.383494823110692 -2.378602974952317
 -1.403920645992296 -2.355901015503556
 -1.424938933588107 -2.332362583775698
 -1.443404373328175 -2.308671114873790
 -1.461088135490527 -2.284429636073864
 -1.480445837629455 -2.259381599539104
 -1.499864606613568 -2.233756406166177
 -1.516650499737216 -2.207845084067801
 -1.532091033453573 -2.181477484978554
 -1.549037691062438 -2.154328575764474
 -1.566501176532964 -2.126508618868137
 -1.581437798210561 -2.098359080293020
 -1.594452465074065 -2.069817575203856
 -1.608689312076783 -2.040520130214571
 -1.623883466173084 -2.010466318613911
 -1.636750692267275 -1.980021632121836
 -1.647121983190786 -1.949235434843102
 -1.658313982802781 -1.917730149454602
 -1.670870493463991 -1.885386962435786
 -1.681391263926528 -1.852569023894293
 -1.688846381227064 -1.819445892645680
 -1.696588272844826 -1.785653879169142
 -1.706053336201980 -1.750946288841327
 -1.713866345271476 -1.715653266019422
 -1.718043122000665 -1.680073511199767
 -1.721813337885485 -1.643890577592591
 -1.727598708837920 -1.606720054144810
 -1.732212551212671 -1.568820225394547
 -1.732602912803350 -1.530628022059491
 -1.731684343306435 -1.491918628191502
 -1.732980028085863 -1.452159889314373
 -1.733690152618103 -1.411484277369841
 -1.729534544475664 -1.370476671969583
 -1.722860383642012 -1.329070393652002
 -1.718460513749537 -1.286576009795985
 -1.714180241224745 -1.242915877774176
 -1.704242591388653 -1.198834597523657
 -1.690052634384787 -1.154541686846589
 -1.677956018877799 -1.109187277182839
 -1.666814537905082 -1.062329911475149
 -1.648808156287439 -1.014893920300687
 -1.623720854278496 -0.9676369820461628
 -1.600006959766062 -0.9195955509316520
 -1.578135847100881 -0.8696254554822898
 -1.546776410849855 -0.8189230034676007
 -1.502370191138805 -0.7698009845032091
 -1.456754982533407 -0.7217835103593953
 -1.412660862555149 -0.6723302712594983
 -1.348314299230859 -0.6250669285784960
 -1.250133119915364 -0.5967358841240431
 -1.151840859071749 -0.6109612578629294
 -1.109181063962382 -0.6794245904972380
 -1.128573749452717 -0.7865000042617084
 -1.198349467279652 -0.8439453085581807
 -1.268312499263996 -0.8863364690184303
 -1.337286114442112 -0.9106317151926222
 -1.403404526002882 -0.9240252223720271
 -1.465832857251958 -0.9330157378060980
 -1.525131590923179 -0.9380941713415422
 -1.582036667592266 -0.9379815629549905
 -1.636601494802328 -0.9340464243421736
 -1.688669485828175 -0.9285775408807242
 -1.738513172234202 -0.9216421390649047
 -1.786574537328838 -0.9121166300375926
 -1.832937359497694 -0.9003556148129913
 -1.877470270936268 -0.8877404256627133
 -1.920284061571028 -0.8744511989211378
 -1.961674372699111 -0.8595962237838897
 -2.001729043777333 -0.8431483801338667
 -2.040333203854026 -0.8260792637302456
 -2.077516262787054 -0.8086853257152191
 -2.113491174540975 -0.7902719157867526
 -2.148351329232934 -0.7706152845886406
 -2.182001119243691 -0.7504279036207264
 -2.214423877698026 -0.7300913487584172
 -2.245777510372474 -0.7090798511901559
 -2.276160509798720 -0.6870556478632198
 -2.305497516393668 -0.6645356422220209
 -2.333743995217120 -0.6419572814195591
 -2.361016813088066 -0.6189444412582663
 -2.387417836780051 -0.5950931895736976
 -2.412891710649365 -0.5707581253509881
 -2.437376883206880 -0.5464076440208914
 -2.460957466092101 -0.5218012800275096
 -2.483736566239472 -0.4965018962994802
 -2.505677803518171 -0.4707225431740482
 -2.526709784146482 -0.4449410262657698
 -2.546889676431522 -0.4190412315008212
 -2.566319773656982 -0.3925783217539555
 -2.584980876194416 -0.3656389872784970
 -2.602796695785719 -0.3386913676764515
 -2.619802534205545 -0.3117335964221334
 -2.636098336769860 -0.2843344526724521
 -2.651679011026232 -0.2564670014898727
 -2.666466379535347 -0.2285724928382116
 -2.680479987334463 -0.2007537211868247
 -2.693817297164678 -0.1726119655722026
 -2.706480592147768 -0.1440183577688981
 -2.718389407061907 -0.1153714861373562
 -2.729560377507361 -8.687025144143695E-02
 -2.740092636036657 -5.816658108797623E-02
 -2.749965144829660 -2.903893416205084E-02
 -2.759081905819857 1.728475339659041E-04
 -2.767624271016799 2.916366563842621E-02
 -2.775308200668913 5.843459480099811E-02
 -2.782489215990126 8.776988049199530E-02
 -2.788935088584800 0.1171878331741771
 -2.794676158706643 0.1466688944804178
 -2.799789878238433 0.1761947411240563
 -2.804265372339377 0.2057612258836901
 -2.808057241277392 0.2353611462329095
 -2.811172058603482 0.2649771301165624
 -2.813647341622672 0.2945951231065067
 -2.815485899905091 0.3242098830954034
 -2.816661075334490 0.3538130889546196
 -2.817169677663496 0.3833883009651009
 -2.817036549290125 0.4129220075825770
 -2.816271049823156 0.4424087687811427
 -2.814855896751810 0.4718406923541505
 -2.812783152027252 0.5012018441693153
 -2.810070201529812 0.5304783708412044
 -2.806730318098400 0.5596647524530398
 -2.802753163617976 0.5887540317833646
 -2.798128364385196 0.6177307189801338
 -2.792867638256795 0.6465801880932556
 -2.786986695342876 0.6752967497410178
 -2.780481242209819 0.7038746752252034
 -2.773339894236170 0.7322990147745729
 -2.765569429431918 0.7605540646654130
 -2.757186900574695 0.7886337721513523
 -2.748193689530232 0.8165338801783529
 -2.738578475623914 0.8442401703639159
 -2.728343349412225 0.8717355616824178
 -2.717505719726846 0.8990133434593478
 -2.706072540566386 0.9260709928184571
 -2.694033503889807 0.9528953009961589
 -2.681385931209787 0.9794674148478348
 -2.668146544116159 1.005779521522427
 -2.654328002648285 1.031831196121166
 -2.639921983274629 1.057610641542037
 -2.624920529386431 1.083096573152355
 -2.609338365552758 1.108279350390569
 -2.593194399426832 1.133161301604486
 -2.576483490195689 1.157732701573417
 -2.559190981359786 1.181968486279197
 -2.541327540471017 1.205855831297637
 -2.522919983113213 1.229401416084592
 -2.503968293282183 1.252598995588620
 -2.484446766787412 1.275416171842323
 -2.464357552670621 1.297833854690180
 -2.443742071881886 1.319869282077277
 -2.422610246741316 1.341524491848962
 -2.400903008898938 1.362743369370980
 -2.378602974952317 1.383494823110692
 -2.355901015503556 1.403920645992296
 -2.332362583775698 1.424938933588107
 -2.308671114873790 1.443404373328175
 -2.284429636073864 1.461088135490527
 -2.259381599539104 1.480445837629455
 -2.233756406166177 1.499864606613568
 -2.207845084067801 1.516650499737216
 -2.181477484978554 1.532091033453573
 -2.154328575764474 1.549037691062438
 -2.126508618868137 1.566501176532964
 -2.098359080293020 1.581437798210561
 -2.069817575203856 1.594452465074065
 -2.040520130214571 1.608689312076783
 -2.010466318613911 1.623883466173084
 -1.980021632121836 1.636750692267275
 -1.949235434843102 1.647121983190786
 -1.917730149454602 1.658313982802781
 -1.885386962435786 1.670870493463991
 -1.852569023894293 1.681391263926528
 -1.819445892645680 1.688846381227064
 -1.785653879169142 1.696588272844826
 -1.750946288841327 1.706053336201980
 -1.715653266019422 1.713866345271476
 -1.680073511199767 1.718043122000665
 -1.643890577592591 1.721813337885485
 -1.606720054144810 1.727598708837920
 -1.568820225394547 1.732212551212671
 -1.530628022059491 1.732602912803350
 -1.491918628191502 1.731684343306435
 -1.452159889314373 1.732980028085863
 -1.411484277369841 1.733690152618103
 -1.370476671969583 1.729534544475664
 -1.329070393652002 1.722860383642012
 -1.286576009795985 1.718460513749537
 -1.242915877774176 1.714180241224745
 -1.198834597523657 1.704242591388653
 -1.154541686846589 1.690052634384787
 -1.109187277182839 1.677956018877799
 -1.062329911475149 1.666814537905082
 -1.014893920300687 1.648808156287439
 -0.9676369820461628 1.623720854278496
 -0.9195955509316520 1.600006959766062
 -0.8696254554822898 1.578135847100881
 -0.8189230034676007 1.546776410849855
 -0.7698009845032091 1.502370191138805
 -0.7217835103593953 1.456754982533407
 -0.6723302712594983 1.412660862555149
 -0.6250669285784960 1.348314299230859
 -0.5967358841240431 1.250133119915364
 -0.6109612578629294 1.151840859071749
 -0.6794245904972380 1.109181063962382
 -0.7865000042617084 1.128573749452717
 -0.8439453085581807 1.198349467279652
 -0.8863364690184303 1.268312499263996
 -0.9106317151926222 1.337286114442112
 -0.9240252223720271 1.403404526002882
 -0.9330157378060980 1.465832857251958
 -0.9380941713415422 1.525131590923179
 -0.9379815629549905 1.582036667592266
 -0.9340464243421736 1.636601494802328
 -0.9285775408807242 1.688669485828175
 -0.9216421390649047 1.738513172234202
 -0.9121166300375926 1.786574537328838
 -0.9003556148129913 1.832937359497694
 -0.8877404256627133 1.877470270936268
 -0.8744511989211378 1.920284061571028
 -0.8595962237838897 1.961674372699111
 -0.8431483801338667 2.001729043777333
 -0.8260792637302456 2.040333203854026
 -0.8086853257152191 2.077516262787054
 -0.7902719157867526 2.113491174540975
 -0.7706152845886406 2.148351329232934
 -0.7504279036207264 2.182001119243691
 -0.7300913487584172 2.214423877698026
 -0.7090798511901559 2.245777510372474
 -0.6870556478632198 2.276160509798720
 -0.6645356422220209 2.305497516393668
 -0.6419572814195591 2.333743995217120
 -0.6189444412582663 2.361016813088066
 -0.5950931895736976 2.387417836780051
 -0.5707581253509881 2.412891710649365
 -0.5464076440208914 2.437376883206880
 -0.5218012800275096 2.460957466092101
 -0.4965018962994802 2.483736566239472
 -0.4707225431740482 2.505677803518171
 -0.4449410262657698 2.526709784146482
 -0.4190412315008212 2.546889676431522
 -0.3925783217539555 2.566319773656982
 -0.3656389872784970 2.584980876194416
 -0.3386913676764515 2.602796695785719
 -0.3117335964221334 2.619802534205545
 -0.2843344526724521 2.636098336769860
 -0.2564670014898727 2.651679011026232
 -0.2285724928382116 2.666466379535347
 -0.2007537211868247 2.680479987334463
 -0.1726119655722026 2.693817297164678
 -0.1440183577688981 2.706480592147768
 -0.1153714861373562 2.718389407061907
 -8.687025144143695E-02 2.729560377507361
 -5.816658108797623E-02 2.740092636036657
 -2.903893416205084E-02 2.749965144829660
 1.728475339659041E-04 2.759081905819857
 2.916366563842621E-02 2.767624271016799
 5.843459480099811E-02 2.775308200668913
 8.776988049199530E-02 2.782489215990126
 0.1171878331741771 2.788935088584800
 0.1466688944804178 2.794676158706643
 0.1761947411240563 2.799789878238433
 0.2057612258836901 2.804265372339377
 0.2353611462329095 2.808057241277392
 0.2649771301165624 2.811172058603482
 0.2945951231065067 2.813647341622672
 0.3242098830954034 2.815485899905091
 0.3538130889546196 2.816661075334490
 0.3833883009651009 2.817169677663496
 0.4129220075825770 2.817036549290125
 0.4424087687811427 2.816271049823156
 0.4718406923541505 2.814855896751810
 0.5012018441693153 2.812783152027252
 0.5304783708412044 2.810070201529812
 0.5596647524530398 2.806730318098400
 0.5887540317833646 2.802753163617976
 0.6177307189801338 2.798128364385196
 0.6465801880932556 2.792867638256795
 0.6752967497410178 2.786986695342876
 0.7038746752252034 2.780481242209819
 0.7322990147745729 2.773339894236170
 0.7605540646654130 2.765569429431918
 0.7886337721513523 2.757186900574695
 0.8165338801783529 2.748193689530232
 0.8442401703639159 2.738578475623914
 0.8717355616824178 2.728343349412225
 0.8990133434593478 2.717505719726846
 0.9260709928184571 2.706072540566386
 0.9528953009961589 2.694033503889807
 0.9794674148478348 2.681385931209787
 1.005779521522427 2.668146544116159
 1.031831196121166 2.654328002648285
 1.057610641542037 2.639921983274629
 1.083096573152355 2.624920529386431
 1.108279350390569 2.609338365552758
 1.133161301604486 2.593194399426832
 1.157732701573417 2.576483490195689
 1.181968486279197 2.559190981359786
 1.205855831297637 2.541327540471017
 1.229401416084592 2.522919983113213
 1.252598995588620 2.503968293282183
 1.275416171842323 2.484446766787412
 1.297833854690180 2.464357552670621
 1.319869282077277 2.443742071881886
 1.341524491848962 2.422610246741316
 1.362743369370980 2.400903008898938
 1.383494823110692 2.378602974952317
 1.403920645992296 2.355901015503556
 1.424938933588107 2.332362583775698
 1.443404373328175 2.308671114873790
 1.461088135490527 2.284429636073864
 1.480445837629455 2.259381599539104
 1.499864606613568 2.233756406166177
 1.516650499737216 2.207845084067801
 1.532091033453573 2.181477484978554
 1.549037691062438 2.154328575764474
 1.566501176532964 2.126508618868137
 1.581437798210561 2.098359080293020
 1.594452465074065 2.069817575203856
 1.608689312076783 2.040520130214571
 1.623883466173084 2.010466318613911
 1.636750692267275 1.980021632121836
 1.647121983190786 1.949235434843102
 1.658313982802781 1.917730149454602
 1.670870493463991 1.885386962435786
 1.681391263926528 1.852569023894293
 1.688846381227064 1.819445892645680
 1.696588272844826 1.785653879169142
 1.706053336201980 1.750946288841327
 1.713866345271476 1.715653266019422
 1.718043122000665 1.680073511199767
 1.721813337885485 1.643890577592591
 1.727598708837920 1.606720054144810
 1.732212551212671 1.568820225394547
 1.732602912803350 1.530628022059491
 1.731684343306435 1.491918628191502
 1.732980028085863 1.452159889314373
 1.733690152618103 1.411484277369841
 1.729534544475664 1.370476671969583
 1.722860383642012 1.329070393652002
 1.718460513749537 1.286576009795985
 1.714180241224745 1.242915877774176
 1.704242591388653 1.198834597523657
 1.690052634384787 1.154541686846589
 1.677956018877799 1.109187277182839
 1.666814537905082 1.062329911475149
 1.648808156287439 1.014893920300687
 1.623720854278496 0.9676369820461628
 1.600006959766062 0.9195955509316520
 1.578135847100881 0.8696254554822898
 1.546776410849855 0.8189230034676007
 1.502370191138805 0.7698009845032091
 1.456754982533407 0.7217835103593953
 1.412660862555149 0.6723302712594983
 1.348314299230859 0.6250669285784960
 1.250133119915364 0.5967358841240431
 1.151840859071749 0.6109612578629294
 1.109181063962382 0.6794245904972380
 1.128573749452717 0.7865000042617084
 1.198349467279652 0.8439453085581807
 1.268312499263996 0.8863364690184303
 1.337286114442112 0.9106317151926222
 1.403404526002882 0.9240252223720271
 1.465832857251958 0.9330157378060980
 1.525131590923179 0.9380941713415422
 1.582036667592266 0.9379815629549905
 1.636601494802328 0.9340464243421736
 1.688669485828175 0.9285775408807242
 1.738513172234202 0.9216421390649047
 1.786574537328838 0.9121166300375926
 1.832937359497694 0.9003556148129913
 1.877470270936268 0.8877404256627133
 1.920284061571028 0.8744511989211378
 1.961674372699111 0.8595962237838897
 2.001729043777333 0.8431483801338667
 2.040333203854026 0.8260792637302456
 2.077516262787054 0.8086853257152191
 2.113491174540975 0.7902719157867526
 2.148351329232934 0.7706152845886406
 2.182001119243691 0.7504279036207264
 2.214423877698026 0.7300913487584172
 2.245777510372474 0.7090798511901559
 2.276160509798720 0.6870556478632198
 2.305497516393668 0.6645356422220209
 2.333743995217120 0.6419572814195591
 2.361016813088066 0.6189444412582663
 2.387417836780051 0.5950931895736976
 2.412891710649365 0.5707581253509881
 2.437376883206880 0.5464076440208914
 2.460957466092101 0.5218012800275096
 2.483736566239472 0.4965018962994802
 2.505677803518171 0.4707225431740482
 2.526709784146482 0.4449410262657698
 2.546889676431522 0.4190412315008212
 2.566319773656982 0.3925783217539555
 2.584980876194416 0.3656389872784970
 2.602796695785719 0.3386913676764515
 2.619802534205545 0.3117335964221334
 2.636098336769860 0.2843344526724521
 2.651679011026232 0.2564670014898727
 2.666466379535347 0.2285724928382116
 2.680479987334463 0.2007537211868247
 2.693817297164678 0.1726119655722026
 2.706480592147768 0.1440183577688981
 2.718389407061907 0.1153714861373562
 2.729560377507361 8.687025144143695E-02
 2.740092636036657 5.816658108797623E-02
 2.749965144829660 2.903893416205084E-02
 2.759081905819857 -1.728475339659041E-04
 2.767624271016799 -2.916366563842621E-02
 2.775308200668913 -5.843459480099811E-02
 2.782489215990126 -8.776988049199530E-02
 2.788935088584800 -0.1171878331741771
 2.794676158706643 -0.1466688944804178
 2.799789878238433 -0.1761947411240563
 2.804265372339377 -0.2057612258836901
 2.808057241277392 -0.2353611462329095
 2.811172058603482 -0.2649771301165624
 2.813647341622672 -0.2945951231065067
 2.815485899905091 -0.3242098830954034
 2.816661075334490 -0.3538130889546196
 2.817169677663496 -0.3833883009651009
 2.817036549290125 -0.4129220075825770
 2.816271049823156 -0.4424087687811427
 2.814855896751810 -0.4718406923541505
 2.812783152027252 -0.5012018441693153
 2.810070201529812 -0.5304783708412044
 2.806730318098400 -0.5596647524530398
 2.802753163617976 -0.5887540317833646
 2.798128364385196 -0.6177307189801338
 2.792867638256795 -0.6465801880932556
 2.786986695342876 -0.6752967497410178
 2.780481242209819 -0.7038746752252034
 2.773339894236170 -0.7322990147745729
 2.765569429431918 -0.7605540646654130
 2.757186900574695 -0.7886337721513523
 2.748193689530232 -0.8165338801783529
 2.738578475623914 -0.8442401703639159
 2.728343349412225 -0.8717355616824178
 2.717505719726846 -0.8990133434593478
 2.706072540566386 -0.9260709928184571
 2.694033503889807 -0.9528953009961589
 2.681385931209787 -0.9794674148478348
 2.668146544116159 -1.005779521522427
 2.654328002648285 -1.031831196121166
 2.639921983274629 -1.057610641542037
 2.624920529386431 -1.083096573152355
 2.609338365552758 -1.108279350390569
 2.593194399426832 -1.133161301604486
 2.576483490195689 -1.157732701573417
 2.559190981359786 -1.181968486279197
 2.541327540471017 -1.205855831297637
 2.522919983113213 -1.229401416084592
 2.503968293282183 -1.252598995588620
 2.484446766787412 -1.275416171842323
 2.464357552670621 -1.297833854690180
 2.443742071881886 -1.319869282077277
 2.422610246741316 -1.341524491848962
 2.400903008898938 -1.362743369370980
 2.378602974952317 -1.383494823110692
 2.355901015503556 -1.403920645992296
 2.332362583775698 -1.424938933588107
 2.308671114873790 -1.443404373328175
 2.284429636073864 -1.461088135490527
 2.259381599539104 -1.480445837629455
 2.233756406166177 -1.499864606613568
 2.207845084067801 -1.516650499737216
 2.181477484978554 -1.532091033453573
 2.154328575764474 -1.549037691062438
 2.126508618868137 -1.566501176532964
 2.098359080293020 -1.581437798210561
 2.069817575203856 -1.594452465074065
 2.040520130214571 -1.608689312076783
 2.010466318613911 -1.623883466173084
 1.980021632121836 -1.636750692267275
 1.949235434843102 -1.647121983190786
 1.917730149454602 -1.658313982802781
 1.885386962435786 -1.670870493463991
 1.852569023894293 -1.681391263926528
 1.819445892645680 -1.688846381227064
 1.785653879169142 -1.696588272844826
 1.750946288841327 -1.706053336201980
 1.715653266019422 -1.713866345271476
 1.680073511199767 -1.718043122000665
 1.643890577592591 -1.721813337885485
 1.606720054144810 -1.727598708837920
 1.568820225394547 -1.732212551212671
 1.530628022059491 -1.732602912803350
 1.491918628191502 -1.731684343306435
 1.452159889314373 -1.732980028085863
 1.411484277369841 -1.733690152618103
 1.370476671969583 -1.729534544475664
 1.329070393652002 -1.722860383642012
 1.286576009795985 -1.718460513749537
 1.242915877774176 -1.714180241224745
 1.198834597523657 -1.704242591388653
 1.154541686846589 -1.690052634384787
 1.109187277182839 -1.677956018877799
 1.062329911475149 -1.666814537905082
 1.014893920300687 -1.648808156287439
 0.9676369820461628 -1.623720854278496
 0.9195955509316520 -1.600006959766062
 0.8696254554822898 -1.578135847100881
 0.8189230034676007 -1.546776410849855
 0.7698009845032091 -1.502370191138805
 0.7217835103593953 -1.456754982533407
 0.6723302712594983 -1.412660862555149
 0.6250669285784960 -1.348314299230859
 0.5967358841240431 -1.250133119915364
 0.6109612578629294 -1.151840859071749
 0.6794245904972380 -1.109181063962382
 0.7865000042617084 -1.128573749452717
 0.8439453085581807 -1.198349467279652
 0.8863364690184303 -1.268312499263996
 0.9106317151926222 -1.337286114442112
 0.9240252223720271 -1.403404526002882
 0.9330157378060980 -1.465832857251958
 0.9380941713415422 -1.525131590923179
 0.9379815629549905 -1.582036667592266
 0.9340464243421736 -1.636601494802328
 0.9285775408807242 -1.688669485828175
 0.9216421390649047 -1.738513172234202
 0.9121166300375926 -1.786574537328838
 0.9003556148129913 -1.832937359497694
 0.8877404256627133 -1.877470270936268
 0.8744511989211378 -1.920284061571028
 0.8595962237838897 -1.961674372699111
 0.8431483801338667 -2.001729043777333
 0.8260792637302456 -2.040333203854026
 0.8086853257152191 -2.077516262787054
 0.7902719157867526 -2.113491174540975
 0.7706152845886406 -2.148351329232934
 0.7504279036207264 -2.182001119243691
 0.7300913487584172 -2.214423877698026
 0.7090798511901559 -2.245777510372474
 0.6870556478632198 -2.276160509798720
 0.6645356422220209 -2.305497516393668
 0.6419572814195591 -2.333743995217120
 0.6189444412582663 -2.361016813088066
 0.5950931895736976 -2.387417836780051
 0.5707581253509881 -2.412891710649365
 0.5464076440208914 -2.437376883206880
 0.5218012800275096 -2.460957466092101
 0.4965018962994802 -2.483736566239472
 0.4707225431740482 -2.505677803518171
 0.4449410262657698 -2.526709784146482
 0.4190412315008212 -2.546889676431522
 0.3925783217539555 -2.566319773656982
 0.3656389872784970 -2.584980876194416
 0.3386913676764515 -2.602796695785719
 0.3117335964221334 -2.619802534205545
 0.2843344526724521 -2.636098336769860
 0.2564670014898727 -2.651679011026232
 0.2285724928382116 -2.666466379535347
 0.2007537211868247 -2.680479987334463
 0.1726119655722026 -2.693817297164678
 0.1440183577688981 -2.706480592147768
 0.1153714861373562 -2.718389407061907
 8.687025144143695E-02 -2.729560377507361
 5.816658108797623E-02 -2.740092636036657
 2.903893416205084E-02 -2.749965144829660
 -1.728475339659041E-04 -2.759081905819857
 -2.916366563842621E-02 -2.767624271016799
   
   
 #BODY NUMBER  2
 2.393781452078566 1.338309805231488
 2.400214607216657 1.307415781592012
 2.404360412672652 1.277665647799957
 2.407554260539769 1.247830030252743
 2.411794504083592 1.216458943229256
 2.415799054647592 1.184557490299356
 2.417380403468694 1.153724680554697
 2.417568498370425 1.123169403048428
 2.418670279761900 1.091184429179564
 2.419884123369826 1.058359897039885
 2.418744847901785 1.026513370690226
 2.415745127482789 0.9952883687890152
 2.413425876162293 0.9627976136609580
 2.411557493798375 0.9291731722860845
 2.407478495226144 0.8963736873265986
 2.401067197996577 0.8645264129355401
 2.395007111285460 0.8316460356296228
 2.389709774991550 0.7973577587013727
 2.382412060208745 0.7636762049933346
 2.372306815554896 0.7312631732288821
 2.362115483630955 0.6981274853042929
 2.352958673782772 0.6633372986976850
 2.342078426706001 0.6288661398228229
 2.327905744049587 0.5959647799239850
 2.313079379980005 0.5627443322943149
 2.299504396471240 0.5276610292403544
 2.284550186801699 0.4925318935561711
 2.265792148188361 0.4592612944461725
 2.245641946734897 0.4261972607398536
 2.226884673230614 0.3911173404601141
 2.207161853143119 0.3555361649355518
 2.183059188223464 0.3221003409817793
 2.156576056233788 0.2895785324994116
 2.131518465205549 0.2549772515081712
 2.105981574453054 0.2193066043070979
 2.075334677115825 0.1860999206968535
 2.040899358533334 0.1548361133448902
 2.007746177372595 0.1216063501559312
 1.974668688960595 8.659742158501171E-02
 1.935356709462249 5.451983898305468E-02
 1.890001999482830 2.613778095403585E-02
 1.845444448855142 -3.610371569073512E-03
 1.801518461953382 -3.595018732516386E-02
 1.749009167504291 -6.418008067853331E-02
 1.685991243666292 -8.451788713135222E-02
 1.622478577143184 -0.1032946352627585
 1.559565329534545 -0.1240753366335661
 1.480207899708985 -0.1328333104009385
 1.381014982021025 -0.1082781249564936
 1.303004074004491 -4.681245949848245E-02
 1.300291274036694 3.380842334525658E-02
 1.370623539201161 0.1168421090408501
 1.459773735554818 0.1317033429762550
 1.541559078809168 0.1334336488385616
 1.613439604831364 0.1199871416275506
 1.677396582490568 9.852705331029943E-02
 1.735956360985173 7.509890244478301E-02
 1.789849787524420 4.984758806229805E-02
 1.839074725330875 2.129752800432161E-02
 1.884361682541488 -9.392815606821814E-03
 1.926719443763168 -4.016300312769749E-02
 1.966417641501142 -7.109108048866297E-02
 2.003277250100000 -0.1033710958376116
 2.037548124277069 -0.1367378448808396
 2.069807162312217 -0.1699293748778132
 2.100240379263441 -0.2028450781500494
 2.128657952602278 -0.2364050195555338
 2.155122393471236 -0.2706766055330392
 2.180020018587603 -0.3047609739970755
 2.203524523206506 -0.3384160956564544
 2.225473005720072 -0.3723500323017633
 2.245834469664107 -0.4068032516181296
 2.264882352161478 -0.4411109313775964
 2.282793007212544 -0.4749342837409793
 2.299440300825411 -0.5088075907438726
 2.314740648508240 -0.5430726100362359
 2.328887238669857 -0.5772440103123571
 2.342060226497195 -0.6109206837548260
 2.354172759525574 -0.6444867968832094
 2.365111090886463 -0.6783430986000947
 2.375004580678735 -0.7121548193543437
 2.384034121464540 -0.7454855410593435
 2.392152323282495 -0.7785855688149896
 2.399229910821453 -0.8118850278972392
 2.405341903132553 -0.8451812212363423
 2.410665374194434 -0.8780246601411653
 2.415191776176438 -0.9105444865029340
 2.418787279098254 -0.9431770872145042
 2.421478600720569 -0.9758377865000144
 2.423433743274856 -1.008083019442557
 2.424682345731919 -1.039932053388119
 2.425095352852831 -1.071808309199443
 2.424654886975650 -1.103732566990465
 2.423513869433835 -1.135283604363446
 2.421740623960848 -1.166382171215183
 2.419220195284646 -1.197422301399647
 2.415890126533966 -1.228516739634702
 2.411880026962806 -1.259280065663639
 2.407303753805536 -1.289548344172254
 2.402073122074401 -1.319672581144854
 2.396059142025264 -1.349834117731670
 2.389348597794998 -1.379690643265325
 2.382251094011723 -1.409068610818752
 2.374270107710061 -1.438259943891971
 2.365821406557697 -1.467255554188255
 2.356694719633152 -1.495955184835690
 2.346926101550456 -1.524357067918343
 2.336591789250996 -1.552484060945872
 2.325684438457083 -1.580327134898792
 2.314168333110616 -1.607857352340220
 2.302057852101331 -1.635062955404579
 2.289392513582533 -1.661950531252575
 2.276177371766998 -1.688516944871148
 2.262393500613153 -1.714741660893389
 2.248046357145255 -1.740608846981279
 2.233164211283214 -1.766119222993245
 2.217757888698952 -1.791272757533044
 2.201816368402419 -1.816053974493838
 2.185340742907810 -1.840445105487863
 2.168352995521872 -1.864442846071571
 2.150867380818672 -1.888049052276262
 2.132878424338688 -1.911252529913893
 2.114384887117313 -1.934034677527420
 2.095404230091205 -1.956388687600878
 2.075952903305664 -1.978317488040222
 2.056030052887214 -1.999813970930457
 2.035633294350085 -2.020859497079181
 2.014776349484970 -2.041443855667719
 1.993477012803689 -2.061570331252768
 1.971738609564089 -2.081235928050249
 1.949558444965614 -2.100422672242411
 1.926946869996101 -2.119116816505383
 1.903922316483289 -2.137321253640403
 1.880492068204758 -2.155037275771853
 1.856653802516897 -2.172248289754396
 1.832414626353952 -2.188936629042190
 1.807792927463038 -2.205103888302659
 1.782799882209241 -2.220756029582355
 1.757434180753808 -2.235878674525477
 1.731699574787768 -2.250449411795026
 1.705613636442769 -2.264467254704327
 1.679191576052923 -2.277943673488341
 1.652433804153953 -2.290867675452412
 1.625340159854003 -2.303210226270316
 1.597926293736109 -2.314965553440864
 1.570212089049153 -2.326152849334426
 1.542200654458824 -2.336766697575709
 1.513885928466850 -2.346766188606658
 1.485279317275715 -2.356135864388488
 1.456408073507892 -2.364911363894594
 1.427279771221986 -2.373099413110869
 1.397871313043486 -2.380621881163539
 1.368183190270602 -2.387443150294276
 1.338309805231488 -2.393781452078566
 1.307415781592012 -2.400214607216657
 1.277665647799957 -2.404360412672652
 1.247830030252743 -2.407554260539769
 1.216458943229256 -2.411794504083592
 1.184557490299356 -2.415799054647592
 1.153724680554697 -2.417380403468694
 1.123169403048428 -2.417568498370425
 1.091184429179564 -2.418670279761900
 1.058359897039885 -2.419884123369826
 1.026513370690226 -2.418744847901785
 0.9952883687890152 -2.415745127482789
 0.9627976136609580 -2.413425876162293
 0.9291731722860845 -2.411557493798375
 0.8963736873265986 -2.407478495226144
 0.8645264129355401 -2.401067197996577
 0.8316460356296228 -2.395007111285460
 0.7973577587013727 -2.389709774991550
 0.7636762049933346 -2.382412060208745
 0.7312631732288821 -2.372306815554896
 0.6981274853042929 -2.362115483630955
 0.6633372986976850 -2.352958673782772
 0.6288661398228229 -2.342078426706001
 0.5959647799239850 -2.327905744049587
 0.5627443322943149 -2.313079379980005
 0.5276610292403544 -2.299504396471240
 0.4925318935561711 -2.284550186801699
 0.4592612944461725 -2.265792148188361
 0.4261972607398536 -2.245641946734897
 0.3911173404601141 -2.226884673230614
 0.3555361649355518 -2.207161853143119
 0.3221003409817793 -2.183059188223464
 0.2895785324994116 -2.156576056233788
 0.2549772515081712 -2.131518465205549
 0.2193066043070979 -2.105981574453054
 0.1860999206968535 -2.075334677115825
 0.1548361133448902 -2.040899358533334
 0.1216063501559312 -2.007746177372595
 8.659742158501171E-02 -1.974668688960595
 5.451983898305468E-02 -1.935356709462249
 2.613778095403585E-02 -1.890001999482830
 -3.610371569073512E-03 -1.845444448855142
 -3.595018732516386E-02 -1.801518461953382
 -6.418008067853331E-02 -1.749009167504291
 -8.451788713135222E-02 -1.685991243666292
 -0.1032946352627585 -1.622478577143184
 -0.1240753366335661 -1.559565329534545
 -0.1328333104009385 -1.480207899708985
 -0.1082781249564936 -1.381014982021025
 -4.681245949848245E-02 -1.303004074004491
 3.380842334525658E-02 -1.300291274036694
 0.1168421090408501 -1.370623539201161
 0.1317033429762550 -1.459773735554818
 0.1334336488385616 -1.541559078809168
 0.1199871416275506 -1.613439604831364
 9.852705331029943E-02 -1.677396582490568
 7.509890244478301E-02 -1.735956360985173
 4.984758806229805E-02 -1.789849787524420
 2.129752800432161E-02 -1.839074725330875
 -9.392815606821814E-03 -1.884361682541488
 -4.016300312769749E-02 -1.926719443763168
 -7.109108048866297E-02 -1.966417641501142
 -0.1033710958376116 -2.003277250100000
 -0.1367378448808396 -2.037548124277069
 -0.1699293748778132 -2.069807162312217
 -0.2028450781500494 -2.100240379263441
 -0.2364050195555338 -2.128657952602278
 -0.2706766055330392 -2.155122393471236
 -0.3047609739970755 -2.180020018587603
 -0.3384160956564544 -2.203524523206506
 -0.3723500323017633 -2.225473005720072
 -0.4068032516181296 -2.245834469664107
 -0.4411109313775964 -2.264882352161478
 -0.4749342837409793 -2.282793007212544
 -0.5088075907438726 -2.299440300825411
 -0.5430726100362359 -2.314740648508240
 -0.5772440103123571 -2.328887238669857
 -0.6109206837548260 -2.342060226497195
 -0.6444867968832094 -2.354172759525574
 -0.6783430986000947 -2.365111090886463
 -0.7121548193543437 -2.375004580678735
 -0.7454855410593435 -2.384034121464540
 -0.7785855688149896 -2.392152323282495
 -0.8118850278972392 -2.399229910821453
 -0.8451812212363423 -2.405341903132553
 -0.8780246601411653 -2.410665374194434
 -0.9105444865029340 -2.415191776176438
 -0.9431770872145042 -2.418787279098254
 -0.9758377865000144 -2.421478600720569
 -1.008083019442557 -2.423433743274856
 -1.039932053388119 -2.424682345731919
 -1.071808309199443 -2.425095352852831
 -1.103732566990465 -2.424654886975650
 -1.135283604363446 -2.423513869433835
 -1.166382171215183 -2.421740623960848
 -1.197422301399647 -2.419220195284646
 -1.228516739634702 -2.415890126533966
 -1.259280065663639 -2.411880026962806
 -1.289548344172254 -2.407303753805536
 -1.319672581144854 -2.402073122074401
 -1.349834117731670 -2.396059142025264
 -1.379690643265325 -2.389348597794998
 -1.409068610818752 -2.382251094011723
 -1.438259943891971 -2.374270107710061
 -1.467255554188255 -2.365821406557697
 -1.495955184835690 -2.356694719633152
 -1.524357067918343 -2.346926101550456
 -1.552484060945872 -2.336591789250996
 -1.580327134898792 -2.325684438457083
 -1.607857352340220 -2.314168333110616
 -1.635062955404579 -2.302057852101331
 -1.661950531252575 -2.289392513582533
 -1.688516944871148 -2.276177371766998
 -1.714741660893389 -2.262393500613153
 -1.740608846981279 -2.248046357145255
 -1.766119222993245 -2.233164211283214
 -1.791272757533044 -2.217757888698952
 -1.816053974493838 -2.201816368402419
 -1.840445105487863 -2.185340742907810
 -1.864442846071571 -2.168352995521872
 -1.888049052276262 -2.150867380818672
 -1.911252529913893 -2.132878424338688
 -1.934034677527420 -2.114384887117313
 -1.956388687600878 -2.095404230091205
 -1.978317488040222 -2.075952903305664
 -1.999813970930457 -2.056030052887214
 -2.020859497079181 -2.035633294350085
 -2.041443855667719 -2.014776349484970
 -2.061570331252768 -1.993477012803689
 -2.081235928050249 -1.971738609564089
 -2.100422672242411 -1.949558444965614
 -2.119116816505383 -1.926946869996101
 -2.137321253640403 -1.903922316483289
 -2.155037275771853 -1.880492068204758
 -2.172248289754396 -1.856653802516897
 -2.188936629042190 -1.832414626353952
 -2.205103888302659 -1.807792927463038
 -2.220756029582355 -1.782799882209241
 -2.235878674525477 -1.757434180753808
 -2.250449411795026 -1.731699574787768
 -2.264467254704327 -1.705613636442769
 -2.277943673488341 -1.679191576052923
 -2.290867675452412 -1.652433804153953
 -2.303210226270316 -1.625340159854003
 -2.314965553440864 -1.597926293736109
 -2.326152849334426 -1.570212089049153
 -2.336766697575709 -1.542200654458824
 -2.346766188606658 -1.513885928466850
 -2.356135864388488 -1.485279317275715
 -2.364911363894594 -1.456408073507892
 -2.373099413110869 -1.427279771221986
 -2.380621881163539 -1.397871313043486
 -2.387443150294276 -1.368183190270602
 -2.393781452078566 -1.338309805231488
 -2.400214607216657 -1.307415781592012
 -2.404360412672652 -1.277665647799957
 -2.407554260539769 -1.247830030252743
 -2.411794504083592 -1.216458943229256
 -2.415799054647592 -1.184557490299356
 -2.417380403468694 -1.153724680554697
 -2.417568498370425 -1.123169403048428
 -2.418670279761900 -1.091184429179564
 -2.419884123369826 -1.058359897039885
 -2.418744847901785 -1.026513370690226
 -2.415745127482789 -0.9952883687890152
 -2.413425876162293 -0.9627976136609580
 -2.411557493798375 -0.9291731722860845
 -2.407478495226144 -0.8963736873265986
 -2.401067197996577 -0.8645264129355401
 -2.395007111285460 -0.8316460356296228
 -2.389709774991550 -0.7973577587013727
 -2.382412060208745 -0.7636762049933346
 -2.372306815554896 -0.7312631732288821
 -2.362115483630955 -0.6981274853042929
 -2.352958673782772 -0.6633372986976850
 -2.342078426706001 -0.6288661398228229
 -2.327905744049587 -0.5959647799239850
 -2.313079379980005 -0.5627443322943149
 -2.299504396471240 -0.5276610292403544
 -2.284550186801699 -0.4925318935561711
 -2.265792148188361 -0.4592612944461725
 -2.245641946734897 -0.4261972607398536
 -2.226884673230614 -0.3911173404601141
 -2.207161853143119 -0.3555361649355518
 -2.183059188223464 -0.3221003409817793
 -2.156576056233788 -0.2895785324994116
 -2.131518465205549 -0.2549772515081712
 -2.105981574453054 -0.2193066043070979
 -2.075334677115825 -0.1860999206968535
 -2.040899358533334 -0.1548361133448902
 -2.007746177372595 -0.1216063501559312
 -1.974668688960595 -8.659742158501171E-02
 -1.935356709462249 -5.451983898305468E-02
 -1.890001999482830 -2.613778095403585E-02
 -1.845444448855142 3.610371569073512E-03
 -1.801518461953382 3.595018732516386E-02
 -1.749009167504291 6.418008067853331E-02
 -1.685991243666292 8.451788713135222E-02
 -1.622478577143184 0.1032946352627585
 -1.559565329534545 0.1240753366335661
 -1.480207899708985 0.1328333104009385
 -1.381014982021025 0.1082781249564936
 -1.303004074004491 4.681245949848245E-02
 -1.300291274036694 -3.380842334525658E-02
 -1.370623539201161 -0.1168421090408501
 -1.459773735554818 -0.1317033429762550
 -1.541559078809168 -0.1334336488385616
 -1.613439604831364 -0.1199871416275506
 -1.677396582490568 -9.852705331029943E-02
 -1.735956360985173 -7.509890244478301E-02
 -1.789849787524420 -4.984758806229805E-02
 -1.839074725330875 -2.129752800432161E-02
 -1.884361682541488 9.392815606821814E-03
 -1.926719443763168 4.016300312769749E-02
 -1.966417641501142 7.109108048866297E-02
 -2.003277250100000 0.1033710958376116
 -2.037548124277069 0.1367378448808396
 -2.069807162312217 0.1699293748778132
 -2.100240379263441 0.2028450781500494
 -2.128657952602278 0.2364050195555338
 -2.155122393471236 0.2706766055330392
 -2.180020018587603 0.3047609739970755
 -2.203524523206506 0.3384160956564544
 -2.225473005720072 0.3723500323017633
 -2.245834469664107 0.4068032516181296
 -2.264882352161478 0.4411109313775964
 -2.282793007212544 0.4749342837409793
 -2.299440300825411 0.5088075907438726
 -2.314740648508240 0.5430726100362359
 -2.328887238669857 0.5772440103123571
 -2.342060226497195 0.6109206837548260
 -2.354172759525574 0.6444867968832094
 -2.365111090886463 0.6783430986000947
 -2.375004580678735 0.7121548193543437
 -2.384034121464540 0.7454855410593435
 -2.392152323282495 0.7785855688149896
 -2.399229910821453 0.8118850278972392
 -2.405341903132553 0.8451812212363423
 -2.410665374194434 0.8780246601411653
 -2.415191776176438 0.9105444865029340
 -2.418787279098254 0.9431770872145042
 -2.421478600720569 0.9758377865000144
 -2.423433743274856 1.008083019442557
 -2.424682345731919 1.039932053388119
 -2.425095352852831 1.071808309199443
 -2.424654886975650 1.103732566990465
 -2.423513869433835 1.135283604363446
 -2.421740623960848 1.166382171215183
 -2.419220195284646 1.197422301399647
 -2.415890126533966 1.228516739634702
 -2.411880026962806 1.259280065663639
 -2.407303753805536 1.289548344172254
 -2.402073122074401 1.319672581144854
 -2.396059142025264 1.349834117731670
 -2.389348597794998 1.379690643265325
 -2.382251094011723 1.409068610818752
 -2.374270107710061 1.438259943891971
 -2.365821406557697 1.467255554188255
 -2.356694719633152 1.495955184835690
 -2.346926101550456 1.524357067918343
 -2.336591789250996 1.552484060945872
 -2.325684438457083 1.580327134898792
 -2.314168333110616 1.607857352340220
 -2.302057852101331 1.635062955404579
 -2.289392513582533 1.661950531252575
 -2.276177371766998 1.688516944871148
 -2.262393500613153 1.714741660893389
 -2.248046357145255 1.740608846981279
 -2.233164211283214 1.766119222993245
 -2.217757888698952 1.791272757533044
 -2.201816368402419 1.816053974493838
 -2.185340742907810 1.840445105487863
 -2.168352995521872 1.864442846071571
 -2.150867380818672 1.888049052276262
 -2.132878424338688 1.911252529913893
 -2.114384887117313 1.934034677527420
 -2.095404230091205 1.956388687600878
 -2.075952903305664 1.978317488040222
 -2.056030052887214 1.999813970930457
 -2.035633294350085 2.020859497079181
 -2.014776349484970 2.041443855667719
 -1.993477012803689 2.061570331252768
 -1.971738609564089 2.081235928050249
 -1.949558444965614 2.100422672242411
 -1.926946869996101 2.119116816505383
 -1.903922316483289 2.137321253640403
 -1.880492068204758 2.155037275771853
 -1.856653802516897 2.172248289754396
 -1.832414626353952 2.188936629042190
 -1.807792927463038 2.205103888302659
 -1.782799882209241 2.220756029582355
 -1.757434180753808 2.235878674525477
 -1.731699574787768 2.250449411795026
 -1.705613636442769 2.264467254704327
 -1.679191576052923 2.277943673488341
 -1.652433804153953 2.290867675452412
 -1.625340159854003 2.303210226270316
 -1.597926293736109 2.314965553440864
 -1.570212089049153 2.326152849334426
 -1.542200654458824 2.336766697575709
 -1.513885928466850 2.346766188606658
 -1.485279317275715 2.356135864388488
 -1.456408073507892 2.364911363894594
 -1.427279771221986 2.373099413110869
 -1.397871313043486 2.380621881163539
 -1.368183190270602 2.387443150294276
 -1.338309805231488 2.393781452078566
 -1.307415781592012 2.400214607216657
 -1.277665647799957 2.404360412672652
 -1.247830030252743 2.407554260539769
 -1.216458943229256 2.411794504083592
 -1.184557490299356 2.415799054647592
 -1.153724680554697 2.417380403468694
 -1.123169403048428 2.417568498370425
 -1.091184429179564 2.418670279761900
 -1.058359897039885 2.419884123369826
 -1.026513370690226 2.418744847901785
 -0.9952883687890152 2.415745127482789
 -0.9627976136609580 2.413425876162293
 -0.9291731722860845 2.411557493798375
 -0.8963736873265986 2.407478495226144
 -0.8645264129355401 2.401067197996577
 -0.8316460356296228 2.395007111285460
 -0.7973577587013727 2.389709774991550
 -0.7636762049933346 2.382412060208745
 -0.7312631732288821 2.372306815554896
 -0.6981274853042929 2.362115483630955
 -0.6633372986976850 2.352958673782772
 -0.6288661398228229 2.342078426706001
 -0.5959647799239850 2.327905744049587
 -0.5627443322943149 2.313079379980005
 -0.5276610292403544 2.299504396471240
 -0.4925318935561711 2.284550186801699
 -0.4592612944461725 2.265792148188361
 -0.4261972607398536 2.245641946734897
 -0.3911173404601141 2.226884673230614
 -0.3555361649355518 2.207161853143119
 -0.3221003409817793 2.183059188223464
 -0.2895785324994116 2.156576056233788
 -0.2549772515081712 2.131518465205549
 -0.2193066043070979 2.105981574453054
 -0.1860999206968535 2.075334677115825
 -0.1548361133448902 2.040899358533334
 -0.1216063501559312 2.007746177372595
 -8.659742158501171E-02 1.974668688960595
 -5.451983898305468E-02 1.935356709462249
 -2.613778095403585E-02 1.890001999482830
 3.610371569073512E-03 1.845444448855142
 3.595018732516386E-02 1.801518461953382
 6.418008067853331E-02 1.749009167504291
 8.451788713135222E-02 1.685991243666292
 0.1032946352627585 1.622478577143184
 0.1240753366335661 1.559565329534545
 0.1328333104009385 1.480207899708985
 0.1082781249564936 1.381014982021025
 4.681245949848245E-02 1.303004074004491
 -3.380842334525658E-02 1.300291274036694
 -0.1168421090408501 1.370623539201161
 -0.1317033429762550 1.459773735554818
 -0.1334336488385616 1.541559078809168
 -0.1199871416275506 1.613439604831364
 -9.852705331029943E-02 1.677396582490568
 -7.509890244478301E-02 1.735956360985173
 -4.984758806229805E-02 1.789849787524420
 -2.129752800432161E-02 1.839074725330875
 9.392815606821814E-03 1.884361682541488
 4.016300312769749E-02 1.926719443763168
 7.109108048866297E-02 1.966417641501142
 0.1033710958376116 2.003277250100000
 0.1367378448808396 2.037548124277069
 0.1699293748778132 2.069807162312217
 0.2028450781500494 2.100240379263441
 0.2364050195555338 2.128657952602278
 0.2706766055330392 2.155122393471236
 0.3047609739970755 2.180020018587603
 0.3384160956564544 2.203524523206506
 0.3723500323017633 2.225473005720072
 0.4068032516181296 2.245834469664107
 0.4411109313775964 2.264882352161478
 0.4749342837409793 2.282793007212544
 0.5088075907438726 2.299440300825411
 0.5430726100362359 2.314740648508240
 0.5772440103123571 2.328887238669857
 0.6109206837548260 2.342060226497195
 0.6444867968832094 2.354172759525574
 0.6783430986000947 2.365111090886463
 0.7121548193543437 2.375004580678735
 0.7454855410593435 2.384034121464540
 0.7785855688149896 2.392152323282495
 0.8118850278972392 2.399229910821453
 0.8451812212363423 2.405341903132553
 0.8780246601411653 2.410665374194434
 0.9105444865029340 2.415191776176438
 0.9431770872145042 2.418787279098254
 0.9758377865000144 2.421478600720569
 1.008083019442557 2.423433743274856
 1.039932053388119 2.424682345731919
 1.071808309199443 2.425095352852831
 1.103732566990465 2.424654886975650
 1.135283604363446 2.423513869433835
 1.166382171215183 2.421740623960848
 1.197422301399647 2.419220195284646
 1.228516739634702 2.415890126533966
 1.259280065663639 2.411880026962806
 1.289548344172254 2.407303753805536
 1.319672581144854 2.402073122074401
 1.349834117731670 2.396059142025264
 1.379690643265325 2.389348597794998
 1.409068610818752 2.382251094011723
 1.438259943891971 2.374270107710061
 1.467255554188255 2.365821406557697
 1.495955184835690 2.356694719633152
 1.524357067918343 2.346926101550456
 1.552484060945872 2.336591789250996
 1.580327134898792 2.325684438457083
 1.607857352340220 2.314168333110616
 1.635062955404579 2.302057852101331
 1.661950531252575 2.289392513582533
 1.688516944871148 2.276177371766998
 1.714741660893389 2.262393500613153
 1.740608846981279 2.248046357145255
 1.766119222993245 2.233164211283214
 1.791272757533044 2.217757888698952
 1.816053974493838 2.201816368402419
 1.840445105487863 2.185340742907810
 1.864442846071571 2.168352995521872
 1.888049052276262 2.150867380818672
 1.911252529913893 2.132878424338688
 1.934034677527420 2.114384887117313
 1.956388687600878 2.095404230091205
 1.978317488040222 2.075952903305664
 1.999813970930457 2.056030052887214
 2.020859497079181 2.035633294350085
 2.041443855667719 2.014776349484970
 2.061570331252768 1.993477012803689
 2.081235928050249 1.971738609564089
 2.100422672242411 1.949558444965614
 2.119116816505383 1.926946869996101
 2.137321253640403 1.903922316483289
 2.155037275771853 1.880492068204758
 2.172248289754396 1.856653802516897
 2.188936629042190 1.832414626353952
 2.205103888302659 1.807792927463038
 2.220756029582355 1.782799882209241
 2.235878674525477 1.757434180753808
 2.250449411795026 1.731699574787768
 2.264467254704327 1.705613636442769
 2.277943673488341 1.679191576052923
 2.290867675452412 1.652433804153953
 2.303210226270316 1.625340159854003
 2.314965553440864 1.597926293736109
 2.326152849334426 1.570212089049153
 2.336766697575709 1.542200654458824
 2.346766188606658 1.513885928466850
 2.356135864388488 1.485279317275715
 2.364911363894594 1.456408073507892
 2.373099413110869 1.427279771221986
 2.380621881163539 1.397871313043486
 2.387443150294276 1.368183190270602
 2.393781452078566 1.338309805231488
   
   
 #BODY NUMBER  3
 -1.245415858493567 0.5841235349394529
 -1.330052810255907 0.6158284269966373
 -1.401746148102558 0.6552226097907377
 -1.457273256069662 0.7028078896387416
 -1.501931579313181 0.7533713601185409
 -1.540931759696741 0.8029406231790750
 -1.574979178985477 0.8517556161828779
 -1.603334195596587 0.9010931623758844
 -1.627208679195506 0.9503152581993147
 -1.648506482700478 0.9981419028824438
 -1.667422091745538 1.044775502436237
 -1.683203441491226 1.091160620062407
 -1.696199514616854 1.137192509464077
 -1.707540896058455 1.182066736649504
 -1.717438983420979 1.225789180342303
 -1.725269353143577 1.269061728818388
 -1.731052438244294 1.311974013337370
 -1.735572229856951 1.353940754857358
 -1.739100167130600 1.394839197491287
 -1.741141142239212 1.435201089933319
 -1.741548077614805 1.475219185075467
 -1.740890187866095 1.514454448540752
 -1.739489593957046 1.552701658454127
 -1.736969919628601 1.590360449635255
 -1.733087899762484 1.627685000645020
 -1.728253506081311 1.664351596447836
 -1.722823311462294 1.700102945077636
 -1.716530016204857 1.735228318267308
 -1.709074738179956 1.770017901312766
 -1.700736891295021 1.804246455327747
 -1.691891342147536 1.837626477443649
 -1.682371897277111 1.870351043254986
 -1.671851538342233 1.902728014521973
 -1.660496582281828 1.934619359958505
 -1.648685124005317 1.965724347928664
 -1.636345189928588 1.996150544675617
 -1.623142686442477 2.026208957344299
 -1.609143089694402 2.055839613442072
 -1.594713676343162 2.084742375598404
 -1.579870480817426 2.112948749309786
 -1.564290027570418 2.140760900180379
 -1.547946444035767 2.168187885485777
 -1.531182775171902 2.194941376595624
 -1.514097816119280 2.220986902774023
 -1.496394995765031 2.246608229712444
 -1.477963852513066 2.271871768765068
 -1.459109341398268 2.296508540825450
 -1.440012033335107 2.320433502364099
 -1.420420054891804 2.343906540986425
 -1.400131027097990 2.367020207863213
 -1.379391262554533 2.389521445328963
 -1.358555660198047 2.411414759650149
 -1.337048256776942 2.432704702511058
 -1.315233661801871 2.453591287049693
 -1.292979903749110 2.473882552807329
 -1.270319090788300 2.493594996030874
 -1.247305817292561 2.512786530375052
 -1.223938237440585 2.531445664340773
 -1.200199888937172 2.549529479343525
 -1.176109103198903 2.567034982217894
 -1.151696810370097 2.583987636689040
 -1.126968955033943 2.600387254862402
 -1.101919414441101 2.616206589567773
 -1.076560830682216 2.631434658110356
 -1.050917326296880 2.646086218865791
 -1.024998292290112 2.660166657480095
 -0.9988019222579726 2.673657060756570
 -0.9723380465393894 2.686542587077125
 -0.9456273554582406 2.698831366363077
 -0.9186812658221379 2.710532133271712
 -0.8915006337040834 2.721632456122053
 -0.8640936868577758 2.732115606097447
 -0.8364789506559174 2.741984418184460
 -0.8086692073026541 2.751249653046682
 -0.7806672712793621 2.759904728112418
 -0.7524803971569887 2.767932309124658
 -0.7241255737641983 2.775330414150383
 -0.6956165693219276 2.782110784955042
 -0.6669577614799833 2.788272489742442
 -0.6381558033815031 2.793798615329530
 -0.6092265329068420 2.798682431678519
 -0.5801844660864428 2.802935659942637
 -0.5510352647945327 2.806563061023215
 -0.5217852141354107 2.809549103513056
 -0.4924493021675971 2.811882041201787
 -0.4630426558135006 2.813572448985465
 -0.4335719730659295 2.814631078330406
 -0.4040433087491522 2.815044822295845
 -0.3744711175914048 2.814796147940124
 -0.3448711108484304 2.813892986833339
 -0.3152507259384902 2.812352877657410
 -0.2856158147432772 2.810166505727370
 -0.2559807550894690 2.807308646133200
 -0.2263619870301530 2.803782125033745
 -0.1967671337787866 2.799613505133746
 -0.1672015957064745 2.794799650047444
 -0.1376805781807546 2.789302100309174
 -0.1082216882821323 2.783113171965895
 -7.883070798729164E-02 2.776277355585169
 -4.951083363044684E-02 2.768804263070948
 -2.028112773539892E-02 2.760614682414466
 8.840175341958911E-03 2.751678013381293
 3.788043657501006E-02 2.742230451223784
 6.785202344095886E-02 2.732354715180119
 9.568929779886214E-02 2.721070021128132
 0.1231246244659042 2.708918165743270
 0.1524129045444886 2.696904780858711
 0.1820426484814149 2.684422096912924
 0.2095353194008928 2.670375180291914
 0.2360910133918711 2.655260436502000
 0.2643417039974256 2.640222120242003
 0.2933755045016898 2.624861073572849
 0.3203857676087648 2.607951168900787
 0.3459275522789322 2.589740833863080
 0.3729057459477213 2.571486925737741
 0.4010911751844634 2.553056638459169
 0.4274568631043084 2.533124379593874
 0.4518317631534750 2.511648396126326
 0.4772769618308583 2.489960018432404
 0.5043228125557638 2.468228252165364
 0.5298430363144525 2.445067468919862
 0.5528609229092154 2.420109554455946
 0.5764616044618124 2.394715758149119
 0.6020123849414447 2.369390634899665
 0.6264251606865791 2.342732485094299
 0.6478322328498204 2.314007901924650
 0.6691888023874141 2.284557670179800
 0.6927843423264296 2.255259738078275
 0.7157299614071525 2.224744444768842
 0.7351641261288704 2.191864207249523
 0.7537233185433950 2.157881604046289
 0.7747247839162411 2.124097368545978
 0.7956775757732772 2.089226317553655
 0.8125825162538811 2.051634885457444
 0.8275056625817858 2.012438916141424
 0.8449424554095641 1.973437765257708
 0.8630656966788787 1.933486845531843
 0.8765000795921678 1.890342512085506
 0.8863576716867453 1.844888747729677
 0.8985589001897553 1.799562369033730
 0.9123387774854467 1.753411959490093
 0.9204627891615618 1.703327995270494
 0.9223650174366669 1.649858635232532
 0.9258488979234897 1.596396588196988
 0.9318930064710923 1.542185659775717
 0.9300861640366902 1.482596330171322
 0.9161902591630831 1.417852304007452
 0.9006950667837889 1.353460347270648
 0.8872350582750469 1.288585525921583
 0.8551409711304889 1.215480988829920
 0.7842790978969819 1.141854994958871
 0.6920428161415615 1.105028399573267
 0.6208666835394561 1.142989487307638
 0.5841235349394529 1.245415858493567
 0.6158284269966373 1.330052810255907
 0.6552226097907377 1.401746148102558
 0.7028078896387416 1.457273256069662
 0.7533713601185409 1.501931579313181
 0.8029406231790750 1.540931759696741
 0.8517556161828779 1.574979178985477
 0.9010931623758844 1.603334195596587
 0.9503152581993147 1.627208679195506
 0.9981419028824438 1.648506482700478
 1.044775502436237 1.667422091745538
 1.091160620062407 1.683203441491226
 1.137192509464077 1.696199514616854
 1.182066736649504 1.707540896058455
 1.225789180342303 1.717438983420979
 1.269061728818388 1.725269353143577
 1.311974013337370 1.731052438244294
 1.353940754857358 1.735572229856951
 1.394839197491287 1.739100167130600
 1.435201089933319 1.741141142239212
 1.475219185075467 1.741548077614805
 1.514454448540752 1.740890187866095
 1.552701658454127 1.739489593957046
 1.590360449635255 1.736969919628601
 1.627685000645020 1.733087899762484
 1.664351596447836 1.728253506081311
 1.700102945077636 1.722823311462294
 1.735228318267308 1.716530016204857
 1.770017901312766 1.709074738179956
 1.804246455327747 1.700736891295021
 1.837626477443649 1.691891342147536
 1.870351043254986 1.682371897277111
 1.902728014521973 1.671851538342233
 1.934619359958505 1.660496582281828
 1.965724347928664 1.648685124005317
 1.996150544675617 1.636345189928588
 2.026208957344299 1.623142686442477
 2.055839613442072 1.609143089694402
 2.084742375598404 1.594713676343162
 2.112948749309786 1.579870480817426
 2.140760900180379 1.564290027570418
 2.168187885485777 1.547946444035767
 2.194941376595624 1.531182775171902
 2.220986902774023 1.514097816119280
 2.246608229712444 1.496394995765031
 2.271871768765068 1.477963852513066
 2.296508540825450 1.459109341398268
 2.320433502364099 1.440012033335107
 2.343906540986425 1.420420054891804
 2.367020207863213 1.400131027097990
 2.389521445328963 1.379391262554533
 2.411414759650149 1.358555660198047
 2.432704702511058 1.337048256776942
 2.453591287049693 1.315233661801871
 2.473882552807329 1.292979903749110
 2.493594996030874 1.270319090788300
 2.512786530375052 1.247305817292561
 2.531445664340773 1.223938237440585
 2.549529479343525 1.200199888937172
 2.567034982217894 1.176109103198903
 2.583987636689040 1.151696810370097
 2.600387254862402 1.126968955033943
 2.616206589567773 1.101919414441101
 2.631434658110356 1.076560830682216
 2.646086218865791 1.050917326296880
 2.660166657480095 1.024998292290112
 2.673657060756570 0.9988019222579726
 2.686542587077125 0.9723380465393894
 2.698831366363077 0.9456273554582406
 2.710532133271712 0.9186812658221379
 2.721632456122053 0.8915006337040834
 2.732115606097447 0.8640936868577758
 2.741984418184460 0.8364789506559174
 2.751249653046682 0.8086692073026541
 2.759904728112418 0.7806672712793621
 2.767932309124658 0.7524803971569887
 2.775330414150383 0.7241255737641983
 2.782110784955042 0.6956165693219276
 2.788272489742442 0.6669577614799833
 2.793798615329530 0.6381558033815031
 2.798682431678519 0.6092265329068420
 2.802935659942637 0.5801844660864428
 2.806563061023215 0.5510352647945327
 2.809549103513056 0.5217852141354107
 2.811882041201787 0.4924493021675971
 2.813572448985465 0.4630426558135006
 2.814631078330406 0.4335719730659295
 2.815044822295845 0.4040433087491522
 2.814796147940124 0.3744711175914048
 2.813892986833339 0.3448711108484304
 2.812352877657410 0.3152507259384902
 2.810166505727370 0.2856158147432772
 2.807308646133200 0.2559807550894690
 2.803782125033745 0.2263619870301530
 2.799613505133746 0.1967671337787866
 2.794799650047444 0.1672015957064745
 2.789302100309174 0.1376805781807546
 2.783113171965895 0.1082216882821323
 2.776277355585169 7.883070798729164E-02
 2.768804263070948 4.951083363044684E-02
 2.760614682414466 2.028112773539892E-02
 2.751678013381293 -8.840175341958911E-03
 2.742230451223784 -3.788043657501006E-02
 2.732354715180119 -6.785202344095886E-02
 2.721070021128132 -9.568929779886214E-02
 2.708918165743270 -0.1231246244659042
 2.696904780858711 -0.1524129045444886
 2.684422096912924 -0.1820426484814149
 2.670375180291914 -0.2095353194008928
 2.655260436502000 -0.2360910133918711
 2.640222120242003 -0.2643417039974256
 2.624861073572849 -0.2933755045016898
 2.607951168900787 -0.3203857676087648
 2.589740833863080 -0.3459275522789322
 2.571486925737741 -0.3729057459477213
 2.553056638459169 -0.4010911751844634
 2.533124379593874 -0.4274568631043084
 2.511648396126326 -0.4518317631534750
 2.489960018432404 -0.4772769618308583
 2.468228252165364 -0.5043228125557638
 2.445067468919862 -0.5298430363144525
 2.420109554455946 -0.5528609229092154
 2.394715758149119 -0.5764616044618124
 2.369390634899665 -0.6020123849414447
 2.342732485094299 -0.6264251606865791
 2.314007901924650 -0.6478322328498204
 2.284557670179800 -0.6691888023874141
 2.255259738078275 -0.6927843423264296
 2.224744444768842 -0.7157299614071525
 2.191864207249523 -0.7351641261288704
 2.157881604046289 -0.7537233185433950
 2.124097368545978 -0.7747247839162411
 2.089226317553655 -0.7956775757732772
 2.051634885457444 -0.8125825162538811
 2.012438916141424 -0.8275056625817858
 1.973437765257708 -0.8449424554095641
 1.933486845531843 -0.8630656966788787
 1.890342512085506 -0.8765000795921678
 1.844888747729677 -0.8863576716867453
 1.799562369033730 -0.8985589001897553
 1.753411959490093 -0.9123387774854467
 1.703327995270494 -0.9204627891615618
 1.649858635232532 -0.9223650174366669
 1.596396588196988 -0.9258488979234897
 1.542185659775717 -0.9318930064710923
 1.482596330171322 -0.9300861640366902
 1.417852304007452 -0.9161902591630831
 1.353460347270648 -0.9006950667837889
 1.288585525921583 -0.8872350582750469
 1.215480988829920 -0.8551409711304889
 1.141854994958871 -0.7842790978969819
 1.105028399573267 -0.6920428161415615
 1.142989487307638 -0.6208666835394561
 1.245415858493567 -0.5841235349394529
 1.330052810255907 -0.6158284269966373
 1.401746148102558 -0.6552226097907377
 1.457273256069662 -0.7028078896387416
 1.501931579313181 -0.7533713601185409
 1.540931759696741 -0.8029406231790750
 1.574979178985477 -0.8517556161828779
 1.603334195596587 -0.9010931623758844
 1.627208679195506 -0.9503152581993147
 1.648506482700478 -0.9981419028824438
 1.667422091745538 -1.044775502436237
 1.683203441491226 -1.091160620062407
 1.696199514616854 -1.137192509464077
 1.707540896058455 -1.182066736649504
 1.717438983420979 -1.225789180342303
 1.725269353143577 -1.269061728818388
 1.731052438244294 -1.311974013337370
 1.735572229856951 -1.353940754857358
 1.739100167130600 -1.394839197491287
 1.741141142239212 -1.435201089933319
 1.741548077614805 -1.475219185075467
 1.740890187866095 -1.514454448540752
 1.739489593957046 -1.552701658454127
 1.736969919628601 -1.590360449635255
 1.733087899762484 -1.627685000645020
 1.728253506081311 -1.664351596447836
 1.722823311462294 -1.700102945077636
 1.716530016204857 -1.735228318267308
 1.709074738179956 -1.770017901312766
 1.700736891295021 -1.804246455327747
 1.691891342147536 -1.837626477443649
 1.682371897277111 -1.870351043254986
 1.671851538342233 -1.902728014521973
 1.660496582281828 -1.934619359958505
 1.648685124005317 -1.965724347928664
 1.636345189928588 -1.996150544675617
 1.623142686442477 -2.026208957344299
 1.609143089694402 -2.055839613442072
 1.594713676343162 -2.084742375598404
 1.579870480817426 -2.112948749309786
 1.564290027570418 -2.140760900180379
 1.547946444035767 -2.168187885485777
 1.531182775171902 -2.194941376595624
 1.514097816119280 -2.220986902774023
 1.496394995765031 -2.246608229712444
 1.477963852513066 -2.271871768765068
 1.459109341398268 -2.296508540825450
 1.440012033335107 -2.320433502364099
 1.420420054891804 -2.343906540986425
 1.400131027097990 -2.367020207863213
 1.379391262554533 -2.389521445328963
 1.358555660198047 -2.411414759650149
 1.337048256776942 -2.432704702511058
 1.315233661801871 -2.453591287049693
 1.292979903749110 -2.473882552807329
 1.270319090788300 -2.493594996030874
 1.247305817292561 -2.512786530375052
 1.223938237440585 -2.531445664340773
 1.200199888937172 -2.549529479343525
 1.176109103198903 -2.567034982217894
 1.151696810370097 -2.583987636689040
 1.126968955033943 -2.600387254862402
 1.101919414441101 -2.616206589567773
 1.076560830682216 -2.631434658110356
 1.050917326296880 -2.646086218865791
 1.024998292290112 -2.660166657480095
 0.9988019222579726 -2.673657060756570
 0.9723380465393894 -2.686542587077125
 0.9456273554582406 -2.698831366363077
 0.9186812658221379 -2.710532133271712
 0.8915006337040834 -2.721632456122053
 0.8640936868577758 -2.732115606097447
 0.8364789506559174 -2.741984418184460
 0.8086692073026541 -2.751249653046682
 0.7806672712793621 -2.759904728112418
 0.7524803971569887 -2.767932309124658
 0.7241255737641983 -2.775330414150383
 0.6956165693219276 -2.782110784955042
 0.6669577614799833 -2.788272489742442
 0.6381558033815031 -2.793798615329530
 0.6092265329068420 -2.798682431678519
 0.5801844660864428 -2.802935659942637
 0.5510352647945327 -2.806563061023215
 0.5217852141354107 -2.809549103513056
 0.4924493021675971 -2.811882041201787
 0.4630426558135006 -2.813572448985465
 0.4335719730659295 -2.814631078330406
 0.4040433087491522 -2.815044822295845
 0.3744711175914048 -2.814796147940124
 0.3448711108484304 -2.813892986833339
 0.3152507259384902 -2.812352877657410
 0.2856158147432772 -2.810166505727370
 0.2559807550894690 -2.807308646133200
 0.2263619870301530 -2.803782125033745
 0.1967671337787866 -2.799613505133746
 0.1672015957064745 -2.794799650047444
 0.1376805781807546 -2.789302100309174
 0.1082216882821323 -2.783113171965895
 7.883070798729164E-02 -2.776277355585169
 4.951083363044684E-02 -2.768804263070948
 2.028112773539892E-02 -2.760614682414466
 -8.840175341958911E-03 -2.751678013381293
 -3.788043657501006E-02 -2.742230451223784
 -6.785202344095886E-02 -2.732354715180119
 -9.568929779886214E-02 -2.721070021128132
 -0.1231246244659042 -2.708918165743270
 -0.1524129045444886 -2.696904780858711
 -0.1820426484814149 -2.684422096912924
 -0.2095353194008928 -2.670375180291914
 -0.2360910133918711 -2.655260436502000
 -0.2643417039974256 -2.640222120242003
 -0.2933755045016898 -2.624861073572849
 -0.3203857676087648 -2.607951168900787
 -0.3459275522789322 -2.589740833863080
 -0.3729057459477213 -2.571486925737741
 -0.4010911751844634 -2.553056638459169
 -0.4274568631043084 -2.533124379593874
 -0.4518317631534750 -2.511648396126326
 -0.4772769618308583 -2.489960018432404
 -0.5043228125557638 -2.468228252165364
 -0.5298430363144525 -2.445067468919862
 -0.5528609229092154 -2.420109554455946
 -0.5764616044618124 -2.394715758149119
 -0.6020123849414447 -2.369390634899665
 -0.6264251606865791 -2.342732485094299
 -0.6478322328498204 -2.314007901924650
 -0.6691888023874141 -2.284557670179800
 -0.6927843423264296 -2.255259738078275
 -0.7157299614071525 -2.224744444768842
 -0.7351641261288704 -2.191864207249523
 -0.7537233185433950 -2.157881604046289
 -0.7747247839162411 -2.124097368545978
 -0.7956775757732772 -2.089226317553655
 -0.8125825162538811 -2.051634885457444
 -0.8275056625817858 -2.012438916141424
 -0.8449424554095641 -1.973437765257708
 -0.8630656966788787 -1.933486845531843
 -0.8765000795921678 -1.890342512085506
 -0.8863576716867453 -1.844888747729677
 -0.8985589001897553 -1.799562369033730
 -0.9123387774854467 -1.753411959490093
 -0.9204627891615618 -1.703327995270494
 -0.9223650174366669 -1.649858635232532
 -0.9258488979234897 -1.596396588196988
 -0.9318930064710923 -1.542185659775717
 -0.9300861640366902 -1.482596330171322
 -0.9161902591630831 -1.417852304007452
 -0.9006950667837889 -1.353460347270648
 -0.8872350582750469 -1.288585525921583
 -0.8551409711304889 -1.215480988829920
 -0.7842790978969819 -1.141854994958871
 -0.6920428161415615 -1.105028399573267
 -0.6208666835394561 -1.142989487307638
 -0.5841235349394529 -1.245415858493567
 -0.6158284269966373 -1.330052810255907
 -0.6552226097907377 -1.401746148102558
 -0.7028078896387416 -1.457273256069662
 -0.7533713601185409 -1.501931579313181
 -0.8029406231790750 -1.540931759696741
 -0.8517556161828779 -1.574979178985477
 -0.9010931623758844 -1.603334195596587
 -0.9503152581993147 -1.627208679195506
 -0.9981419028824438 -1.648506482700478
 -1.044775502436237 -1.667422091745538
 -1.091160620062407 -1.683203441491226
 -1.137192509464077 -1.696199514616854
 -1.182066736649504 -1.707540896058455
 -1.225789180342303 -1.717438983420979
 -1.269061728818388 -1.725269353143577
 -1.311974013337370 -1.731052438244294
 -1.353940754857358 -1.735572229856951
 -1.394839197491287 -1.739100167130600
 -1.435201089933319 -1.741141142239212
 -1.475219185075467 -1.741548077614805
 -1.514454448540752 -1.740890187866095
 -1.552701658454127 -1.739489593957046
 -1.590360449635255 -1.736969919628601
 -1.627685000645020 -1.733087899762484
 -1.664351596447836 -1.728253506081311
 -1.700102945077636 -1.722823311462294
 -1.735228318267308 -1.716530016204857
 -1.770017901312766 -1.709074738179956
 -1.804246455327747 -1.700736891295021
 -1.837626477443649 -1.691891342147536
 -1.870351043254986 -1.682371897277111
 -1.902728014521973 -1.671851538342233
 -1.934619359958505 -1.660496582281828
 -1.965724347928664 -1.648685124005317
 -1.996150544675617 -1.636345189928588
 -2.026208957344299 -1.623142686442477
 -2.055839613442072 -1.609143089694402
 -2.084742375598404 -1.594713676343162
 -2.112948749309786 -1.579870480817426
 -2.140760900180379 -1.564290027570418
 -2.168187885485777 -1.547946444035767
 -2.194941376595624 -1.531182775171902
 -2.220986902774023 -1.514097816119280
 -2.246608229712444 -1.496394995765031
 -2.271871768765068 -1.477963852513066
 -2.296508540825450 -1.459109341398268
 -2.320433502364099 -1.440012033335107
 -2.343906540986425 -1.420420054891804
 -2.367020207863213 -1.400131027097990
 -2.389521445328963 -1.379391262554533
 -2.411414759650149 -1.358555660198047
 -2.432704702511058 -1.337048256776942
 -2.453591287049693 -1.315233661801871
 -2.473882552807329 -1.292979903749110
 -2.493594996030874 -1.270319090788300
 -2.512786530375052 -1.247305817292561
 -2.531445664340773 -1.223938237440585
 -2.549529479343525 -1.200199888937172
 -2.567034982217894 -1.176109103198903
 -2.583987636689040 -1.151696810370097
 -2.600387254862402 -1.126968955033943
 -2.616206589567773 -1.101919414441101
 -2.631434658110356 -1.076560830682216
 -2.646086218865791 -1.050917326296880
 -2.660166657480095 -1.024998292290112
 -2.673657060756570 -0.9988019222579726
 -2.686542587077125 -0.9723380465393894
 -2.698831366363077 -0.9456273554582406
 -2.710532133271712 -0.9186812658221379
 -2.721632456122053 -0.8915006337040834
 -2.732115606097447 -0.8640936868577758
 -2.741984418184460 -0.8364789506559174
 -2.751249653046682 -0.8086692073026541
 -2.759904728112418 -0.7806672712793621
 -2.767932309124658 -0.7524803971569887
 -2.775330414150383 -0.7241255737641983
 -2.782110784955042 -0.6956165693219276
 -2.788272489742442 -0.6669577614799833
 -2.793798615329530 -0.6381558033815031
 -2.798682431678519 -0.6092265329068420
 -2.802935659942637 -0.5801844660864428
 -2.806563061023215 -0.5510352647945327
 -2.809549103513056 -0.5217852141354107
 -2.811882041201787 -0.4924493021675971
 -2.813572448985465 -0.4630426558135006
 -2.814631078330406 -0.4335719730659295
 -2.815044822295845 -0.4040433087491522
 -2.814796147940124 -0.3744711175914048
 -2.813892986833339 -0.3448711108484304
 -2.812352877657410 -0.3152507259384902
 -2.810166505727370 -0.2856158147432772
 -2.807308646133200 -0.2559807550894690
 -2.803782125033745 -0.2263619870301530
 -2.799613505133746 -0.1967671337787866
 -2.794799650047444 -0.1672015957064745
 -2.789302100309174 -0.1376805781807546
 -2.783113171965895 -0.1082216882821323
 -2.776277355585169 -7.883070798729164E-02
 -2.768804263070948 -4.951083363044684E-02
 -2.760614682414466 -2.028112773539892E-02
 -2.751678013381293 8.840175341958911E-03
 -2.742230451223784 3.788043657501006E-02
 -2.732354715180119 6.785202344095886E-02
 -2.721070021128132 9.568929779886214E-02
 -2.708918165743270 0.1231246244659042
 -2.696904780858711 0.1524129045444886
 -2.684422096912924 0.1820426484814149
 -2.670375180291914 0.2095353194008928
 -2.655260436502000 0.2360910133918711
 -2.640222120242003 0.2643417039974256
 -2.624861073572849 0.2933755045016898
 -2.607951168900787 0.3203857676087648
 -2.589740833863080 0.3459275522789322
 -2.571486925737741 0.3729057459477213
 -2.553056638459169 0.4010911751844634
 -2.533124379593874 0.4274568631043084
 -2.511648396126326 0.4518317631534750
 -2.489960018432404 0.4772769618308583
 -2.468228252165364 0.5043228125557638
 -2.445067468919862 0.5298430363144525
 -2.420109554455946 0.5528609229092154
 -2.394715758149119 0.5764616044618124
 -2.369390634899665 0.6020123849414447
 -2.342732485094299 0.6264251606865791
 -2.314007901924650 0.6478322328498204
 -2.284557670179800 0.6691888023874141
 -2.255259738078275 0.6927843423264296
 -2.224744444768842 0.7157299614071525
 -2.191864207249523 0.7351641261288704
 -2.157881604046289 0.7537233185433950
 -2.124097368545978 0.7747247839162411
 -2.089226317553655 0.7956775757732772
 -2.051634885457444 0.8125825162538811
 -2.012438916141424 0.8275056625817858
 -1.973437765257708 0.8449424554095641
 -1.933486845531843 0.8630656966788787
 -1.890342512085506 0.8765000795921678
 -1.844888747729677 0.8863576716867453
 -1.799562369033730 0.8985589001897553
 -1.753411959490093 0.9123387774854467
 -1.703327995270494 0.9204627891615618
 -1.649858635232532 0.9223650174366669
 -1.596396588196988 0.9258488979234897
 -1.542185659775717 0.9318930064710923
 -1.482596330171322 0.9300861640366902
 -1.417852304007452 0.9161902591630831
 -1.353460347270648 0.9006950667837889
 -1.288585525921583 0.8872350582750469
 -1.215480988829920 0.8551409711304889
 -1.141854994958871 0.7842790978969819
 -1.105028399573267 0.6920428161415615
 -1.142989487307638 0.6208666835394561
 -1.245415858493567 0.5841235349394529
   
   
 #BODY NUMBER  4
 -1.119201927946573 0.8451909308458589
 -1.011727202159752 0.8520639920802647
 -0.9148443840780994 0.8496009583994322
 -0.8330931712959297 0.8382971686933175
 -0.7631940302899940 0.8248458553588465
 -0.6986725538267957 0.8122917647600035
 -0.6366399985995287 0.7987850756018022
 -0.5788731565409293 0.7837946758530800
 -0.5264844704498325 0.7696723712246043
 -0.4767825175628426 0.7571455417003432
 -0.4271128730608445 0.7441970267786278
 -0.3787285970369432 0.7302120864830698
 -0.3338380605803397 0.7171795545384603
 -0.2910945901573455 0.7057966403545377
 -0.2476307430240230 0.6941081821542547
 -0.2039571524988504 0.6812677549978827
 -0.1627528288718517 0.6691631030602594
 -0.1236591742933952 0.6587716879710834
 -8.364714062510489E-02 0.6482149156137771
 -4.241164153232049E-02 0.6362889004557768
 -2.836687036016028E-03 0.6247816940054374
 3.451170217657867E-02 0.6150758910183587
 7.270791699206308E-02 0.6054188970659278
 0.1129388508042162 0.5941560126505798
 0.1523075345570521 0.5829105612968364
 0.1893031742754837 0.5735568037437268
 0.2269068968119473 0.5645520619408886
 0.2672717481948483 0.5537040768167520
 0.3076729618089754 0.5423633135712940
 0.3455877797468229 0.5329795536243636
 0.3837428324637647 0.5243430773476456
 0.4253837018721038 0.5136211563296200
 0.4681707831046041 0.5017269568684223
 0.5084455319241136 0.4917893197431116
 0.5484830710746895 0.4831155918803976
 0.5928417089339290 0.4720775372758155
 0.6398539694511813 0.4588769125854404
 0.6844934854741610 0.4474745657884263
 0.7283243377731365 0.4379985683693416
 0.7776750729596643 0.4257258111339911
 0.8320207296610040 0.4095848090612743
 0.8844704814598218 0.3946134674430813
 0.9355201445161569 0.3823363512005578
 0.9944900646995811 0.3661131610177238
 1.063002747687359 0.3418779507010921
 1.130901447212206 0.3158696332851025
 1.197377866553903 0.2919243484787367
 1.279673415703398 0.2561418799187252
 1.380929564719741 0.1869818307113847
 1.459870322464481 8.069526053420695E-02
 1.462594811628529 -4.472689372190253E-02
 1.391852766989183 -0.1723558531874440
 1.302213454810232 -0.2320454617116161
 1.217078956320878 -0.2783538210144646
 1.140628434408275 -0.3094400583610171
 1.073368345927188 -0.3327404498020687
 1.011214062920957 -0.3541290266536585
 0.9507389496533825 -0.3734481683352698
 0.8932161970598709 -0.3893495223692922
 0.8407851117198546 -0.4033135908465980
 0.7914785431398936 -0.4173160146932061
 0.7419891117433635 -0.4309370940807176
 0.6930946294151675 -0.4430179185263063
 0.6477020184819326 -0.4541766830149441
 0.6049936301577497 -0.4656905253740660
 0.5615086052939473 -0.4772999472082097
 0.5172659528464827 -0.4880166063579343
 0.4755296358709347 -0.4981358320894832
 0.4364778303346296 -0.5086834299302161
 0.3965480065421587 -0.5195470137209647
 0.3548740092110770 -0.5298365311746104
 0.3148474900384945 -0.5396584753101765
 0.2776499346964195 -0.5499271979655369
 0.2397425453615870 -0.5606621032862811
 0.1992700924546180 -0.5710236261687786
 0.1595530865342348 -0.5809691214958326
 0.1228370439322616 -0.5913663496932148
 8.576889403740368E-02 -0.6023698758056691
 4.538791475775966E-02 -0.6131576707997418
 4.729055801474868E-03 -0.6235368885379337
 -3.279801968602825E-02 -0.6343677230098008
 -7.015950275999330E-02 -0.6459658415134523
 -0.1115825140122980 -0.6575008202386414
 -0.1545843130440305 -0.6685936819638151
 -0.1944320872154184 -0.6801248101694594
 -0.2334424771561882 -0.6926319110701242
 -0.2773772117218547 -0.7052519943038159
 -0.3246913359643150 -0.7173260482347532
 -0.3690514642513650 -0.7297710842572688
 -0.4117480945213436 -0.7434800559156334
 -0.4606234635059906 -0.7575269039686044
 -0.5157586838310572 -0.7707212144817643
 -0.5686671721201184 -0.7839805282110829
 -0.6190160353028025 -0.7988730651880105
 -0.6781970793322053 -0.8143083304509620
 -0.7496484084393669 -0.8275763641445891
 -0.8214545658198051 -0.8390018503150762
 -0.8909974761255256 -0.8515028350427587
 -0.9801587465873847 -0.8616620828344184
 -1.102429168528591 -0.8523957978020511
 -1.223937155218117 -0.7998193068198675
 -1.289007709174573 -0.6925627796187301
 -1.291557781134017 -0.5466618361433238
 -1.243772663871368 -0.4501494627299671
 -1.193198205092564 -0.3674779979214461
 -1.142533229656947 -0.3023312657149573
 -1.095934480092063 -0.2485224905683419
 -1.052801580480454 -0.1989222981609539
 -1.010088166934799 -0.1519538740515801
 -0.9682226789102215 -0.1094215212067908
 -0.9297980612964305 -7.111274049525040E-02
 -0.8940985322560486 -3.433300143955031E-02
 -0.8580499671415621 2.207915035264377E-03
 -0.8217465155632495 3.711745706790222E-02
 -0.7880147435952838 6.947753605652759E-02
 -0.7567851155314115 0.1008030101967880
 -0.7249306902322327 0.1325995768603073
 -0.6919737588567847 0.1640018021514001
 -0.6608886609613349 0.1936334671893247
 -0.6323426042236113 0.2222938576364538
 -0.6031941543460696 0.2516669090716184
 -0.5722481727069308 0.2814148912446997
 -0.5424951623461925 0.3099342039669429
 -0.5154154957889582 0.3374259563219392
 -0.4879541862942180 0.3656763517043408
 -0.4580847753645623 0.3948859201959617
 -0.4286615869387804 0.4233574747626015
 -0.4020631754177311 0.4507197598114651
 -0.3754629789937219 0.4787831679034850
 -0.3458859226048934 0.5083161620589924
 -0.3158639267289583 0.5376342577698191
 -0.2887799432629778 0.5657775733103918
 -0.2622230090496875 0.5945025801076389
 -0.2321171183665376 0.6252036703419180
 -0.2004228988592110 0.6563112699124528
 -0.1716792782453458 0.6862214069585300
 -0.1441488399954346 0.7165580690365858
 -0.1124102853698870 0.7494547489976702
 -7.747207878357193E-02 0.7835682485497554
 -4.527759878310768E-02 0.8165260300397913
 -1.515571814249692E-02 0.8497466628906852
 2.014816899105990E-02 0.8863492746399817
 6.129951517923977E-02 0.9253434928923315
 0.1004899532487390 0.9632806395631998
 0.1366470793281465 1.001352386503360
 0.1801817342486191 1.044310240349929
 0.2354263835427699 1.091526359140459
 0.2918995968971294 1.137324199104908
 0.3458750315111446 1.182921824604262
 0.4180113328689799 1.236300626506110
 0.5285337669176902 1.289410999239975
 0.6600510156446135 1.304632415752324
 0.7700320320097989 1.244280815452671
 0.8451909308458589 1.119201927946573
 0.8520639920802647 1.011727202159752
 0.8496009583994322 0.9148443840780994
 0.8382971686933175 0.8330931712959297
 0.8248458553588465 0.7631940302899940
 0.8122917647600035 0.6986725538267957
 0.7987850756018022 0.6366399985995287
 0.7837946758530800 0.5788731565409293
 0.7696723712246043 0.5264844704498325
 0.7571455417003432 0.4767825175628426
 0.7441970267786278 0.4271128730608445
 0.7302120864830698 0.3787285970369432
 0.7171795545384603 0.3338380605803397
 0.7057966403545377 0.2910945901573455
 0.6941081821542547 0.2476307430240230
 0.6812677549978827 0.2039571524988504
 0.6691631030602594 0.1627528288718517
 0.6587716879710834 0.1236591742933952
 0.6482149156137771 8.364714062510489E-02
 0.6362889004557768 4.241164153232049E-02
 0.6247816940054374 2.836687036016028E-03
 0.6150758910183587 -3.451170217657867E-02
 0.6054188970659278 -7.270791699206308E-02
 0.5941560126505798 -0.1129388508042162
 0.5829105612968364 -0.1523075345570521
 0.5735568037437268 -0.1893031742754837
 0.5645520619408886 -0.2269068968119473
 0.5537040768167520 -0.2672717481948483
 0.5423633135712940 -0.3076729618089754
 0.5329795536243636 -0.3455877797468229
 0.5243430773476456 -0.3837428324637647
 0.5136211563296200 -0.4253837018721038
 0.5017269568684223 -0.4681707831046041
 0.4917893197431116 -0.5084455319241136
 0.4831155918803976 -0.5484830710746895
 0.4720775372758155 -0.5928417089339290
 0.4588769125854404 -0.6398539694511813
 0.4474745657884263 -0.6844934854741610
 0.4379985683693416 -0.7283243377731365
 0.4257258111339911 -0.7776750729596643
 0.4095848090612743 -0.8320207296610040
 0.3946134674430813 -0.8844704814598218
 0.3823363512005578 -0.9355201445161569
 0.3661131610177238 -0.9944900646995811
 0.3418779507010921 -1.063002747687359
 0.3158696332851025 -1.130901447212206
 0.2919243484787367 -1.197377866553903
 0.2561418799187252 -1.279673415703398
 0.1869818307113847 -1.380929564719741
 8.069526053420695E-02 -1.459870322464481
 -4.472689372190253E-02 -1.462594811628529
 -0.1723558531874440 -1.391852766989183
 -0.2320454617116161 -1.302213454810232
 -0.2783538210144646 -1.217078956320878
 -0.3094400583610171 -1.140628434408275
 -0.3327404498020687 -1.073368345927188
 -0.3541290266536585 -1.011214062920957
 -0.3734481683352698 -0.9507389496533825
 -0.3893495223692922 -0.8932161970598709
 -0.4033135908465980 -0.8407851117198546
 -0.4173160146932061 -0.7914785431398936
 -0.4309370940807176 -0.7419891117433635
 -0.4430179185263063 -0.6930946294151675
 -0.4541766830149441 -0.6477020184819326
 -0.4656905253740660 -0.6049936301577497
 -0.4772999472082097 -0.5615086052939473
 -0.4880166063579343 -0.5172659528464827
 -0.4981358320894832 -0.4755296358709347
 -0.5086834299302161 -0.4364778303346296
 -0.5195470137209647 -0.3965480065421587
 -0.5298365311746104 -0.3548740092110770
 -0.5396584753101765 -0.3148474900384945
 -0.5499271979655369 -0.2776499346964195
 -0.5606621032862811 -0.2397425453615870
 -0.5710236261687786 -0.1992700924546180
 -0.5809691214958326 -0.1595530865342348
 -0.5913663496932148 -0.1228370439322616
 -0.6023698758056691 -8.576889403740368E-02
 -0.6131576707997418 -4.538791475775966E-02
 -0.6235368885379337 -4.729055801474868E-03
 -0.6343677230098008 3.279801968602825E-02
 -0.6459658415134523 7.015950275999330E-02
 -0.6575008202386414 0.1115825140122980
 -0.6685936819638151 0.1545843130440305
 -0.6801248101694594 0.1944320872154184
 -0.6926319110701242 0.2334424771561882
 -0.7052519943038159 0.2773772117218547
 -0.7173260482347532 0.3246913359643150
 -0.7297710842572688 0.3690514642513650
 -0.7434800559156334 0.4117480945213436
 -0.7575269039686044 0.4606234635059906
 -0.7707212144817643 0.5157586838310572
 -0.7839805282110829 0.5686671721201184
 -0.7988730651880105 0.6190160353028025
 -0.8143083304509620 0.6781970793322053
 -0.8275763641445891 0.7496484084393669
 -0.8390018503150762 0.8214545658198051
 -0.8515028350427587 0.8909974761255256
 -0.8616620828344184 0.9801587465873847
 -0.8523957978020511 1.102429168528591
 -0.7998193068198675 1.223937155218117
 -0.6925627796187301 1.289007709174573
 -0.5466618361433238 1.291557781134017
 -0.4501494627299671 1.243772663871368
 -0.3674779979214461 1.193198205092564
 -0.3023312657149573 1.142533229656947
 -0.2485224905683419 1.095934480092063
 -0.1989222981609539 1.052801580480454
 -0.1519538740515801 1.010088166934799
 -0.1094215212067908 0.9682226789102215
 -7.111274049525040E-02 0.9297980612964305
 -3.433300143955031E-02 0.8940985322560486
 2.207915035264377E-03 0.8580499671415621
 3.711745706790222E-02 0.8217465155632495
 6.947753605652759E-02 0.7880147435952838
 0.1008030101967880 0.7567851155314115
 0.1325995768603073 0.7249306902322327
 0.1640018021514001 0.6919737588567847
 0.1936334671893247 0.6608886609613349
 0.2222938576364538 0.6323426042236113
 0.2516669090716184 0.6031941543460696
 0.2814148912446997 0.5722481727069308
 0.3099342039669429 0.5424951623461925
 0.3374259563219392 0.5154154957889582
 0.3656763517043408 0.4879541862942180
 0.3948859201959617 0.4580847753645623
 0.4233574747626015 0.4286615869387804
 0.4507197598114651 0.4020631754177311
 0.4787831679034850 0.3754629789937219
 0.5083161620589924 0.3458859226048934
 0.5376342577698191 0.3158639267289583
 0.5657775733103918 0.2887799432629778
 0.5945025801076389 0.2622230090496875
 0.6252036703419180 0.2321171183665376
 0.6563112699124528 0.2004228988592110
 0.6862214069585300 0.1716792782453458
 0.7165580690365858 0.1441488399954346
 0.7494547489976702 0.1124102853698870
 0.7835682485497554 7.747207878357193E-02
 0.8165260300397913 4.527759878310768E-02
 0.8497466628906852 1.515571814249692E-02
 0.8863492746399817 -2.014816899105990E-02
 0.9253434928923315 -6.129951517923977E-02
 0.9632806395631998 -0.1004899532487390
 1.001352386503360 -0.1366470793281465
 1.044310240349929 -0.1801817342486191
 1.091526359140459 -0.2354263835427699
 1.137324199104908 -0.2918995968971294
 1.182921824604262 -0.3458750315111446
 1.236300626506110 -0.4180113328689799
 1.289410999239975 -0.5285337669176902
 1.304632415752324 -0.6600510156446135
 1.244280815452671 -0.7700320320097989
 1.119201927946573 -0.8451909308458589
 1.011727202159752 -0.8520639920802647
 0.9148443840780994 -0.8496009583994322
 0.8330931712959297 -0.8382971686933175
 0.7631940302899940 -0.8248458553588465
 0.6986725538267957 -0.8122917647600035
 0.6366399985995287 -0.7987850756018022
 0.5788731565409293 -0.7837946758530800
 0.5264844704498325 -0.7696723712246043
 0.4767825175628426 -0.7571455417003432
 0.4271128730608445 -0.7441970267786278
 0.3787285970369432 -0.7302120864830698
 0.3338380605803397 -0.7171795545384603
 0.2910945901573455 -0.7057966403545377
 0.2476307430240230 -0.6941081821542547
 0.2039571524988504 -0.6812677549978827
 0.1627528288718517 -0.6691631030602594
 0.1236591742933952 -0.6587716879710834
 8.364714062510489E-02 -0.6482149156137771
 4.241164153232049E-02 -0.6362889004557768
 2.836687036016028E-03 -0.6247816940054374
 -3.451170217657867E-02 -0.6150758910183587
 -7.270791699206308E-02 -0.6054188970659278
 -0.1129388508042162 -0.5941560126505798
 -0.1523075345570521 -0.5829105612968364
 -0.1893031742754837 -0.5735568037437268
 -0.2269068968119473 -0.5645520619408886
 -0.2672717481948483 -0.5537040768167520
 -0.3076729618089754 -0.5423633135712940
 -0.3455877797468229 -0.5329795536243636
 -0.3837428324637647 -0.5243430773476456
 -0.4253837018721038 -0.5136211563296200
 -0.4681707831046041 -0.5017269568684223
 -0.5084455319241136 -0.4917893197431116
 -0.5484830710746895 -0.4831155918803976
 -0.5928417089339290 -0.4720775372758155
 -0.6398539694511813 -0.4588769125854404
 -0.6844934854741610 -0.4474745657884263
 -0.7283243377731365 -0.4379985683693416
 -0.7776750729596643 -0.4257258111339911
 -0.8320207296610040 -0.4095848090612743
 -0.8844704814598218 -0.3946134674430813
 -0.9355201445161569 -0.3823363512005578
 -0.9944900646995811 -0.3661131610177238
 -1.063002747687359 -0.3418779507010921
 -1.130901447212206 -0.3158696332851025
 -1.197377866553903 -0.2919243484787367
 -1.279673415703398 -0.2561418799187252
 -1.380929564719741 -0.1869818307113847
 -1.459870322464481 -8.069526053420695E-02
 -1.462594811628529 4.472689372190253E-02
 -1.391852766989183 0.1723558531874440
 -1.302213454810232 0.2320454617116161
 -1.217078956320878 0.2783538210144646
 -1.140628434408275 0.3094400583610171
 -1.073368345927188 0.3327404498020687
 -1.011214062920957 0.3541290266536585
 -0.9507389496533825 0.3734481683352698
 -0.8932161970598709 0.3893495223692922
 -0.8407851117198546 0.4033135908465980
 -0.7914785431398936 0.4173160146932061
 -0.7419891117433635 0.4309370940807176
 -0.6930946294151675 0.4430179185263063
 -0.6477020184819326 0.4541766830149441
 -0.6049936301577497 0.4656905253740660
 -0.5615086052939473 0.4772999472082097
 -0.5172659528464827 0.4880166063579343
 -0.4755296358709347 0.4981358320894832
 -0.4364778303346296 0.5086834299302161
 -0.3965480065421587 0.5195470137209647
 -0.3548740092110770 0.5298365311746104
 -0.3148474900384945 0.5396584753101765
 -0.2776499346964195 0.5499271979655369
 -0.2397425453615870 0.5606621032862811
 -0.1992700924546180 0.5710236261687786
 -0.1595530865342348 0.5809691214958326
 -0.1228370439322616 0.5913663496932148
 -8.576889403740368E-02 0.6023698758056691
 -4.538791475775966E-02 0.6131576707997418
 -4.729055801474868E-03 0.6235368885379337
 3.279801968602825E-02 0.6343677230098008
 7.015950275999330E-02 0.6459658415134523
 0.1115825140122980 0.6575008202386414
 0.1545843130440305 0.6685936819638151
 0.1944320872154184 0.6801248101694594
 0.2334424771561882 0.6926319110701242
 0.2773772117218547 0.7052519943038159
 0.3246913359643150 0.7173260482347532
 0.3690514642513650 0.7297710842572688
 0.4117480945213436 0.7434800559156334
 0.4606234635059906 0.7575269039686044
 0.5157586838310572 0.7707212144817643
 0.5686671721201184 0.7839805282110829
 0.6190160353028025 0.7988730651880105
 0.6781970793322053 0.8143083304509620
 0.7496484084393669 0.8275763641445891
 0.8214545658198051 0.8390018503150762
 0.8909974761255256 0.8515028350427587
 0.9801587465873847 0.8616620828344184
 1.102429168528591 0.8523957978020511
 1.223937155218117 0.7998193068198675
 1.289007709174573 0.6925627796187301
 1.291557781134017 0.5466618361433238
 1.243772663871368 0.4501494627299671
 1.193198205092564 0.3674779979214461
 1.142533229656947 0.3023312657149573
 1.095934480092063 0.2485224905683419
 1.052801580480454 0.1989222981609539
 1.010088166934799 0.1519538740515801
 0.9682226789102215 0.1094215212067908
 0.9297980612964305 7.111274049525040E-02
 0.8940985322560486 3.433300143955031E-02
 0.8580499671415621 -2.207915035264377E-03
 0.8217465155632495 -3.711745706790222E-02
 0.7880147435952838 -6.947753605652759E-02
 0.7567851155314115 -0.1008030101967880
 0.7249306902322327 -0.1325995768603073
 0.6919737588567847 -0.1640018021514001
 0.6608886609613349 -0.1936334671893247
 0.6323426042236113 -0.2222938576364538
 0.6031941543460696 -0.2516669090716184
 0.5722481727069308 -0.2814148912446997
 0.5424951623461925 -0.3099342039669429
 0.5154154957889582 -0.3374259563219392
 0.4879541862942180 -0.3656763517043408
 0.4580847753645623 -0.3948859201959617
 0.4286615869387804 -0.4233574747626015
 0.4020631754177311 -0.4507197598114651
 0.3754629789937219 -0.4787831679034850
 0.3458859226048934 -0.5083161620589924
 0.3158639267289583 -0.5376342577698191
 0.2887799432629778 -0.5657775733103918
 0.2622230090496875 -0.5945025801076389
 0.2321171183665376 -0.6252036703419180
 0.2004228988592110 -0.6563112699124528
 0.1716792782453458 -0.6862214069585300
 0.1441488399954346 -0.7165580690365858
 0.1124102853698870 -0.7494547489976702
 7.747207878357193E-02 -0.7835682485497554
 4.527759878310768E-02 -0.8165260300397913
 1.515571814249692E-02 -0.8497466628906852
 -2.014816899105990E-02 -0.8863492746399817
 -6.129951517923977E-02 -0.9253434928923315
 -0.1004899532487390 -0.9632806395631998
 -0.1366470793281465 -1.001352386503360
 -0.1801817342486191 -1.044310240349929
 -0.2354263835427699 -1.091526359140459
 -0.2918995968971294 -1.137324199104908
 -0.3458750315111446 -1.182921824604262
 -0.4180113328689799 -1.236300626506110
 -0.5285337669176902 -1.289410999239975
 -0.6600510156446135 -1.304632415752324
 -0.7700320320097989 -1.244280815452671
 -0.8451909308458589 -1.119201927946573
 -0.8520639920802647 -1.011727202159752
 -0.8496009583994322 -0.9148443840780994
 -0.8382971686933175 -0.8330931712959297
 -0.8248458553588465 -0.7631940302899940
 -0.8122917647600035 -0.6986725538267957
 -0.7987850756018022 -0.6366399985995287
 -0.7837946758530800 -0.5788731565409293
 -0.7696723712246043 -0.5264844704498325
 -0.7571455417003432 -0.4767825175628426
 -0.7441970267786278 -0.4271128730608445
 -0.7302120864830698 -0.3787285970369432
 -0.7171795545384603 -0.3338380605803397
 -0.7057966403545377 -0.2910945901573455
 -0.6941081821542547 -0.2476307430240230
 -0.6812677549978827 -0.2039571524988504
 -0.6691631030602594 -0.1627528288718517
 -0.6587716879710834 -0.1236591742933952
 -0.6482149156137771 -8.364714062510489E-02
 -0.6362889004557768 -4.241164153232049E-02
 -0.6247816940054374 -2.836687036016028E-03
 -0.6150758910183587 3.451170217657867E-02
 -0.6054188970659278 7.270791699206308E-02
 -0.5941560126505798 0.1129388508042162
 -0.5829105612968364 0.1523075345570521
 -0.5735568037437268 0.1893031742754837
 -0.5645520619408886 0.2269068968119473
 -0.5537040768167520 0.2672717481948483
 -0.5423633135712940 0.3076729618089754
 -0.5329795536243636 0.3455877797468229
 -0.5243430773476456 0.3837428324637647
 -0.5136211563296200 0.4253837018721038
 -0.5017269568684223 0.4681707831046041
 -0.4917893197431116 0.5084455319241136
 -0.4831155918803976 0.5484830710746895
 -0.4720775372758155 0.5928417089339290
 -0.4588769125854404 0.6398539694511813
 -0.4474745657884263 0.6844934854741610
 -0.4379985683693416 0.7283243377731365
 -0.4257258111339911 0.7776750729596643
 -0.4095848090612743 0.8320207296610040
 -0.3946134674430813 0.8844704814598218
 -0.3823363512005578 0.9355201445161569
 -0.3661131610177238 0.9944900646995811
 -0.3418779507010921 1.063002747687359
 -0.3158696332851025 1.130901447212206
 -0.2919243484787367 1.197377866553903
 -0.2561418799187252 1.279673415703398
 -0.1869818307113847 1.380929564719741
 -8.069526053420695E-02 1.459870322464481
 4.472689372190253E-02 1.462594811628529
 0.1723558531874440 1.391852766989183
 0.2320454617116161 1.302213454810232
 0.2783538210144646 1.217078956320878
 0.3094400583610171 1.140628434408275
 0.3327404498020687 1.073368345927188
 0.3541290266536585 1.011214062920957
 0.3734481683352698 0.9507389496533825
 0.3893495223692922 0.8932161970598709
 0.4033135908465980 0.8407851117198546
 0.4173160146932061 0.7914785431398936
 0.4309370940807176 0.7419891117433635
 0.4430179185263063 0.6930946294151675
 0.4541766830149441 0.6477020184819326
 0.4656905253740660 0.6049936301577497
 0.4772999472082097 0.5615086052939473
 0.4880166063579343 0.5172659528464827
 0.4981358320894832 0.4755296358709347
 0.5086834299302161 0.4364778303346296
 0.5195470137209647 0.3965480065421587
 0.5298365311746104 0.3548740092110770
 0.5396584753101765 0.3148474900384945
 0.5499271979655369 0.2776499346964195
 0.5606621032862811 0.2397425453615870
 0.5710236261687786 0.1992700924546180
 0.5809691214958326 0.1595530865342348
 0.5913663496932148 0.1228370439322616
 0.6023698758056691 8.576889403740368E-02
 0.6131576707997418 4.538791475775966E-02
 0.6235368885379337 4.729055801474868E-03
 0.6343677230098008 -3.279801968602825E-02
 0.6459658415134523 -7.015950275999330E-02
 0.6575008202386414 -0.1115825140122980
 0.6685936819638151 -0.1545843130440305
 0.6801248101694594 -0.1944320872154184
 0.6926319110701242 -0.2334424771561882
 0.7052519943038159 -0.2773772117218547
 0.7173260482347532 -0.3246913359643150
 0.7297710842572688 -0.3690514642513650
 0.7434800559156334 -0.4117480945213436
 0.7575269039686044 -0.4606234635059906
 0.7707212144817643 -0.5157586838310572
 0.7839805282110829 -0.5686671721201184
 0.7988730651880105 -0.6190160353028025
 0.8143083304509620 -0.6781970793322053
 0.8275763641445891 -0.7496484084393669
 0.8390018503150762 -0.8214545658198051
 0.8515028350427587 -0.8909974761255256
 0.8616620828344184 -0.9801587465873847
 0.8523957978020511 -1.102429168528591
 0.7998193068198675 -1.223937155218117
 0.6925627796187301 -1.289007709174573
 0.5466618361433238 -1.291557781134017
 0.4501494627299671 -1.243772663871368
 0.3674779979214461 -1.193198205092564
 0.3023312657149573 -1.142533229656947
 0.2485224905683419 -1.095934480092063
 0.1989222981609539 -1.052801580480454
 0.1519538740515801 -1.010088166934799
 0.1094215212067908 -0.9682226789102215
 7.111274049525040E-02 -0.9297980612964305
 3.433300143955031E-02 -0.8940985322560486
 -2.207915035264377E-03 -0.8580499671415621
 -3.711745706790222E-02 -0.8217465155632495
 -6.947753605652759E-02 -0.7880147435952838
 -0.1008030101967880 -0.7567851155314115
 -0.1325995768603073 -0.7249306902322327
 -0.1640018021514001 -0.6919737588567847
 -0.1936334671893247 -0.6608886609613349
 -0.2222938576364538 -0.6323426042236113
 -0.2516669090716184 -0.6031941543460696
 -0.2814148912446997 -0.5722481727069308
 -0.3099342039669429 -0.5424951623461925
 -0.3374259563219392 -0.5154154957889582
 -0.3656763517043408 -0.4879541862942180
 -0.3948859201959617 -0.4580847753645623
 -0.4233574747626015 -0.4286615869387804
 -0.4507197598114651 -0.4020631754177311
 -0.4787831679034850 -0.3754629789937219
 -0.5083161620589924 -0.3458859226048934
 -0.5376342577698191 -0.3158639267289583
 -0.5657775733103918 -0.2887799432629778
 -0.5945025801076389 -0.2622230090496875
 -0.6252036703419180 -0.2321171183665376
 -0.6563112699124528 -0.2004228988592110
 -0.6862214069585300 -0.1716792782453458
 -0.7165580690365858 -0.1441488399954346
 -0.7494547489976702 -0.1124102853698870
 -0.7835682485497554 -7.747207878357193E-02
 -0.8165260300397913 -4.527759878310768E-02
 -0.8497466628906852 -1.515571814249692E-02
 -0.8863492746399817 2.014816899105990E-02
 -0.9253434928923315 6.129951517923977E-02
 -0.9632806395631998 0.1004899532487390
 -1.001352386503360 0.1366470793281465
 -1.044310240349929 0.1801817342486191
 -1.091526359140459 0.2354263835427699
 -1.137324199104908 0.2918995968971294
 -1.182921824604262 0.3458750315111446
 -1.236300626506110 0.4180113328689799
 -1.289410999239975 0.5285337669176902
 -1.304632415752324 0.6600510156446135
 -1.244280815452671 0.7700320320097989
 -1.119201927946573 0.8451909308458589
   
   
