 # action(x) =  11.06916246122604
 # |grad_action(x)| =  6.094489830841253E-06
 # PRINTSTEPS = 50
 #
 #BODY NUMBER  1
 0.1608731069065743 -2.755026134672438
 0.1748896876466981 -2.712701088828250
 0.1902058705483625 -2.669753429808781
 0.2074072714099684 -2.625961023930604
 0.2264216417310780 -2.581463944837310
 0.2470979496680917 -2.536436629004955
 0.2695084955555986 -2.490927396056160
 0.2937639601298102 -2.444969848733349
 0.3198260051264653 -2.398681141938384
 0.3476154254366751 -2.352191902565146
 0.3771549300493304 -2.305570954580891
 0.4084967208833444 -2.258875947751521
 0.4416038994613941 -2.212216238863483
 0.4764012336024515 -2.165713275226999
 0.5128779441501866 -2.119444537010070
 0.5510511019067091 -2.073475175926526
 0.5908733611779394 -2.027909171112539
 0.6322589099946228 -1.982862723584293
 0.6751678806508639 -1.938415268762613
 0.7195884731137203 -1.894631092870519
 0.7654583286431910 -1.851606080380550
 0.8126759303103619 -1.809449045740647
 0.8611751168223621 -1.768234944806914
 0.9109195557268225 -1.728019530002909
 0.9618318248264756 -1.688885353501578
 1.013794514516265 -1.650929379756419
 1.066719442489192 -1.614215645540114
 1.120551723181341 -1.578783941294563
 1.175202778488298 -1.544697608920867
 1.230542785518785 -1.512037311295032
 1.286467815792013 -1.480851011980506
 1.342912559914064 -1.451156462732781
 1.399784040641438 -1.422993109906471
 1.456945365680849 -1.396422963033189
 1.514283845197312 -1.371475563286944
 1.571732960864947 -1.348142824841070
 1.629203153528157 -1.326437810127783
 1.686555097021455 -1.306404957448109
 1.743672846717648 -1.288056619465294
 1.800497908576149 -1.271356843313078
 1.856951723812663 -1.256291419575409
 1.912893564898920 -1.242892448407164
 1.968205997685005 -1.231160059190056
 2.022849045440608 -1.221027157211064
 2.076763413122912 -1.212450293037862
 2.129799142584454 -1.205461679882724
 2.181831711551348 -1.200059718852742
 2.232863051679427 -1.196129804937220
 2.282869697547446 -1.193588225199996
 2.331638485234075 -1.192520069255876
 2.379013402491092 -1.192947898627855
 2.425388990054504 -1.194394087180138
 2.469942891914223 -1.197489977919044
 2.513375385192050 -1.201504564721334
 2.555143970173748 -1.206800233861788
 2.595253620495654 -1.213237524138453
 2.633792318084770 -1.220630429554398
 2.670665084838258 -1.228966263480693
 2.705726984491388 -1.238248885393060
 2.738950582483762 -1.248364344017553
 2.770358784482299 -1.259180682058901
 2.799897525554752 -1.270650736920848
 2.827471810135001 -1.282738835639038
 2.853049972604241 -1.295334527317756
 2.876646983182544 -1.308310608463301
 2.898236704689869 -1.321600123664764
 2.917756140992520 -1.335148958988285
 2.935181369544423 -1.348844878684741
 2.950533059102437 -1.362557757774445
 2.963810889936961 -1.376207694631639
 2.974981391834313 -1.389731296561907
 2.984035479404537 -1.403015847504712
 2.991006420204526 -1.415928641894927
 2.995919977348351 -1.428383093903657
 2.998772362425318 -1.440314714024597
 2.999573573545189 -1.451615295355090
 2.998372868108428 -1.462153505378498
 2.995221476967847 -1.471842958570781
 2.990144355170403 -1.480626779555257
 2.983171567304129 -1.488408228092293
 2.974368209725079 -1.495062529258945
 2.963807896178344 -1.500510012758675
 2.951540846131281 -1.504709844208455
 2.937614815479702 -1.507583746417618
 2.922107363896469 -1.509017465947612
 2.905108951844193 -1.508942369201429
 2.886689357429859 -1.507340669488510
 2.866909358911247 -1.504158156896416
 2.845853776809149 -1.499291709856484
 2.823623277192921 -1.492684339668819
 2.800300733481522 -1.484347118713421
 2.775954756173870 -1.474254328166661
 2.750672266798099 -1.462309351304656
 2.724558077135915 -1.448462612815777
 2.697702418281311 -1.432762232473218
 2.670177465974191 -1.415217291939234
 2.642068566162451 -1.395722277453112
 2.613480306508006 -1.374222373710606
 2.584505706667815 -1.350830297970300
 2.555217531954577 -1.325609405840579
 2.525698745300561 -1.298368854496947
 2.496051431111705 -1.269012240312984
 2.466359174169667 -1.238192869969396
 2.436712899622321 -1.204891632052159
 2.407177227329221 -1.170153599060574
 2.377852591776684 -1.133360545994656
 2.348824176048241 -1.094645078712963
 2.320167530641703 -1.054225212866862
 2.291960651745056 -1.012062494341206
 2.264287980554982 -0.9680778721779399
 2.237231807060541 -0.9223631257387813
 2.210865654915805 -0.8750521621070771
 2.185260481919255 -0.8261597267051826
 2.160492315192140 -0.7756694362281430
 2.136637411250938 -0.7236679240879054
 2.113763330461007 -0.6702810669195318
 2.091931783037962 -0.6155569398302372
 2.071207727422135 -0.5595133349286457
 2.051657539339873 -0.5022432443566762
 2.033338945838511 -0.4438790839677444
 2.016300806157495 -0.3844950979183586
 2.000592893782604 -0.3241336484483223
 1.986267067732883 -0.2628966820468940
 1.973366805620092 -0.2009265221773980
 1.961923940473344 -0.1383179441282600
 1.951968589081576 -7.513028893799147E-02
 1.943533532625066 -1.147188228271687E-02
 1.936644039981278 5.250711391018794E-02
 1.931311477468631 0.1166983131363570
 1.927542861838682 0.1810342878821878
 1.925348759734700 0.2454066563084887
 1.924734115810810 0.3096626570554178
 1.925688503491019 0.3736883036367102
 1.928194641549586 0.4374181605803807
 1.932240202909945 0.5007519840542789
 1.937810443255105 0.5635402170890289
 1.944874601074722 0.6256704968377822
 1.953392414674555 0.6870892596538420
 1.963330416874938 0.7477124138172117
 1.974657429290718 0.8073970801786541
 1.987326177328474 0.8660366714139655
 2.001276277872392 0.9235985066311575
 2.016456145815050 0.9800216566353662
 2.032823216941904 1.035168197734660
 2.050318886225844 1.088936364281082
 2.068865059575781 1.141325082767137
 2.088394461158132 1.192304726895588
 2.108860009359331 1.241729322495090
 2.130198058360560 1.289491829559578
 2.152310323139071 1.335651223457420
 2.175112573454901 1.380229039005788
 2.198571917115404 1.422998126026239
 2.222629886848532 1.463812093187012
 2.247070116655177 1.503251435856214
 2.272028187612270 1.540288301334997
 2.297221168407664 1.575894650462147
 2.322691644904184 1.609419471566200
 2.348321326976263 1.640936802543549
 2.373993119668805 1.670615840976517
 2.399648546987449 1.698380676729708
 2.425218483203850 1.724103861578076
 2.450590526339778 1.747818612132347
 2.475661850858775 1.769610743929599
 2.500364580288247 1.789457016663180
 2.524620323151779 1.807292998241763
 2.548317593358405 1.823146490882891
 2.571353714561166 1.837094060924299
 2.593657633083276 1.849146550609543
 2.615150986816462 1.859276460653430
 2.635724615477736 1.867519191397899
 2.655276161907452 1.873957705001300
 2.673736269403097 1.878631675382553
 2.691033303174054 1.881543812833549
 2.707065105553503 1.882742607206049
 2.721733383929269 1.882323221832009
 2.734976034330956 1.880351261137144
 2.746735313002479 1.876855689014702
 2.756922509072153 1.871899267533059
 2.765448513944460 1.865590321110658
 2.772264130987467 1.858016409729513
 2.777332582203596 1.849227582782580
 2.780585120381773 1.839298247086669
 2.781946235447001 1.828347165201287
 2.781383737771097 1.816477923648021
 2.778887373474688 1.803754430952879
 2.774413230470026 1.790257183530149
 2.767901142213285 1.776110476746115
 2.759336900497212 1.761426968457940
 2.748739990649423 1.746275981624181
 2.736093854637500 1.730737256716291
 2.721351596823698 1.714935811244371
 2.704514196580858 1.698987318931731
 2.685632679580820 1.682958014074485
 2.664719077918424 1.666920174519478
 2.641733179820425 1.650997384880153
 2.616684457698404 1.635305202477896
 2.589659700045368 1.619897709845720
 2.560702859681490 1.604832872176791
 2.529765231983493 1.590237358110454
 2.496851639336340 1.576229150870972
 2.462106207577890 1.562832449215030
 2.425620186930826 1.550078591947750
 2.387269784127139 1.538134848488295
 2.347022553380299 1.527137828338749
 2.305486067263093 1.516833264703042
 2.261823211975623 1.507809456776091
 2.216971356780858 1.499599830748207
 2.170445320366715 1.492600477935949
 2.122402534317163 1.486818866124347
 2.073069580973611 1.482211416138094
 2.022452156189457 1.478864901714954
 1.970524020425171 1.476891976555409
 1.917405801934075 1.476318016199603
 1.863250229479130 1.477139740458069
 1.808105551869925 1.479411227875708
 1.751995594308795 1.483206511523378
 1.695033511789544 1.488548314775578
 1.637362096858555 1.495432208307467
 1.579053838887776 1.503887597179833
 1.520156625515426 1.513961840997881
 1.460784178161934 1.525665926755863
 1.401080035843888 1.538983639616549
 1.341132925506631 1.553920170844254
 1.281004420668883 1.570497444422197
 1.220808739089692 1.588709398333656
 1.160690875309730 1.608522523563249
 1.100748823650982 1.629917000678655
 1.041049033354754 1.652889241064917
 0.9817017077985904 1.677413471218861
 0.9228495254650130 1.703436493666607
 0.8645920349794392 1.730913958676471
 0.8069911386573412 1.759818229176751
 0.7501459812464021 1.790104265229356
 0.6941913302920246 1.821699968350450
 0.6392206876990056 1.854539315617216
 0.5852820816355226 1.888574623313162
 0.5324561622685071 1.923745093960751
 0.4808650775742559 1.959963180122219
 0.4305907558774104 1.997146060124726
 0.3816594538096080 2.035232084494912
 0.3341272633467812 2.074150223944994
 0.2881023322692635 2.113802037626763
 0.2436533306108264 2.154093290879259
 0.2007783692962434 2.194955349944235
 0.1595044220023878 2.236313076210775
 0.1199296520429834 2.278060646141824
 8.211288854083965E-02 2.320096423471138
 4.601601413517298E-02 2.362352239978201
 1.163104803521975E-02 2.404755019933451
 -2.093913322512253E-02 2.447191002377815
 -5.163365319078772E-02 2.489551548412321
 -8.055272854035600E-02 2.531781028394640
 -0.1077571240925448 2.573817264205784
 -0.1330665681186709 2.615518195282115
 -0.1563835156425608 2.656759991814867
 -0.1783188733993271 2.697645523036352
 -0.1979147043019526 2.737778279254041
 -0.2161542167843854 2.777399215183481
 -0.2324523252695642 2.816219705427988
 -0.2469322935193911 2.854174326682002
 -0.2597991984159649 2.891246270530915
 -0.2710165378508084 2.927346940210401
 -0.2805085012875380 2.962352746971137
 -0.2883600561439836 2.996182956149900
 -0.2946969336235247 3.028791425988500
 -0.2995329452665040 3.060107753584028
 -0.3028514869832221 3.090031833880801
 -0.3047323792458359 3.118481018200647
 -0.3052932686213772 3.145404669387601
 -0.3045790716065930 3.170746674274307
 -0.3026051541760574 3.194425419641715
 -0.2994567540666862 3.216364070082641
 -0.2952568971949852 3.236515462775746
 -0.2900746205338638 3.254839370014192
 -0.2839480886602596 3.271275109395456
 -0.2769703738510337 3.285758454710761
 -0.2692730362752568 3.298251863726937
 -0.2609439430173951 3.308734355040801
 -0.2520370494228386 3.317170403039299
 -0.2426510644730359 3.323514562888149
 -0.2329243541639676 3.327743826489156
 -0.2229573459803807 3.329859368300293
 -0.2128117729668070 3.329854362337837
 -0.2025864469223557 3.327706475178962
 -0.1924219742780778 3.323409694460232
 -0.1824241584072479 3.316987936406695
 -0.1726534726565931 3.308464275161334
 -0.1632015850096763 3.297840929947768
 -0.1542062216831832 3.285127942693727
 -0.1457720513469817 3.270369337659369
 -0.1379493667804365 3.253616651112691
 -0.1308155042737477 3.234895413612707
 -0.1245021799854513 3.214227521100856
 -0.1191090806120639 3.191671658600550
 -0.1146680539007029 3.167305132787906
 -0.1112356782554462 3.141174502686139
 -0.1089390869776741 3.113306736184809
 -0.1078736194375111 3.083767815293673
 -0.1080427182359429 3.052659942318938
 -0.1094746062927005 3.020050164116025
 -0.1123033341789580 2.985959635563566
 -0.1166286671716663 2.950451524581577
 -0.1223994990899247 2.913662747185330
 -0.1295973450237512 2.875687997788329
 -0.1384289611734228 2.836503702985242
 -0.1490288777314062 2.796150068651733
 -0.1608731069065743 2.755026134672438
 -0.1748896876466981 2.712701088828250
 -0.1902058705483625 2.669753429808781
 -0.2074072714099684 2.625961023930604
 -0.2264216417310780 2.581463944837310
 -0.2470979496680917 2.536436629004955
 -0.2695084955555986 2.490927396056160
 -0.2937639601298102 2.444969848733349
 -0.3198260051264653 2.398681141938384
 -0.3476154254366751 2.352191902565146
 -0.3771549300493304 2.305570954580891
 -0.4084967208833444 2.258875947751521
 -0.4416038994613941 2.212216238863483
 -0.4764012336024515 2.165713275226999
 -0.5128779441501866 2.119444537010070
 -0.5510511019067091 2.073475175926526
 -0.5908733611779394 2.027909171112539
 -0.6322589099946228 1.982862723584293
 -0.6751678806508639 1.938415268762613
 -0.7195884731137203 1.894631092870519
 -0.7654583286431910 1.851606080380550
 -0.8126759303103619 1.809449045740647
 -0.8611751168223621 1.768234944806914
 -0.9109195557268225 1.728019530002909
 -0.9618318248264756 1.688885353501578
 -1.013794514516265 1.650929379756419
 -1.066719442489192 1.614215645540114
 -1.120551723181341 1.578783941294563
 -1.175202778488298 1.544697608920867
 -1.230542785518785 1.512037311295032
 -1.286467815792013 1.480851011980506
 -1.342912559914064 1.451156462732781
 -1.399784040641438 1.422993109906471
 -1.456945365680849 1.396422963033189
 -1.514283845197312 1.371475563286944
 -1.571732960864947 1.348142824841070
 -1.629203153528157 1.326437810127783
 -1.686555097021455 1.306404957448109
 -1.743672846717648 1.288056619465294
 -1.800497908576149 1.271356843313078
 -1.856951723812663 1.256291419575409
 -1.912893564898920 1.242892448407164
 -1.968205997685005 1.231160059190056
 -2.022849045440608 1.221027157211064
 -2.076763413122912 1.212450293037862
 -2.129799142584454 1.205461679882724
 -2.181831711551348 1.200059718852742
 -2.232863051679427 1.196129804937220
 -2.282869697547446 1.193588225199996
 -2.331638485234075 1.192520069255876
 -2.379013402491092 1.192947898627855
 -2.425388990054504 1.194394087180138
 -2.469942891914223 1.197489977919044
 -2.513375385192050 1.201504564721334
 -2.555143970173748 1.206800233861788
 -2.595253620495654 1.213237524138453
 -2.633792318084770 1.220630429554398
 -2.670665084838258 1.228966263480693
 -2.705726984491388 1.238248885393060
 -2.738950582483762 1.248364344017553
 -2.770358784482299 1.259180682058901
 -2.799897525554752 1.270650736920848
 -2.827471810135001 1.282738835639038
 -2.853049972604241 1.295334527317756
 -2.876646983182544 1.308310608463301
 -2.898236704689869 1.321600123664764
 -2.917756140992520 1.335148958988285
 -2.935181369544423 1.348844878684741
 -2.950533059102437 1.362557757774445
 -2.963810889936961 1.376207694631639
 -2.974981391834313 1.389731296561907
 -2.984035479404537 1.403015847504712
 -2.991006420204526 1.415928641894927
 -2.995919977348351 1.428383093903657
 -2.998772362425318 1.440314714024597
 -2.999573573545189 1.451615295355090
 -2.998372868108428 1.462153505378498
 -2.995221476967847 1.471842958570781
 -2.990144355170403 1.480626779555257
 -2.983171567304129 1.488408228092293
 -2.974368209725079 1.495062529258945
 -2.963807896178344 1.500510012758675
 -2.951540846131281 1.504709844208455
 -2.937614815479702 1.507583746417618
 -2.922107363896469 1.509017465947612
 -2.905108951844193 1.508942369201429
 -2.886689357429859 1.507340669488510
 -2.866909358911247 1.504158156896416
 -2.845853776809149 1.499291709856484
 -2.823623277192921 1.492684339668819
 -2.800300733481522 1.484347118713421
 -2.775954756173870 1.474254328166661
 -2.750672266798099 1.462309351304656
 -2.724558077135915 1.448462612815777
 -2.697702418281311 1.432762232473218
 -2.670177465974191 1.415217291939234
 -2.642068566162451 1.395722277453112
 -2.613480306508006 1.374222373710606
 -2.584505706667815 1.350830297970300
 -2.555217531954577 1.325609405840579
 -2.525698745300561 1.298368854496947
 -2.496051431111705 1.269012240312984
 -2.466359174169667 1.238192869969396
 -2.436712899622321 1.204891632052159
 -2.407177227329221 1.170153599060574
 -2.377852591776684 1.133360545994656
 -2.348824176048241 1.094645078712963
 -2.320167530641703 1.054225212866862
 -2.291960651745056 1.012062494341206
 -2.264287980554982 0.9680778721779399
 -2.237231807060541 0.9223631257387813
 -2.210865654915805 0.8750521621070771
 -2.185260481919255 0.8261597267051826
 -2.160492315192140 0.7756694362281430
 -2.136637411250938 0.7236679240879054
 -2.113763330461007 0.6702810669195318
 -2.091931783037962 0.6155569398302372
 -2.071207727422135 0.5595133349286457
 -2.051657539339873 0.5022432443566762
 -2.033338945838511 0.4438790839677444
 -2.016300806157495 0.3844950979183586
 -2.000592893782604 0.3241336484483223
 -1.986267067732883 0.2628966820468940
 -1.973366805620092 0.2009265221773980
 -1.961923940473344 0.1383179441282600
 -1.951968589081576 7.513028893799147E-02
 -1.943533532625066 1.147188228271687E-02
 -1.936644039981278 -5.250711391018794E-02
 -1.931311477468631 -0.1166983131363570
 -1.927542861838682 -0.1810342878821878
 -1.925348759734700 -0.2454066563084887
 -1.924734115810810 -0.3096626570554178
 -1.925688503491019 -0.3736883036367102
 -1.928194641549586 -0.4374181605803807
 -1.932240202909945 -0.5007519840542789
 -1.937810443255105 -0.5635402170890289
 -1.944874601074722 -0.6256704968377822
 -1.953392414674555 -0.6870892596538420
 -1.963330416874938 -0.7477124138172117
 -1.974657429290718 -0.8073970801786541
 -1.987326177328474 -0.8660366714139655
 -2.001276277872392 -0.9235985066311575
 -2.016456145815050 -0.9800216566353662
 -2.032823216941904 -1.035168197734660
 -2.050318886225844 -1.088936364281082
 -2.068865059575781 -1.141325082767137
 -2.088394461158132 -1.192304726895588
 -2.108860009359331 -1.241729322495090
 -2.130198058360560 -1.289491829559578
 -2.152310323139071 -1.335651223457420
 -2.175112573454901 -1.380229039005788
 -2.198571917115404 -1.422998126026239
 -2.222629886848532 -1.463812093187012
 -2.247070116655177 -1.503251435856214
 -2.272028187612270 -1.540288301334997
 -2.297221168407664 -1.575894650462147
 -2.322691644904184 -1.609419471566200
 -2.348321326976263 -1.640936802543549
 -2.373993119668805 -1.670615840976517
 -2.399648546987449 -1.698380676729708
 -2.425218483203850 -1.724103861578076
 -2.450590526339778 -1.747818612132347
 -2.475661850858775 -1.769610743929599
 -2.500364580288247 -1.789457016663180
 -2.524620323151779 -1.807292998241763
 -2.548317593358405 -1.823146490882891
 -2.571353714561166 -1.837094060924299
 -2.593657633083276 -1.849146550609543
 -2.615150986816462 -1.859276460653430
 -2.635724615477736 -1.867519191397899
 -2.655276161907452 -1.873957705001300
 -2.673736269403097 -1.878631675382553
 -2.691033303174054 -1.881543812833549
 -2.707065105553503 -1.882742607206049
 -2.721733383929269 -1.882323221832009
 -2.734976034330956 -1.880351261137144
 -2.746735313002479 -1.876855689014702
 -2.756922509072153 -1.871899267533059
 -2.765448513944460 -1.865590321110658
 -2.772264130987467 -1.858016409729513
 -2.777332582203596 -1.849227582782580
 -2.780585120381773 -1.839298247086669
 -2.781946235447001 -1.828347165201287
 -2.781383737771097 -1.816477923648021
 -2.778887373474688 -1.803754430952879
 -2.774413230470026 -1.790257183530149
 -2.767901142213285 -1.776110476746115
 -2.759336900497212 -1.761426968457940
 -2.748739990649423 -1.746275981624181
 -2.736093854637500 -1.730737256716291
 -2.721351596823698 -1.714935811244371
 -2.704514196580858 -1.698987318931731
 -2.685632679580820 -1.682958014074485
 -2.664719077918424 -1.666920174519478
 -2.641733179820425 -1.650997384880153
 -2.616684457698404 -1.635305202477896
 -2.589659700045368 -1.619897709845720
 -2.560702859681490 -1.604832872176791
 -2.529765231983493 -1.590237358110454
 -2.496851639336340 -1.576229150870972
 -2.462106207577890 -1.562832449215030
 -2.425620186930826 -1.550078591947750
 -2.387269784127139 -1.538134848488295
 -2.347022553380299 -1.527137828338749
 -2.305486067263093 -1.516833264703042
 -2.261823211975623 -1.507809456776091
 -2.216971356780858 -1.499599830748207
 -2.170445320366715 -1.492600477935949
 -2.122402534317163 -1.486818866124347
 -2.073069580973611 -1.482211416138094
 -2.022452156189457 -1.478864901714954
 -1.970524020425171 -1.476891976555409
 -1.917405801934075 -1.476318016199603
 -1.863250229479130 -1.477139740458069
 -1.808105551869925 -1.479411227875708
 -1.751995594308795 -1.483206511523378
 -1.695033511789544 -1.488548314775578
 -1.637362096858555 -1.495432208307467
 -1.579053838887776 -1.503887597179833
 -1.520156625515426 -1.513961840997881
 -1.460784178161934 -1.525665926755863
 -1.401080035843888 -1.538983639616549
 -1.341132925506631 -1.553920170844254
 -1.281004420668883 -1.570497444422197
 -1.220808739089692 -1.588709398333656
 -1.160690875309730 -1.608522523563249
 -1.100748823650982 -1.629917000678655
 -1.041049033354754 -1.652889241064917
 -0.9817017077985904 -1.677413471218861
 -0.9228495254650130 -1.703436493666607
 -0.8645920349794392 -1.730913958676471
 -0.8069911386573412 -1.759818229176751
 -0.7501459812464021 -1.790104265229356
 -0.6941913302920246 -1.821699968350450
 -0.6392206876990056 -1.854539315617216
 -0.5852820816355226 -1.888574623313162
 -0.5324561622685071 -1.923745093960751
 -0.4808650775742559 -1.959963180122219
 -0.4305907558774104 -1.997146060124726
 -0.3816594538096080 -2.035232084494912
 -0.3341272633467812 -2.074150223944994
 -0.2881023322692635 -2.113802037626763
 -0.2436533306108264 -2.154093290879259
 -0.2007783692962434 -2.194955349944235
 -0.1595044220023878 -2.236313076210775
 -0.1199296520429834 -2.278060646141824
 -8.211288854083965E-02 -2.320096423471138
 -4.601601413517298E-02 -2.362352239978201
 -1.163104803521975E-02 -2.404755019933451
 2.093913322512253E-02 -2.447191002377815
 5.163365319078772E-02 -2.489551548412321
 8.055272854035600E-02 -2.531781028394640
 0.1077571240925448 -2.573817264205784
 0.1330665681186709 -2.615518195282115
 0.1563835156425608 -2.656759991814867
 0.1783188733993271 -2.697645523036352
 0.1979147043019526 -2.737778279254041
 0.2161542167843854 -2.777399215183481
 0.2324523252695642 -2.816219705427988
 0.2469322935193911 -2.854174326682002
 0.2597991984159649 -2.891246270530915
 0.2710165378508084 -2.927346940210401
 0.2805085012875380 -2.962352746971137
 0.2883600561439836 -2.996182956149900
 0.2946969336235247 -3.028791425988500
 0.2995329452665040 -3.060107753584028
 0.3028514869832221 -3.090031833880801
 0.3047323792458359 -3.118481018200647
 0.3052932686213772 -3.145404669387601
 0.3045790716065930 -3.170746674274307
 0.3026051541760574 -3.194425419641715
 0.2994567540666862 -3.216364070082641
 0.2952568971949852 -3.236515462775746
 0.2900746205338638 -3.254839370014192
 0.2839480886602596 -3.271275109395456
 0.2769703738510337 -3.285758454710761
 0.2692730362752568 -3.298251863726937
 0.2609439430173951 -3.308734355040801
 0.2520370494228386 -3.317170403039299
 0.2426510644730359 -3.323514562888149
 0.2329243541639676 -3.327743826489156
 0.2229573459803807 -3.329859368300293
 0.2128117729668070 -3.329854362337837
 0.2025864469223557 -3.327706475178962
 0.1924219742780778 -3.323409694460232
 0.1824241584072479 -3.316987936406695
 0.1726534726565931 -3.308464275161334
 0.1632015850096763 -3.297840929947768
 0.1542062216831832 -3.285127942693727
 0.1457720513469817 -3.270369337659369
 0.1379493667804365 -3.253616651112691
 0.1308155042737477 -3.234895413612707
 0.1245021799854513 -3.214227521100856
 0.1191090806120639 -3.191671658600550
 0.1146680539007029 -3.167305132787906
 0.1112356782554462 -3.141174502686139
 0.1089390869776741 -3.113306736184809
 0.1078736194375111 -3.083767815293673
 0.1080427182359429 -3.052659942318938
 0.1094746062927005 -3.020050164116025
 0.1123033341789580 -2.985959635563566
 0.1166286671716663 -2.950451524581577
 0.1223994990899247 -2.913662747185330
 0.1295973450237512 -2.875687997788329
 0.1384289611734228 -2.836503702985242
 0.1490288777314062 -2.796150068651733
 0.1608731069065743 -2.755026134672438
   
   
 #BODY NUMBER  2
 1.503251435856214 -2.247070116655177
 1.540288301334997 -2.272028187612270
 1.575894650462147 -2.297221168407664
 1.609419471566200 -2.322691644904184
 1.640936802543549 -2.348321326976263
 1.670615840976517 -2.373993119668805
 1.698380676729708 -2.399648546987449
 1.724103861578076 -2.425218483203850
 1.747818612132347 -2.450590526339778
 1.769610743929599 -2.475661850858775
 1.789457016663180 -2.500364580288247
 1.807292998241763 -2.524620323151779
 1.823146490882891 -2.548317593358405
 1.837094060924299 -2.571353714561166
 1.849146550609543 -2.593657633083276
 1.859276460653430 -2.615150986816462
 1.867519191397899 -2.635724615477736
 1.873957705001300 -2.655276161907452
 1.878631675382553 -2.673736269403097
 1.881543812833549 -2.691033303174054
 1.882742607206049 -2.707065105553503
 1.882323221832009 -2.721733383929269
 1.880351261137144 -2.734976034330956
 1.876855689014702 -2.746735313002479
 1.871899267533059 -2.756922509072153
 1.865590321110658 -2.765448513944460
 1.858016409729513 -2.772264130987467
 1.849227582782580 -2.777332582203596
 1.839298247086669 -2.780585120381773
 1.828347165201287 -2.781946235447001
 1.816477923648021 -2.781383737771097
 1.803754430952879 -2.778887373474688
 1.790257183530149 -2.774413230470026
 1.776110476746115 -2.767901142213285
 1.761426968457940 -2.759336900497212
 1.746275981624181 -2.748739990649423
 1.730737256716291 -2.736093854637500
 1.714935811244371 -2.721351596823698
 1.698987318931731 -2.704514196580858
 1.682958014074485 -2.685632679580820
 1.666920174519478 -2.664719077918424
 1.650997384880153 -2.641733179820425
 1.635305202477896 -2.616684457698404
 1.619897709845720 -2.589659700045368
 1.604832872176791 -2.560702859681490
 1.590237358110454 -2.529765231983493
 1.576229150870972 -2.496851639336340
 1.562832449215030 -2.462106207577890
 1.550078591947750 -2.425620186930826
 1.538134848488295 -2.387269784127139
 1.527137828338749 -2.347022553380299
 1.516833264703042 -2.305486067263093
 1.507809456776091 -2.261823211975623
 1.499599830748207 -2.216971356780858
 1.492600477935949 -2.170445320366715
 1.486818866124347 -2.122402534317163
 1.482211416138094 -2.073069580973611
 1.478864901714954 -2.022452156189457
 1.476891976555409 -1.970524020425171
 1.476318016199603 -1.917405801934075
 1.477139740458069 -1.863250229479130
 1.479411227875708 -1.808105551869925
 1.483206511523378 -1.751995594308795
 1.488548314775578 -1.695033511789544
 1.495432208307467 -1.637362096858555
 1.503887597179833 -1.579053838887776
 1.513961840997881 -1.520156625515426
 1.525665926755863 -1.460784178161934
 1.538983639616549 -1.401080035843888
 1.553920170844254 -1.341132925506631
 1.570497444422197 -1.281004420668883
 1.588709398333656 -1.220808739089692
 1.608522523563249 -1.160690875309730
 1.629917000678655 -1.100748823650982
 1.652889241064917 -1.041049033354754
 1.677413471218861 -0.9817017077985904
 1.703436493666607 -0.9228495254650130
 1.730913958676471 -0.8645920349794392
 1.759818229176751 -0.8069911386573412
 1.790104265229356 -0.7501459812464021
 1.821699968350450 -0.6941913302920246
 1.854539315617216 -0.6392206876990056
 1.888574623313162 -0.5852820816355226
 1.923745093960751 -0.5324561622685071
 1.959963180122219 -0.4808650775742559
 1.997146060124726 -0.4305907558774104
 2.035232084494912 -0.3816594538096080
 2.074150223944994 -0.3341272633467812
 2.113802037626763 -0.2881023322692635
 2.154093290879259 -0.2436533306108264
 2.194955349944235 -0.2007783692962434
 2.236313076210775 -0.1595044220023878
 2.278060646141824 -0.1199296520429834
 2.320096423471138 -8.211288854083965E-02
 2.362352239978201 -4.601601413517298E-02
 2.404755019933451 -1.163104803521975E-02
 2.447191002377815 2.093913322512253E-02
 2.489551548412321 5.163365319078772E-02
 2.531781028394640 8.055272854035600E-02
 2.573817264205784 0.1077571240925448
 2.615518195282115 0.1330665681186709
 2.656759991814867 0.1563835156425608
 2.697645523036352 0.1783188733993271
 2.737778279254041 0.1979147043019526
 2.777399215183481 0.2161542167843854
 2.816219705427988 0.2324523252695642
 2.854174326682002 0.2469322935193911
 2.891246270530915 0.2597991984159649
 2.927346940210401 0.2710165378508084
 2.962352746971137 0.2805085012875380
 2.996182956149900 0.2883600561439836
 3.028791425988500 0.2946969336235247
 3.060107753584028 0.2995329452665040
 3.090031833880801 0.3028514869832221
 3.118481018200647 0.3047323792458359
 3.145404669387601 0.3052932686213772
 3.170746674274307 0.3045790716065930
 3.194425419641715 0.3026051541760574
 3.216364070082641 0.2994567540666862
 3.236515462775746 0.2952568971949852
 3.254839370014192 0.2900746205338638
 3.271275109395456 0.2839480886602596
 3.285758454710761 0.2769703738510337
 3.298251863726937 0.2692730362752568
 3.308734355040801 0.2609439430173951
 3.317170403039299 0.2520370494228386
 3.323514562888149 0.2426510644730359
 3.327743826489156 0.2329243541639676
 3.329859368300293 0.2229573459803807
 3.329854362337837 0.2128117729668070
 3.327706475178962 0.2025864469223557
 3.323409694460232 0.1924219742780778
 3.316987936406695 0.1824241584072479
 3.308464275161334 0.1726534726565931
 3.297840929947768 0.1632015850096763
 3.285127942693727 0.1542062216831832
 3.270369337659369 0.1457720513469817
 3.253616651112691 0.1379493667804365
 3.234895413612707 0.1308155042737477
 3.214227521100856 0.1245021799854513
 3.191671658600550 0.1191090806120639
 3.167305132787906 0.1146680539007029
 3.141174502686139 0.1112356782554462
 3.113306736184809 0.1089390869776741
 3.083767815293673 0.1078736194375111
 3.052659942318938 0.1080427182359429
 3.020050164116025 0.1094746062927005
 2.985959635563566 0.1123033341789580
 2.950451524581577 0.1166286671716663
 2.913662747185330 0.1223994990899247
 2.875687997788329 0.1295973450237512
 2.836503702985242 0.1384289611734228
 2.796150068651733 0.1490288777314062
 2.755026134672438 0.1608731069065743
 2.712701088828250 0.1748896876466981
 2.669753429808781 0.1902058705483625
 2.625961023930604 0.2074072714099684
 2.581463944837310 0.2264216417310780
 2.536436629004955 0.2470979496680917
 2.490927396056160 0.2695084955555986
 2.444969848733349 0.2937639601298102
 2.398681141938384 0.3198260051264653
 2.352191902565146 0.3476154254366751
 2.305570954580891 0.3771549300493304
 2.258875947751521 0.4084967208833444
 2.212216238863483 0.4416038994613941
 2.165713275226999 0.4764012336024515
 2.119444537010070 0.5128779441501866
 2.073475175926526 0.5510511019067091
 2.027909171112539 0.5908733611779394
 1.982862723584293 0.6322589099946228
 1.938415268762613 0.6751678806508639
 1.894631092870519 0.7195884731137203
 1.851606080380550 0.7654583286431910
 1.809449045740647 0.8126759303103619
 1.768234944806914 0.8611751168223621
 1.728019530002909 0.9109195557268225
 1.688885353501578 0.9618318248264756
 1.650929379756419 1.013794514516265
 1.614215645540114 1.066719442489192
 1.578783941294563 1.120551723181341
 1.544697608920867 1.175202778488298
 1.512037311295032 1.230542785518785
 1.480851011980506 1.286467815792013
 1.451156462732781 1.342912559914064
 1.422993109906471 1.399784040641438
 1.396422963033189 1.456945365680849
 1.371475563286944 1.514283845197312
 1.348142824841070 1.571732960864947
 1.326437810127783 1.629203153528157
 1.306404957448109 1.686555097021455
 1.288056619465294 1.743672846717648
 1.271356843313078 1.800497908576149
 1.256291419575409 1.856951723812663
 1.242892448407164 1.912893564898920
 1.231160059190056 1.968205997685005
 1.221027157211064 2.022849045440608
 1.212450293037862 2.076763413122912
 1.205461679882724 2.129799142584454
 1.200059718852742 2.181831711551348
 1.196129804937220 2.232863051679427
 1.193588225199996 2.282869697547446
 1.192520069255876 2.331638485234075
 1.192947898627855 2.379013402491092
 1.194394087180138 2.425388990054504
 1.197489977919044 2.469942891914223
 1.201504564721334 2.513375385192050
 1.206800233861788 2.555143970173748
 1.213237524138453 2.595253620495654
 1.220630429554398 2.633792318084770
 1.228966263480693 2.670665084838258
 1.238248885393060 2.705726984491388
 1.248364344017553 2.738950582483762
 1.259180682058901 2.770358784482299
 1.270650736920848 2.799897525554752
 1.282738835639038 2.827471810135001
 1.295334527317756 2.853049972604241
 1.308310608463301 2.876646983182544
 1.321600123664764 2.898236704689869
 1.335148958988285 2.917756140992520
 1.348844878684741 2.935181369544423
 1.362557757774445 2.950533059102437
 1.376207694631639 2.963810889936961
 1.389731296561907 2.974981391834313
 1.403015847504712 2.984035479404537
 1.415928641894927 2.991006420204526
 1.428383093903657 2.995919977348351
 1.440314714024597 2.998772362425318
 1.451615295355090 2.999573573545189
 1.462153505378498 2.998372868108428
 1.471842958570781 2.995221476967847
 1.480626779555257 2.990144355170403
 1.488408228092293 2.983171567304129
 1.495062529258945 2.974368209725079
 1.500510012758675 2.963807896178344
 1.504709844208455 2.951540846131281
 1.507583746417618 2.937614815479702
 1.509017465947612 2.922107363896469
 1.508942369201429 2.905108951844193
 1.507340669488510 2.886689357429859
 1.504158156896416 2.866909358911247
 1.499291709856484 2.845853776809149
 1.492684339668819 2.823623277192921
 1.484347118713421 2.800300733481522
 1.474254328166661 2.775954756173870
 1.462309351304656 2.750672266798099
 1.448462612815777 2.724558077135915
 1.432762232473218 2.697702418281311
 1.415217291939234 2.670177465974191
 1.395722277453112 2.642068566162451
 1.374222373710606 2.613480306508006
 1.350830297970300 2.584505706667815
 1.325609405840579 2.555217531954577
 1.298368854496947 2.525698745300561
 1.269012240312984 2.496051431111705
 1.238192869969396 2.466359174169667
 1.204891632052159 2.436712899622321
 1.170153599060574 2.407177227329221
 1.133360545994656 2.377852591776684
 1.094645078712963 2.348824176048241
 1.054225212866862 2.320167530641703
 1.012062494341206 2.291960651745056
 0.9680778721779399 2.264287980554982
 0.9223631257387813 2.237231807060541
 0.8750521621070771 2.210865654915805
 0.8261597267051826 2.185260481919255
 0.7756694362281430 2.160492315192140
 0.7236679240879054 2.136637411250938
 0.6702810669195318 2.113763330461007
 0.6155569398302372 2.091931783037962
 0.5595133349286457 2.071207727422135
 0.5022432443566762 2.051657539339873
 0.4438790839677444 2.033338945838511
 0.3844950979183586 2.016300806157495
 0.3241336484483223 2.000592893782604
 0.2628966820468940 1.986267067732883
 0.2009265221773980 1.973366805620092
 0.1383179441282600 1.961923940473344
 7.513028893799147E-02 1.951968589081576
 1.147188228271687E-02 1.943533532625066
 -5.250711391018794E-02 1.936644039981278
 -0.1166983131363570 1.931311477468631
 -0.1810342878821878 1.927542861838682
 -0.2454066563084887 1.925348759734700
 -0.3096626570554178 1.924734115810810
 -0.3736883036367102 1.925688503491019
 -0.4374181605803807 1.928194641549586
 -0.5007519840542789 1.932240202909945
 -0.5635402170890289 1.937810443255105
 -0.6256704968377822 1.944874601074722
 -0.6870892596538420 1.953392414674555
 -0.7477124138172117 1.963330416874938
 -0.8073970801786541 1.974657429290718
 -0.8660366714139655 1.987326177328474
 -0.9235985066311575 2.001276277872392
 -0.9800216566353662 2.016456145815050
 -1.035168197734660 2.032823216941904
 -1.088936364281082 2.050318886225844
 -1.141325082767137 2.068865059575781
 -1.192304726895588 2.088394461158132
 -1.241729322495090 2.108860009359331
 -1.289491829559578 2.130198058360560
 -1.335651223457420 2.152310323139071
 -1.380229039005788 2.175112573454901
 -1.422998126026239 2.198571917115404
 -1.463812093187012 2.222629886848532
 -1.503251435856214 2.247070116655177
 -1.540288301334997 2.272028187612270
 -1.575894650462147 2.297221168407664
 -1.609419471566200 2.322691644904184
 -1.640936802543549 2.348321326976263
 -1.670615840976517 2.373993119668805
 -1.698380676729708 2.399648546987449
 -1.724103861578076 2.425218483203850
 -1.747818612132347 2.450590526339778
 -1.769610743929599 2.475661850858775
 -1.789457016663180 2.500364580288247
 -1.807292998241763 2.524620323151779
 -1.823146490882891 2.548317593358405
 -1.837094060924299 2.571353714561166
 -1.849146550609543 2.593657633083276
 -1.859276460653430 2.615150986816462
 -1.867519191397899 2.635724615477736
 -1.873957705001300 2.655276161907452
 -1.878631675382553 2.673736269403097
 -1.881543812833549 2.691033303174054
 -1.882742607206049 2.707065105553503
 -1.882323221832009 2.721733383929269
 -1.880351261137144 2.734976034330956
 -1.876855689014702 2.746735313002479
 -1.871899267533059 2.756922509072153
 -1.865590321110658 2.765448513944460
 -1.858016409729513 2.772264130987467
 -1.849227582782580 2.777332582203596
 -1.839298247086669 2.780585120381773
 -1.828347165201287 2.781946235447001
 -1.816477923648021 2.781383737771097
 -1.803754430952879 2.778887373474688
 -1.790257183530149 2.774413230470026
 -1.776110476746115 2.767901142213285
 -1.761426968457940 2.759336900497212
 -1.746275981624181 2.748739990649423
 -1.730737256716291 2.736093854637500
 -1.714935811244371 2.721351596823698
 -1.698987318931731 2.704514196580858
 -1.682958014074485 2.685632679580820
 -1.666920174519478 2.664719077918424
 -1.650997384880153 2.641733179820425
 -1.635305202477896 2.616684457698404
 -1.619897709845720 2.589659700045368
 -1.604832872176791 2.560702859681490
 -1.590237358110454 2.529765231983493
 -1.576229150870972 2.496851639336340
 -1.562832449215030 2.462106207577890
 -1.550078591947750 2.425620186930826
 -1.538134848488295 2.387269784127139
 -1.527137828338749 2.347022553380299
 -1.516833264703042 2.305486067263093
 -1.507809456776091 2.261823211975623
 -1.499599830748207 2.216971356780858
 -1.492600477935949 2.170445320366715
 -1.486818866124347 2.122402534317163
 -1.482211416138094 2.073069580973611
 -1.478864901714954 2.022452156189457
 -1.476891976555409 1.970524020425171
 -1.476318016199603 1.917405801934075
 -1.477139740458069 1.863250229479130
 -1.479411227875708 1.808105551869925
 -1.483206511523378 1.751995594308795
 -1.488548314775578 1.695033511789544
 -1.495432208307467 1.637362096858555
 -1.503887597179833 1.579053838887776
 -1.513961840997881 1.520156625515426
 -1.525665926755863 1.460784178161934
 -1.538983639616549 1.401080035843888
 -1.553920170844254 1.341132925506631
 -1.570497444422197 1.281004420668883
 -1.588709398333656 1.220808739089692
 -1.608522523563249 1.160690875309730
 -1.629917000678655 1.100748823650982
 -1.652889241064917 1.041049033354754
 -1.677413471218861 0.9817017077985904
 -1.703436493666607 0.9228495254650130
 -1.730913958676471 0.8645920349794392
 -1.759818229176751 0.8069911386573412
 -1.790104265229356 0.7501459812464021
 -1.821699968350450 0.6941913302920246
 -1.854539315617216 0.6392206876990056
 -1.888574623313162 0.5852820816355226
 -1.923745093960751 0.5324561622685071
 -1.959963180122219 0.4808650775742559
 -1.997146060124726 0.4305907558774104
 -2.035232084494912 0.3816594538096080
 -2.074150223944994 0.3341272633467812
 -2.113802037626763 0.2881023322692635
 -2.154093290879259 0.2436533306108264
 -2.194955349944235 0.2007783692962434
 -2.236313076210775 0.1595044220023878
 -2.278060646141824 0.1199296520429834
 -2.320096423471138 8.211288854083965E-02
 -2.362352239978201 4.601601413517298E-02
 -2.404755019933451 1.163104803521975E-02
 -2.447191002377815 -2.093913322512253E-02
 -2.489551548412321 -5.163365319078772E-02
 -2.531781028394640 -8.055272854035600E-02
 -2.573817264205784 -0.1077571240925448
 -2.615518195282115 -0.1330665681186709
 -2.656759991814867 -0.1563835156425608
 -2.697645523036352 -0.1783188733993271
 -2.737778279254041 -0.1979147043019526
 -2.777399215183481 -0.2161542167843854
 -2.816219705427988 -0.2324523252695642
 -2.854174326682002 -0.2469322935193911
 -2.891246270530915 -0.2597991984159649
 -2.927346940210401 -0.2710165378508084
 -2.962352746971137 -0.2805085012875380
 -2.996182956149900 -0.2883600561439836
 -3.028791425988500 -0.2946969336235247
 -3.060107753584028 -0.2995329452665040
 -3.090031833880801 -0.3028514869832221
 -3.118481018200647 -0.3047323792458359
 -3.145404669387601 -0.3052932686213772
 -3.170746674274307 -0.3045790716065930
 -3.194425419641715 -0.3026051541760574
 -3.216364070082641 -0.2994567540666862
 -3.236515462775746 -0.2952568971949852
 -3.254839370014192 -0.2900746205338638
 -3.271275109395456 -0.2839480886602596
 -3.285758454710761 -0.2769703738510337
 -3.298251863726937 -0.2692730362752568
 -3.308734355040801 -0.2609439430173951
 -3.317170403039299 -0.2520370494228386
 -3.323514562888149 -0.2426510644730359
 -3.327743826489156 -0.2329243541639676
 -3.329859368300293 -0.2229573459803807
 -3.329854362337837 -0.2128117729668070
 -3.327706475178962 -0.2025864469223557
 -3.323409694460232 -0.1924219742780778
 -3.316987936406695 -0.1824241584072479
 -3.308464275161334 -0.1726534726565931
 -3.297840929947768 -0.1632015850096763
 -3.285127942693727 -0.1542062216831832
 -3.270369337659369 -0.1457720513469817
 -3.253616651112691 -0.1379493667804365
 -3.234895413612707 -0.1308155042737477
 -3.214227521100856 -0.1245021799854513
 -3.191671658600550 -0.1191090806120639
 -3.167305132787906 -0.1146680539007029
 -3.141174502686139 -0.1112356782554462
 -3.113306736184809 -0.1089390869776741
 -3.083767815293673 -0.1078736194375111
 -3.052659942318938 -0.1080427182359429
 -3.020050164116025 -0.1094746062927005
 -2.985959635563566 -0.1123033341789580
 -2.950451524581577 -0.1166286671716663
 -2.913662747185330 -0.1223994990899247
 -2.875687997788329 -0.1295973450237512
 -2.836503702985242 -0.1384289611734228
 -2.796150068651733 -0.1490288777314062
 -2.755026134672438 -0.1608731069065743
 -2.712701088828250 -0.1748896876466981
 -2.669753429808781 -0.1902058705483625
 -2.625961023930604 -0.2074072714099684
 -2.581463944837310 -0.2264216417310780
 -2.536436629004955 -0.2470979496680917
 -2.490927396056160 -0.2695084955555986
 -2.444969848733349 -0.2937639601298102
 -2.398681141938384 -0.3198260051264653
 -2.352191902565146 -0.3476154254366751
 -2.305570954580891 -0.3771549300493304
 -2.258875947751521 -0.4084967208833444
 -2.212216238863483 -0.4416038994613941
 -2.165713275226999 -0.4764012336024515
 -2.119444537010070 -0.5128779441501866
 -2.073475175926526 -0.5510511019067091
 -2.027909171112539 -0.5908733611779394
 -1.982862723584293 -0.6322589099946228
 -1.938415268762613 -0.6751678806508639
 -1.894631092870519 -0.7195884731137203
 -1.851606080380550 -0.7654583286431910
 -1.809449045740647 -0.8126759303103619
 -1.768234944806914 -0.8611751168223621
 -1.728019530002909 -0.9109195557268225
 -1.688885353501578 -0.9618318248264756
 -1.650929379756419 -1.013794514516265
 -1.614215645540114 -1.066719442489192
 -1.578783941294563 -1.120551723181341
 -1.544697608920867 -1.175202778488298
 -1.512037311295032 -1.230542785518785
 -1.480851011980506 -1.286467815792013
 -1.451156462732781 -1.342912559914064
 -1.422993109906471 -1.399784040641438
 -1.396422963033189 -1.456945365680849
 -1.371475563286944 -1.514283845197312
 -1.348142824841070 -1.571732960864947
 -1.326437810127783 -1.629203153528157
 -1.306404957448109 -1.686555097021455
 -1.288056619465294 -1.743672846717648
 -1.271356843313078 -1.800497908576149
 -1.256291419575409 -1.856951723812663
 -1.242892448407164 -1.912893564898920
 -1.231160059190056 -1.968205997685005
 -1.221027157211064 -2.022849045440608
 -1.212450293037862 -2.076763413122912
 -1.205461679882724 -2.129799142584454
 -1.200059718852742 -2.181831711551348
 -1.196129804937220 -2.232863051679427
 -1.193588225199996 -2.282869697547446
 -1.192520069255876 -2.331638485234075
 -1.192947898627855 -2.379013402491092
 -1.194394087180138 -2.425388990054504
 -1.197489977919044 -2.469942891914223
 -1.201504564721334 -2.513375385192050
 -1.206800233861788 -2.555143970173748
 -1.213237524138453 -2.595253620495654
 -1.220630429554398 -2.633792318084770
 -1.228966263480693 -2.670665084838258
 -1.238248885393060 -2.705726984491388
 -1.248364344017553 -2.738950582483762
 -1.259180682058901 -2.770358784482299
 -1.270650736920848 -2.799897525554752
 -1.282738835639038 -2.827471810135001
 -1.295334527317756 -2.853049972604241
 -1.308310608463301 -2.876646983182544
 -1.321600123664764 -2.898236704689869
 -1.335148958988285 -2.917756140992520
 -1.348844878684741 -2.935181369544423
 -1.362557757774445 -2.950533059102437
 -1.376207694631639 -2.963810889936961
 -1.389731296561907 -2.974981391834313
 -1.403015847504712 -2.984035479404537
 -1.415928641894927 -2.991006420204526
 -1.428383093903657 -2.995919977348351
 -1.440314714024597 -2.998772362425318
 -1.451615295355090 -2.999573573545189
 -1.462153505378498 -2.998372868108428
 -1.471842958570781 -2.995221476967847
 -1.480626779555257 -2.990144355170403
 -1.488408228092293 -2.983171567304129
 -1.495062529258945 -2.974368209725079
 -1.500510012758675 -2.963807896178344
 -1.504709844208455 -2.951540846131281
 -1.507583746417618 -2.937614815479702
 -1.509017465947612 -2.922107363896469
 -1.508942369201429 -2.905108951844193
 -1.507340669488510 -2.886689357429859
 -1.504158156896416 -2.866909358911247
 -1.499291709856484 -2.845853776809149
 -1.492684339668819 -2.823623277192921
 -1.484347118713421 -2.800300733481522
 -1.474254328166661 -2.775954756173870
 -1.462309351304656 -2.750672266798099
 -1.448462612815777 -2.724558077135915
 -1.432762232473218 -2.697702418281311
 -1.415217291939234 -2.670177465974191
 -1.395722277453112 -2.642068566162451
 -1.374222373710606 -2.613480306508006
 -1.350830297970300 -2.584505706667815
 -1.325609405840579 -2.555217531954577
 -1.298368854496947 -2.525698745300561
 -1.269012240312984 -2.496051431111705
 -1.238192869969396 -2.466359174169667
 -1.204891632052159 -2.436712899622321
 -1.170153599060574 -2.407177227329221
 -1.133360545994656 -2.377852591776684
 -1.094645078712963 -2.348824176048241
 -1.054225212866862 -2.320167530641703
 -1.012062494341206 -2.291960651745056
 -0.9680778721779399 -2.264287980554982
 -0.9223631257387813 -2.237231807060541
 -0.8750521621070771 -2.210865654915805
 -0.8261597267051826 -2.185260481919255
 -0.7756694362281430 -2.160492315192140
 -0.7236679240879054 -2.136637411250938
 -0.6702810669195318 -2.113763330461007
 -0.6155569398302372 -2.091931783037962
 -0.5595133349286457 -2.071207727422135
 -0.5022432443566762 -2.051657539339873
 -0.4438790839677444 -2.033338945838511
 -0.3844950979183586 -2.016300806157495
 -0.3241336484483223 -2.000592893782604
 -0.2628966820468940 -1.986267067732883
 -0.2009265221773980 -1.973366805620092
 -0.1383179441282600 -1.961923940473344
 -7.513028893799147E-02 -1.951968589081576
 -1.147188228271687E-02 -1.943533532625066
 5.250711391018794E-02 -1.936644039981278
 0.1166983131363570 -1.931311477468631
 0.1810342878821878 -1.927542861838682
 0.2454066563084887 -1.925348759734700
 0.3096626570554178 -1.924734115810810
 0.3736883036367102 -1.925688503491019
 0.4374181605803807 -1.928194641549586
 0.5007519840542789 -1.932240202909945
 0.5635402170890289 -1.937810443255105
 0.6256704968377822 -1.944874601074722
 0.6870892596538420 -1.953392414674555
 0.7477124138172117 -1.963330416874938
 0.8073970801786541 -1.974657429290718
 0.8660366714139655 -1.987326177328474
 0.9235985066311575 -2.001276277872392
 0.9800216566353662 -2.016456145815050
 1.035168197734660 -2.032823216941904
 1.088936364281082 -2.050318886225844
 1.141325082767137 -2.068865059575781
 1.192304726895588 -2.088394461158132
 1.241729322495090 -2.108860009359331
 1.289491829559578 -2.130198058360560
 1.335651223457420 -2.152310323139071
 1.380229039005788 -2.175112573454901
 1.422998126026239 -2.198571917115404
 1.463812093187012 -2.222629886848532
 1.503251435856214 -2.247070116655177
   
   
 #BODY NUMBER  3
 -0.9848738842280527 3.038175118734619
 -1.050074067090534 3.016080737915610
 -1.114359484073357 2.991681158358746
 -1.177222450952140 2.964005493220868
 -1.238518210017749 2.933324518034213
 -1.298133509816157 2.900076133024143
 -1.355838853382374 2.864288477665698
 -1.411412011316466 2.825912054232381
 -1.464728768086755 2.785176892486946
 -1.515681006960796 2.742402438813840
 -1.564108659301992 2.697722590495797
 -1.609864895819423 2.651204503444686
 -1.652874930300664 2.603072944304973
 -1.693081704123683 2.553629538096466
 -1.730392402473274 2.503056811558942
 -1.764725822148349 2.451468708342905
 -1.796063201063307 2.399081882416198
 -1.824405382494680 2.346183023654580
 -1.849721858497968 2.292972231109307
 -1.871988740097718 2.239578337198753
 -1.891239568481093 2.186200717701358
 -1.907530041008063 2.133104846787095
 -1.920884633743383 2.080489682372541
 -1.931327606231110 2.028480633366180
 -1.938938008985644 1.977252503143444
 -1.943821307946858 1.927044309372354
 -1.946050466204250 1.878042408877718
 -1.945690033480477 1.830357043436141
 -1.942858320061113 1.784132709267660
 -1.937706725816072 1.739577789690197
 -1.930352466199806 1.696857647904105
 -1.920894226887321 1.656057356327124
 -1.909484304408332 1.617284460203281
 -1.896317694780592 1.580711761551087
 -1.881553104012236 1.546475180020773
 -1.865316963762270 1.514622845618815
 -1.847789154232990 1.485215631297244
 -1.829205803077546 1.458384223482473
 -1.809763550652302 1.434225521411156
 -1.789605921655566 1.412735181291733
 -1.768928873746518 1.393913819675985
 -1.748005405370534 1.377844185792455
 -1.727063620398478 1.364575819753477
 -1.706242714796221 1.354031306345931
 -1.685732571175086 1.346133919342978
 -1.665840758877229 1.340923288181718
 -1.646819919916564 1.338403225285310
 -1.628755113325819 1.338386525415317
 -1.611786469324879 1.340693882124342
 -1.596308418872910 1.345394419589664
 -1.582608867180553 1.352480074799293
 -1.570208892124884 1.361180262587271
 -1.560321161776857 1.372347684540097
 -1.552071014605232 1.384783780376940
 -1.546237153069324 1.398952725618675
 -1.542821994677890 1.414565613303115
 -1.541749070706140 1.431227161328240
 -1.543194857253258 1.448791260935786
 -1.547344276924053 1.467167283650553
 -1.554187829622874 1.486100587067910
 -1.563679049471817 1.505281235605244
 -1.575889624947810 1.524514322709242
 -1.590892173495623 1.543656427246738
 -1.608630136308519 1.562478206585569
 -1.629012655988014 1.580705505537835
 -1.652032117032785 1.598139377863453
 -1.677686235124095 1.614634317570304
 -1.705869996168961 1.629994801446908
 -1.736443778850234 1.643986384453020
 -1.769338825831953 1.656429347074311
 -1.804499863134080 1.667198353500217
 -1.841783007940564 1.676139011533802
 -1.881007046379268 1.683061551455351
 -1.922057246279793 1.687817317180291
 -1.964842516780810 1.690311790915045
 -2.009191221047539 1.690435110227909
 -2.054888573989380 1.688044358682241
 -2.101785090426024 1.683027791179718
 -2.149767065744791 1.675327237341360
 -2.198644816772769 1.664879119420701
 -2.248176033589742 1.651588664728111
 -2.298184113856530 1.635385103866718
 -2.348543592813588 1.616251298584250
 -2.399055763593535 1.594172633208447
 -2.449455365917201 1.569104849348073
 -2.499544635314469 1.541022884864855
 -2.549198142387177 1.509956743721083
 -2.598219418804484 1.475945530558536
 -2.646325008479602 1.438999157650257
 -2.693302597658581 1.399143709307752
 -2.739044301863104 1.356463893018791
 -2.783373580394366 1.311058408516702
 -2.825993733040292 1.262993638679955
 -2.866685621513307 1.212349986259370
 -2.905389469050889 1.159274095191496
 -2.941978295611662 1.103928454515064
 -2.976137508602173 1.046429891575073
 -3.007642356171666 0.9869074868739931
 -3.036550167670831 0.9255783950004015
 -3.062839827186811 0.8626705557924130
 -3.086076087768928 0.7983107503402614
 -3.105991902294050 0.7326510553722336
 -3.123573776084010 0.6661617561019619
 -3.137039572445101 0.5986495510021580
 -3.148051625198609 0.5307769570237252
 -3.155515279561967 0.4624981981805004
 -3.159592655170248 0.3940740260921058
 -3.160606359015925 0.3258214695074232
 -3.158466012116738 0.2579533483657481
 -3.153017633484144 0.1906373701096417
 -3.144398326970473 0.1240961234264580
 -3.132830682893584 5.858296334529224E-02
 -3.118350625383520 -5.696537986846045E-03
 -3.100942898520518 -6.858164471806592E-02
 -3.080764762822394 -0.1298952067663222
 -3.058048903907704 -0.1894369974055251
 -3.032906987162360 -0.2470353732779703
 -3.005397089081755 -0.3025630385233969
 -2.975697456463072 -0.3558954177151225
 -2.944056791659993 -0.4068898962141681
 -2.910633131561926 -0.4554200038399518
 -2.875526103828291 -0.5014006359236722
 -2.838925143541695 -0.5447611520962665
 -2.801088006757368 -0.5854170506014074
 -2.762199234117730 -0.6232900493746665
 -2.722379562695415 -0.6583384533432403
 -2.681819901911415 -0.6905433205730654
 -2.640779980108127 -0.7198764784132956
 -2.599457668574751 -0.7463079363405715
 -2.557980714351714 -0.7698384751662172
 -2.516533409979107 -0.7904983064930512
 -2.475371920638930 -0.8083143547955873
 -2.434698062790769 -0.8233054500349217
 -2.394634854147049 -0.8355145203037274
 -2.355351579886011 -0.8450196856436334
 -2.317095388954387 -0.8519034165503947
 -2.280063344226220 -0.8562351966336744
 -2.244360343339304 -0.8581004539187752
 -2.210129043917652 -0.8576245327545097
 -2.177600687553037 -0.8549465824738334
 -2.146957511624195 -0.8501884490024406
 -2.118267516646438 -0.8434766002709171
 -2.091629215398863 -0.8349804323142876
 -2.067250770038219 -0.8248949941071712
 -2.045289135495725 -0.8133930593402677
 -2.025746866213117 -0.8006338828626882
 -2.008652456634475 -0.7868202709529948
 -1.994194011530145 -0.7721987717563692
 -1.982501153562388 -0.7569862734633444
 -1.973454287755362 -0.7413500419763031
 -1.966968195280500 -0.7255010868492019
 -1.963299954910924 -0.7097464332240786
 -1.962586536478742 -0.6943394458332249
 -1.963921132592992 -0.6792506585347331
 -1.968648538524906 -0.6651039218911587
 -1.975293439857697 -0.6517410369371499
 -1.984647175613916 -0.6396042920240248
 -1.996460753779357 -0.6288402342568753
 -2.010353615649615 -0.6195802808284482
 -2.026287465377909 -0.6120503189029289
 -2.044276277704814 -0.6064558103914166
 -2.064094775791215 -0.6029158491720550
 -2.085451314610078 -0.6015451624054758
 -2.108212944373336 -0.6025032874105141
 -2.132291767458612 -0.6059248233056815
 -2.157460887916912 -0.6118754600436178
 -2.183437451691696 -0.6204135904030639
 -2.210045358534401 -0.6316320922864523
 -2.237157454400081 -0.6456017404117869
 -2.264551904174075 -0.6623293515125288
 -2.291955861837163 -0.6818112325012408
 -2.319179307056401 -0.7040776975354460
 -2.346086058845817 -0.7291435458495474
 -2.372470468232692 -0.7569613673681443
 -2.398077582882818 -0.7874691111343045
 -2.422721296765327 -0.8206417442161185
 -2.446274209639204 -0.8564476385104109
 -2.468555359430287 -0.8947930833738895
 -2.489333584328521 -0.9355635276800618
 -2.508437367649860 -0.9786853860144518
 -2.525759480062015 -1.024089272483440
 -2.541150020034978 -1.071642705513850
 -2.554405757051835 -1.121183224903998
 -2.565377101847495 -1.172593273240225
 -2.573986479880342 -1.225772763979618
 -2.580121880173215 -1.280556919763253
 -2.583612343695386 -1.336738147646368
 -2.584337283763381 -1.394157709643013
 -2.582259969871675 -1.452691978726855
 -2.577316033468035 -1.512151256011455
 -2.569372330789332 -1.572285105188278
 -2.558345294634993 -1.632896614997074
 -2.544254341602162 -1.693850000995065
 -2.527096677817843 -1.754943024585619
 -2.506781442435131 -1.815885544408535
 -2.483268697134983 -1.876447579764421
 -2.456655550910499 -1.936504040490104
 -2.427019233376371 -1.995863714124612
 -2.394303623684495 -2.054195741817674
 -2.358508132903768 -2.111240942505751
 -2.319849487099791 -2.166940387568635
 -2.278514530006476 -2.221161820170312
 -2.234395433793347 -2.273464914849456
 -2.187490377208859 -2.323542363649285
 -2.138699891855957 -2.372013362632657
 -2.086965505354567 -2.417431186913452
 -2.033692141125252 -2.460904201335021
 -1.978292828609826 -2.501507295040368
 -1.921074445152499 -2.539250491942107
 -1.862472849199768 -2.574254663516719
 -1.802627158734364 -2.606335129299950
 -1.741605622167678 -2.635274684122740
 -1.679669558883718 -2.661080769060488
 -1.617149675932787 -2.683819475468548
 -1.554241966081529 -2.703419128482643
 -1.491078002701095 -2.719786148162752
 -1.427889832521730 -2.732968151071296
 -1.364967199784020 -2.743066535501991
 -1.302514584689086 -2.750092184836913
 -1.240671266933406 -2.754031746866302
 -1.179634255399766 -2.754977300131320
 -1.119651409165313 -2.753072919868748
 -1.060911273063958 -2.748392234949258
 -1.003537363730573 -2.740978973122425
 -0.9476855750606021 -2.730961869797625
 -0.8935579657493053 -2.718521897388502
 -0.8413146003743468 -2.703779731747208
 -0.7910519564643049 -2.686819086709420
 -0.7428818929257717 -2.667795823716510
 -0.6969586721612694 -2.646920787785650
 -0.6534072023705011 -2.624350345218290
 -0.6122906808712373 -2.600195518602359
 -0.5736750899179938 -2.574631015760712
 -0.5376651948228585 -2.547892144485784
 -0.5043455965909622 -2.520163097939027
 -0.4737406272597272 -2.491571876630851
 -0.4458672754776782 -2.462304145846914
 -0.4207776941737954 -2.432615178101481
 -0.3985102402139840 -2.402710376654447
 -0.3790433795770349 -2.372723299537590
 -0.3623398896846610 -2.342840164051754
 -0.3483948844754909 -2.313330805956306
 -0.3371939609718930 -2.284413970413597
 -0.3286615949908726 -2.256211781562650
 -0.3227003416523456 -2.228894251990273
 -0.3192453646676845 -2.202739179899626
 -0.3182255150972472 -2.177968879093744
 -0.3195041514168958 -2.154665189208619
 -0.3229198854593887 -2.132954190295973
 -0.3283532526529152 -2.113122059938088
 -0.3356812336458236 -2.095389498748654
 -0.3446991744295426 -2.079736567391620
 -0.3551817259556208 -2.066194968973544
 -0.3669915360380143 -2.055140852813742
 -0.3799776692981892 -2.046819520632518
 -0.3937122404681077 -2.040430921122004
 -0.4083273767480486 -2.037451606431256
 -0.4232224252524645 -2.036524817314090
 -0.4384100225445922 -2.038557017642700
 -0.4536387591014672 -2.043405847559990
 -0.4686045449434750 -2.050807442156688
 -0.4830926081246510 -2.060841579838715
 -0.4969320007807616 -2.073623094041969
 -0.5099069461683410 -2.089016436239965
 -0.5217722651382615 -2.106826398010720
 -0.5323233194255260 -2.127017610119756
 -0.5413995939629883 -2.149581250552419
 -0.5488307516083930 -2.174353666629186
 -0.5544247957036812 -2.201119095940899
 -0.5580132415016158 -2.229771470149905
 -0.5594712192759868 -2.260236057982091
 -0.5586819080051143 -2.292324152959437
 -0.5555120829869288 -2.325797616954261
 -0.5498404812244481 -2.360507044609757
 -0.5415861957117367 -2.396341899349764
 -0.5306874602921283 -2.433100378901946
 -0.5170705365035502 -2.470530662589656
 -0.5006640504855332 -2.508459061396410
 -0.4814316928583948 -2.546759429425456
 -0.4593641383827479 -2.585228193601799
 -0.4344450103391416 -2.623607886362303
 -0.4066522772238352 -2.661713177194170
 -0.3759924143172241 -2.699416509824801
 -0.3425052032622086 -2.736521824934552
 -0.3062297234620933 -2.772771889632109
 -0.2671929879909653 -2.807978377106942
 -0.2254428870667549 -2.842024062563869
 -0.1810661165796794 -2.874729552971700
 -0.1341569777781846 -2.905842996994441
 -8.479264844891227E-02 -2.935180594507868
 -3.306182748449830E-02 -2.962648722447938
 2.090338533644828E-02 -2.988096786569991
 7.695267769027055E-02 -3.011284262838534
 0.1349573030235872 -3.032040324304826
 0.1947899602609419 -3.050313894013856
 0.2562769025765229 -3.066001433102321
 0.3192122906051614 -3.078879183088490
 0.3834169243783235 -3.088797566023791
 0.4487339181403895 -3.095778135681600
 0.5149590622352914 -3.099792168639677
 0.5818338849176774 -3.100625633392747
 0.6491342232678977 -3.098148429379744
 0.7167006805710400 -3.092518782569037
 0.7843252971803352 -3.083832375962725
 0.8516806539755809 -3.071775665189717
 0.9185015250851913 -3.056193419021518
 0.9848738842280527 -3.038175118734619
 1.050074067090534 -3.016080737915610
 1.114359484073357 -2.991681158358746
 1.177222450952140 -2.964005493220868
 1.238518210017749 -2.933324518034213
 1.298133509816157 -2.900076133024143
 1.355838853382374 -2.864288477665698
 1.411412011316466 -2.825912054232381
 1.464728768086755 -2.785176892486946
 1.515681006960796 -2.742402438813840
 1.564108659301992 -2.697722590495797
 1.609864895819423 -2.651204503444686
 1.652874930300664 -2.603072944304973
 1.693081704123683 -2.553629538096466
 1.730392402473274 -2.503056811558942
 1.764725822148349 -2.451468708342905
 1.796063201063307 -2.399081882416198
 1.824405382494680 -2.346183023654580
 1.849721858497968 -2.292972231109307
 1.871988740097718 -2.239578337198753
 1.891239568481093 -2.186200717701358
 1.907530041008063 -2.133104846787095
 1.920884633743383 -2.080489682372541
 1.931327606231110 -2.028480633366180
 1.938938008985644 -1.977252503143444
 1.943821307946858 -1.927044309372354
 1.946050466204250 -1.878042408877718
 1.945690033480477 -1.830357043436141
 1.942858320061113 -1.784132709267660
 1.937706725816072 -1.739577789690197
 1.930352466199806 -1.696857647904105
 1.920894226887321 -1.656057356327124
 1.909484304408332 -1.617284460203281
 1.896317694780592 -1.580711761551087
 1.881553104012236 -1.546475180020773
 1.865316963762270 -1.514622845618815
 1.847789154232990 -1.485215631297244
 1.829205803077546 -1.458384223482473
 1.809763550652302 -1.434225521411156
 1.789605921655566 -1.412735181291733
 1.768928873746518 -1.393913819675985
 1.748005405370534 -1.377844185792455
 1.727063620398478 -1.364575819753477
 1.706242714796221 -1.354031306345931
 1.685732571175086 -1.346133919342978
 1.665840758877229 -1.340923288181718
 1.646819919916564 -1.338403225285310
 1.628755113325819 -1.338386525415317
 1.611786469324879 -1.340693882124342
 1.596308418872910 -1.345394419589664
 1.582608867180553 -1.352480074799293
 1.570208892124884 -1.361180262587271
 1.560321161776857 -1.372347684540097
 1.552071014605232 -1.384783780376940
 1.546237153069324 -1.398952725618675
 1.542821994677890 -1.414565613303115
 1.541749070706140 -1.431227161328240
 1.543194857253258 -1.448791260935786
 1.547344276924053 -1.467167283650553
 1.554187829622874 -1.486100587067910
 1.563679049471817 -1.505281235605244
 1.575889624947810 -1.524514322709242
 1.590892173495623 -1.543656427246738
 1.608630136308519 -1.562478206585569
 1.629012655988014 -1.580705505537835
 1.652032117032785 -1.598139377863453
 1.677686235124095 -1.614634317570304
 1.705869996168961 -1.629994801446908
 1.736443778850234 -1.643986384453020
 1.769338825831953 -1.656429347074311
 1.804499863134080 -1.667198353500217
 1.841783007940564 -1.676139011533802
 1.881007046379268 -1.683061551455351
 1.922057246279793 -1.687817317180291
 1.964842516780810 -1.690311790915045
 2.009191221047539 -1.690435110227909
 2.054888573989380 -1.688044358682241
 2.101785090426024 -1.683027791179718
 2.149767065744791 -1.675327237341360
 2.198644816772769 -1.664879119420701
 2.248176033589742 -1.651588664728111
 2.298184113856530 -1.635385103866718
 2.348543592813588 -1.616251298584250
 2.399055763593535 -1.594172633208447
 2.449455365917201 -1.569104849348073
 2.499544635314469 -1.541022884864855
 2.549198142387177 -1.509956743721083
 2.598219418804484 -1.475945530558536
 2.646325008479602 -1.438999157650257
 2.693302597658581 -1.399143709307752
 2.739044301863104 -1.356463893018791
 2.783373580394366 -1.311058408516702
 2.825993733040292 -1.262993638679955
 2.866685621513307 -1.212349986259370
 2.905389469050889 -1.159274095191496
 2.941978295611662 -1.103928454515064
 2.976137508602173 -1.046429891575073
 3.007642356171666 -0.9869074868739931
 3.036550167670831 -0.9255783950004015
 3.062839827186811 -0.8626705557924130
 3.086076087768928 -0.7983107503402614
 3.105991902294050 -0.7326510553722336
 3.123573776084010 -0.6661617561019619
 3.137039572445101 -0.5986495510021580
 3.148051625198609 -0.5307769570237252
 3.155515279561967 -0.4624981981805004
 3.159592655170248 -0.3940740260921058
 3.160606359015925 -0.3258214695074232
 3.158466012116738 -0.2579533483657481
 3.153017633484144 -0.1906373701096417
 3.144398326970473 -0.1240961234264580
 3.132830682893584 -5.858296334529224E-02
 3.118350625383520 5.696537986846045E-03
 3.100942898520518 6.858164471806592E-02
 3.080764762822394 0.1298952067663222
 3.058048903907704 0.1894369974055251
 3.032906987162360 0.2470353732779703
 3.005397089081755 0.3025630385233969
 2.975697456463072 0.3558954177151225
 2.944056791659993 0.4068898962141681
 2.910633131561926 0.4554200038399518
 2.875526103828291 0.5014006359236722
 2.838925143541695 0.5447611520962665
 2.801088006757368 0.5854170506014074
 2.762199234117730 0.6232900493746665
 2.722379562695415 0.6583384533432403
 2.681819901911415 0.6905433205730654
 2.640779980108127 0.7198764784132956
 2.599457668574751 0.7463079363405715
 2.557980714351714 0.7698384751662172
 2.516533409979107 0.7904983064930512
 2.475371920638930 0.8083143547955873
 2.434698062790769 0.8233054500349217
 2.394634854147049 0.8355145203037274
 2.355351579886011 0.8450196856436334
 2.317095388954387 0.8519034165503947
 2.280063344226220 0.8562351966336744
 2.244360343339304 0.8581004539187752
 2.210129043917652 0.8576245327545097
 2.177600687553037 0.8549465824738334
 2.146957511624195 0.8501884490024406
 2.118267516646438 0.8434766002709171
 2.091629215398863 0.8349804323142876
 2.067250770038219 0.8248949941071712
 2.045289135495725 0.8133930593402677
 2.025746866213117 0.8006338828626882
 2.008652456634475 0.7868202709529948
 1.994194011530145 0.7721987717563692
 1.982501153562388 0.7569862734633444
 1.973454287755362 0.7413500419763031
 1.966968195280500 0.7255010868492019
 1.963299954910924 0.7097464332240786
 1.962586536478742 0.6943394458332249
 1.963921132592992 0.6792506585347331
 1.968648538524906 0.6651039218911587
 1.975293439857697 0.6517410369371499
 1.984647175613916 0.6396042920240248
 1.996460753779357 0.6288402342568753
 2.010353615649615 0.6195802808284482
 2.026287465377909 0.6120503189029289
 2.044276277704814 0.6064558103914166
 2.064094775791215 0.6029158491720550
 2.085451314610078 0.6015451624054758
 2.108212944373336 0.6025032874105141
 2.132291767458612 0.6059248233056815
 2.157460887916912 0.6118754600436178
 2.183437451691696 0.6204135904030639
 2.210045358534401 0.6316320922864523
 2.237157454400081 0.6456017404117869
 2.264551904174075 0.6623293515125288
 2.291955861837163 0.6818112325012408
 2.319179307056401 0.7040776975354460
 2.346086058845817 0.7291435458495474
 2.372470468232692 0.7569613673681443
 2.398077582882818 0.7874691111343045
 2.422721296765327 0.8206417442161185
 2.446274209639204 0.8564476385104109
 2.468555359430287 0.8947930833738895
 2.489333584328521 0.9355635276800618
 2.508437367649860 0.9786853860144518
 2.525759480062015 1.024089272483440
 2.541150020034978 1.071642705513850
 2.554405757051835 1.121183224903998
 2.565377101847495 1.172593273240225
 2.573986479880342 1.225772763979618
 2.580121880173215 1.280556919763253
 2.583612343695386 1.336738147646368
 2.584337283763381 1.394157709643013
 2.582259969871675 1.452691978726855
 2.577316033468035 1.512151256011455
 2.569372330789332 1.572285105188278
 2.558345294634993 1.632896614997074
 2.544254341602162 1.693850000995065
 2.527096677817843 1.754943024585619
 2.506781442435131 1.815885544408535
 2.483268697134983 1.876447579764421
 2.456655550910499 1.936504040490104
 2.427019233376371 1.995863714124612
 2.394303623684495 2.054195741817674
 2.358508132903768 2.111240942505751
 2.319849487099791 2.166940387568635
 2.278514530006476 2.221161820170312
 2.234395433793347 2.273464914849456
 2.187490377208859 2.323542363649285
 2.138699891855957 2.372013362632657
 2.086965505354567 2.417431186913452
 2.033692141125252 2.460904201335021
 1.978292828609826 2.501507295040368
 1.921074445152499 2.539250491942107
 1.862472849199768 2.574254663516719
 1.802627158734364 2.606335129299950
 1.741605622167678 2.635274684122740
 1.679669558883718 2.661080769060488
 1.617149675932787 2.683819475468548
 1.554241966081529 2.703419128482643
 1.491078002701095 2.719786148162752
 1.427889832521730 2.732968151071296
 1.364967199784020 2.743066535501991
 1.302514584689086 2.750092184836913
 1.240671266933406 2.754031746866302
 1.179634255399766 2.754977300131320
 1.119651409165313 2.753072919868748
 1.060911273063958 2.748392234949258
 1.003537363730573 2.740978973122425
 0.9476855750606021 2.730961869797625
 0.8935579657493053 2.718521897388502
 0.8413146003743468 2.703779731747208
 0.7910519564643049 2.686819086709420
 0.7428818929257717 2.667795823716510
 0.6969586721612694 2.646920787785650
 0.6534072023705011 2.624350345218290
 0.6122906808712373 2.600195518602359
 0.5736750899179938 2.574631015760712
 0.5376651948228585 2.547892144485784
 0.5043455965909622 2.520163097939027
 0.4737406272597272 2.491571876630851
 0.4458672754776782 2.462304145846914
 0.4207776941737954 2.432615178101481
 0.3985102402139840 2.402710376654447
 0.3790433795770349 2.372723299537590
 0.3623398896846610 2.342840164051754
 0.3483948844754909 2.313330805956306
 0.3371939609718930 2.284413970413597
 0.3286615949908726 2.256211781562650
 0.3227003416523456 2.228894251990273
 0.3192453646676845 2.202739179899626
 0.3182255150972472 2.177968879093744
 0.3195041514168958 2.154665189208619
 0.3229198854593887 2.132954190295973
 0.3283532526529152 2.113122059938088
 0.3356812336458236 2.095389498748654
 0.3446991744295426 2.079736567391620
 0.3551817259556208 2.066194968973544
 0.3669915360380143 2.055140852813742
 0.3799776692981892 2.046819520632518
 0.3937122404681077 2.040430921122004
 0.4083273767480486 2.037451606431256
 0.4232224252524645 2.036524817314090
 0.4384100225445922 2.038557017642700
 0.4536387591014672 2.043405847559990
 0.4686045449434750 2.050807442156688
 0.4830926081246510 2.060841579838715
 0.4969320007807616 2.073623094041969
 0.5099069461683410 2.089016436239965
 0.5217722651382615 2.106826398010720
 0.5323233194255260 2.127017610119756
 0.5413995939629883 2.149581250552419
 0.5488307516083930 2.174353666629186
 0.5544247957036812 2.201119095940899
 0.5580132415016158 2.229771470149905
 0.5594712192759868 2.260236057982091
 0.5586819080051143 2.292324152959437
 0.5555120829869288 2.325797616954261
 0.5498404812244481 2.360507044609757
 0.5415861957117367 2.396341899349764
 0.5306874602921283 2.433100378901946
 0.5170705365035502 2.470530662589656
 0.5006640504855332 2.508459061396410
 0.4814316928583948 2.546759429425456
 0.4593641383827479 2.585228193601799
 0.4344450103391416 2.623607886362303
 0.4066522772238352 2.661713177194170
 0.3759924143172241 2.699416509824801
 0.3425052032622086 2.736521824934552
 0.3062297234620933 2.772771889632109
 0.2671929879909653 2.807978377106942
 0.2254428870667549 2.842024062563869
 0.1810661165796794 2.874729552971700
 0.1341569777781846 2.905842996994441
 8.479264844891227E-02 2.935180594507868
 3.306182748449830E-02 2.962648722447938
 -2.090338533644828E-02 2.988096786569991
 -7.695267769027055E-02 3.011284262838534
 -0.1349573030235872 3.032040324304826
 -0.1947899602609419 3.050313894013856
 -0.2562769025765229 3.066001433102321
 -0.3192122906051614 3.078879183088490
 -0.3834169243783235 3.088797566023791
 -0.4487339181403895 3.095778135681600
 -0.5149590622352914 3.099792168639677
 -0.5818338849176774 3.100625633392747
 -0.6491342232678977 3.098148429379744
 -0.7167006805710400 3.092518782569037
 -0.7843252971803352 3.083832375962725
 -0.8516806539755809 3.071775665189717
 -0.9185015250851913 3.056193419021518
 -0.9848738842280527 3.038175118734619
   
   
 #BODY NUMBER  4
 -0.6792506585347331 1.963921132592992
 -0.6651039218911587 1.968648538524906
 -0.6517410369371499 1.975293439857697
 -0.6396042920240248 1.984647175613916
 -0.6288402342568753 1.996460753779357
 -0.6195802808284482 2.010353615649615
 -0.6120503189029289 2.026287465377909
 -0.6064558103914166 2.044276277704814
 -0.6029158491720550 2.064094775791215
 -0.6015451624054758 2.085451314610078
 -0.6025032874105141 2.108212944373336
 -0.6059248233056815 2.132291767458612
 -0.6118754600436178 2.157460887916912
 -0.6204135904030639 2.183437451691696
 -0.6316320922864523 2.210045358534401
 -0.6456017404117869 2.237157454400081
 -0.6623293515125288 2.264551904174075
 -0.6818112325012408 2.291955861837163
 -0.7040776975354460 2.319179307056401
 -0.7291435458495474 2.346086058845817
 -0.7569613673681443 2.372470468232692
 -0.7874691111343045 2.398077582882818
 -0.8206417442161185 2.422721296765327
 -0.8564476385104109 2.446274209639204
 -0.8947930833738895 2.468555359430287
 -0.9355635276800618 2.489333584328521
 -0.9786853860144518 2.508437367649860
 -1.024089272483440 2.525759480062015
 -1.071642705513850 2.541150020034978
 -1.121183224903998 2.554405757051835
 -1.172593273240225 2.565377101847495
 -1.225772763979618 2.573986479880342
 -1.280556919763253 2.580121880173215
 -1.336738147646368 2.583612343695386
 -1.394157709643013 2.584337283763381
 -1.452691978726855 2.582259969871675
 -1.512151256011455 2.577316033468035
 -1.572285105188278 2.569372330789332
 -1.632896614997074 2.558345294634993
 -1.693850000995065 2.544254341602162
 -1.754943024585619 2.527096677817843
 -1.815885544408535 2.506781442435131
 -1.876447579764421 2.483268697134983
 -1.936504040490104 2.456655550910499
 -1.995863714124612 2.427019233376371
 -2.054195741817674 2.394303623684495
 -2.111240942505751 2.358508132903768
 -2.166940387568635 2.319849487099791
 -2.221161820170312 2.278514530006476
 -2.273464914849456 2.234395433793347
 -2.323542363649285 2.187490377208859
 -2.372013362632657 2.138699891855957
 -2.417431186913452 2.086965505354567
 -2.460904201335021 2.033692141125252
 -2.501507295040368 1.978292828609826
 -2.539250491942107 1.921074445152499
 -2.574254663516719 1.862472849199768
 -2.606335129299950 1.802627158734364
 -2.635274684122740 1.741605622167678
 -2.661080769060488 1.679669558883718
 -2.683819475468548 1.617149675932787
 -2.703419128482643 1.554241966081529
 -2.719786148162752 1.491078002701095
 -2.732968151071296 1.427889832521730
 -2.743066535501991 1.364967199784020
 -2.750092184836913 1.302514584689086
 -2.754031746866302 1.240671266933406
 -2.754977300131320 1.179634255399766
 -2.753072919868748 1.119651409165313
 -2.748392234949258 1.060911273063958
 -2.740978973122425 1.003537363730573
 -2.730961869797625 0.9476855750606021
 -2.718521897388502 0.8935579657493053
 -2.703779731747208 0.8413146003743468
 -2.686819086709420 0.7910519564643049
 -2.667795823716510 0.7428818929257717
 -2.646920787785650 0.6969586721612694
 -2.624350345218290 0.6534072023705011
 -2.600195518602359 0.6122906808712373
 -2.574631015760712 0.5736750899179938
 -2.547892144485784 0.5376651948228585
 -2.520163097939027 0.5043455965909622
 -2.491571876630851 0.4737406272597272
 -2.462304145846914 0.4458672754776782
 -2.432615178101481 0.4207776941737954
 -2.402710376654447 0.3985102402139840
 -2.372723299537590 0.3790433795770349
 -2.342840164051754 0.3623398896846610
 -2.313330805956306 0.3483948844754909
 -2.284413970413597 0.3371939609718930
 -2.256211781562650 0.3286615949908726
 -2.228894251990273 0.3227003416523456
 -2.202739179899626 0.3192453646676845
 -2.177968879093744 0.3182255150972472
 -2.154665189208619 0.3195041514168958
 -2.132954190295973 0.3229198854593887
 -2.113122059938088 0.3283532526529152
 -2.095389498748654 0.3356812336458236
 -2.079736567391620 0.3446991744295426
 -2.066194968973544 0.3551817259556208
 -2.055140852813742 0.3669915360380143
 -2.046819520632518 0.3799776692981892
 -2.040430921122004 0.3937122404681077
 -2.037451606431256 0.4083273767480486
 -2.036524817314090 0.4232224252524645
 -2.038557017642700 0.4384100225445922
 -2.043405847559990 0.4536387591014672
 -2.050807442156688 0.4686045449434750
 -2.060841579838715 0.4830926081246510
 -2.073623094041969 0.4969320007807616
 -2.089016436239965 0.5099069461683410
 -2.106826398010720 0.5217722651382615
 -2.127017610119756 0.5323233194255260
 -2.149581250552419 0.5413995939629883
 -2.174353666629186 0.5488307516083930
 -2.201119095940899 0.5544247957036812
 -2.229771470149905 0.5580132415016158
 -2.260236057982091 0.5594712192759868
 -2.292324152959437 0.5586819080051143
 -2.325797616954261 0.5555120829869288
 -2.360507044609757 0.5498404812244481
 -2.396341899349764 0.5415861957117367
 -2.433100378901946 0.5306874602921283
 -2.470530662589656 0.5170705365035502
 -2.508459061396410 0.5006640504855332
 -2.546759429425456 0.4814316928583948
 -2.585228193601799 0.4593641383827479
 -2.623607886362303 0.4344450103391416
 -2.661713177194170 0.4066522772238352
 -2.699416509824801 0.3759924143172241
 -2.736521824934552 0.3425052032622086
 -2.772771889632109 0.3062297234620933
 -2.807978377106942 0.2671929879909653
 -2.842024062563869 0.2254428870667549
 -2.874729552971700 0.1810661165796794
 -2.905842996994441 0.1341569777781846
 -2.935180594507868 8.479264844891227E-02
 -2.962648722447938 3.306182748449830E-02
 -2.988096786569991 -2.090338533644828E-02
 -3.011284262838534 -7.695267769027055E-02
 -3.032040324304826 -0.1349573030235872
 -3.050313894013856 -0.1947899602609419
 -3.066001433102321 -0.2562769025765229
 -3.078879183088490 -0.3192122906051614
 -3.088797566023791 -0.3834169243783235
 -3.095778135681600 -0.4487339181403895
 -3.099792168639677 -0.5149590622352914
 -3.100625633392747 -0.5818338849176774
 -3.098148429379744 -0.6491342232678977
 -3.092518782569037 -0.7167006805710400
 -3.083832375962725 -0.7843252971803352
 -3.071775665189717 -0.8516806539755809
 -3.056193419021518 -0.9185015250851913
 -3.038175118734619 -0.9848738842280527
 -3.016080737915610 -1.050074067090534
 -2.991681158358746 -1.114359484073357
 -2.964005493220868 -1.177222450952140
 -2.933324518034213 -1.238518210017749
 -2.900076133024143 -1.298133509816157
 -2.864288477665698 -1.355838853382374
 -2.825912054232381 -1.411412011316466
 -2.785176892486946 -1.464728768086755
 -2.742402438813840 -1.515681006960796
 -2.697722590495797 -1.564108659301992
 -2.651204503444686 -1.609864895819423
 -2.603072944304973 -1.652874930300664
 -2.553629538096466 -1.693081704123683
 -2.503056811558942 -1.730392402473274
 -2.451468708342905 -1.764725822148349
 -2.399081882416198 -1.796063201063307
 -2.346183023654580 -1.824405382494680
 -2.292972231109307 -1.849721858497968
 -2.239578337198753 -1.871988740097718
 -2.186200717701358 -1.891239568481093
 -2.133104846787095 -1.907530041008063
 -2.080489682372541 -1.920884633743383
 -2.028480633366180 -1.931327606231110
 -1.977252503143444 -1.938938008985644
 -1.927044309372354 -1.943821307946858
 -1.878042408877718 -1.946050466204250
 -1.830357043436141 -1.945690033480477
 -1.784132709267660 -1.942858320061113
 -1.739577789690197 -1.937706725816072
 -1.696857647904105 -1.930352466199806
 -1.656057356327124 -1.920894226887321
 -1.617284460203281 -1.909484304408332
 -1.580711761551087 -1.896317694780592
 -1.546475180020773 -1.881553104012236
 -1.514622845618815 -1.865316963762270
 -1.485215631297244 -1.847789154232990
 -1.458384223482473 -1.829205803077546
 -1.434225521411156 -1.809763550652302
 -1.412735181291733 -1.789605921655566
 -1.393913819675985 -1.768928873746518
 -1.377844185792455 -1.748005405370534
 -1.364575819753477 -1.727063620398478
 -1.354031306345931 -1.706242714796221
 -1.346133919342978 -1.685732571175086
 -1.340923288181718 -1.665840758877229
 -1.338403225285310 -1.646819919916564
 -1.338386525415317 -1.628755113325819
 -1.340693882124342 -1.611786469324879
 -1.345394419589664 -1.596308418872910
 -1.352480074799293 -1.582608867180553
 -1.361180262587271 -1.570208892124884
 -1.372347684540097 -1.560321161776857
 -1.384783780376940 -1.552071014605232
 -1.398952725618675 -1.546237153069324
 -1.414565613303115 -1.542821994677890
 -1.431227161328240 -1.541749070706140
 -1.448791260935786 -1.543194857253258
 -1.467167283650553 -1.547344276924053
 -1.486100587067910 -1.554187829622874
 -1.505281235605244 -1.563679049471817
 -1.524514322709242 -1.575889624947810
 -1.543656427246738 -1.590892173495623
 -1.562478206585569 -1.608630136308519
 -1.580705505537835 -1.629012655988014
 -1.598139377863453 -1.652032117032785
 -1.614634317570304 -1.677686235124095
 -1.629994801446908 -1.705869996168961
 -1.643986384453020 -1.736443778850234
 -1.656429347074311 -1.769338825831953
 -1.667198353500217 -1.804499863134080
 -1.676139011533802 -1.841783007940564
 -1.683061551455351 -1.881007046379268
 -1.687817317180291 -1.922057246279793
 -1.690311790915045 -1.964842516780810
 -1.690435110227909 -2.009191221047539
 -1.688044358682241 -2.054888573989380
 -1.683027791179718 -2.101785090426024
 -1.675327237341360 -2.149767065744791
 -1.664879119420701 -2.198644816772769
 -1.651588664728111 -2.248176033589742
 -1.635385103866718 -2.298184113856530
 -1.616251298584250 -2.348543592813588
 -1.594172633208447 -2.399055763593535
 -1.569104849348073 -2.449455365917201
 -1.541022884864855 -2.499544635314469
 -1.509956743721083 -2.549198142387177
 -1.475945530558536 -2.598219418804484
 -1.438999157650257 -2.646325008479602
 -1.399143709307752 -2.693302597658581
 -1.356463893018791 -2.739044301863104
 -1.311058408516702 -2.783373580394366
 -1.262993638679955 -2.825993733040292
 -1.212349986259370 -2.866685621513307
 -1.159274095191496 -2.905389469050889
 -1.103928454515064 -2.941978295611662
 -1.046429891575073 -2.976137508602173
 -0.9869074868739931 -3.007642356171666
 -0.9255783950004015 -3.036550167670831
 -0.8626705557924130 -3.062839827186811
 -0.7983107503402614 -3.086076087768928
 -0.7326510553722336 -3.105991902294050
 -0.6661617561019619 -3.123573776084010
 -0.5986495510021580 -3.137039572445101
 -0.5307769570237252 -3.148051625198609
 -0.4624981981805004 -3.155515279561967
 -0.3940740260921058 -3.159592655170248
 -0.3258214695074232 -3.160606359015925
 -0.2579533483657481 -3.158466012116738
 -0.1906373701096417 -3.153017633484144
 -0.1240961234264580 -3.144398326970473
 -5.858296334529224E-02 -3.132830682893584
 5.696537986846045E-03 -3.118350625383520
 6.858164471806592E-02 -3.100942898520518
 0.1298952067663222 -3.080764762822394
 0.1894369974055251 -3.058048903907704
 0.2470353732779703 -3.032906987162360
 0.3025630385233969 -3.005397089081755
 0.3558954177151225 -2.975697456463072
 0.4068898962141681 -2.944056791659993
 0.4554200038399518 -2.910633131561926
 0.5014006359236722 -2.875526103828291
 0.5447611520962665 -2.838925143541695
 0.5854170506014074 -2.801088006757368
 0.6232900493746665 -2.762199234117730
 0.6583384533432403 -2.722379562695415
 0.6905433205730654 -2.681819901911415
 0.7198764784132956 -2.640779980108127
 0.7463079363405715 -2.599457668574751
 0.7698384751662172 -2.557980714351714
 0.7904983064930512 -2.516533409979107
 0.8083143547955873 -2.475371920638930
 0.8233054500349217 -2.434698062790769
 0.8355145203037274 -2.394634854147049
 0.8450196856436334 -2.355351579886011
 0.8519034165503947 -2.317095388954387
 0.8562351966336744 -2.280063344226220
 0.8581004539187752 -2.244360343339304
 0.8576245327545097 -2.210129043917652
 0.8549465824738334 -2.177600687553037
 0.8501884490024406 -2.146957511624195
 0.8434766002709171 -2.118267516646438
 0.8349804323142876 -2.091629215398863
 0.8248949941071712 -2.067250770038219
 0.8133930593402677 -2.045289135495725
 0.8006338828626882 -2.025746866213117
 0.7868202709529948 -2.008652456634475
 0.7721987717563692 -1.994194011530145
 0.7569862734633444 -1.982501153562388
 0.7413500419763031 -1.973454287755362
 0.7255010868492019 -1.966968195280500
 0.7097464332240786 -1.963299954910924
 0.6943394458332249 -1.962586536478742
 0.6792506585347331 -1.963921132592992
 0.6651039218911587 -1.968648538524906
 0.6517410369371499 -1.975293439857697
 0.6396042920240248 -1.984647175613916
 0.6288402342568753 -1.996460753779357
 0.6195802808284482 -2.010353615649615
 0.6120503189029289 -2.026287465377909
 0.6064558103914166 -2.044276277704814
 0.6029158491720550 -2.064094775791215
 0.6015451624054758 -2.085451314610078
 0.6025032874105141 -2.108212944373336
 0.6059248233056815 -2.132291767458612
 0.6118754600436178 -2.157460887916912
 0.6204135904030639 -2.183437451691696
 0.6316320922864523 -2.210045358534401
 0.6456017404117869 -2.237157454400081
 0.6623293515125288 -2.264551904174075
 0.6818112325012408 -2.291955861837163
 0.7040776975354460 -2.319179307056401
 0.7291435458495474 -2.346086058845817
 0.7569613673681443 -2.372470468232692
 0.7874691111343045 -2.398077582882818
 0.8206417442161185 -2.422721296765327
 0.8564476385104109 -2.446274209639204
 0.8947930833738895 -2.468555359430287
 0.9355635276800618 -2.489333584328521
 0.9786853860144518 -2.508437367649860
 1.024089272483440 -2.525759480062015
 1.071642705513850 -2.541150020034978
 1.121183224903998 -2.554405757051835
 1.172593273240225 -2.565377101847495
 1.225772763979618 -2.573986479880342
 1.280556919763253 -2.580121880173215
 1.336738147646368 -2.583612343695386
 1.394157709643013 -2.584337283763381
 1.452691978726855 -2.582259969871675
 1.512151256011455 -2.577316033468035
 1.572285105188278 -2.569372330789332
 1.632896614997074 -2.558345294634993
 1.693850000995065 -2.544254341602162
 1.754943024585619 -2.527096677817843
 1.815885544408535 -2.506781442435131
 1.876447579764421 -2.483268697134983
 1.936504040490104 -2.456655550910499
 1.995863714124612 -2.427019233376371
 2.054195741817674 -2.394303623684495
 2.111240942505751 -2.358508132903768
 2.166940387568635 -2.319849487099791
 2.221161820170312 -2.278514530006476
 2.273464914849456 -2.234395433793347
 2.323542363649285 -2.187490377208859
 2.372013362632657 -2.138699891855957
 2.417431186913452 -2.086965505354567
 2.460904201335021 -2.033692141125252
 2.501507295040368 -1.978292828609826
 2.539250491942107 -1.921074445152499
 2.574254663516719 -1.862472849199768
 2.606335129299950 -1.802627158734364
 2.635274684122740 -1.741605622167678
 2.661080769060488 -1.679669558883718
 2.683819475468548 -1.617149675932787
 2.703419128482643 -1.554241966081529
 2.719786148162752 -1.491078002701095
 2.732968151071296 -1.427889832521730
 2.743066535501991 -1.364967199784020
 2.750092184836913 -1.302514584689086
 2.754031746866302 -1.240671266933406
 2.754977300131320 -1.179634255399766
 2.753072919868748 -1.119651409165313
 2.748392234949258 -1.060911273063958
 2.740978973122425 -1.003537363730573
 2.730961869797625 -0.9476855750606021
 2.718521897388502 -0.8935579657493053
 2.703779731747208 -0.8413146003743468
 2.686819086709420 -0.7910519564643049
 2.667795823716510 -0.7428818929257717
 2.646920787785650 -0.6969586721612694
 2.624350345218290 -0.6534072023705011
 2.600195518602359 -0.6122906808712373
 2.574631015760712 -0.5736750899179938
 2.547892144485784 -0.5376651948228585
 2.520163097939027 -0.5043455965909622
 2.491571876630851 -0.4737406272597272
 2.462304145846914 -0.4458672754776782
 2.432615178101481 -0.4207776941737954
 2.402710376654447 -0.3985102402139840
 2.372723299537590 -0.3790433795770349
 2.342840164051754 -0.3623398896846610
 2.313330805956306 -0.3483948844754909
 2.284413970413597 -0.3371939609718930
 2.256211781562650 -0.3286615949908726
 2.228894251990273 -0.3227003416523456
 2.202739179899626 -0.3192453646676845
 2.177968879093744 -0.3182255150972472
 2.154665189208619 -0.3195041514168958
 2.132954190295973 -0.3229198854593887
 2.113122059938088 -0.3283532526529152
 2.095389498748654 -0.3356812336458236
 2.079736567391620 -0.3446991744295426
 2.066194968973544 -0.3551817259556208
 2.055140852813742 -0.3669915360380143
 2.046819520632518 -0.3799776692981892
 2.040430921122004 -0.3937122404681077
 2.037451606431256 -0.4083273767480486
 2.036524817314090 -0.4232224252524645
 2.038557017642700 -0.4384100225445922
 2.043405847559990 -0.4536387591014672
 2.050807442156688 -0.4686045449434750
 2.060841579838715 -0.4830926081246510
 2.073623094041969 -0.4969320007807616
 2.089016436239965 -0.5099069461683410
 2.106826398010720 -0.5217722651382615
 2.127017610119756 -0.5323233194255260
 2.149581250552419 -0.5413995939629883
 2.174353666629186 -0.5488307516083930
 2.201119095940899 -0.5544247957036812
 2.229771470149905 -0.5580132415016158
 2.260236057982091 -0.5594712192759868
 2.292324152959437 -0.5586819080051143
 2.325797616954261 -0.5555120829869288
 2.360507044609757 -0.5498404812244481
 2.396341899349764 -0.5415861957117367
 2.433100378901946 -0.5306874602921283
 2.470530662589656 -0.5170705365035502
 2.508459061396410 -0.5006640504855332
 2.546759429425456 -0.4814316928583948
 2.585228193601799 -0.4593641383827479
 2.623607886362303 -0.4344450103391416
 2.661713177194170 -0.4066522772238352
 2.699416509824801 -0.3759924143172241
 2.736521824934552 -0.3425052032622086
 2.772771889632109 -0.3062297234620933
 2.807978377106942 -0.2671929879909653
 2.842024062563869 -0.2254428870667549
 2.874729552971700 -0.1810661165796794
 2.905842996994441 -0.1341569777781846
 2.935180594507868 -8.479264844891227E-02
 2.962648722447938 -3.306182748449830E-02
 2.988096786569991 2.090338533644828E-02
 3.011284262838534 7.695267769027055E-02
 3.032040324304826 0.1349573030235872
 3.050313894013856 0.1947899602609419
 3.066001433102321 0.2562769025765229
 3.078879183088490 0.3192122906051614
 3.088797566023791 0.3834169243783235
 3.095778135681600 0.4487339181403895
 3.099792168639677 0.5149590622352914
 3.100625633392747 0.5818338849176774
 3.098148429379744 0.6491342232678977
 3.092518782569037 0.7167006805710400
 3.083832375962725 0.7843252971803352
 3.071775665189717 0.8516806539755809
 3.056193419021518 0.9185015250851913
 3.038175118734619 0.9848738842280527
 3.016080737915610 1.050074067090534
 2.991681158358746 1.114359484073357
 2.964005493220868 1.177222450952140
 2.933324518034213 1.238518210017749
 2.900076133024143 1.298133509816157
 2.864288477665698 1.355838853382374
 2.825912054232381 1.411412011316466
 2.785176892486946 1.464728768086755
 2.742402438813840 1.515681006960796
 2.697722590495797 1.564108659301992
 2.651204503444686 1.609864895819423
 2.603072944304973 1.652874930300664
 2.553629538096466 1.693081704123683
 2.503056811558942 1.730392402473274
 2.451468708342905 1.764725822148349
 2.399081882416198 1.796063201063307
 2.346183023654580 1.824405382494680
 2.292972231109307 1.849721858497968
 2.239578337198753 1.871988740097718
 2.186200717701358 1.891239568481093
 2.133104846787095 1.907530041008063
 2.080489682372541 1.920884633743383
 2.028480633366180 1.931327606231110
 1.977252503143444 1.938938008985644
 1.927044309372354 1.943821307946858
 1.878042408877718 1.946050466204250
 1.830357043436141 1.945690033480477
 1.784132709267660 1.942858320061113
 1.739577789690197 1.937706725816072
 1.696857647904105 1.930352466199806
 1.656057356327124 1.920894226887321
 1.617284460203281 1.909484304408332
 1.580711761551087 1.896317694780592
 1.546475180020773 1.881553104012236
 1.514622845618815 1.865316963762270
 1.485215631297244 1.847789154232990
 1.458384223482473 1.829205803077546
 1.434225521411156 1.809763550652302
 1.412735181291733 1.789605921655566
 1.393913819675985 1.768928873746518
 1.377844185792455 1.748005405370534
 1.364575819753477 1.727063620398478
 1.354031306345931 1.706242714796221
 1.346133919342978 1.685732571175086
 1.340923288181718 1.665840758877229
 1.338403225285310 1.646819919916564
 1.338386525415317 1.628755113325819
 1.340693882124342 1.611786469324879
 1.345394419589664 1.596308418872910
 1.352480074799293 1.582608867180553
 1.361180262587271 1.570208892124884
 1.372347684540097 1.560321161776857
 1.384783780376940 1.552071014605232
 1.398952725618675 1.546237153069324
 1.414565613303115 1.542821994677890
 1.431227161328240 1.541749070706140
 1.448791260935786 1.543194857253258
 1.467167283650553 1.547344276924053
 1.486100587067910 1.554187829622874
 1.505281235605244 1.563679049471817
 1.524514322709242 1.575889624947810
 1.543656427246738 1.590892173495623
 1.562478206585569 1.608630136308519
 1.580705505537835 1.629012655988014
 1.598139377863453 1.652032117032785
 1.614634317570304 1.677686235124095
 1.629994801446908 1.705869996168961
 1.643986384453020 1.736443778850234
 1.656429347074311 1.769338825831953
 1.667198353500217 1.804499863134080
 1.676139011533802 1.841783007940564
 1.683061551455351 1.881007046379268
 1.687817317180291 1.922057246279793
 1.690311790915045 1.964842516780810
 1.690435110227909 2.009191221047539
 1.688044358682241 2.054888573989380
 1.683027791179718 2.101785090426024
 1.675327237341360 2.149767065744791
 1.664879119420701 2.198644816772769
 1.651588664728111 2.248176033589742
 1.635385103866718 2.298184113856530
 1.616251298584250 2.348543592813588
 1.594172633208447 2.399055763593535
 1.569104849348073 2.449455365917201
 1.541022884864855 2.499544635314469
 1.509956743721083 2.549198142387177
 1.475945530558536 2.598219418804484
 1.438999157650257 2.646325008479602
 1.399143709307752 2.693302597658581
 1.356463893018791 2.739044301863104
 1.311058408516702 2.783373580394366
 1.262993638679955 2.825993733040292
 1.212349986259370 2.866685621513307
 1.159274095191496 2.905389469050889
 1.103928454515064 2.941978295611662
 1.046429891575073 2.976137508602173
 0.9869074868739931 3.007642356171666
 0.9255783950004015 3.036550167670831
 0.8626705557924130 3.062839827186811
 0.7983107503402614 3.086076087768928
 0.7326510553722336 3.105991902294050
 0.6661617561019619 3.123573776084010
 0.5986495510021580 3.137039572445101
 0.5307769570237252 3.148051625198609
 0.4624981981805004 3.155515279561967
 0.3940740260921058 3.159592655170248
 0.3258214695074232 3.160606359015925
 0.2579533483657481 3.158466012116738
 0.1906373701096417 3.153017633484144
 0.1240961234264580 3.144398326970473
 5.858296334529224E-02 3.132830682893584
 -5.696537986846045E-03 3.118350625383520
 -6.858164471806592E-02 3.100942898520518
 -0.1298952067663222 3.080764762822394
 -0.1894369974055251 3.058048903907704
 -0.2470353732779703 3.032906987162360
 -0.3025630385233969 3.005397089081755
 -0.3558954177151225 2.975697456463072
 -0.4068898962141681 2.944056791659993
 -0.4554200038399518 2.910633131561926
 -0.5014006359236722 2.875526103828291
 -0.5447611520962665 2.838925143541695
 -0.5854170506014074 2.801088006757368
 -0.6232900493746665 2.762199234117730
 -0.6583384533432403 2.722379562695415
 -0.6905433205730654 2.681819901911415
 -0.7198764784132956 2.640779980108127
 -0.7463079363405715 2.599457668574751
 -0.7698384751662172 2.557980714351714
 -0.7904983064930512 2.516533409979107
 -0.8083143547955873 2.475371920638930
 -0.8233054500349217 2.434698062790769
 -0.8355145203037274 2.394634854147049
 -0.8450196856436334 2.355351579886011
 -0.8519034165503947 2.317095388954387
 -0.8562351966336744 2.280063344226220
 -0.8581004539187752 2.244360343339304
 -0.8576245327545097 2.210129043917652
 -0.8549465824738334 2.177600687553037
 -0.8501884490024406 2.146957511624195
 -0.8434766002709171 2.118267516646438
 -0.8349804323142876 2.091629215398863
 -0.8248949941071712 2.067250770038219
 -0.8133930593402677 2.045289135495725
 -0.8006338828626882 2.025746866213117
 -0.7868202709529948 2.008652456634475
 -0.7721987717563692 1.994194011530145
 -0.7569862734633444 1.982501153562388
 -0.7413500419763031 1.973454287755362
 -0.7255010868492019 1.966968195280500
 -0.7097464332240786 1.963299954910924
 -0.6943394458332249 1.962586536478742
 -0.6792506585347331 1.963921132592992
   
   
