 # action(x) =  14.99659373885160
 # |grad_action(x)| =  8.274491951843403E-13
 # PRINTSTEPS = 50
 #
 #BODY NUMBER  1
 0.8293290303645264 1.920692516832673
 0.8456907905055349 1.922176113113640
 0.8598198024273711 1.921143409492404
 0.8733054375407828 1.918460881892415
 0.8883799064447616 1.915809381568408
 0.9036557309420573 1.912143602547804
 0.9166633511148531 1.905672299232424
 0.9284459284827585 1.897329077808445
 0.9416260264997974 1.889007046288935
 0.9554812903212998 1.879907798646442
 0.9672108408529841 1.868016539906635
 0.9771315130000860 1.853956658724829
 0.9881318181825636 1.839839319458752
 1.000271920372051 1.825199696843536
 1.010558720982257 1.807792538114204
 1.018474502169125 1.787864295539749
 1.027023014535121 1.767739528770295
 1.037154442160260 1.747337255077973
 1.045845301903835 1.724168709930464
 1.051626485833903 1.698034638764459
 1.057431274880693 1.671478457728009
 1.065217438089382 1.644863022595767
 1.072128798353318 1.615416979975297
 1.075599184236733 1.582397676445368
 1.078247730685492 1.548600714461546
 1.083190597254851 1.514922638661046
 1.088001403390952 1.478208222449357
 1.088797265788090 1.437001281922887
 1.087518577609270 1.394443481115134
 1.088670094458800 1.352120338644713
 1.090648088073207 1.306230112265112
 1.087822098024948 1.254240694644171
 1.080760932684621 1.199885895695755
 1.075773249319865 1.145750394361488
 1.072759472241113 1.086587687589073
 1.063074471334822 1.017782157439951
 1.043809632009690 0.9444616205524073
 1.023695477913271 0.8709688268133138
 1.004818272697787 0.7869029617681197
 0.9661128359695088 0.6821332266652473
 0.8810559034416026 0.5783136475473057
 0.7541587406184548 0.5253052619427263
 0.6275648787671315 0.5524117814688535
 0.5440326795958749 0.6342472980799079
 0.5094103814156857 0.7185793519502798
 0.4971832046624111 0.7792296655547065
 0.4831615020931498 0.8263532296457515
 0.4657770039648600 0.8729800489041967
 0.4544001589039823 0.9146469410345478
 0.4498902733904465 0.9448084208662714
 0.4438051226700404 0.9695314546105684
 0.4319755846254907 0.9965258851701861
 0.4239957711335820 1.015331856326780
 0.4142296883552882 1.033828905929508
 0.4038511198648888 1.049405451752939
 0.3944336152655104 1.060233730256567
 0.3847521064379877 1.068289998540638
 0.3729943971419146 1.076098825842567
 0.3601548415029200 1.082493005306644
 0.3481131749202888 1.085011931854045
 0.3359980183855987 1.084661597584804
 0.3217765713837905 1.084299885901831
 0.3061194911690891 1.083523957740904
 0.2911577619166268 1.079504685237384
 0.2763900735997531 1.072359914699389
 0.2595518578648576 1.065139886822026
 0.2409272711313680 1.058292064021965
 0.2228770528298230 1.048821385323480
 0.2053064715373037 1.035899903073271
 0.1857077732057504 1.022611562720997
 0.1639116977143271 1.010371257799852
 0.1425085149395072 0.9962278307639485
 0.1218662816852463 0.9783110806989147
 9.919709362819606E-02 0.9595430750537998
 7.378098750002708E-02 0.9424543086443716
 4.846704098298608E-02 0.9243952013767495
 2.417333978704093E-02 0.9023138244673009
 -2.269224683477671E-03 0.8787090632213780
 -3.230370478327040E-02 0.8574491544493253
 -6.273383192075951E-02 0.8365599422441470
 -9.194010324058631E-02 0.8115839882514648
 -0.1237376791895962 0.7842036355598476
 -0.1606602055286514 0.7600565313700292
 -0.1989254225581013 0.7385417764854526
 -0.2359066734556274 0.7133825560556959
 -0.2768659995685002 0.6847586865593236
 -0.3264406144360019 0.6613410709473402
 -0.3794658111294251 0.6460076536798575
 -0.4315477971604458 0.6300401343211104
 -0.4930999719501880 0.6114251917043951
 -0.5742909261606917 0.6112667490664226
 -0.6534311182868574 0.6560596551936720
 -0.6805741534315242 0.7412886826241593
 -0.6264003688521442 0.8248831444532094
 -0.5163465752086440 0.8641492308287808
 -0.4026200360278629 0.8532179583415876
 -0.3112685109706592 0.8185686540517965
 -0.2320675329974703 0.7844477891132700
 -0.1520438553329931 0.7525338661858614
 -7.562560550397526E-02 0.7134884768727411
 -9.087500018386614E-03 0.6664077859933201
 5.379180369254298E-02 0.6198148005323133
 0.1201892404282816 0.5782821778802827
 0.1817776030167861 0.5326353508925519
 0.2424744312044320 0.4868278753476242
 0.3020224697721078 0.4409322643448704
 0.3607497523868749 0.3952336748239601
 0.4190224030306144 0.3500340064620674
 0.4769127668081146 0.3055430612825158
 0.5343444760446591 0.2619305734062314
 0.5913162454228350 0.2193829364590026
 0.6478568737513863 0.1780632782061709
 0.7038741059873886 0.1380580845011663
 0.7591843201587336 9.939773499712642E-02
 0.8136581337896140 6.210092467607842E-02
 0.8672392315055351 2.616793482494497E-02
 0.9198407809676785 -8.446729315996727E-03
 0.9713228563359783 -4.181887681714725E-02
 1.021585292449962 -7.401752959227931E-02
 1.070606207293466 -0.1051041378604268
 1.118365569681667 -0.1351558469825332
 1.164795446408933 -0.1642606960439491
 1.209838565600035 -0.1924909264666836
 1.253501331438654 -0.2199017264757362
 1.295805395289768 -0.2465534583734464
 1.336726353371871 -0.2725132820406209
 1.376226158494053 -0.2978340561932151
 1.414315267775375 -0.3225513656833613
 1.451030824785055 -0.3467037203639293
 1.486370916115707 -0.3703373578317954
 1.520302582829648 -0.3934877915509388
 1.552826993893262 -0.4161746703001403
 1.583982892544403 -0.4384202265870418
 1.613781562522242 -0.4602562058242957
 1.642190526265289 -0.4817066466927560
 1.669196023380311 -0.5027805966319795
 1.694831598594101 -0.5234897603846570
 1.719119231625357 -0.5438575270238276
 1.742027990943745 -0.5639018126958276
 1.763527804808446 -0.5836253419504517
 1.783644904790532 -0.6030339796891382
 1.802416976256226 -0.6221485324263923
 1.819825591745167 -0.6409847265666240
 1.835832237082157 -0.6595367350717605
 1.850459243907802 -0.6777960217182517
 1.863760915430399 -0.6957710400196319
 1.875718489298124 -0.7134701632086183
 1.886252202595009 -0.7308823391035488
 1.895360790439782 -0.7479990680160015
 1.903146320554091 -0.7648378713199117
 1.909630218968825 -0.7814095472028758
 1.914658559949804 -0.7976792305961130
 1.918184900642802 -0.8136204961465078
 1.920692516832673 -0.8293290303645264
 1.922176113113640 -0.8456907905055349
 1.921143409492404 -0.8598198024273711
 1.918460881892415 -0.8733054375407828
 1.915809381568408 -0.8883799064447616
 1.912143602547804 -0.9036557309420573
 1.905672299232424 -0.9166633511148531
 1.897329077808445 -0.9284459284827585
 1.889007046288935 -0.9416260264997974
 1.879907798646442 -0.9554812903212998
 1.868016539906635 -0.9672108408529841
 1.853956658724829 -0.9771315130000860
 1.839839319458752 -0.9881318181825636
 1.825199696843536 -1.000271920372051
 1.807792538114204 -1.010558720982257
 1.787864295539749 -1.018474502169125
 1.767739528770295 -1.027023014535121
 1.747337255077973 -1.037154442160260
 1.724168709930464 -1.045845301903835
 1.698034638764459 -1.051626485833903
 1.671478457728009 -1.057431274880693
 1.644863022595767 -1.065217438089382
 1.615416979975297 -1.072128798353318
 1.582397676445368 -1.075599184236733
 1.548600714461546 -1.078247730685492
 1.514922638661046 -1.083190597254851
 1.478208222449357 -1.088001403390952
 1.437001281922887 -1.088797265788090
 1.394443481115134 -1.087518577609270
 1.352120338644713 -1.088670094458800
 1.306230112265112 -1.090648088073207
 1.254240694644171 -1.087822098024948
 1.199885895695755 -1.080760932684621
 1.145750394361488 -1.075773249319865
 1.086587687589073 -1.072759472241113
 1.017782157439951 -1.063074471334822
 0.9444616205524073 -1.043809632009690
 0.8709688268133138 -1.023695477913271
 0.7869029617681197 -1.004818272697787
 0.6821332266652473 -0.9661128359695088
 0.5783136475473057 -0.8810559034416026
 0.5253052619427263 -0.7541587406184548
 0.5524117814688535 -0.6275648787671315
 0.6342472980799079 -0.5440326795958749
 0.7185793519502798 -0.5094103814156857
 0.7792296655547065 -0.4971832046624111
 0.8263532296457515 -0.4831615020931498
 0.8729800489041967 -0.4657770039648600
 0.9146469410345478 -0.4544001589039823
 0.9448084208662714 -0.4498902733904465
 0.9695314546105684 -0.4438051226700404
 0.9965258851701861 -0.4319755846254907
 1.015331856326780 -0.4239957711335820
 1.033828905929508 -0.4142296883552882
 1.049405451752939 -0.4038511198648888
 1.060233730256567 -0.3944336152655104
 1.068289998540638 -0.3847521064379877
 1.076098825842567 -0.3729943971419146
 1.082493005306644 -0.3601548415029200
 1.085011931854045 -0.3481131749202888
 1.084661597584804 -0.3359980183855987
 1.084299885901831 -0.3217765713837905
 1.083523957740904 -0.3061194911690891
 1.079504685237384 -0.2911577619166268
 1.072359914699389 -0.2763900735997531
 1.065139886822026 -0.2595518578648576
 1.058292064021965 -0.2409272711313680
 1.048821385323480 -0.2228770528298230
 1.035899903073271 -0.2053064715373037
 1.022611562720997 -0.1857077732057504
 1.010371257799852 -0.1639116977143271
 0.9962278307639485 -0.1425085149395072
 0.9783110806989147 -0.1218662816852463
 0.9595430750537998 -9.919709362819606E-02
 0.9424543086443716 -7.378098750002708E-02
 0.9243952013767495 -4.846704098298608E-02
 0.9023138244673009 -2.417333978704093E-02
 0.8787090632213780 2.269224683477671E-03
 0.8574491544493253 3.230370478327040E-02
 0.8365599422441470 6.273383192075951E-02
 0.8115839882514648 9.194010324058631E-02
 0.7842036355598476 0.1237376791895962
 0.7600565313700292 0.1606602055286514
 0.7385417764854526 0.1989254225581013
 0.7133825560556959 0.2359066734556274
 0.6847586865593236 0.2768659995685002
 0.6613410709473402 0.3264406144360019
 0.6460076536798575 0.3794658111294251
 0.6300401343211104 0.4315477971604458
 0.6114251917043951 0.4930999719501880
 0.6112667490664226 0.5742909261606917
 0.6560596551936720 0.6534311182868574
 0.7412886826241593 0.6805741534315242
 0.8248831444532094 0.6264003688521442
 0.8641492308287808 0.5163465752086440
 0.8532179583415876 0.4026200360278629
 0.8185686540517965 0.3112685109706592
 0.7844477891132700 0.2320675329974703
 0.7525338661858614 0.1520438553329931
 0.7134884768727411 7.562560550397526E-02
 0.6664077859933201 9.087500018386614E-03
 0.6198148005323133 -5.379180369254298E-02
 0.5782821778802827 -0.1201892404282816
 0.5326353508925519 -0.1817776030167861
 0.4868278753476242 -0.2424744312044320
 0.4409322643448704 -0.3020224697721078
 0.3952336748239601 -0.3607497523868749
 0.3500340064620674 -0.4190224030306144
 0.3055430612825158 -0.4769127668081146
 0.2619305734062314 -0.5343444760446591
 0.2193829364590026 -0.5913162454228350
 0.1780632782061709 -0.6478568737513863
 0.1380580845011663 -0.7038741059873886
 9.939773499712642E-02 -0.7591843201587336
 6.210092467607842E-02 -0.8136581337896140
 2.616793482494497E-02 -0.8672392315055351
 -8.446729315996727E-03 -0.9198407809676785
 -4.181887681714725E-02 -0.9713228563359783
 -7.401752959227931E-02 -1.021585292449962
 -0.1051041378604268 -1.070606207293466
 -0.1351558469825332 -1.118365569681667
 -0.1642606960439491 -1.164795446408933
 -0.1924909264666836 -1.209838565600035
 -0.2199017264757362 -1.253501331438654
 -0.2465534583734464 -1.295805395289768
 -0.2725132820406209 -1.336726353371871
 -0.2978340561932151 -1.376226158494053
 -0.3225513656833613 -1.414315267775375
 -0.3467037203639293 -1.451030824785055
 -0.3703373578317954 -1.486370916115707
 -0.3934877915509388 -1.520302582829648
 -0.4161746703001403 -1.552826993893262
 -0.4384202265870418 -1.583982892544403
 -0.4602562058242957 -1.613781562522242
 -0.4817066466927560 -1.642190526265289
 -0.5027805966319795 -1.669196023380311
 -0.5234897603846570 -1.694831598594101
 -0.5438575270238276 -1.719119231625357
 -0.5639018126958276 -1.742027990943745
 -0.5836253419504517 -1.763527804808446
 -0.6030339796891382 -1.783644904790532
 -0.6221485324263923 -1.802416976256226
 -0.6409847265666240 -1.819825591745167
 -0.6595367350717605 -1.835832237082157
 -0.6777960217182517 -1.850459243907802
 -0.6957710400196319 -1.863760915430399
 -0.7134701632086183 -1.875718489298124
 -0.7308823391035488 -1.886252202595009
 -0.7479990680160015 -1.895360790439782
 -0.7648378713199117 -1.903146320554091
 -0.7814095472028758 -1.909630218968825
 -0.7976792305961130 -1.914658559949804
 -0.8136204961465078 -1.918184900642802
 -0.8293290303645264 -1.920692516832673
 -0.8456907905055349 -1.922176113113640
 -0.8598198024273711 -1.921143409492404
 -0.8733054375407828 -1.918460881892415
 -0.8883799064447616 -1.915809381568408
 -0.9036557309420573 -1.912143602547804
 -0.9166633511148531 -1.905672299232424
 -0.9284459284827585 -1.897329077808445
 -0.9416260264997974 -1.889007046288935
 -0.9554812903212998 -1.879907798646442
 -0.9672108408529841 -1.868016539906635
 -0.9771315130000860 -1.853956658724829
 -0.9881318181825636 -1.839839319458752
 -1.000271920372051 -1.825199696843536
 -1.010558720982257 -1.807792538114204
 -1.018474502169125 -1.787864295539749
 -1.027023014535121 -1.767739528770295
 -1.037154442160260 -1.747337255077973
 -1.045845301903835 -1.724168709930464
 -1.051626485833903 -1.698034638764459
 -1.057431274880693 -1.671478457728009
 -1.065217438089382 -1.644863022595767
 -1.072128798353318 -1.615416979975297
 -1.075599184236733 -1.582397676445368
 -1.078247730685492 -1.548600714461546
 -1.083190597254851 -1.514922638661046
 -1.088001403390952 -1.478208222449357
 -1.088797265788090 -1.437001281922887
 -1.087518577609270 -1.394443481115134
 -1.088670094458800 -1.352120338644713
 -1.090648088073207 -1.306230112265112
 -1.087822098024948 -1.254240694644171
 -1.080760932684621 -1.199885895695755
 -1.075773249319865 -1.145750394361488
 -1.072759472241113 -1.086587687589073
 -1.063074471334822 -1.017782157439951
 -1.043809632009690 -0.9444616205524073
 -1.023695477913271 -0.8709688268133138
 -1.004818272697787 -0.7869029617681197
 -0.9661128359695088 -0.6821332266652473
 -0.8810559034416026 -0.5783136475473057
 -0.7541587406184548 -0.5253052619427263
 -0.6275648787671315 -0.5524117814688535
 -0.5440326795958749 -0.6342472980799079
 -0.5094103814156857 -0.7185793519502798
 -0.4971832046624111 -0.7792296655547065
 -0.4831615020931498 -0.8263532296457515
 -0.4657770039648600 -0.8729800489041967
 -0.4544001589039823 -0.9146469410345478
 -0.4498902733904465 -0.9448084208662714
 -0.4438051226700404 -0.9695314546105684
 -0.4319755846254907 -0.9965258851701861
 -0.4239957711335820 -1.015331856326780
 -0.4142296883552882 -1.033828905929508
 -0.4038511198648888 -1.049405451752939
 -0.3944336152655104 -1.060233730256567
 -0.3847521064379877 -1.068289998540638
 -0.3729943971419146 -1.076098825842567
 -0.3601548415029200 -1.082493005306644
 -0.3481131749202888 -1.085011931854045
 -0.3359980183855987 -1.084661597584804
 -0.3217765713837905 -1.084299885901831
 -0.3061194911690891 -1.083523957740904
 -0.2911577619166268 -1.079504685237384
 -0.2763900735997531 -1.072359914699389
 -0.2595518578648576 -1.065139886822026
 -0.2409272711313680 -1.058292064021965
 -0.2228770528298230 -1.048821385323480
 -0.2053064715373037 -1.035899903073271
 -0.1857077732057504 -1.022611562720997
 -0.1639116977143271 -1.010371257799852
 -0.1425085149395072 -0.9962278307639485
 -0.1218662816852463 -0.9783110806989147
 -9.919709362819606E-02 -0.9595430750537998
 -7.378098750002708E-02 -0.9424543086443716
 -4.846704098298608E-02 -0.9243952013767495
 -2.417333978704093E-02 -0.9023138244673009
 2.269224683477671E-03 -0.8787090632213780
 3.230370478327040E-02 -0.8574491544493253
 6.273383192075951E-02 -0.8365599422441470
 9.194010324058631E-02 -0.8115839882514648
 0.1237376791895962 -0.7842036355598476
 0.1606602055286514 -0.7600565313700292
 0.1989254225581013 -0.7385417764854526
 0.2359066734556274 -0.7133825560556959
 0.2768659995685002 -0.6847586865593236
 0.3264406144360019 -0.6613410709473402
 0.3794658111294251 -0.6460076536798575
 0.4315477971604458 -0.6300401343211104
 0.4930999719501880 -0.6114251917043951
 0.5742909261606917 -0.6112667490664226
 0.6534311182868574 -0.6560596551936720
 0.6805741534315242 -0.7412886826241593
 0.6264003688521442 -0.8248831444532094
 0.5163465752086440 -0.8641492308287808
 0.4026200360278629 -0.8532179583415876
 0.3112685109706592 -0.8185686540517965
 0.2320675329974703 -0.7844477891132700
 0.1520438553329931 -0.7525338661858614
 7.562560550397526E-02 -0.7134884768727411
 9.087500018386614E-03 -0.6664077859933201
 -5.379180369254298E-02 -0.6198148005323133
 -0.1201892404282816 -0.5782821778802827
 -0.1817776030167861 -0.5326353508925519
 -0.2424744312044320 -0.4868278753476242
 -0.3020224697721078 -0.4409322643448704
 -0.3607497523868749 -0.3952336748239601
 -0.4190224030306144 -0.3500340064620674
 -0.4769127668081146 -0.3055430612825158
 -0.5343444760446591 -0.2619305734062314
 -0.5913162454228350 -0.2193829364590026
 -0.6478568737513863 -0.1780632782061709
 -0.7038741059873886 -0.1380580845011663
 -0.7591843201587336 -9.939773499712642E-02
 -0.8136581337896140 -6.210092467607842E-02
 -0.8672392315055351 -2.616793482494497E-02
 -0.9198407809676785 8.446729315996727E-03
 -0.9713228563359783 4.181887681714725E-02
 -1.021585292449962 7.401752959227931E-02
 -1.070606207293466 0.1051041378604268
 -1.118365569681667 0.1351558469825332
 -1.164795446408933 0.1642606960439491
 -1.209838565600035 0.1924909264666836
 -1.253501331438654 0.2199017264757362
 -1.295805395289768 0.2465534583734464
 -1.336726353371871 0.2725132820406209
 -1.376226158494053 0.2978340561932151
 -1.414315267775375 0.3225513656833613
 -1.451030824785055 0.3467037203639293
 -1.486370916115707 0.3703373578317954
 -1.520302582829648 0.3934877915509388
 -1.552826993893262 0.4161746703001403
 -1.583982892544403 0.4384202265870418
 -1.613781562522242 0.4602562058242957
 -1.642190526265289 0.4817066466927560
 -1.669196023380311 0.5027805966319795
 -1.694831598594101 0.5234897603846570
 -1.719119231625357 0.5438575270238276
 -1.742027990943745 0.5639018126958276
 -1.763527804808446 0.5836253419504517
 -1.783644904790532 0.6030339796891382
 -1.802416976256226 0.6221485324263923
 -1.819825591745167 0.6409847265666240
 -1.835832237082157 0.6595367350717605
 -1.850459243907802 0.6777960217182517
 -1.863760915430399 0.6957710400196319
 -1.875718489298124 0.7134701632086183
 -1.886252202595009 0.7308823391035488
 -1.895360790439782 0.7479990680160015
 -1.903146320554091 0.7648378713199117
 -1.909630218968825 0.7814095472028758
 -1.914658559949804 0.7976792305961130
 -1.918184900642802 0.8136204961465078
 -1.920692516832673 0.8293290303645264
 -1.922176113113640 0.8456907905055349
 -1.921143409492404 0.8598198024273711
 -1.918460881892415 0.8733054375407828
 -1.915809381568408 0.8883799064447616
 -1.912143602547804 0.9036557309420573
 -1.905672299232424 0.9166633511148531
 -1.897329077808445 0.9284459284827585
 -1.889007046288935 0.9416260264997974
 -1.879907798646442 0.9554812903212998
 -1.868016539906635 0.9672108408529841
 -1.853956658724829 0.9771315130000860
 -1.839839319458752 0.9881318181825636
 -1.825199696843536 1.000271920372051
 -1.807792538114204 1.010558720982257
 -1.787864295539749 1.018474502169125
 -1.767739528770295 1.027023014535121
 -1.747337255077973 1.037154442160260
 -1.724168709930464 1.045845301903835
 -1.698034638764459 1.051626485833903
 -1.671478457728009 1.057431274880693
 -1.644863022595767 1.065217438089382
 -1.615416979975297 1.072128798353318
 -1.582397676445368 1.075599184236733
 -1.548600714461546 1.078247730685492
 -1.514922638661046 1.083190597254851
 -1.478208222449357 1.088001403390952
 -1.437001281922887 1.088797265788090
 -1.394443481115134 1.087518577609270
 -1.352120338644713 1.088670094458800
 -1.306230112265112 1.090648088073207
 -1.254240694644171 1.087822098024948
 -1.199885895695755 1.080760932684621
 -1.145750394361488 1.075773249319865
 -1.086587687589073 1.072759472241113
 -1.017782157439951 1.063074471334822
 -0.9444616205524073 1.043809632009690
 -0.8709688268133138 1.023695477913271
 -0.7869029617681197 1.004818272697787
 -0.6821332266652473 0.9661128359695088
 -0.5783136475473057 0.8810559034416026
 -0.5253052619427263 0.7541587406184548
 -0.5524117814688535 0.6275648787671315
 -0.6342472980799079 0.5440326795958749
 -0.7185793519502798 0.5094103814156857
 -0.7792296655547065 0.4971832046624111
 -0.8263532296457515 0.4831615020931498
 -0.8729800489041967 0.4657770039648600
 -0.9146469410345478 0.4544001589039823
 -0.9448084208662714 0.4498902733904465
 -0.9695314546105684 0.4438051226700404
 -0.9965258851701861 0.4319755846254907
 -1.015331856326780 0.4239957711335820
 -1.033828905929508 0.4142296883552882
 -1.049405451752939 0.4038511198648888
 -1.060233730256567 0.3944336152655104
 -1.068289998540638 0.3847521064379877
 -1.076098825842567 0.3729943971419146
 -1.082493005306644 0.3601548415029200
 -1.085011931854045 0.3481131749202888
 -1.084661597584804 0.3359980183855987
 -1.084299885901831 0.3217765713837905
 -1.083523957740904 0.3061194911690891
 -1.079504685237384 0.2911577619166268
 -1.072359914699389 0.2763900735997531
 -1.065139886822026 0.2595518578648576
 -1.058292064021965 0.2409272711313680
 -1.048821385323480 0.2228770528298230
 -1.035899903073271 0.2053064715373037
 -1.022611562720997 0.1857077732057504
 -1.010371257799852 0.1639116977143271
 -0.9962278307639485 0.1425085149395072
 -0.9783110806989147 0.1218662816852463
 -0.9595430750537998 9.919709362819606E-02
 -0.9424543086443716 7.378098750002708E-02
 -0.9243952013767495 4.846704098298608E-02
 -0.9023138244673009 2.417333978704093E-02
 -0.8787090632213780 -2.269224683477671E-03
 -0.8574491544493253 -3.230370478327040E-02
 -0.8365599422441470 -6.273383192075951E-02
 -0.8115839882514648 -9.194010324058631E-02
 -0.7842036355598476 -0.1237376791895962
 -0.7600565313700292 -0.1606602055286514
 -0.7385417764854526 -0.1989254225581013
 -0.7133825560556959 -0.2359066734556274
 -0.6847586865593236 -0.2768659995685002
 -0.6613410709473402 -0.3264406144360019
 -0.6460076536798575 -0.3794658111294251
 -0.6300401343211104 -0.4315477971604458
 -0.6114251917043951 -0.4930999719501880
 -0.6112667490664226 -0.5742909261606917
 -0.6560596551936720 -0.6534311182868574
 -0.7412886826241593 -0.6805741534315242
 -0.8248831444532094 -0.6264003688521442
 -0.8641492308287808 -0.5163465752086440
 -0.8532179583415876 -0.4026200360278629
 -0.8185686540517965 -0.3112685109706592
 -0.7844477891132700 -0.2320675329974703
 -0.7525338661858614 -0.1520438553329931
 -0.7134884768727411 -7.562560550397526E-02
 -0.6664077859933201 -9.087500018386614E-03
 -0.6198148005323133 5.379180369254298E-02
 -0.5782821778802827 0.1201892404282816
 -0.5326353508925519 0.1817776030167861
 -0.4868278753476242 0.2424744312044320
 -0.4409322643448704 0.3020224697721078
 -0.3952336748239601 0.3607497523868749
 -0.3500340064620674 0.4190224030306144
 -0.3055430612825158 0.4769127668081146
 -0.2619305734062314 0.5343444760446591
 -0.2193829364590026 0.5913162454228350
 -0.1780632782061709 0.6478568737513863
 -0.1380580845011663 0.7038741059873886
 -9.939773499712642E-02 0.7591843201587336
 -6.210092467607842E-02 0.8136581337896140
 -2.616793482494497E-02 0.8672392315055351
 8.446729315996727E-03 0.9198407809676785
 4.181887681714725E-02 0.9713228563359783
 7.401752959227931E-02 1.021585292449962
 0.1051041378604268 1.070606207293466
 0.1351558469825332 1.118365569681667
 0.1642606960439491 1.164795446408933
 0.1924909264666836 1.209838565600035
 0.2199017264757362 1.253501331438654
 0.2465534583734464 1.295805395289768
 0.2725132820406209 1.336726353371871
 0.2978340561932151 1.376226158494053
 0.3225513656833613 1.414315267775375
 0.3467037203639293 1.451030824785055
 0.3703373578317954 1.486370916115707
 0.3934877915509388 1.520302582829648
 0.4161746703001403 1.552826993893262
 0.4384202265870418 1.583982892544403
 0.4602562058242957 1.613781562522242
 0.4817066466927560 1.642190526265289
 0.5027805966319795 1.669196023380311
 0.5234897603846570 1.694831598594101
 0.5438575270238276 1.719119231625357
 0.5639018126958276 1.742027990943745
 0.5836253419504517 1.763527804808446
 0.6030339796891382 1.783644904790532
 0.6221485324263923 1.802416976256226
 0.6409847265666240 1.819825591745167
 0.6595367350717605 1.835832237082157
 0.6777960217182517 1.850459243907802
 0.6957710400196319 1.863760915430399
 0.7134701632086183 1.875718489298124
 0.7308823391035488 1.886252202595009
 0.7479990680160015 1.895360790439782
 0.7648378713199117 1.903146320554091
 0.7814095472028758 1.909630218968825
 0.7976792305961130 1.914658559949804
 0.8136204961465078 1.918184900642802
 0.8293290303645264 1.920692516832673
   
   
 #BODY NUMBER  2
 0.9965258851701861 -0.4319755846254907
 1.015331856326780 -0.4239957711335820
 1.033828905929508 -0.4142296883552882
 1.049405451752939 -0.4038511198648888
 1.060233730256567 -0.3944336152655104
 1.068289998540638 -0.3847521064379877
 1.076098825842567 -0.3729943971419146
 1.082493005306644 -0.3601548415029200
 1.085011931854045 -0.3481131749202888
 1.084661597584804 -0.3359980183855987
 1.084299885901831 -0.3217765713837905
 1.083523957740904 -0.3061194911690891
 1.079504685237384 -0.2911577619166268
 1.072359914699389 -0.2763900735997531
 1.065139886822026 -0.2595518578648576
 1.058292064021965 -0.2409272711313680
 1.048821385323480 -0.2228770528298230
 1.035899903073271 -0.2053064715373037
 1.022611562720997 -0.1857077732057504
 1.010371257799852 -0.1639116977143271
 0.9962278307639485 -0.1425085149395072
 0.9783110806989147 -0.1218662816852463
 0.9595430750537998 -9.919709362819606E-02
 0.9424543086443716 -7.378098750002708E-02
 0.9243952013767495 -4.846704098298608E-02
 0.9023138244673009 -2.417333978704093E-02
 0.8787090632213780 2.269224683477671E-03
 0.8574491544493253 3.230370478327040E-02
 0.8365599422441470 6.273383192075951E-02
 0.8115839882514648 9.194010324058631E-02
 0.7842036355598476 0.1237376791895962
 0.7600565313700292 0.1606602055286514
 0.7385417764854526 0.1989254225581013
 0.7133825560556959 0.2359066734556274
 0.6847586865593236 0.2768659995685002
 0.6613410709473402 0.3264406144360019
 0.6460076536798575 0.3794658111294251
 0.6300401343211104 0.4315477971604458
 0.6114251917043951 0.4930999719501880
 0.6112667490664226 0.5742909261606917
 0.6560596551936720 0.6534311182868574
 0.7412886826241593 0.6805741534315242
 0.8248831444532094 0.6264003688521442
 0.8641492308287808 0.5163465752086440
 0.8532179583415876 0.4026200360278629
 0.8185686540517965 0.3112685109706592
 0.7844477891132700 0.2320675329974703
 0.7525338661858614 0.1520438553329931
 0.7134884768727411 7.562560550397526E-02
 0.6664077859933201 9.087500018386614E-03
 0.6198148005323133 -5.379180369254298E-02
 0.5782821778802827 -0.1201892404282816
 0.5326353508925519 -0.1817776030167861
 0.4868278753476242 -0.2424744312044320
 0.4409322643448704 -0.3020224697721078
 0.3952336748239601 -0.3607497523868749
 0.3500340064620674 -0.4190224030306144
 0.3055430612825158 -0.4769127668081146
 0.2619305734062314 -0.5343444760446591
 0.2193829364590026 -0.5913162454228350
 0.1780632782061709 -0.6478568737513863
 0.1380580845011663 -0.7038741059873886
 9.939773499712642E-02 -0.7591843201587336
 6.210092467607842E-02 -0.8136581337896140
 2.616793482494497E-02 -0.8672392315055351
 -8.446729315996727E-03 -0.9198407809676785
 -4.181887681714725E-02 -0.9713228563359783
 -7.401752959227931E-02 -1.021585292449962
 -0.1051041378604268 -1.070606207293466
 -0.1351558469825332 -1.118365569681667
 -0.1642606960439491 -1.164795446408933
 -0.1924909264666836 -1.209838565600035
 -0.2199017264757362 -1.253501331438654
 -0.2465534583734464 -1.295805395289768
 -0.2725132820406209 -1.336726353371871
 -0.2978340561932151 -1.376226158494053
 -0.3225513656833613 -1.414315267775375
 -0.3467037203639293 -1.451030824785055
 -0.3703373578317954 -1.486370916115707
 -0.3934877915509388 -1.520302582829648
 -0.4161746703001403 -1.552826993893262
 -0.4384202265870418 -1.583982892544403
 -0.4602562058242957 -1.613781562522242
 -0.4817066466927560 -1.642190526265289
 -0.5027805966319795 -1.669196023380311
 -0.5234897603846570 -1.694831598594101
 -0.5438575270238276 -1.719119231625357
 -0.5639018126958276 -1.742027990943745
 -0.5836253419504517 -1.763527804808446
 -0.6030339796891382 -1.783644904790532
 -0.6221485324263923 -1.802416976256226
 -0.6409847265666240 -1.819825591745167
 -0.6595367350717605 -1.835832237082157
 -0.6777960217182517 -1.850459243907802
 -0.6957710400196319 -1.863760915430399
 -0.7134701632086183 -1.875718489298124
 -0.7308823391035488 -1.886252202595009
 -0.7479990680160015 -1.895360790439782
 -0.7648378713199117 -1.903146320554091
 -0.7814095472028758 -1.909630218968825
 -0.7976792305961130 -1.914658559949804
 -0.8136204961465078 -1.918184900642802
 -0.8293290303645264 -1.920692516832673
 -0.8456907905055349 -1.922176113113640
 -0.8598198024273711 -1.921143409492404
 -0.8733054375407828 -1.918460881892415
 -0.8883799064447616 -1.915809381568408
 -0.9036557309420573 -1.912143602547804
 -0.9166633511148531 -1.905672299232424
 -0.9284459284827585 -1.897329077808445
 -0.9416260264997974 -1.889007046288935
 -0.9554812903212998 -1.879907798646442
 -0.9672108408529841 -1.868016539906635
 -0.9771315130000860 -1.853956658724829
 -0.9881318181825636 -1.839839319458752
 -1.000271920372051 -1.825199696843536
 -1.010558720982257 -1.807792538114204
 -1.018474502169125 -1.787864295539749
 -1.027023014535121 -1.767739528770295
 -1.037154442160260 -1.747337255077973
 -1.045845301903835 -1.724168709930464
 -1.051626485833903 -1.698034638764459
 -1.057431274880693 -1.671478457728009
 -1.065217438089382 -1.644863022595767
 -1.072128798353318 -1.615416979975297
 -1.075599184236733 -1.582397676445368
 -1.078247730685492 -1.548600714461546
 -1.083190597254851 -1.514922638661046
 -1.088001403390952 -1.478208222449357
 -1.088797265788090 -1.437001281922887
 -1.087518577609270 -1.394443481115134
 -1.088670094458800 -1.352120338644713
 -1.090648088073207 -1.306230112265112
 -1.087822098024948 -1.254240694644171
 -1.080760932684621 -1.199885895695755
 -1.075773249319865 -1.145750394361488
 -1.072759472241113 -1.086587687589073
 -1.063074471334822 -1.017782157439951
 -1.043809632009690 -0.9444616205524073
 -1.023695477913271 -0.8709688268133138
 -1.004818272697787 -0.7869029617681197
 -0.9661128359695088 -0.6821332266652473
 -0.8810559034416026 -0.5783136475473057
 -0.7541587406184548 -0.5253052619427263
 -0.6275648787671315 -0.5524117814688535
 -0.5440326795958749 -0.6342472980799079
 -0.5094103814156857 -0.7185793519502798
 -0.4971832046624111 -0.7792296655547065
 -0.4831615020931498 -0.8263532296457515
 -0.4657770039648600 -0.8729800489041967
 -0.4544001589039823 -0.9146469410345478
 -0.4498902733904465 -0.9448084208662714
 -0.4438051226700404 -0.9695314546105684
 -0.4319755846254907 -0.9965258851701861
 -0.4239957711335820 -1.015331856326780
 -0.4142296883552882 -1.033828905929508
 -0.4038511198648888 -1.049405451752939
 -0.3944336152655104 -1.060233730256567
 -0.3847521064379877 -1.068289998540638
 -0.3729943971419146 -1.076098825842567
 -0.3601548415029200 -1.082493005306644
 -0.3481131749202888 -1.085011931854045
 -0.3359980183855987 -1.084661597584804
 -0.3217765713837905 -1.084299885901831
 -0.3061194911690891 -1.083523957740904
 -0.2911577619166268 -1.079504685237384
 -0.2763900735997531 -1.072359914699389
 -0.2595518578648576 -1.065139886822026
 -0.2409272711313680 -1.058292064021965
 -0.2228770528298230 -1.048821385323480
 -0.2053064715373037 -1.035899903073271
 -0.1857077732057504 -1.022611562720997
 -0.1639116977143271 -1.010371257799852
 -0.1425085149395072 -0.9962278307639485
 -0.1218662816852463 -0.9783110806989147
 -9.919709362819606E-02 -0.9595430750537998
 -7.378098750002708E-02 -0.9424543086443716
 -4.846704098298608E-02 -0.9243952013767495
 -2.417333978704093E-02 -0.9023138244673009
 2.269224683477671E-03 -0.8787090632213780
 3.230370478327040E-02 -0.8574491544493253
 6.273383192075951E-02 -0.8365599422441470
 9.194010324058631E-02 -0.8115839882514648
 0.1237376791895962 -0.7842036355598476
 0.1606602055286514 -0.7600565313700292
 0.1989254225581013 -0.7385417764854526
 0.2359066734556274 -0.7133825560556959
 0.2768659995685002 -0.6847586865593236
 0.3264406144360019 -0.6613410709473402
 0.3794658111294251 -0.6460076536798575
 0.4315477971604458 -0.6300401343211104
 0.4930999719501880 -0.6114251917043951
 0.5742909261606917 -0.6112667490664226
 0.6534311182868574 -0.6560596551936720
 0.6805741534315242 -0.7412886826241593
 0.6264003688521442 -0.8248831444532094
 0.5163465752086440 -0.8641492308287808
 0.4026200360278629 -0.8532179583415876
 0.3112685109706592 -0.8185686540517965
 0.2320675329974703 -0.7844477891132700
 0.1520438553329931 -0.7525338661858614
 7.562560550397526E-02 -0.7134884768727411
 9.087500018386614E-03 -0.6664077859933201
 -5.379180369254298E-02 -0.6198148005323133
 -0.1201892404282816 -0.5782821778802827
 -0.1817776030167861 -0.5326353508925519
 -0.2424744312044320 -0.4868278753476242
 -0.3020224697721078 -0.4409322643448704
 -0.3607497523868749 -0.3952336748239601
 -0.4190224030306144 -0.3500340064620674
 -0.4769127668081146 -0.3055430612825158
 -0.5343444760446591 -0.2619305734062314
 -0.5913162454228350 -0.2193829364590026
 -0.6478568737513863 -0.1780632782061709
 -0.7038741059873886 -0.1380580845011663
 -0.7591843201587336 -9.939773499712642E-02
 -0.8136581337896140 -6.210092467607842E-02
 -0.8672392315055351 -2.616793482494497E-02
 -0.9198407809676785 8.446729315996727E-03
 -0.9713228563359783 4.181887681714725E-02
 -1.021585292449962 7.401752959227931E-02
 -1.070606207293466 0.1051041378604268
 -1.118365569681667 0.1351558469825332
 -1.164795446408933 0.1642606960439491
 -1.209838565600035 0.1924909264666836
 -1.253501331438654 0.2199017264757362
 -1.295805395289768 0.2465534583734464
 -1.336726353371871 0.2725132820406209
 -1.376226158494053 0.2978340561932151
 -1.414315267775375 0.3225513656833613
 -1.451030824785055 0.3467037203639293
 -1.486370916115707 0.3703373578317954
 -1.520302582829648 0.3934877915509388
 -1.552826993893262 0.4161746703001403
 -1.583982892544403 0.4384202265870418
 -1.613781562522242 0.4602562058242957
 -1.642190526265289 0.4817066466927560
 -1.669196023380311 0.5027805966319795
 -1.694831598594101 0.5234897603846570
 -1.719119231625357 0.5438575270238276
 -1.742027990943745 0.5639018126958276
 -1.763527804808446 0.5836253419504517
 -1.783644904790532 0.6030339796891382
 -1.802416976256226 0.6221485324263923
 -1.819825591745167 0.6409847265666240
 -1.835832237082157 0.6595367350717605
 -1.850459243907802 0.6777960217182517
 -1.863760915430399 0.6957710400196319
 -1.875718489298124 0.7134701632086183
 -1.886252202595009 0.7308823391035488
 -1.895360790439782 0.7479990680160015
 -1.903146320554091 0.7648378713199117
 -1.909630218968825 0.7814095472028758
 -1.914658559949804 0.7976792305961130
 -1.918184900642802 0.8136204961465078
 -1.920692516832673 0.8293290303645264
 -1.922176113113640 0.8456907905055349
 -1.921143409492404 0.8598198024273711
 -1.918460881892415 0.8733054375407828
 -1.915809381568408 0.8883799064447616
 -1.912143602547804 0.9036557309420573
 -1.905672299232424 0.9166633511148531
 -1.897329077808445 0.9284459284827585
 -1.889007046288935 0.9416260264997974
 -1.879907798646442 0.9554812903212998
 -1.868016539906635 0.9672108408529841
 -1.853956658724829 0.9771315130000860
 -1.839839319458752 0.9881318181825636
 -1.825199696843536 1.000271920372051
 -1.807792538114204 1.010558720982257
 -1.787864295539749 1.018474502169125
 -1.767739528770295 1.027023014535121
 -1.747337255077973 1.037154442160260
 -1.724168709930464 1.045845301903835
 -1.698034638764459 1.051626485833903
 -1.671478457728009 1.057431274880693
 -1.644863022595767 1.065217438089382
 -1.615416979975297 1.072128798353318
 -1.582397676445368 1.075599184236733
 -1.548600714461546 1.078247730685492
 -1.514922638661046 1.083190597254851
 -1.478208222449357 1.088001403390952
 -1.437001281922887 1.088797265788090
 -1.394443481115134 1.087518577609270
 -1.352120338644713 1.088670094458800
 -1.306230112265112 1.090648088073207
 -1.254240694644171 1.087822098024948
 -1.199885895695755 1.080760932684621
 -1.145750394361488 1.075773249319865
 -1.086587687589073 1.072759472241113
 -1.017782157439951 1.063074471334822
 -0.9444616205524073 1.043809632009690
 -0.8709688268133138 1.023695477913271
 -0.7869029617681197 1.004818272697787
 -0.6821332266652473 0.9661128359695088
 -0.5783136475473057 0.8810559034416026
 -0.5253052619427263 0.7541587406184548
 -0.5524117814688535 0.6275648787671315
 -0.6342472980799079 0.5440326795958749
 -0.7185793519502798 0.5094103814156857
 -0.7792296655547065 0.4971832046624111
 -0.8263532296457515 0.4831615020931498
 -0.8729800489041967 0.4657770039648600
 -0.9146469410345478 0.4544001589039823
 -0.9448084208662714 0.4498902733904465
 -0.9695314546105684 0.4438051226700404
 -0.9965258851701861 0.4319755846254907
 -1.015331856326780 0.4239957711335820
 -1.033828905929508 0.4142296883552882
 -1.049405451752939 0.4038511198648888
 -1.060233730256567 0.3944336152655104
 -1.068289998540638 0.3847521064379877
 -1.076098825842567 0.3729943971419146
 -1.082493005306644 0.3601548415029200
 -1.085011931854045 0.3481131749202888
 -1.084661597584804 0.3359980183855987
 -1.084299885901831 0.3217765713837905
 -1.083523957740904 0.3061194911690891
 -1.079504685237384 0.2911577619166268
 -1.072359914699389 0.2763900735997531
 -1.065139886822026 0.2595518578648576
 -1.058292064021965 0.2409272711313680
 -1.048821385323480 0.2228770528298230
 -1.035899903073271 0.2053064715373037
 -1.022611562720997 0.1857077732057504
 -1.010371257799852 0.1639116977143271
 -0.9962278307639485 0.1425085149395072
 -0.9783110806989147 0.1218662816852463
 -0.9595430750537998 9.919709362819606E-02
 -0.9424543086443716 7.378098750002708E-02
 -0.9243952013767495 4.846704098298608E-02
 -0.9023138244673009 2.417333978704093E-02
 -0.8787090632213780 -2.269224683477671E-03
 -0.8574491544493253 -3.230370478327040E-02
 -0.8365599422441470 -6.273383192075951E-02
 -0.8115839882514648 -9.194010324058631E-02
 -0.7842036355598476 -0.1237376791895962
 -0.7600565313700292 -0.1606602055286514
 -0.7385417764854526 -0.1989254225581013
 -0.7133825560556959 -0.2359066734556274
 -0.6847586865593236 -0.2768659995685002
 -0.6613410709473402 -0.3264406144360019
 -0.6460076536798575 -0.3794658111294251
 -0.6300401343211104 -0.4315477971604458
 -0.6114251917043951 -0.4930999719501880
 -0.6112667490664226 -0.5742909261606917
 -0.6560596551936720 -0.6534311182868574
 -0.7412886826241593 -0.6805741534315242
 -0.8248831444532094 -0.6264003688521442
 -0.8641492308287808 -0.5163465752086440
 -0.8532179583415876 -0.4026200360278629
 -0.8185686540517965 -0.3112685109706592
 -0.7844477891132700 -0.2320675329974703
 -0.7525338661858614 -0.1520438553329931
 -0.7134884768727411 -7.562560550397526E-02
 -0.6664077859933201 -9.087500018386614E-03
 -0.6198148005323133 5.379180369254298E-02
 -0.5782821778802827 0.1201892404282816
 -0.5326353508925519 0.1817776030167861
 -0.4868278753476242 0.2424744312044320
 -0.4409322643448704 0.3020224697721078
 -0.3952336748239601 0.3607497523868749
 -0.3500340064620674 0.4190224030306144
 -0.3055430612825158 0.4769127668081146
 -0.2619305734062314 0.5343444760446591
 -0.2193829364590026 0.5913162454228350
 -0.1780632782061709 0.6478568737513863
 -0.1380580845011663 0.7038741059873886
 -9.939773499712642E-02 0.7591843201587336
 -6.210092467607842E-02 0.8136581337896140
 -2.616793482494497E-02 0.8672392315055351
 8.446729315996727E-03 0.9198407809676785
 4.181887681714725E-02 0.9713228563359783
 7.401752959227931E-02 1.021585292449962
 0.1051041378604268 1.070606207293466
 0.1351558469825332 1.118365569681667
 0.1642606960439491 1.164795446408933
 0.1924909264666836 1.209838565600035
 0.2199017264757362 1.253501331438654
 0.2465534583734464 1.295805395289768
 0.2725132820406209 1.336726353371871
 0.2978340561932151 1.376226158494053
 0.3225513656833613 1.414315267775375
 0.3467037203639293 1.451030824785055
 0.3703373578317954 1.486370916115707
 0.3934877915509388 1.520302582829648
 0.4161746703001403 1.552826993893262
 0.4384202265870418 1.583982892544403
 0.4602562058242957 1.613781562522242
 0.4817066466927560 1.642190526265289
 0.5027805966319795 1.669196023380311
 0.5234897603846570 1.694831598594101
 0.5438575270238276 1.719119231625357
 0.5639018126958276 1.742027990943745
 0.5836253419504517 1.763527804808446
 0.6030339796891382 1.783644904790532
 0.6221485324263923 1.802416976256226
 0.6409847265666240 1.819825591745167
 0.6595367350717605 1.835832237082157
 0.6777960217182517 1.850459243907802
 0.6957710400196319 1.863760915430399
 0.7134701632086183 1.875718489298124
 0.7308823391035488 1.886252202595009
 0.7479990680160015 1.895360790439782
 0.7648378713199117 1.903146320554091
 0.7814095472028758 1.909630218968825
 0.7976792305961130 1.914658559949804
 0.8136204961465078 1.918184900642802
 0.8293290303645264 1.920692516832673
 0.8456907905055349 1.922176113113640
 0.8598198024273711 1.921143409492404
 0.8733054375407828 1.918460881892415
 0.8883799064447616 1.915809381568408
 0.9036557309420573 1.912143602547804
 0.9166633511148531 1.905672299232424
 0.9284459284827585 1.897329077808445
 0.9416260264997974 1.889007046288935
 0.9554812903212998 1.879907798646442
 0.9672108408529841 1.868016539906635
 0.9771315130000860 1.853956658724829
 0.9881318181825636 1.839839319458752
 1.000271920372051 1.825199696843536
 1.010558720982257 1.807792538114204
 1.018474502169125 1.787864295539749
 1.027023014535121 1.767739528770295
 1.037154442160260 1.747337255077973
 1.045845301903835 1.724168709930464
 1.051626485833903 1.698034638764459
 1.057431274880693 1.671478457728009
 1.065217438089382 1.644863022595767
 1.072128798353318 1.615416979975297
 1.075599184236733 1.582397676445368
 1.078247730685492 1.548600714461546
 1.083190597254851 1.514922638661046
 1.088001403390952 1.478208222449357
 1.088797265788090 1.437001281922887
 1.087518577609270 1.394443481115134
 1.088670094458800 1.352120338644713
 1.090648088073207 1.306230112265112
 1.087822098024948 1.254240694644171
 1.080760932684621 1.199885895695755
 1.075773249319865 1.145750394361488
 1.072759472241113 1.086587687589073
 1.063074471334822 1.017782157439951
 1.043809632009690 0.9444616205524073
 1.023695477913271 0.8709688268133138
 1.004818272697787 0.7869029617681197
 0.9661128359695088 0.6821332266652473
 0.8810559034416026 0.5783136475473057
 0.7541587406184548 0.5253052619427263
 0.6275648787671315 0.5524117814688535
 0.5440326795958749 0.6342472980799079
 0.5094103814156857 0.7185793519502798
 0.4971832046624111 0.7792296655547065
 0.4831615020931498 0.8263532296457515
 0.4657770039648600 0.8729800489041967
 0.4544001589039823 0.9146469410345478
 0.4498902733904465 0.9448084208662714
 0.4438051226700404 0.9695314546105684
 0.4319755846254907 0.9965258851701861
 0.4239957711335820 1.015331856326780
 0.4142296883552882 1.033828905929508
 0.4038511198648888 1.049405451752939
 0.3944336152655104 1.060233730256567
 0.3847521064379877 1.068289998540638
 0.3729943971419146 1.076098825842567
 0.3601548415029200 1.082493005306644
 0.3481131749202888 1.085011931854045
 0.3359980183855987 1.084661597584804
 0.3217765713837905 1.084299885901831
 0.3061194911690891 1.083523957740904
 0.2911577619166268 1.079504685237384
 0.2763900735997531 1.072359914699389
 0.2595518578648576 1.065139886822026
 0.2409272711313680 1.058292064021965
 0.2228770528298230 1.048821385323480
 0.2053064715373037 1.035899903073271
 0.1857077732057504 1.022611562720997
 0.1639116977143271 1.010371257799852
 0.1425085149395072 0.9962278307639485
 0.1218662816852463 0.9783110806989147
 9.919709362819606E-02 0.9595430750537998
 7.378098750002708E-02 0.9424543086443716
 4.846704098298608E-02 0.9243952013767495
 2.417333978704093E-02 0.9023138244673009
 -2.269224683477671E-03 0.8787090632213780
 -3.230370478327040E-02 0.8574491544493253
 -6.273383192075951E-02 0.8365599422441470
 -9.194010324058631E-02 0.8115839882514648
 -0.1237376791895962 0.7842036355598476
 -0.1606602055286514 0.7600565313700292
 -0.1989254225581013 0.7385417764854526
 -0.2359066734556274 0.7133825560556959
 -0.2768659995685002 0.6847586865593236
 -0.3264406144360019 0.6613410709473402
 -0.3794658111294251 0.6460076536798575
 -0.4315477971604458 0.6300401343211104
 -0.4930999719501880 0.6114251917043951
 -0.5742909261606917 0.6112667490664226
 -0.6534311182868574 0.6560596551936720
 -0.6805741534315242 0.7412886826241593
 -0.6264003688521442 0.8248831444532094
 -0.5163465752086440 0.8641492308287808
 -0.4026200360278629 0.8532179583415876
 -0.3112685109706592 0.8185686540517965
 -0.2320675329974703 0.7844477891132700
 -0.1520438553329931 0.7525338661858614
 -7.562560550397526E-02 0.7134884768727411
 -9.087500018386614E-03 0.6664077859933201
 5.379180369254298E-02 0.6198148005323133
 0.1201892404282816 0.5782821778802827
 0.1817776030167861 0.5326353508925519
 0.2424744312044320 0.4868278753476242
 0.3020224697721078 0.4409322643448704
 0.3607497523868749 0.3952336748239601
 0.4190224030306144 0.3500340064620674
 0.4769127668081146 0.3055430612825158
 0.5343444760446591 0.2619305734062314
 0.5913162454228350 0.2193829364590026
 0.6478568737513863 0.1780632782061709
 0.7038741059873886 0.1380580845011663
 0.7591843201587336 9.939773499712642E-02
 0.8136581337896140 6.210092467607842E-02
 0.8672392315055351 2.616793482494497E-02
 0.9198407809676785 -8.446729315996727E-03
 0.9713228563359783 -4.181887681714725E-02
 1.021585292449962 -7.401752959227931E-02
 1.070606207293466 -0.1051041378604268
 1.118365569681667 -0.1351558469825332
 1.164795446408933 -0.1642606960439491
 1.209838565600035 -0.1924909264666836
 1.253501331438654 -0.2199017264757362
 1.295805395289768 -0.2465534583734464
 1.336726353371871 -0.2725132820406209
 1.376226158494053 -0.2978340561932151
 1.414315267775375 -0.3225513656833613
 1.451030824785055 -0.3467037203639293
 1.486370916115707 -0.3703373578317954
 1.520302582829648 -0.3934877915509388
 1.552826993893262 -0.4161746703001403
 1.583982892544403 -0.4384202265870418
 1.613781562522242 -0.4602562058242957
 1.642190526265289 -0.4817066466927560
 1.669196023380311 -0.5027805966319795
 1.694831598594101 -0.5234897603846570
 1.719119231625357 -0.5438575270238276
 1.742027990943745 -0.5639018126958276
 1.763527804808446 -0.5836253419504517
 1.783644904790532 -0.6030339796891382
 1.802416976256226 -0.6221485324263923
 1.819825591745167 -0.6409847265666240
 1.835832237082157 -0.6595367350717605
 1.850459243907802 -0.6777960217182517
 1.863760915430399 -0.6957710400196319
 1.875718489298124 -0.7134701632086183
 1.886252202595009 -0.7308823391035488
 1.895360790439782 -0.7479990680160015
 1.903146320554091 -0.7648378713199117
 1.909630218968825 -0.7814095472028758
 1.914658559949804 -0.7976792305961130
 1.918184900642802 -0.8136204961465078
 1.920692516832673 -0.8293290303645264
 1.922176113113640 -0.8456907905055349
 1.921143409492404 -0.8598198024273711
 1.918460881892415 -0.8733054375407828
 1.915809381568408 -0.8883799064447616
 1.912143602547804 -0.9036557309420573
 1.905672299232424 -0.9166633511148531
 1.897329077808445 -0.9284459284827585
 1.889007046288935 -0.9416260264997974
 1.879907798646442 -0.9554812903212998
 1.868016539906635 -0.9672108408529841
 1.853956658724829 -0.9771315130000860
 1.839839319458752 -0.9881318181825636
 1.825199696843536 -1.000271920372051
 1.807792538114204 -1.010558720982257
 1.787864295539749 -1.018474502169125
 1.767739528770295 -1.027023014535121
 1.747337255077973 -1.037154442160260
 1.724168709930464 -1.045845301903835
 1.698034638764459 -1.051626485833903
 1.671478457728009 -1.057431274880693
 1.644863022595767 -1.065217438089382
 1.615416979975297 -1.072128798353318
 1.582397676445368 -1.075599184236733
 1.548600714461546 -1.078247730685492
 1.514922638661046 -1.083190597254851
 1.478208222449357 -1.088001403390952
 1.437001281922887 -1.088797265788090
 1.394443481115134 -1.087518577609270
 1.352120338644713 -1.088670094458800
 1.306230112265112 -1.090648088073207
 1.254240694644171 -1.087822098024948
 1.199885895695755 -1.080760932684621
 1.145750394361488 -1.075773249319865
 1.086587687589073 -1.072759472241113
 1.017782157439951 -1.063074471334822
 0.9444616205524073 -1.043809632009690
 0.8709688268133138 -1.023695477913271
 0.7869029617681197 -1.004818272697787
 0.6821332266652473 -0.9661128359695088
 0.5783136475473057 -0.8810559034416026
 0.5253052619427263 -0.7541587406184548
 0.5524117814688535 -0.6275648787671315
 0.6342472980799079 -0.5440326795958749
 0.7185793519502798 -0.5094103814156857
 0.7792296655547065 -0.4971832046624111
 0.8263532296457515 -0.4831615020931498
 0.8729800489041967 -0.4657770039648600
 0.9146469410345478 -0.4544001589039823
 0.9448084208662714 -0.4498902733904465
 0.9695314546105684 -0.4438051226700404
 0.9965258851701861 -0.4319755846254907
   
   
 #BODY NUMBER  3
 -0.1201892404282816 -0.5782821778802827
 -0.1817776030167861 -0.5326353508925519
 -0.2424744312044320 -0.4868278753476242
 -0.3020224697721078 -0.4409322643448704
 -0.3607497523868749 -0.3952336748239601
 -0.4190224030306144 -0.3500340064620674
 -0.4769127668081146 -0.3055430612825158
 -0.5343444760446591 -0.2619305734062314
 -0.5913162454228350 -0.2193829364590026
 -0.6478568737513863 -0.1780632782061709
 -0.7038741059873886 -0.1380580845011663
 -0.7591843201587336 -9.939773499712642E-02
 -0.8136581337896140 -6.210092467607842E-02
 -0.8672392315055351 -2.616793482494497E-02
 -0.9198407809676785 8.446729315996727E-03
 -0.9713228563359783 4.181887681714725E-02
 -1.021585292449962 7.401752959227931E-02
 -1.070606207293466 0.1051041378604268
 -1.118365569681667 0.1351558469825332
 -1.164795446408933 0.1642606960439491
 -1.209838565600035 0.1924909264666836
 -1.253501331438654 0.2199017264757362
 -1.295805395289768 0.2465534583734464
 -1.336726353371871 0.2725132820406209
 -1.376226158494053 0.2978340561932151
 -1.414315267775375 0.3225513656833613
 -1.451030824785055 0.3467037203639293
 -1.486370916115707 0.3703373578317954
 -1.520302582829648 0.3934877915509388
 -1.552826993893262 0.4161746703001403
 -1.583982892544403 0.4384202265870418
 -1.613781562522242 0.4602562058242957
 -1.642190526265289 0.4817066466927560
 -1.669196023380311 0.5027805966319795
 -1.694831598594101 0.5234897603846570
 -1.719119231625357 0.5438575270238276
 -1.742027990943745 0.5639018126958276
 -1.763527804808446 0.5836253419504517
 -1.783644904790532 0.6030339796891382
 -1.802416976256226 0.6221485324263923
 -1.819825591745167 0.6409847265666240
 -1.835832237082157 0.6595367350717605
 -1.850459243907802 0.6777960217182517
 -1.863760915430399 0.6957710400196319
 -1.875718489298124 0.7134701632086183
 -1.886252202595009 0.7308823391035488
 -1.895360790439782 0.7479990680160015
 -1.903146320554091 0.7648378713199117
 -1.909630218968825 0.7814095472028758
 -1.914658559949804 0.7976792305961130
 -1.918184900642802 0.8136204961465078
 -1.920692516832673 0.8293290303645264
 -1.922176113113640 0.8456907905055349
 -1.921143409492404 0.8598198024273711
 -1.918460881892415 0.8733054375407828
 -1.915809381568408 0.8883799064447616
 -1.912143602547804 0.9036557309420573
 -1.905672299232424 0.9166633511148531
 -1.897329077808445 0.9284459284827585
 -1.889007046288935 0.9416260264997974
 -1.879907798646442 0.9554812903212998
 -1.868016539906635 0.9672108408529841
 -1.853956658724829 0.9771315130000860
 -1.839839319458752 0.9881318181825636
 -1.825199696843536 1.000271920372051
 -1.807792538114204 1.010558720982257
 -1.787864295539749 1.018474502169125
 -1.767739528770295 1.027023014535121
 -1.747337255077973 1.037154442160260
 -1.724168709930464 1.045845301903835
 -1.698034638764459 1.051626485833903
 -1.671478457728009 1.057431274880693
 -1.644863022595767 1.065217438089382
 -1.615416979975297 1.072128798353318
 -1.582397676445368 1.075599184236733
 -1.548600714461546 1.078247730685492
 -1.514922638661046 1.083190597254851
 -1.478208222449357 1.088001403390952
 -1.437001281922887 1.088797265788090
 -1.394443481115134 1.087518577609270
 -1.352120338644713 1.088670094458800
 -1.306230112265112 1.090648088073207
 -1.254240694644171 1.087822098024948
 -1.199885895695755 1.080760932684621
 -1.145750394361488 1.075773249319865
 -1.086587687589073 1.072759472241113
 -1.017782157439951 1.063074471334822
 -0.9444616205524073 1.043809632009690
 -0.8709688268133138 1.023695477913271
 -0.7869029617681197 1.004818272697787
 -0.6821332266652473 0.9661128359695088
 -0.5783136475473057 0.8810559034416026
 -0.5253052619427263 0.7541587406184548
 -0.5524117814688535 0.6275648787671315
 -0.6342472980799079 0.5440326795958749
 -0.7185793519502798 0.5094103814156857
 -0.7792296655547065 0.4971832046624111
 -0.8263532296457515 0.4831615020931498
 -0.8729800489041967 0.4657770039648600
 -0.9146469410345478 0.4544001589039823
 -0.9448084208662714 0.4498902733904465
 -0.9695314546105684 0.4438051226700404
 -0.9965258851701861 0.4319755846254907
 -1.015331856326780 0.4239957711335820
 -1.033828905929508 0.4142296883552882
 -1.049405451752939 0.4038511198648888
 -1.060233730256567 0.3944336152655104
 -1.068289998540638 0.3847521064379877
 -1.076098825842567 0.3729943971419146
 -1.082493005306644 0.3601548415029200
 -1.085011931854045 0.3481131749202888
 -1.084661597584804 0.3359980183855987
 -1.084299885901831 0.3217765713837905
 -1.083523957740904 0.3061194911690891
 -1.079504685237384 0.2911577619166268
 -1.072359914699389 0.2763900735997531
 -1.065139886822026 0.2595518578648576
 -1.058292064021965 0.2409272711313680
 -1.048821385323480 0.2228770528298230
 -1.035899903073271 0.2053064715373037
 -1.022611562720997 0.1857077732057504
 -1.010371257799852 0.1639116977143271
 -0.9962278307639485 0.1425085149395072
 -0.9783110806989147 0.1218662816852463
 -0.9595430750537998 9.919709362819606E-02
 -0.9424543086443716 7.378098750002708E-02
 -0.9243952013767495 4.846704098298608E-02
 -0.9023138244673009 2.417333978704093E-02
 -0.8787090632213780 -2.269224683477671E-03
 -0.8574491544493253 -3.230370478327040E-02
 -0.8365599422441470 -6.273383192075951E-02
 -0.8115839882514648 -9.194010324058631E-02
 -0.7842036355598476 -0.1237376791895962
 -0.7600565313700292 -0.1606602055286514
 -0.7385417764854526 -0.1989254225581013
 -0.7133825560556959 -0.2359066734556274
 -0.6847586865593236 -0.2768659995685002
 -0.6613410709473402 -0.3264406144360019
 -0.6460076536798575 -0.3794658111294251
 -0.6300401343211104 -0.4315477971604458
 -0.6114251917043951 -0.4930999719501880
 -0.6112667490664226 -0.5742909261606917
 -0.6560596551936720 -0.6534311182868574
 -0.7412886826241593 -0.6805741534315242
 -0.8248831444532094 -0.6264003688521442
 -0.8641492308287808 -0.5163465752086440
 -0.8532179583415876 -0.4026200360278629
 -0.8185686540517965 -0.3112685109706592
 -0.7844477891132700 -0.2320675329974703
 -0.7525338661858614 -0.1520438553329931
 -0.7134884768727411 -7.562560550397526E-02
 -0.6664077859933201 -9.087500018386614E-03
 -0.6198148005323133 5.379180369254298E-02
 -0.5782821778802827 0.1201892404282816
 -0.5326353508925519 0.1817776030167861
 -0.4868278753476242 0.2424744312044320
 -0.4409322643448704 0.3020224697721078
 -0.3952336748239601 0.3607497523868749
 -0.3500340064620674 0.4190224030306144
 -0.3055430612825158 0.4769127668081146
 -0.2619305734062314 0.5343444760446591
 -0.2193829364590026 0.5913162454228350
 -0.1780632782061709 0.6478568737513863
 -0.1380580845011663 0.7038741059873886
 -9.939773499712642E-02 0.7591843201587336
 -6.210092467607842E-02 0.8136581337896140
 -2.616793482494497E-02 0.8672392315055351
 8.446729315996727E-03 0.9198407809676785
 4.181887681714725E-02 0.9713228563359783
 7.401752959227931E-02 1.021585292449962
 0.1051041378604268 1.070606207293466
 0.1351558469825332 1.118365569681667
 0.1642606960439491 1.164795446408933
 0.1924909264666836 1.209838565600035
 0.2199017264757362 1.253501331438654
 0.2465534583734464 1.295805395289768
 0.2725132820406209 1.336726353371871
 0.2978340561932151 1.376226158494053
 0.3225513656833613 1.414315267775375
 0.3467037203639293 1.451030824785055
 0.3703373578317954 1.486370916115707
 0.3934877915509388 1.520302582829648
 0.4161746703001403 1.552826993893262
 0.4384202265870418 1.583982892544403
 0.4602562058242957 1.613781562522242
 0.4817066466927560 1.642190526265289
 0.5027805966319795 1.669196023380311
 0.5234897603846570 1.694831598594101
 0.5438575270238276 1.719119231625357
 0.5639018126958276 1.742027990943745
 0.5836253419504517 1.763527804808446
 0.6030339796891382 1.783644904790532
 0.6221485324263923 1.802416976256226
 0.6409847265666240 1.819825591745167
 0.6595367350717605 1.835832237082157
 0.6777960217182517 1.850459243907802
 0.6957710400196319 1.863760915430399
 0.7134701632086183 1.875718489298124
 0.7308823391035488 1.886252202595009
 0.7479990680160015 1.895360790439782
 0.7648378713199117 1.903146320554091
 0.7814095472028758 1.909630218968825
 0.7976792305961130 1.914658559949804
 0.8136204961465078 1.918184900642802
 0.8293290303645264 1.920692516832673
 0.8456907905055349 1.922176113113640
 0.8598198024273711 1.921143409492404
 0.8733054375407828 1.918460881892415
 0.8883799064447616 1.915809381568408
 0.9036557309420573 1.912143602547804
 0.9166633511148531 1.905672299232424
 0.9284459284827585 1.897329077808445
 0.9416260264997974 1.889007046288935
 0.9554812903212998 1.879907798646442
 0.9672108408529841 1.868016539906635
 0.9771315130000860 1.853956658724829
 0.9881318181825636 1.839839319458752
 1.000271920372051 1.825199696843536
 1.010558720982257 1.807792538114204
 1.018474502169125 1.787864295539749
 1.027023014535121 1.767739528770295
 1.037154442160260 1.747337255077973
 1.045845301903835 1.724168709930464
 1.051626485833903 1.698034638764459
 1.057431274880693 1.671478457728009
 1.065217438089382 1.644863022595767
 1.072128798353318 1.615416979975297
 1.075599184236733 1.582397676445368
 1.078247730685492 1.548600714461546
 1.083190597254851 1.514922638661046
 1.088001403390952 1.478208222449357
 1.088797265788090 1.437001281922887
 1.087518577609270 1.394443481115134
 1.088670094458800 1.352120338644713
 1.090648088073207 1.306230112265112
 1.087822098024948 1.254240694644171
 1.080760932684621 1.199885895695755
 1.075773249319865 1.145750394361488
 1.072759472241113 1.086587687589073
 1.063074471334822 1.017782157439951
 1.043809632009690 0.9444616205524073
 1.023695477913271 0.8709688268133138
 1.004818272697787 0.7869029617681197
 0.9661128359695088 0.6821332266652473
 0.8810559034416026 0.5783136475473057
 0.7541587406184548 0.5253052619427263
 0.6275648787671315 0.5524117814688535
 0.5440326795958749 0.6342472980799079
 0.5094103814156857 0.7185793519502798
 0.4971832046624111 0.7792296655547065
 0.4831615020931498 0.8263532296457515
 0.4657770039648600 0.8729800489041967
 0.4544001589039823 0.9146469410345478
 0.4498902733904465 0.9448084208662714
 0.4438051226700404 0.9695314546105684
 0.4319755846254907 0.9965258851701861
 0.4239957711335820 1.015331856326780
 0.4142296883552882 1.033828905929508
 0.4038511198648888 1.049405451752939
 0.3944336152655104 1.060233730256567
 0.3847521064379877 1.068289998540638
 0.3729943971419146 1.076098825842567
 0.3601548415029200 1.082493005306644
 0.3481131749202888 1.085011931854045
 0.3359980183855987 1.084661597584804
 0.3217765713837905 1.084299885901831
 0.3061194911690891 1.083523957740904
 0.2911577619166268 1.079504685237384
 0.2763900735997531 1.072359914699389
 0.2595518578648576 1.065139886822026
 0.2409272711313680 1.058292064021965
 0.2228770528298230 1.048821385323480
 0.2053064715373037 1.035899903073271
 0.1857077732057504 1.022611562720997
 0.1639116977143271 1.010371257799852
 0.1425085149395072 0.9962278307639485
 0.1218662816852463 0.9783110806989147
 9.919709362819606E-02 0.9595430750537998
 7.378098750002708E-02 0.9424543086443716
 4.846704098298608E-02 0.9243952013767495
 2.417333978704093E-02 0.9023138244673009
 -2.269224683477671E-03 0.8787090632213780
 -3.230370478327040E-02 0.8574491544493253
 -6.273383192075951E-02 0.8365599422441470
 -9.194010324058631E-02 0.8115839882514648
 -0.1237376791895962 0.7842036355598476
 -0.1606602055286514 0.7600565313700292
 -0.1989254225581013 0.7385417764854526
 -0.2359066734556274 0.7133825560556959
 -0.2768659995685002 0.6847586865593236
 -0.3264406144360019 0.6613410709473402
 -0.3794658111294251 0.6460076536798575
 -0.4315477971604458 0.6300401343211104
 -0.4930999719501880 0.6114251917043951
 -0.5742909261606917 0.6112667490664226
 -0.6534311182868574 0.6560596551936720
 -0.6805741534315242 0.7412886826241593
 -0.6264003688521442 0.8248831444532094
 -0.5163465752086440 0.8641492308287808
 -0.4026200360278629 0.8532179583415876
 -0.3112685109706592 0.8185686540517965
 -0.2320675329974703 0.7844477891132700
 -0.1520438553329931 0.7525338661858614
 -7.562560550397526E-02 0.7134884768727411
 -9.087500018386614E-03 0.6664077859933201
 5.379180369254298E-02 0.6198148005323133
 0.1201892404282816 0.5782821778802827
 0.1817776030167861 0.5326353508925519
 0.2424744312044320 0.4868278753476242
 0.3020224697721078 0.4409322643448704
 0.3607497523868749 0.3952336748239601
 0.4190224030306144 0.3500340064620674
 0.4769127668081146 0.3055430612825158
 0.5343444760446591 0.2619305734062314
 0.5913162454228350 0.2193829364590026
 0.6478568737513863 0.1780632782061709
 0.7038741059873886 0.1380580845011663
 0.7591843201587336 9.939773499712642E-02
 0.8136581337896140 6.210092467607842E-02
 0.8672392315055351 2.616793482494497E-02
 0.9198407809676785 -8.446729315996727E-03
 0.9713228563359783 -4.181887681714725E-02
 1.021585292449962 -7.401752959227931E-02
 1.070606207293466 -0.1051041378604268
 1.118365569681667 -0.1351558469825332
 1.164795446408933 -0.1642606960439491
 1.209838565600035 -0.1924909264666836
 1.253501331438654 -0.2199017264757362
 1.295805395289768 -0.2465534583734464
 1.336726353371871 -0.2725132820406209
 1.376226158494053 -0.2978340561932151
 1.414315267775375 -0.3225513656833613
 1.451030824785055 -0.3467037203639293
 1.486370916115707 -0.3703373578317954
 1.520302582829648 -0.3934877915509388
 1.552826993893262 -0.4161746703001403
 1.583982892544403 -0.4384202265870418
 1.613781562522242 -0.4602562058242957
 1.642190526265289 -0.4817066466927560
 1.669196023380311 -0.5027805966319795
 1.694831598594101 -0.5234897603846570
 1.719119231625357 -0.5438575270238276
 1.742027990943745 -0.5639018126958276
 1.763527804808446 -0.5836253419504517
 1.783644904790532 -0.6030339796891382
 1.802416976256226 -0.6221485324263923
 1.819825591745167 -0.6409847265666240
 1.835832237082157 -0.6595367350717605
 1.850459243907802 -0.6777960217182517
 1.863760915430399 -0.6957710400196319
 1.875718489298124 -0.7134701632086183
 1.886252202595009 -0.7308823391035488
 1.895360790439782 -0.7479990680160015
 1.903146320554091 -0.7648378713199117
 1.909630218968825 -0.7814095472028758
 1.914658559949804 -0.7976792305961130
 1.918184900642802 -0.8136204961465078
 1.920692516832673 -0.8293290303645264
 1.922176113113640 -0.8456907905055349
 1.921143409492404 -0.8598198024273711
 1.918460881892415 -0.8733054375407828
 1.915809381568408 -0.8883799064447616
 1.912143602547804 -0.9036557309420573
 1.905672299232424 -0.9166633511148531
 1.897329077808445 -0.9284459284827585
 1.889007046288935 -0.9416260264997974
 1.879907798646442 -0.9554812903212998
 1.868016539906635 -0.9672108408529841
 1.853956658724829 -0.9771315130000860
 1.839839319458752 -0.9881318181825636
 1.825199696843536 -1.000271920372051
 1.807792538114204 -1.010558720982257
 1.787864295539749 -1.018474502169125
 1.767739528770295 -1.027023014535121
 1.747337255077973 -1.037154442160260
 1.724168709930464 -1.045845301903835
 1.698034638764459 -1.051626485833903
 1.671478457728009 -1.057431274880693
 1.644863022595767 -1.065217438089382
 1.615416979975297 -1.072128798353318
 1.582397676445368 -1.075599184236733
 1.548600714461546 -1.078247730685492
 1.514922638661046 -1.083190597254851
 1.478208222449357 -1.088001403390952
 1.437001281922887 -1.088797265788090
 1.394443481115134 -1.087518577609270
 1.352120338644713 -1.088670094458800
 1.306230112265112 -1.090648088073207
 1.254240694644171 -1.087822098024948
 1.199885895695755 -1.080760932684621
 1.145750394361488 -1.075773249319865
 1.086587687589073 -1.072759472241113
 1.017782157439951 -1.063074471334822
 0.9444616205524073 -1.043809632009690
 0.8709688268133138 -1.023695477913271
 0.7869029617681197 -1.004818272697787
 0.6821332266652473 -0.9661128359695088
 0.5783136475473057 -0.8810559034416026
 0.5253052619427263 -0.7541587406184548
 0.5524117814688535 -0.6275648787671315
 0.6342472980799079 -0.5440326795958749
 0.7185793519502798 -0.5094103814156857
 0.7792296655547065 -0.4971832046624111
 0.8263532296457515 -0.4831615020931498
 0.8729800489041967 -0.4657770039648600
 0.9146469410345478 -0.4544001589039823
 0.9448084208662714 -0.4498902733904465
 0.9695314546105684 -0.4438051226700404
 0.9965258851701861 -0.4319755846254907
 1.015331856326780 -0.4239957711335820
 1.033828905929508 -0.4142296883552882
 1.049405451752939 -0.4038511198648888
 1.060233730256567 -0.3944336152655104
 1.068289998540638 -0.3847521064379877
 1.076098825842567 -0.3729943971419146
 1.082493005306644 -0.3601548415029200
 1.085011931854045 -0.3481131749202888
 1.084661597584804 -0.3359980183855987
 1.084299885901831 -0.3217765713837905
 1.083523957740904 -0.3061194911690891
 1.079504685237384 -0.2911577619166268
 1.072359914699389 -0.2763900735997531
 1.065139886822026 -0.2595518578648576
 1.058292064021965 -0.2409272711313680
 1.048821385323480 -0.2228770528298230
 1.035899903073271 -0.2053064715373037
 1.022611562720997 -0.1857077732057504
 1.010371257799852 -0.1639116977143271
 0.9962278307639485 -0.1425085149395072
 0.9783110806989147 -0.1218662816852463
 0.9595430750537998 -9.919709362819606E-02
 0.9424543086443716 -7.378098750002708E-02
 0.9243952013767495 -4.846704098298608E-02
 0.9023138244673009 -2.417333978704093E-02
 0.8787090632213780 2.269224683477671E-03
 0.8574491544493253 3.230370478327040E-02
 0.8365599422441470 6.273383192075951E-02
 0.8115839882514648 9.194010324058631E-02
 0.7842036355598476 0.1237376791895962
 0.7600565313700292 0.1606602055286514
 0.7385417764854526 0.1989254225581013
 0.7133825560556959 0.2359066734556274
 0.6847586865593236 0.2768659995685002
 0.6613410709473402 0.3264406144360019
 0.6460076536798575 0.3794658111294251
 0.6300401343211104 0.4315477971604458
 0.6114251917043951 0.4930999719501880
 0.6112667490664226 0.5742909261606917
 0.6560596551936720 0.6534311182868574
 0.7412886826241593 0.6805741534315242
 0.8248831444532094 0.6264003688521442
 0.8641492308287808 0.5163465752086440
 0.8532179583415876 0.4026200360278629
 0.8185686540517965 0.3112685109706592
 0.7844477891132700 0.2320675329974703
 0.7525338661858614 0.1520438553329931
 0.7134884768727411 7.562560550397526E-02
 0.6664077859933201 9.087500018386614E-03
 0.6198148005323133 -5.379180369254298E-02
 0.5782821778802827 -0.1201892404282816
 0.5326353508925519 -0.1817776030167861
 0.4868278753476242 -0.2424744312044320
 0.4409322643448704 -0.3020224697721078
 0.3952336748239601 -0.3607497523868749
 0.3500340064620674 -0.4190224030306144
 0.3055430612825158 -0.4769127668081146
 0.2619305734062314 -0.5343444760446591
 0.2193829364590026 -0.5913162454228350
 0.1780632782061709 -0.6478568737513863
 0.1380580845011663 -0.7038741059873886
 9.939773499712642E-02 -0.7591843201587336
 6.210092467607842E-02 -0.8136581337896140
 2.616793482494497E-02 -0.8672392315055351
 -8.446729315996727E-03 -0.9198407809676785
 -4.181887681714725E-02 -0.9713228563359783
 -7.401752959227931E-02 -1.021585292449962
 -0.1051041378604268 -1.070606207293466
 -0.1351558469825332 -1.118365569681667
 -0.1642606960439491 -1.164795446408933
 -0.1924909264666836 -1.209838565600035
 -0.2199017264757362 -1.253501331438654
 -0.2465534583734464 -1.295805395289768
 -0.2725132820406209 -1.336726353371871
 -0.2978340561932151 -1.376226158494053
 -0.3225513656833613 -1.414315267775375
 -0.3467037203639293 -1.451030824785055
 -0.3703373578317954 -1.486370916115707
 -0.3934877915509388 -1.520302582829648
 -0.4161746703001403 -1.552826993893262
 -0.4384202265870418 -1.583982892544403
 -0.4602562058242957 -1.613781562522242
 -0.4817066466927560 -1.642190526265289
 -0.5027805966319795 -1.669196023380311
 -0.5234897603846570 -1.694831598594101
 -0.5438575270238276 -1.719119231625357
 -0.5639018126958276 -1.742027990943745
 -0.5836253419504517 -1.763527804808446
 -0.6030339796891382 -1.783644904790532
 -0.6221485324263923 -1.802416976256226
 -0.6409847265666240 -1.819825591745167
 -0.6595367350717605 -1.835832237082157
 -0.6777960217182517 -1.850459243907802
 -0.6957710400196319 -1.863760915430399
 -0.7134701632086183 -1.875718489298124
 -0.7308823391035488 -1.886252202595009
 -0.7479990680160015 -1.895360790439782
 -0.7648378713199117 -1.903146320554091
 -0.7814095472028758 -1.909630218968825
 -0.7976792305961130 -1.914658559949804
 -0.8136204961465078 -1.918184900642802
 -0.8293290303645264 -1.920692516832673
 -0.8456907905055349 -1.922176113113640
 -0.8598198024273711 -1.921143409492404
 -0.8733054375407828 -1.918460881892415
 -0.8883799064447616 -1.915809381568408
 -0.9036557309420573 -1.912143602547804
 -0.9166633511148531 -1.905672299232424
 -0.9284459284827585 -1.897329077808445
 -0.9416260264997974 -1.889007046288935
 -0.9554812903212998 -1.879907798646442
 -0.9672108408529841 -1.868016539906635
 -0.9771315130000860 -1.853956658724829
 -0.9881318181825636 -1.839839319458752
 -1.000271920372051 -1.825199696843536
 -1.010558720982257 -1.807792538114204
 -1.018474502169125 -1.787864295539749
 -1.027023014535121 -1.767739528770295
 -1.037154442160260 -1.747337255077973
 -1.045845301903835 -1.724168709930464
 -1.051626485833903 -1.698034638764459
 -1.057431274880693 -1.671478457728009
 -1.065217438089382 -1.644863022595767
 -1.072128798353318 -1.615416979975297
 -1.075599184236733 -1.582397676445368
 -1.078247730685492 -1.548600714461546
 -1.083190597254851 -1.514922638661046
 -1.088001403390952 -1.478208222449357
 -1.088797265788090 -1.437001281922887
 -1.087518577609270 -1.394443481115134
 -1.088670094458800 -1.352120338644713
 -1.090648088073207 -1.306230112265112
 -1.087822098024948 -1.254240694644171
 -1.080760932684621 -1.199885895695755
 -1.075773249319865 -1.145750394361488
 -1.072759472241113 -1.086587687589073
 -1.063074471334822 -1.017782157439951
 -1.043809632009690 -0.9444616205524073
 -1.023695477913271 -0.8709688268133138
 -1.004818272697787 -0.7869029617681197
 -0.9661128359695088 -0.6821332266652473
 -0.8810559034416026 -0.5783136475473057
 -0.7541587406184548 -0.5253052619427263
 -0.6275648787671315 -0.5524117814688535
 -0.5440326795958749 -0.6342472980799079
 -0.5094103814156857 -0.7185793519502798
 -0.4971832046624111 -0.7792296655547065
 -0.4831615020931498 -0.8263532296457515
 -0.4657770039648600 -0.8729800489041967
 -0.4544001589039823 -0.9146469410345478
 -0.4498902733904465 -0.9448084208662714
 -0.4438051226700404 -0.9695314546105684
 -0.4319755846254907 -0.9965258851701861
 -0.4239957711335820 -1.015331856326780
 -0.4142296883552882 -1.033828905929508
 -0.4038511198648888 -1.049405451752939
 -0.3944336152655104 -1.060233730256567
 -0.3847521064379877 -1.068289998540638
 -0.3729943971419146 -1.076098825842567
 -0.3601548415029200 -1.082493005306644
 -0.3481131749202888 -1.085011931854045
 -0.3359980183855987 -1.084661597584804
 -0.3217765713837905 -1.084299885901831
 -0.3061194911690891 -1.083523957740904
 -0.2911577619166268 -1.079504685237384
 -0.2763900735997531 -1.072359914699389
 -0.2595518578648576 -1.065139886822026
 -0.2409272711313680 -1.058292064021965
 -0.2228770528298230 -1.048821385323480
 -0.2053064715373037 -1.035899903073271
 -0.1857077732057504 -1.022611562720997
 -0.1639116977143271 -1.010371257799852
 -0.1425085149395072 -0.9962278307639485
 -0.1218662816852463 -0.9783110806989147
 -9.919709362819606E-02 -0.9595430750537998
 -7.378098750002708E-02 -0.9424543086443716
 -4.846704098298608E-02 -0.9243952013767495
 -2.417333978704093E-02 -0.9023138244673009
 2.269224683477671E-03 -0.8787090632213780
 3.230370478327040E-02 -0.8574491544493253
 6.273383192075951E-02 -0.8365599422441470
 9.194010324058631E-02 -0.8115839882514648
 0.1237376791895962 -0.7842036355598476
 0.1606602055286514 -0.7600565313700292
 0.1989254225581013 -0.7385417764854526
 0.2359066734556274 -0.7133825560556959
 0.2768659995685002 -0.6847586865593236
 0.3264406144360019 -0.6613410709473402
 0.3794658111294251 -0.6460076536798575
 0.4315477971604458 -0.6300401343211104
 0.4930999719501880 -0.6114251917043951
 0.5742909261606917 -0.6112667490664226
 0.6534311182868574 -0.6560596551936720
 0.6805741534315242 -0.7412886826241593
 0.6264003688521442 -0.8248831444532094
 0.5163465752086440 -0.8641492308287808
 0.4026200360278629 -0.8532179583415876
 0.3112685109706592 -0.8185686540517965
 0.2320675329974703 -0.7844477891132700
 0.1520438553329931 -0.7525338661858614
 7.562560550397526E-02 -0.7134884768727411
 9.087500018386614E-03 -0.6664077859933201
 -5.379180369254298E-02 -0.6198148005323133
 -0.1201892404282816 -0.5782821778802827
   
   
 #BODY NUMBER  4
 -1.705665675106417 -0.9104347543268432
 -1.679245043815517 -0.9655449910874494
 -1.651174277152437 -1.020085845789436
 -1.620688419521605 -1.073677497682602
 -1.587863884314445 -1.126142091478884
 -1.552923326452073 -1.177357489647697
 -1.515849410149301 -1.227134840807943
 -1.476594457744739 -1.275243662899242
 -1.435321712931005 -1.321510934909594
 -1.392286014154716 -1.365846502054623
 -1.347636620767428 -1.408181884021631
 -1.301471150582259 -1.448439432558566
 -1.253978369630335 -1.486580632866001
 -1.205392603565910 -1.522641688418793
 -1.155857826836610 -1.556687409565298
 -1.105443709855119 -1.588755901225485
 -1.054259107408647 -1.618880005532709
 -1.002448137940075 -1.647134921401054
 -0.9500912949431768 -1.673616783707205
 -0.8972022972248354 -1.698383637094040
 -0.8438205400446199 -1.721460869255145
 -0.7900271873496582 -1.742898467386218
 -0.7358664781173658 -1.762773344720508
 -0.6813271395092521 -1.781129970985924
 -0.6264167735682071 -1.797967729671738
 -0.5711891539467967 -1.813300664557331
 -0.5156796418272966 -1.827181167496729
 -0.4598755041217334 -1.839642344537918
 -0.4037759370237942 -1.850665104586799
 -0.3474270888170297 -1.860235112185407
 -0.2908688310886803 -1.868388018041719
 -0.2340970668727621 -1.875157105997087
 -0.1771121829048154 -1.880517964946582
 -0.1199597819952823 -1.884437664449066
 -6.268656020636877E-02 -1.886943447542202
 -5.296310656839975E-03 -1.888080298899753
 5.221070525416090E-02 -1.887829244377634
 0.1097921925740268 -1.886141965924186
 0.1674014403883114 -1.883036913407421
 0.2250373912202542 -1.878572685252307
 0.2827100331098518 -1.872729492400764
 0.3403848138395002 -1.865416150445988
 0.3980112206874165 -1.856608172039228
 0.4555790050056970 -1.846364913308164
 0.5130901495408035 -1.834669551186741
 0.5705003438807534 -1.821380515628896
 0.6277514992333125 -1.806419830659205
 0.6848354504033188 -1.789861775557083
 0.7417415831920492 -1.771682093741383
 0.7983605005659831 -1.751575151480755
 0.8545649774403933 -1.729360147064519
 0.9104347543268432 -1.705665675106417
 0.9655449910874494 -1.679245043815517
 1.020085845789436 -1.651174277152437
 1.073677497682602 -1.620688419521605
 1.126142091478884 -1.587863884314445
 1.177357489647697 -1.552923326452073
 1.227134840807943 -1.515849410149301
 1.275243662899242 -1.476594457744739
 1.321510934909594 -1.435321712931005
 1.365846502054623 -1.392286014154716
 1.408181884021631 -1.347636620767428
 1.448439432558566 -1.301471150582259
 1.486580632866001 -1.253978369630335
 1.522641688418793 -1.205392603565910
 1.556687409565298 -1.155857826836610
 1.588755901225485 -1.105443709855119
 1.618880005532709 -1.054259107408647
 1.647134921401054 -1.002448137940075
 1.673616783707205 -0.9500912949431768
 1.698383637094040 -0.8972022972248354
 1.721460869255145 -0.8438205400446199
 1.742898467386218 -0.7900271873496582
 1.762773344720508 -0.7358664781173658
 1.781129970985924 -0.6813271395092521
 1.797967729671738 -0.6264167735682071
 1.813300664557331 -0.5711891539467967
 1.827181167496729 -0.5156796418272966
 1.839642344537918 -0.4598755041217334
 1.850665104586799 -0.4037759370237942
 1.860235112185407 -0.3474270888170297
 1.868388018041719 -0.2908688310886803
 1.875157105997087 -0.2340970668727621
 1.880517964946582 -0.1771121829048154
 1.884437664449066 -0.1199597819952823
 1.886943447542202 -6.268656020636877E-02
 1.888080298899753 -5.296310656839975E-03
 1.887829244377634 5.221070525416090E-02
 1.886141965924186 0.1097921925740268
 1.883036913407421 0.1674014403883114
 1.878572685252307 0.2250373912202542
 1.872729492400764 0.2827100331098518
 1.865416150445988 0.3403848138395002
 1.856608172039228 0.3980112206874165
 1.846364913308164 0.4555790050056970
 1.834669551186741 0.5130901495408035
 1.821380515628896 0.5705003438807534
 1.806419830659205 0.6277514992333125
 1.789861775557083 0.6848354504033188
 1.771682093741383 0.7417415831920492
 1.751575151480755 0.7983605005659831
 1.729360147064519 0.8545649774403933
 1.705665675106417 0.9104347543268432
 1.679245043815517 0.9655449910874494
 1.651174277152437 1.020085845789436
 1.620688419521605 1.073677497682602
 1.587863884314445 1.126142091478884
 1.552923326452073 1.177357489647697
 1.515849410149301 1.227134840807943
 1.476594457744739 1.275243662899242
 1.435321712931005 1.321510934909594
 1.392286014154716 1.365846502054623
 1.347636620767428 1.408181884021631
 1.301471150582259 1.448439432558566
 1.253978369630335 1.486580632866001
 1.205392603565910 1.522641688418793
 1.155857826836610 1.556687409565298
 1.105443709855119 1.588755901225485
 1.054259107408647 1.618880005532709
 1.002448137940075 1.647134921401054
 0.9500912949431768 1.673616783707205
 0.8972022972248354 1.698383637094040
 0.8438205400446199 1.721460869255145
 0.7900271873496582 1.742898467386218
 0.7358664781173658 1.762773344720508
 0.6813271395092521 1.781129970985924
 0.6264167735682071 1.797967729671738
 0.5711891539467967 1.813300664557331
 0.5156796418272966 1.827181167496729
 0.4598755041217334 1.839642344537918
 0.4037759370237942 1.850665104586799
 0.3474270888170297 1.860235112185407
 0.2908688310886803 1.868388018041719
 0.2340970668727621 1.875157105997087
 0.1771121829048154 1.880517964946582
 0.1199597819952823 1.884437664449066
 6.268656020636877E-02 1.886943447542202
 5.296310656839975E-03 1.888080298899753
 -5.221070525416090E-02 1.887829244377634
 -0.1097921925740268 1.886141965924186
 -0.1674014403883114 1.883036913407421
 -0.2250373912202542 1.878572685252307
 -0.2827100331098518 1.872729492400764
 -0.3403848138395002 1.865416150445988
 -0.3980112206874165 1.856608172039228
 -0.4555790050056970 1.846364913308164
 -0.5130901495408035 1.834669551186741
 -0.5705003438807534 1.821380515628896
 -0.6277514992333125 1.806419830659205
 -0.6848354504033188 1.789861775557083
 -0.7417415831920492 1.771682093741383
 -0.7983605005659831 1.751575151480755
 -0.8545649774403933 1.729360147064519
 -0.9104347543268432 1.705665675106417
 -0.9655449910874494 1.679245043815517
 -1.020085845789436 1.651174277152437
 -1.073677497682602 1.620688419521605
 -1.126142091478884 1.587863884314445
 -1.177357489647697 1.552923326452073
 -1.227134840807943 1.515849410149301
 -1.275243662899242 1.476594457744739
 -1.321510934909594 1.435321712931005
 -1.365846502054623 1.392286014154716
 -1.408181884021631 1.347636620767428
 -1.448439432558566 1.301471150582259
 -1.486580632866001 1.253978369630335
 -1.522641688418793 1.205392603565910
 -1.556687409565298 1.155857826836610
 -1.588755901225485 1.105443709855119
 -1.618880005532709 1.054259107408647
 -1.647134921401054 1.002448137940075
 -1.673616783707205 0.9500912949431768
 -1.698383637094040 0.8972022972248354
 -1.721460869255145 0.8438205400446199
 -1.742898467386218 0.7900271873496582
 -1.762773344720508 0.7358664781173658
 -1.781129970985924 0.6813271395092521
 -1.797967729671738 0.6264167735682071
 -1.813300664557331 0.5711891539467967
 -1.827181167496729 0.5156796418272966
 -1.839642344537918 0.4598755041217334
 -1.850665104586799 0.4037759370237942
 -1.860235112185407 0.3474270888170297
 -1.868388018041719 0.2908688310886803
 -1.875157105997087 0.2340970668727621
 -1.880517964946582 0.1771121829048154
 -1.884437664449066 0.1199597819952823
 -1.886943447542202 6.268656020636877E-02
 -1.888080298899753 5.296310656839975E-03
 -1.887829244377634 -5.221070525416090E-02
 -1.886141965924186 -0.1097921925740268
 -1.883036913407421 -0.1674014403883114
 -1.878572685252307 -0.2250373912202542
 -1.872729492400764 -0.2827100331098518
 -1.865416150445988 -0.3403848138395002
 -1.856608172039228 -0.3980112206874165
 -1.846364913308164 -0.4555790050056970
 -1.834669551186741 -0.5130901495408035
 -1.821380515628896 -0.5705003438807534
 -1.806419830659205 -0.6277514992333125
 -1.789861775557083 -0.6848354504033188
 -1.771682093741383 -0.7417415831920492
 -1.751575151480755 -0.7983605005659831
 -1.729360147064519 -0.8545649774403933
 -1.705665675106417 -0.9104347543268432
 -1.679245043815517 -0.9655449910874494
 -1.651174277152437 -1.020085845789436
 -1.620688419521605 -1.073677497682602
 -1.587863884314445 -1.126142091478884
 -1.552923326452073 -1.177357489647697
 -1.515849410149301 -1.227134840807943
 -1.476594457744739 -1.275243662899242
 -1.435321712931005 -1.321510934909594
 -1.392286014154716 -1.365846502054623
 -1.347636620767428 -1.408181884021631
 -1.301471150582259 -1.448439432558566
 -1.253978369630335 -1.486580632866001
 -1.205392603565910 -1.522641688418793
 -1.155857826836610 -1.556687409565298
 -1.105443709855119 -1.588755901225485
 -1.054259107408647 -1.618880005532709
 -1.002448137940075 -1.647134921401054
 -0.9500912949431768 -1.673616783707205
 -0.8972022972248354 -1.698383637094040
 -0.8438205400446199 -1.721460869255145
 -0.7900271873496582 -1.742898467386218
 -0.7358664781173658 -1.762773344720508
 -0.6813271395092521 -1.781129970985924
 -0.6264167735682071 -1.797967729671738
 -0.5711891539467967 -1.813300664557331
 -0.5156796418272966 -1.827181167496729
 -0.4598755041217334 -1.839642344537918
 -0.4037759370237942 -1.850665104586799
 -0.3474270888170297 -1.860235112185407
 -0.2908688310886803 -1.868388018041719
 -0.2340970668727621 -1.875157105997087
 -0.1771121829048154 -1.880517964946582
 -0.1199597819952823 -1.884437664449066
 -6.268656020636877E-02 -1.886943447542202
 -5.296310656839975E-03 -1.888080298899753
 5.221070525416090E-02 -1.887829244377634
 0.1097921925740268 -1.886141965924186
 0.1674014403883114 -1.883036913407421
 0.2250373912202542 -1.878572685252307
 0.2827100331098518 -1.872729492400764
 0.3403848138395002 -1.865416150445988
 0.3980112206874165 -1.856608172039228
 0.4555790050056970 -1.846364913308164
 0.5130901495408035 -1.834669551186741
 0.5705003438807534 -1.821380515628896
 0.6277514992333125 -1.806419830659205
 0.6848354504033188 -1.789861775557083
 0.7417415831920492 -1.771682093741383
 0.7983605005659831 -1.751575151480755
 0.8545649774403933 -1.729360147064519
 0.9104347543268432 -1.705665675106417
 0.9655449910874494 -1.679245043815517
 1.020085845789436 -1.651174277152437
 1.073677497682602 -1.620688419521605
 1.126142091478884 -1.587863884314445
 1.177357489647697 -1.552923326452073
 1.227134840807943 -1.515849410149301
 1.275243662899242 -1.476594457744739
 1.321510934909594 -1.435321712931005
 1.365846502054623 -1.392286014154716
 1.408181884021631 -1.347636620767428
 1.448439432558566 -1.301471150582259
 1.486580632866001 -1.253978369630335
 1.522641688418793 -1.205392603565910
 1.556687409565298 -1.155857826836610
 1.588755901225485 -1.105443709855119
 1.618880005532709 -1.054259107408647
 1.647134921401054 -1.002448137940075
 1.673616783707205 -0.9500912949431768
 1.698383637094040 -0.8972022972248354
 1.721460869255145 -0.8438205400446199
 1.742898467386218 -0.7900271873496582
 1.762773344720508 -0.7358664781173658
 1.781129970985924 -0.6813271395092521
 1.797967729671738 -0.6264167735682071
 1.813300664557331 -0.5711891539467967
 1.827181167496729 -0.5156796418272966
 1.839642344537918 -0.4598755041217334
 1.850665104586799 -0.4037759370237942
 1.860235112185407 -0.3474270888170297
 1.868388018041719 -0.2908688310886803
 1.875157105997087 -0.2340970668727621
 1.880517964946582 -0.1771121829048154
 1.884437664449066 -0.1199597819952823
 1.886943447542202 -6.268656020636877E-02
 1.888080298899753 -5.296310656839975E-03
 1.887829244377634 5.221070525416090E-02
 1.886141965924186 0.1097921925740268
 1.883036913407421 0.1674014403883114
 1.878572685252307 0.2250373912202542
 1.872729492400764 0.2827100331098518
 1.865416150445988 0.3403848138395002
 1.856608172039228 0.3980112206874165
 1.846364913308164 0.4555790050056970
 1.834669551186741 0.5130901495408035
 1.821380515628896 0.5705003438807534
 1.806419830659205 0.6277514992333125
 1.789861775557083 0.6848354504033188
 1.771682093741383 0.7417415831920492
 1.751575151480755 0.7983605005659831
 1.729360147064519 0.8545649774403933
 1.705665675106417 0.9104347543268432
 1.679245043815517 0.9655449910874494
 1.651174277152437 1.020085845789436
 1.620688419521605 1.073677497682602
 1.587863884314445 1.126142091478884
 1.552923326452073 1.177357489647697
 1.515849410149301 1.227134840807943
 1.476594457744739 1.275243662899242
 1.435321712931005 1.321510934909594
 1.392286014154716 1.365846502054623
 1.347636620767428 1.408181884021631
 1.301471150582259 1.448439432558566
 1.253978369630335 1.486580632866001
 1.205392603565910 1.522641688418793
 1.155857826836610 1.556687409565298
 1.105443709855119 1.588755901225485
 1.054259107408647 1.618880005532709
 1.002448137940075 1.647134921401054
 0.9500912949431768 1.673616783707205
 0.8972022972248354 1.698383637094040
 0.8438205400446199 1.721460869255145
 0.7900271873496582 1.742898467386218
 0.7358664781173658 1.762773344720508
 0.6813271395092521 1.781129970985924
 0.6264167735682071 1.797967729671738
 0.5711891539467967 1.813300664557331
 0.5156796418272966 1.827181167496729
 0.4598755041217334 1.839642344537918
 0.4037759370237942 1.850665104586799
 0.3474270888170297 1.860235112185407
 0.2908688310886803 1.868388018041719
 0.2340970668727621 1.875157105997087
 0.1771121829048154 1.880517964946582
 0.1199597819952823 1.884437664449066
 6.268656020636877E-02 1.886943447542202
 5.296310656839975E-03 1.888080298899753
 -5.221070525416090E-02 1.887829244377634
 -0.1097921925740268 1.886141965924186
 -0.1674014403883114 1.883036913407421
 -0.2250373912202542 1.878572685252307
 -0.2827100331098518 1.872729492400764
 -0.3403848138395002 1.865416150445988
 -0.3980112206874165 1.856608172039228
 -0.4555790050056970 1.846364913308164
 -0.5130901495408035 1.834669551186741
 -0.5705003438807534 1.821380515628896
 -0.6277514992333125 1.806419830659205
 -0.6848354504033188 1.789861775557083
 -0.7417415831920492 1.771682093741383
 -0.7983605005659831 1.751575151480755
 -0.8545649774403933 1.729360147064519
 -0.9104347543268432 1.705665675106417
 -0.9655449910874494 1.679245043815517
 -1.020085845789436 1.651174277152437
 -1.073677497682602 1.620688419521605
 -1.126142091478884 1.587863884314445
 -1.177357489647697 1.552923326452073
 -1.227134840807943 1.515849410149301
 -1.275243662899242 1.476594457744739
 -1.321510934909594 1.435321712931005
 -1.365846502054623 1.392286014154716
 -1.408181884021631 1.347636620767428
 -1.448439432558566 1.301471150582259
 -1.486580632866001 1.253978369630335
 -1.522641688418793 1.205392603565910
 -1.556687409565298 1.155857826836610
 -1.588755901225485 1.105443709855119
 -1.618880005532709 1.054259107408647
 -1.647134921401054 1.002448137940075
 -1.673616783707205 0.9500912949431768
 -1.698383637094040 0.8972022972248354
 -1.721460869255145 0.8438205400446199
 -1.742898467386218 0.7900271873496582
 -1.762773344720508 0.7358664781173658
 -1.781129970985924 0.6813271395092521
 -1.797967729671738 0.6264167735682071
 -1.813300664557331 0.5711891539467967
 -1.827181167496729 0.5156796418272966
 -1.839642344537918 0.4598755041217334
 -1.850665104586799 0.4037759370237942
 -1.860235112185407 0.3474270888170297
 -1.868388018041719 0.2908688310886803
 -1.875157105997087 0.2340970668727621
 -1.880517964946582 0.1771121829048154
 -1.884437664449066 0.1199597819952823
 -1.886943447542202 6.268656020636877E-02
 -1.888080298899753 5.296310656839975E-03
 -1.887829244377634 -5.221070525416090E-02
 -1.886141965924186 -0.1097921925740268
 -1.883036913407421 -0.1674014403883114
 -1.878572685252307 -0.2250373912202542
 -1.872729492400764 -0.2827100331098518
 -1.865416150445988 -0.3403848138395002
 -1.856608172039228 -0.3980112206874165
 -1.846364913308164 -0.4555790050056970
 -1.834669551186741 -0.5130901495408035
 -1.821380515628896 -0.5705003438807534
 -1.806419830659205 -0.6277514992333125
 -1.789861775557083 -0.6848354504033188
 -1.771682093741383 -0.7417415831920492
 -1.751575151480755 -0.7983605005659831
 -1.729360147064519 -0.8545649774403933
 -1.705665675106417 -0.9104347543268432
 -1.679245043815517 -0.9655449910874494
 -1.651174277152437 -1.020085845789436
 -1.620688419521605 -1.073677497682602
 -1.587863884314445 -1.126142091478884
 -1.552923326452073 -1.177357489647697
 -1.515849410149301 -1.227134840807943
 -1.476594457744739 -1.275243662899242
 -1.435321712931005 -1.321510934909594
 -1.392286014154716 -1.365846502054623
 -1.347636620767428 -1.408181884021631
 -1.301471150582259 -1.448439432558566
 -1.253978369630335 -1.486580632866001
 -1.205392603565910 -1.522641688418793
 -1.155857826836610 -1.556687409565298
 -1.105443709855119 -1.588755901225485
 -1.054259107408647 -1.618880005532709
 -1.002448137940075 -1.647134921401054
 -0.9500912949431768 -1.673616783707205
 -0.8972022972248354 -1.698383637094040
 -0.8438205400446199 -1.721460869255145
 -0.7900271873496582 -1.742898467386218
 -0.7358664781173658 -1.762773344720508
 -0.6813271395092521 -1.781129970985924
 -0.6264167735682071 -1.797967729671738
 -0.5711891539467967 -1.813300664557331
 -0.5156796418272966 -1.827181167496729
 -0.4598755041217334 -1.839642344537918
 -0.4037759370237942 -1.850665104586799
 -0.3474270888170297 -1.860235112185407
 -0.2908688310886803 -1.868388018041719
 -0.2340970668727621 -1.875157105997087
 -0.1771121829048154 -1.880517964946582
 -0.1199597819952823 -1.884437664449066
 -6.268656020636877E-02 -1.886943447542202
 -5.296310656839975E-03 -1.888080298899753
 5.221070525416090E-02 -1.887829244377634
 0.1097921925740268 -1.886141965924186
 0.1674014403883114 -1.883036913407421
 0.2250373912202542 -1.878572685252307
 0.2827100331098518 -1.872729492400764
 0.3403848138395002 -1.865416150445988
 0.3980112206874165 -1.856608172039228
 0.4555790050056970 -1.846364913308164
 0.5130901495408035 -1.834669551186741
 0.5705003438807534 -1.821380515628896
 0.6277514992333125 -1.806419830659205
 0.6848354504033188 -1.789861775557083
 0.7417415831920492 -1.771682093741383
 0.7983605005659831 -1.751575151480755
 0.8545649774403933 -1.729360147064519
 0.9104347543268432 -1.705665675106417
 0.9655449910874494 -1.679245043815517
 1.020085845789436 -1.651174277152437
 1.073677497682602 -1.620688419521605
 1.126142091478884 -1.587863884314445
 1.177357489647697 -1.552923326452073
 1.227134840807943 -1.515849410149301
 1.275243662899242 -1.476594457744739
 1.321510934909594 -1.435321712931005
 1.365846502054623 -1.392286014154716
 1.408181884021631 -1.347636620767428
 1.448439432558566 -1.301471150582259
 1.486580632866001 -1.253978369630335
 1.522641688418793 -1.205392603565910
 1.556687409565298 -1.155857826836610
 1.588755901225485 -1.105443709855119
 1.618880005532709 -1.054259107408647
 1.647134921401054 -1.002448137940075
 1.673616783707205 -0.9500912949431768
 1.698383637094040 -0.8972022972248354
 1.721460869255145 -0.8438205400446199
 1.742898467386218 -0.7900271873496582
 1.762773344720508 -0.7358664781173658
 1.781129970985924 -0.6813271395092521
 1.797967729671738 -0.6264167735682071
 1.813300664557331 -0.5711891539467967
 1.827181167496729 -0.5156796418272966
 1.839642344537918 -0.4598755041217334
 1.850665104586799 -0.4037759370237942
 1.860235112185407 -0.3474270888170297
 1.868388018041719 -0.2908688310886803
 1.875157105997087 -0.2340970668727621
 1.880517964946582 -0.1771121829048154
 1.884437664449066 -0.1199597819952823
 1.886943447542202 -6.268656020636877E-02
 1.888080298899753 -5.296310656839975E-03
 1.887829244377634 5.221070525416090E-02
 1.886141965924186 0.1097921925740268
 1.883036913407421 0.1674014403883114
 1.878572685252307 0.2250373912202542
 1.872729492400764 0.2827100331098518
 1.865416150445988 0.3403848138395002
 1.856608172039228 0.3980112206874165
 1.846364913308164 0.4555790050056970
 1.834669551186741 0.5130901495408035
 1.821380515628896 0.5705003438807534
 1.806419830659205 0.6277514992333125
 1.789861775557083 0.6848354504033188
 1.771682093741383 0.7417415831920492
 1.751575151480755 0.7983605005659831
 1.729360147064519 0.8545649774403933
 1.705665675106417 0.9104347543268432
 1.679245043815517 0.9655449910874494
 1.651174277152437 1.020085845789436
 1.620688419521605 1.073677497682602
 1.587863884314445 1.126142091478884
 1.552923326452073 1.177357489647697
 1.515849410149301 1.227134840807943
 1.476594457744739 1.275243662899242
 1.435321712931005 1.321510934909594
 1.392286014154716 1.365846502054623
 1.347636620767428 1.408181884021631
 1.301471150582259 1.448439432558566
 1.253978369630335 1.486580632866001
 1.205392603565910 1.522641688418793
 1.155857826836610 1.556687409565298
 1.105443709855119 1.588755901225485
 1.054259107408647 1.618880005532709
 1.002448137940075 1.647134921401054
 0.9500912949431768 1.673616783707205
 0.8972022972248354 1.698383637094040
 0.8438205400446199 1.721460869255145
 0.7900271873496582 1.742898467386218
 0.7358664781173658 1.762773344720508
 0.6813271395092521 1.781129970985924
 0.6264167735682071 1.797967729671738
 0.5711891539467967 1.813300664557331
 0.5156796418272966 1.827181167496729
 0.4598755041217334 1.839642344537918
 0.4037759370237942 1.850665104586799
 0.3474270888170297 1.860235112185407
 0.2908688310886803 1.868388018041719
 0.2340970668727621 1.875157105997087
 0.1771121829048154 1.880517964946582
 0.1199597819952823 1.884437664449066
 6.268656020636877E-02 1.886943447542202
 5.296310656839975E-03 1.888080298899753
 -5.221070525416090E-02 1.887829244377634
 -0.1097921925740268 1.886141965924186
 -0.1674014403883114 1.883036913407421
 -0.2250373912202542 1.878572685252307
 -0.2827100331098518 1.872729492400764
 -0.3403848138395002 1.865416150445988
 -0.3980112206874165 1.856608172039228
 -0.4555790050056970 1.846364913308164
 -0.5130901495408035 1.834669551186741
 -0.5705003438807534 1.821380515628896
 -0.6277514992333125 1.806419830659205
 -0.6848354504033188 1.789861775557083
 -0.7417415831920492 1.771682093741383
 -0.7983605005659831 1.751575151480755
 -0.8545649774403933 1.729360147064519
 -0.9104347543268432 1.705665675106417
 -0.9655449910874494 1.679245043815517
 -1.020085845789436 1.651174277152437
 -1.073677497682602 1.620688419521605
 -1.126142091478884 1.587863884314445
 -1.177357489647697 1.552923326452073
 -1.227134840807943 1.515849410149301
 -1.275243662899242 1.476594457744739
 -1.321510934909594 1.435321712931005
 -1.365846502054623 1.392286014154716
 -1.408181884021631 1.347636620767428
 -1.448439432558566 1.301471150582259
 -1.486580632866001 1.253978369630335
 -1.522641688418793 1.205392603565910
 -1.556687409565298 1.155857826836610
 -1.588755901225485 1.105443709855119
 -1.618880005532709 1.054259107408647
 -1.647134921401054 1.002448137940075
 -1.673616783707205 0.9500912949431768
 -1.698383637094040 0.8972022972248354
 -1.721460869255145 0.8438205400446199
 -1.742898467386218 0.7900271873496582
 -1.762773344720508 0.7358664781173658
 -1.781129970985924 0.6813271395092521
 -1.797967729671738 0.6264167735682071
 -1.813300664557331 0.5711891539467967
 -1.827181167496729 0.5156796418272966
 -1.839642344537918 0.4598755041217334
 -1.850665104586799 0.4037759370237942
 -1.860235112185407 0.3474270888170297
 -1.868388018041719 0.2908688310886803
 -1.875157105997087 0.2340970668727621
 -1.880517964946582 0.1771121829048154
 -1.884437664449066 0.1199597819952823
 -1.886943447542202 6.268656020636877E-02
 -1.888080298899753 5.296310656839975E-03
 -1.887829244377634 -5.221070525416090E-02
 -1.886141965924186 -0.1097921925740268
 -1.883036913407421 -0.1674014403883114
 -1.878572685252307 -0.2250373912202542
 -1.872729492400764 -0.2827100331098518
 -1.865416150445988 -0.3403848138395002
 -1.856608172039228 -0.3980112206874165
 -1.846364913308164 -0.4555790050056970
 -1.834669551186741 -0.5130901495408035
 -1.821380515628896 -0.5705003438807534
 -1.806419830659205 -0.6277514992333125
 -1.789861775557083 -0.6848354504033188
 -1.771682093741383 -0.7417415831920492
 -1.751575151480755 -0.7983605005659831
 -1.729360147064519 -0.8545649774403933
 -1.705665675106417 -0.9104347543268432
   
   
