 # action(x) =  17.70973045086324
 # |grad_action(x)| =  3.371184675079971E-11
 # PRINTSTEPS = 50
 #
 #BODY NUMBER  1
 1.172635178441341 1.736823671729107
 1.163621408425540 1.736845602371842
 1.152670339384400 1.738818107136352
 1.140569788705339 1.739531609866036
 1.128747565235362 1.735608334520649
 1.116377141896756 1.729424223773792
 1.101973455151553 1.724597776491028
 1.086291858724421 1.719157595441016
 1.070979111399397 1.709114431162564
 1.055514217784798 1.695866874531245
 1.038247214538926 1.683573413826590
 1.019612840081219 1.671288787103147
 1.001429502843354 1.654608294773934
 0.9835441908605586 1.633895613664031
 0.9641666256213239 1.613670898173017
 0.9433402824888403 1.594110520752559
 0.9229955109129002 1.570573785763314
 0.9033845982046860 1.542279013477120
 0.8826159288853764 1.513913477537913
 0.8602842722844904 1.486879989714007
 0.8383712653030685 1.456494059460930
 0.8175760244376514 1.420706335316622
 0.7959528798619870 1.384154223046955
 0.7725887904605442 1.349584797640628
 0.7494539770341870 1.312492201817752
 0.7277453948930344 1.269421740560533
 0.7055126533901515 1.224710177384206
 0.6812584612706702 1.182595764564453
 0.6568724860388628 1.139023403155052
 0.6341175742755228 1.088959028819803
 0.6110818796197464 1.036129446322976
 0.5855635513780932 0.9864726729880622
 0.5592903138967058 0.9367431323230851
 0.5346945796715757 0.8800696934587622
 0.5099229947935033 0.8191478454245477
 0.4818450958367150 0.7619612330939036
 0.4519234416298777 0.7066077551816581
 0.4234457461776527 0.6439261961956654
 0.3945560618873021 0.5749181785378261
 0.3606912838868113 0.5103098775589112
 0.3228992124972798 0.4505188547691787
 0.2857119875353742 0.3831347760787797
 0.2468345164049606 0.3062002167680020
 0.1987350033556303 0.2351222426639301
 0.1417085975314646 0.1753458294544235
 8.230890985655617E-02 0.1087902635296435
 1.409542942781336E-02 2.810513198485198E-02
 -8.133640328003530E-02 -3.272694600601796E-02
 -0.1960092707742731 -3.297908216316672E-02
 -0.2714220120530347 1.533829898832935E-02
 -0.2440957879823896 5.637438371798599E-02
 -0.1236105272910995 6.381117048808423E-02
 -3.491634003098007E-02 -2.112338022885928E-03
 3.876428201100010E-02 -7.404030686885163E-02
 9.406721782557798E-02 -0.1518779022586697
 0.1377335987818197 -0.2308309476453844
 0.1761807819004687 -0.3074536396060791
 0.2102443787488933 -0.3820855448596241
 0.2390051497340202 -0.4559275121545808
 0.2639535710536181 -0.5284433266361360
 0.2874315816962261 -0.5985356730841120
 0.3096829106791666 -0.6664227892576062
 0.3297847528901707 -0.7329516181940572
 0.3481576737614433 -0.7980182049388768
 0.3661789481533703 -0.8609098681868994
 0.3840981391773638 -0.9216428132641286
 0.4011320418660569 -0.9808328184561172
 0.4172776354556808 -1.038534825905004
 0.4334659717532686 -1.094215857741164
 0.4500022744104489 -1.147768591462342
 0.4662468916296203 -1.199654823294952
 0.4819764020124552 -1.250016722587690
 0.4978430634360113 -1.298443578826315
 0.5142010612634000 -1.344750925570651
 0.5305463273225066 -1.389284508608825
 0.5465279173290003 -1.432240283060942
 0.5625919022665888 -1.473305159886402
 0.5791245956765618 -1.512246786050334
 0.5957481916104470 -1.549316720553113
 0.6120364941636172 -1.584744892128120
 0.6282664899387201 -1.618303225769648
 0.6448377375208429 -1.649733488000703
 0.6614895016339927 -1.679209490892976
 0.6777548970805094 -1.706983162478316
 0.6937641663435975 -1.732905100528110
 0.7099124082898397 -1.756710724793196
 0.7260485903628165 -1.778512363677826
 0.7416928245086616 -1.798578105345884
 0.7568463407777253 -1.816834276034130
 0.7718863612359417 -1.833028232719227
 0.7867692534205536 -1.847228878799305
 0.8010303709160103 -1.859718808947211
 0.8145611930087292 -1.870495397762873
 0.8277146322873948 -1.879330854222105
 0.8405612344464930 -1.886268666651113
 0.8526853829126930 -1.891603140220941
 0.8638891711137685 -1.895382025187761
 0.8744985756877184 -1.897395849389210
 0.8847177340278366 -1.897679497003323
 0.8942172720661695 -1.896522275872400
 0.9026917138072191 -1.893915436221877
 0.9103950451846428 -1.889598355877491
 0.9178158323909003 -1.883943689766053
 0.9223417098925311 -1.876148501269867
 0.9295254836482526 -1.867650849663897
 0.9361936704773585 -1.857528216740891
 0.9387071260972009 -1.845328233213980
 0.9395367407599094 -1.831523076973752
 0.9425587581756116 -1.816635894702870
 0.9456882213986800 -1.800335143300073
 0.9446469596616720 -1.782052332975645
 0.9409066858881765 -1.762035563922918
 0.9388937382404550 -1.740935170112437
 0.9375721266507983 -1.718655015086709
 0.9322180651650006 -1.694567536948533
 0.9232230131347363 -1.668722061861870
 0.9153966783548230 -1.641828240355695
 0.9088700661673361 -1.614011909424804
 0.8986590415324786 -1.584624452911226
 0.8839605062924459 -1.553493518171416
 0.8697795662367869 -1.521324554968492
 0.8575337073288296 -1.488468029131581
 0.8421752233027540 -1.454297843285826
 0.8215797654828616 -1.418394774346404
 0.8007362799831815 -1.381392525699342
 0.7824803240877930 -1.343873918038238
 0.7619246005260520 -1.305292283987761
 0.7354787779951635 -1.264956869744772
 0.7078737991929929 -1.223346969219340
 0.6835287438853620 -1.181285016285724
 0.6579869596178478 -1.138379961534220
 0.6260073955006187 -1.093641442718670
 0.5917734823149288 -1.047277154704533
 0.5615286192577543 -1.000349247517694
 0.5315981924640467 -0.9527311860866627
 0.4948154218002838 -0.9030939359908082
 0.4544413461961952 -0.8511801901772877
 0.4189552366398792 -0.7982707102304946
 0.3859785456834723 -0.7446810586079972
 0.3459335709789024 -0.6886778714121374
 0.3006157167675837 -0.6291546620804619
 0.2615956758247379 -0.5675227535490590
 0.2287111668653410 -0.5048983482692234
 0.1889484553897985 -0.4390012274107668
 0.1417599081629113 -0.3668650701215436
 0.1042543334639177 -0.2896706828591265
 8.099964398945209E-02 -0.2103961601241249
 5.306067697279691E-02 -0.1256767386584028
 1.729204356168970E-02 -2.625956595416312E-02
 1.232583501052443E-02 8.680286449597550E-02
 6.944391244033993E-02 0.1862385489493666
 0.1489943626012518 0.2273892080900495
 0.1708695424136625 0.1832059614905367
 0.1170673583334505 7.514427156523969E-02
 1.562883162629103E-02 3.129460648544724E-02
 -8.350292765792103E-02 3.449300453435604E-03
 -0.1785637305422869 -5.525649170940089E-03
 -0.2687722640314485 -3.865321677017128E-03
 -0.3543530533350843 1.149787018628029E-03
 -0.4360179776416999 8.965799430393245E-03
 -0.5143473826771155 2.097922477232528E-02
 -0.5896221308540607 3.563116536601388E-02
 -0.6620628888101719 5.034478494318190E-02
 -0.7319805204975537 6.501812686273756E-02
 -0.7996470975460515 8.087383531336712E-02
 -0.8651828750402453 9.749571246953359E-02
 -0.9286592902952525 0.1133346626615662
 -0.9902151590907748 0.1281826605581362
 -1.049992158581516 0.1430258707001303
 -1.108036359676423 0.1578943802167802
 -1.164351715904262 0.1717153856561435
 -1.218997895077496 0.1841708943309461
 -1.272054998560771 0.1960457590606948
 -1.323534437922532 0.2076045531264376
 -1.373406656362377 0.2180770493797037
 -1.421688993938521 0.2270642810783028
 -1.468428841200677 0.2351756569585879
 -1.513620428118691 0.2428130812461552
 -1.557215647121613 0.2494337006169227
 -1.599206431349241 0.2545867812128728
 -1.639621734312215 0.2587252920832700
 -1.678447582182391 0.2623332940752014
 -1.715624949512179 0.2650568722514117
 -1.751129978842941 0.2664208819884195
 -1.784982828206248 0.2667380326947424
 -1.817168231078776 0.2665386228281288
 -1.847621922576768 0.2656351579751665
 -1.876312318916401 0.2635531823558064
 -1.903261183071114 0.2604796582028321
 -1.928460742174351 0.2569642248438077
 -1.951847807900728 0.2529689801422604
 -1.973392196006915 0.2480409186945557
 -1.993131762354721 0.2422522790209363
 -2.011078917902029 0.2361467540574690
 -2.027177128628891 0.2298170127989176
 -2.041405578015949 0.2228435284660729
 -2.053837200905711 0.2151869508584860
 -2.064519064766099 0.2073543670724168
 -2.073393569245882 0.1995410443550750
 -2.080442294450068 0.1913599425757322
 -2.085797519659672 0.1826517156549508
 -2.089545105781662 0.1738462638240761
 -2.091524737291242 0.1652037621681743
 -2.091637701731537 0.1563739413293630
 -2.090451010832242 0.1471200180369465
 -2.085963118318071 0.1393028988980246
 -2.082195823032652 0.1288327425275448
 -2.076763459182698 0.1179966068748555
 -2.067454691332562 0.1097198986933319
 -2.055913882656665 0.1020988531999599
 -2.044532213327164 9.203811821184216E-02
 -2.031980080123101 8.117754785905729E-02
 -2.015626071061069 7.293790181308046E-02
 -1.996420903672974 6.616868939167286E-02
 -1.977140952779382 5.736175628584772E-02
 -1.957184966732017 4.736622798356216E-02
 -1.933647568008355 3.995924217459856E-02
 -1.906767203995295 3.482644819783887E-02
 -1.879563303976147 2.815734218267829E-02
 -1.852210348656176 1.990138867224522E-02
 -1.821654552445379 1.405066714791159E-02
 -1.787345104497132 1.121450469429586E-02
 -1.752395495122163 7.411077430579005E-03
 -1.717817979613320 1.588039417574350E-03
 -1.680546488605823 -2.196216175104349E-03
 -1.639155789920513 -2.311560970217563E-03
 -1.596689159845169 -2.761697347613334E-03
 -1.555069114548337 -5.710879602390251E-03
 -1.511378577560239 -7.199917829990743E-03
 -1.463224172888198 -4.464870815760746E-03
 -1.413386452583144 -1.363208164866347E-03
 -1.364787205156032 -1.310748278728679E-03
 -1.314859445656711 -6.434416208316307E-04
 -1.260124969776141 4.682413898866922E-03
 -1.202855361934675 1.114770838155676E-02
 -1.147092170635848 1.387657452963215E-02
 -1.090888506360753 1.598805376357759E-02
 -1.029510001471859 2.302424253204605E-02
 -0.9643643409896985 3.203234475274008E-02
 -0.9008003324765942 3.630947713659088E-02
 -0.8379019873133501 3.807330342633913E-02
 -0.7693793171565552 4.475167521647205E-02
 -0.6951717786548859 5.423648354263583E-02
 -0.6222869597115492 5.721287599014779E-02
 -0.5516103793626208 5.437949350004467E-02
 -0.4746604429251727 5.586645133198714E-02
 -0.3885944245678719 6.066485335354163E-02
 -0.3029893368195479 5.454844019519643E-02
 -0.2227082415209167 3.505033066970142E-02
 -0.1353695868293531 1.688647512875929E-02
 -3.138747298950306E-02 -1.845566030688865E-03
 6.901056826951088E-02 -5.407591848995754E-02
 0.1265653583339332 -0.1532594667861999
 0.1224276494517830 -0.2427275070783789
 7.322624556872707E-02 -0.2395803452085227
 6.543168957648948E-03 -0.1389554420533239
 1.928750840468904E-02 -2.918226846256131E-02
 4.473864564692093E-02 7.059100641541603E-02
 8.449651271670892E-02 0.1574035514296098
 0.1310386652496288 0.2346962693224015
 0.1781722714346156 0.3063038525874511
 0.2257735988928066 0.3731197454292309
 0.2753422329430953 0.4349482873822555
 0.3256685598004427 0.4928121612701221
 0.3746313071139458 0.5481908881409301
 0.4222976098183870 0.6014046623948687
 0.4698623446558807 0.6520777828806901
 0.5170252012788020 0.7005224924693432
 0.5624803421418822 0.7475752055253332
 0.6061170199134110 0.7934601527059925
 0.6488601167154595 0.8378069477559870
 0.6907587242207422 0.8806404456882236
 0.7308857441509932 0.9225004720850205
 0.7689956206670466 0.9635976971313958
 0.8058081069311502 1.003609064234257
 0.8415580359100773 1.042412169461252
 0.8755635929263653 1.080366529446611
 0.9074879326751210 1.117686644492349
 0.9378825138781700 1.154108851650237
 0.9670925107896909 1.189427201814787
 0.9946237448550236 1.223871459269479
 1.020081835672679 1.257660004837461
 1.043873542701768 1.290591428469843
 1.066411088018774 1.322411598052919
 1.087358459573459 1.353246353518236
 1.106292241322098 1.383312606012284
 1.123493326572255 1.412471458198234
 1.139413333998267 1.440444539650187
 1.153857756233171 1.467269942552943
 1.166399910626562 1.493157542437390
 1.177212592708297 1.518032705474994
 1.186767917665689 1.541613880502077
 1.195001467123003 1.563865295891869
 1.201505834770973 1.584987314024671
 1.206362508934167 1.604976599778369
 1.210048546986019 1.623572054889742
 1.212615935620162 1.640678384963955
 1.213690945728555 1.656487325756032
 1.213275966459218 1.671081715792627
 1.211833681853406 1.684248773148524
 1.209504398132114 1.695840980832686
 1.205943718762350 1.706035906813478
 1.201079785631835 1.715027781348372
 1.195327833715493 1.722676012048324
 1.188833023484022 1.728711674053702
 1.181242656546894 1.733224414548128
 1.172635178441341 1.736823671729107
   
   
 #BODY NUMBER  2
 -0.1170673583334505 -7.514427156523969E-02
 -1.562883162629103E-02 -3.129460648544724E-02
 8.350292765792103E-02 -3.449300453435604E-03
 0.1785637305422869 5.525649170940089E-03
 0.2687722640314485 3.865321677017128E-03
 0.3543530533350843 -1.149787018628029E-03
 0.4360179776416999 -8.965799430393245E-03
 0.5143473826771155 -2.097922477232528E-02
 0.5896221308540607 -3.563116536601388E-02
 0.6620628888101719 -5.034478494318190E-02
 0.7319805204975537 -6.501812686273756E-02
 0.7996470975460515 -8.087383531336712E-02
 0.8651828750402453 -9.749571246953359E-02
 0.9286592902952525 -0.1133346626615662
 0.9902151590907748 -0.1281826605581362
 1.049992158581516 -0.1430258707001303
 1.108036359676423 -0.1578943802167802
 1.164351715904262 -0.1717153856561435
 1.218997895077496 -0.1841708943309461
 1.272054998560771 -0.1960457590606948
 1.323534437922532 -0.2076045531264376
 1.373406656362377 -0.2180770493797037
 1.421688993938521 -0.2270642810783028
 1.468428841200677 -0.2351756569585879
 1.513620428118691 -0.2428130812461552
 1.557215647121613 -0.2494337006169227
 1.599206431349241 -0.2545867812128728
 1.639621734312215 -0.2587252920832700
 1.678447582182391 -0.2623332940752014
 1.715624949512179 -0.2650568722514117
 1.751129978842941 -0.2664208819884195
 1.784982828206248 -0.2667380326947424
 1.817168231078776 -0.2665386228281288
 1.847621922576768 -0.2656351579751665
 1.876312318916401 -0.2635531823558064
 1.903261183071114 -0.2604796582028321
 1.928460742174351 -0.2569642248438077
 1.951847807900728 -0.2529689801422604
 1.973392196006915 -0.2480409186945557
 1.993131762354721 -0.2422522790209363
 2.011078917902029 -0.2361467540574690
 2.027177128628891 -0.2298170127989176
 2.041405578015949 -0.2228435284660729
 2.053837200905711 -0.2151869508584860
 2.064519064766099 -0.2073543670724168
 2.073393569245882 -0.1995410443550750
 2.080442294450068 -0.1913599425757322
 2.085797519659672 -0.1826517156549508
 2.089545105781662 -0.1738462638240761
 2.091524737291242 -0.1652037621681743
 2.091637701731537 -0.1563739413293630
 2.090451010832242 -0.1471200180369465
 2.085963118318071 -0.1393028988980246
 2.082195823032652 -0.1288327425275448
 2.076763459182698 -0.1179966068748555
 2.067454691332562 -0.1097198986933319
 2.055913882656665 -0.1020988531999599
 2.044532213327164 -9.203811821184216E-02
 2.031980080123101 -8.117754785905729E-02
 2.015626071061069 -7.293790181308046E-02
 1.996420903672974 -6.616868939167286E-02
 1.977140952779382 -5.736175628584772E-02
 1.957184966732017 -4.736622798356216E-02
 1.933647568008355 -3.995924217459856E-02
 1.906767203995295 -3.482644819783887E-02
 1.879563303976147 -2.815734218267829E-02
 1.852210348656176 -1.990138867224522E-02
 1.821654552445379 -1.405066714791159E-02
 1.787345104497132 -1.121450469429586E-02
 1.752395495122163 -7.411077430579005E-03
 1.717817979613320 -1.588039417574350E-03
 1.680546488605823 2.196216175104349E-03
 1.639155789920513 2.311560970217563E-03
 1.596689159845169 2.761697347613334E-03
 1.555069114548337 5.710879602390251E-03
 1.511378577560239 7.199917829990743E-03
 1.463224172888198 4.464870815760746E-03
 1.413386452583144 1.363208164866347E-03
 1.364787205156032 1.310748278728679E-03
 1.314859445656711 6.434416208316307E-04
 1.260124969776141 -4.682413898866922E-03
 1.202855361934675 -1.114770838155676E-02
 1.147092170635848 -1.387657452963215E-02
 1.090888506360753 -1.598805376357759E-02
 1.029510001471859 -2.302424253204605E-02
 0.9643643409896985 -3.203234475274008E-02
 0.9008003324765942 -3.630947713659088E-02
 0.8379019873133501 -3.807330342633913E-02
 0.7693793171565552 -4.475167521647205E-02
 0.6951717786548859 -5.423648354263583E-02
 0.6222869597115492 -5.721287599014779E-02
 0.5516103793626208 -5.437949350004467E-02
 0.4746604429251727 -5.586645133198714E-02
 0.3885944245678719 -6.066485335354163E-02
 0.3029893368195479 -5.454844019519643E-02
 0.2227082415209167 -3.505033066970142E-02
 0.1353695868293531 -1.688647512875929E-02
 3.138747298950306E-02 1.845566030688865E-03
 -6.901056826951088E-02 5.407591848995754E-02
 -0.1265653583339332 0.1532594667861999
 -0.1224276494517830 0.2427275070783789
 -7.322624556872707E-02 0.2395803452085227
 -6.543168957648948E-03 0.1389554420533239
 -1.928750840468904E-02 2.918226846256131E-02
 -4.473864564692093E-02 -7.059100641541603E-02
 -8.449651271670892E-02 -0.1574035514296098
 -0.1310386652496288 -0.2346962693224015
 -0.1781722714346156 -0.3063038525874511
 -0.2257735988928066 -0.3731197454292309
 -0.2753422329430953 -0.4349482873822555
 -0.3256685598004427 -0.4928121612701221
 -0.3746313071139458 -0.5481908881409301
 -0.4222976098183870 -0.6014046623948687
 -0.4698623446558807 -0.6520777828806901
 -0.5170252012788020 -0.7005224924693432
 -0.5624803421418822 -0.7475752055253332
 -0.6061170199134110 -0.7934601527059925
 -0.6488601167154595 -0.8378069477559870
 -0.6907587242207422 -0.8806404456882236
 -0.7308857441509932 -0.9225004720850205
 -0.7689956206670466 -0.9635976971313958
 -0.8058081069311502 -1.003609064234257
 -0.8415580359100773 -1.042412169461252
 -0.8755635929263653 -1.080366529446611
 -0.9074879326751210 -1.117686644492349
 -0.9378825138781700 -1.154108851650237
 -0.9670925107896909 -1.189427201814787
 -0.9946237448550236 -1.223871459269479
 -1.020081835672679 -1.257660004837461
 -1.043873542701768 -1.290591428469843
 -1.066411088018774 -1.322411598052919
 -1.087358459573459 -1.353246353518236
 -1.106292241322098 -1.383312606012284
 -1.123493326572255 -1.412471458198234
 -1.139413333998267 -1.440444539650187
 -1.153857756233171 -1.467269942552943
 -1.166399910626562 -1.493157542437390
 -1.177212592708297 -1.518032705474994
 -1.186767917665689 -1.541613880502077
 -1.195001467123003 -1.563865295891869
 -1.201505834770973 -1.584987314024671
 -1.206362508934167 -1.604976599778369
 -1.210048546986019 -1.623572054889742
 -1.212615935620162 -1.640678384963955
 -1.213690945728555 -1.656487325756032
 -1.213275966459218 -1.671081715792627
 -1.211833681853406 -1.684248773148524
 -1.209504398132114 -1.695840980832686
 -1.205943718762350 -1.706035906813478
 -1.201079785631835 -1.715027781348372
 -1.195327833715493 -1.722676012048324
 -1.188833023484022 -1.728711674053702
 -1.181242656546894 -1.733224414548128
 -1.172635178441341 -1.736823671729107
 -1.163621408425540 -1.736845602371842
 -1.152670339384400 -1.738818107136352
 -1.140569788705339 -1.739531609866036
 -1.128747565235362 -1.735608334520649
 -1.116377141896756 -1.729424223773792
 -1.101973455151553 -1.724597776491028
 -1.086291858724421 -1.719157595441016
 -1.070979111399397 -1.709114431162564
 -1.055514217784798 -1.695866874531245
 -1.038247214538926 -1.683573413826590
 -1.019612840081219 -1.671288787103147
 -1.001429502843354 -1.654608294773934
 -0.9835441908605586 -1.633895613664031
 -0.9641666256213239 -1.613670898173017
 -0.9433402824888403 -1.594110520752559
 -0.9229955109129002 -1.570573785763314
 -0.9033845982046860 -1.542279013477120
 -0.8826159288853764 -1.513913477537913
 -0.8602842722844904 -1.486879989714007
 -0.8383712653030685 -1.456494059460930
 -0.8175760244376514 -1.420706335316622
 -0.7959528798619870 -1.384154223046955
 -0.7725887904605442 -1.349584797640628
 -0.7494539770341870 -1.312492201817752
 -0.7277453948930344 -1.269421740560533
 -0.7055126533901515 -1.224710177384206
 -0.6812584612706702 -1.182595764564453
 -0.6568724860388628 -1.139023403155052
 -0.6341175742755228 -1.088959028819803
 -0.6110818796197464 -1.036129446322976
 -0.5855635513780932 -0.9864726729880622
 -0.5592903138967058 -0.9367431323230851
 -0.5346945796715757 -0.8800696934587622
 -0.5099229947935033 -0.8191478454245477
 -0.4818450958367150 -0.7619612330939036
 -0.4519234416298777 -0.7066077551816581
 -0.4234457461776527 -0.6439261961956654
 -0.3945560618873021 -0.5749181785378261
 -0.3606912838868113 -0.5103098775589112
 -0.3228992124972798 -0.4505188547691787
 -0.2857119875353742 -0.3831347760787797
 -0.2468345164049606 -0.3062002167680020
 -0.1987350033556303 -0.2351222426639301
 -0.1417085975314646 -0.1753458294544235
 -8.230890985655617E-02 -0.1087902635296435
 -1.409542942781336E-02 -2.810513198485198E-02
 8.133640328003530E-02 3.272694600601796E-02
 0.1960092707742731 3.297908216316672E-02
 0.2714220120530347 -1.533829898832935E-02
 0.2440957879823896 -5.637438371798599E-02
 0.1236105272910995 -6.381117048808423E-02
 3.491634003098007E-02 2.112338022885928E-03
 -3.876428201100010E-02 7.404030686885163E-02
 -9.406721782557798E-02 0.1518779022586697
 -0.1377335987818197 0.2308309476453844
 -0.1761807819004687 0.3074536396060791
 -0.2102443787488933 0.3820855448596241
 -0.2390051497340202 0.4559275121545808
 -0.2639535710536181 0.5284433266361360
 -0.2874315816962261 0.5985356730841120
 -0.3096829106791666 0.6664227892576062
 -0.3297847528901707 0.7329516181940572
 -0.3481576737614433 0.7980182049388768
 -0.3661789481533703 0.8609098681868994
 -0.3840981391773638 0.9216428132641286
 -0.4011320418660569 0.9808328184561172
 -0.4172776354556808 1.038534825905004
 -0.4334659717532686 1.094215857741164
 -0.4500022744104489 1.147768591462342
 -0.4662468916296203 1.199654823294952
 -0.4819764020124552 1.250016722587690
 -0.4978430634360113 1.298443578826315
 -0.5142010612634000 1.344750925570651
 -0.5305463273225066 1.389284508608825
 -0.5465279173290003 1.432240283060942
 -0.5625919022665888 1.473305159886402
 -0.5791245956765618 1.512246786050334
 -0.5957481916104470 1.549316720553113
 -0.6120364941636172 1.584744892128120
 -0.6282664899387201 1.618303225769648
 -0.6448377375208429 1.649733488000703
 -0.6614895016339927 1.679209490892976
 -0.6777548970805094 1.706983162478316
 -0.6937641663435975 1.732905100528110
 -0.7099124082898397 1.756710724793196
 -0.7260485903628165 1.778512363677826
 -0.7416928245086616 1.798578105345884
 -0.7568463407777253 1.816834276034130
 -0.7718863612359417 1.833028232719227
 -0.7867692534205536 1.847228878799305
 -0.8010303709160103 1.859718808947211
 -0.8145611930087292 1.870495397762873
 -0.8277146322873948 1.879330854222105
 -0.8405612344464930 1.886268666651113
 -0.8526853829126930 1.891603140220941
 -0.8638891711137685 1.895382025187761
 -0.8744985756877184 1.897395849389210
 -0.8847177340278366 1.897679497003323
 -0.8942172720661695 1.896522275872400
 -0.9026917138072191 1.893915436221877
 -0.9103950451846428 1.889598355877491
 -0.9178158323909003 1.883943689766053
 -0.9223417098925311 1.876148501269867
 -0.9295254836482526 1.867650849663897
 -0.9361936704773585 1.857528216740891
 -0.9387071260972009 1.845328233213980
 -0.9395367407599094 1.831523076973752
 -0.9425587581756116 1.816635894702870
 -0.9456882213986800 1.800335143300073
 -0.9446469596616720 1.782052332975645
 -0.9409066858881765 1.762035563922918
 -0.9388937382404550 1.740935170112437
 -0.9375721266507983 1.718655015086709
 -0.9322180651650006 1.694567536948533
 -0.9232230131347363 1.668722061861870
 -0.9153966783548230 1.641828240355695
 -0.9088700661673361 1.614011909424804
 -0.8986590415324786 1.584624452911226
 -0.8839605062924459 1.553493518171416
 -0.8697795662367869 1.521324554968492
 -0.8575337073288296 1.488468029131581
 -0.8421752233027540 1.454297843285826
 -0.8215797654828616 1.418394774346404
 -0.8007362799831815 1.381392525699342
 -0.7824803240877930 1.343873918038238
 -0.7619246005260520 1.305292283987761
 -0.7354787779951635 1.264956869744772
 -0.7078737991929929 1.223346969219340
 -0.6835287438853620 1.181285016285724
 -0.6579869596178478 1.138379961534220
 -0.6260073955006187 1.093641442718670
 -0.5917734823149288 1.047277154704533
 -0.5615286192577543 1.000349247517694
 -0.5315981924640467 0.9527311860866627
 -0.4948154218002838 0.9030939359908082
 -0.4544413461961952 0.8511801901772877
 -0.4189552366398792 0.7982707102304946
 -0.3859785456834723 0.7446810586079972
 -0.3459335709789024 0.6886778714121374
 -0.3006157167675837 0.6291546620804619
 -0.2615956758247379 0.5675227535490590
 -0.2287111668653410 0.5048983482692234
 -0.1889484553897985 0.4390012274107668
 -0.1417599081629113 0.3668650701215436
 -0.1042543334639177 0.2896706828591265
 -8.099964398945209E-02 0.2103961601241249
 -5.306067697279691E-02 0.1256767386584028
 -1.729204356168970E-02 2.625956595416312E-02
 -1.232583501052443E-02 -8.680286449597550E-02
 -6.944391244033993E-02 -0.1862385489493666
 -0.1489943626012518 -0.2273892080900495
 -0.1708695424136625 -0.1832059614905367
 -0.1170673583334505 -7.514427156523969E-02
   
   
 #BODY NUMBER  3
 9.337717482384794E-03 -0.3223220782525396
 -3.111581532915322E-02 -0.4132919734690996
 -7.056529528315794E-02 -0.4889537909224330
 -0.1079468136168472 -0.5466496255988413
 -0.1426304539246881 -0.5943456541922414
 -0.1749325645071019 -0.6389553800492535
 -0.2058382827502253 -0.6808014717324001
 -0.2362122898828397 -0.7182950355227413
 -0.2664738963485299 -0.7526955702595284
 -0.2969344922052652 -0.7862175504138778
 -0.3280633880981829 -0.8186530203903308
 -0.3602862811036845 -0.8485135188036592
 -0.3937715557217253 -0.8759102555204280
 -0.4285838272701242 -0.9020488032664675
 -0.4648874242561131 -0.9268285556054524
 -0.5028458084979848 -0.9490056771546171
 -0.5424479968658412 -0.9682901586023867
 -0.5835921434177529 -0.9854763099873640
 -0.6262545145095945 -1.000631182361297
 -0.6704344792780701 -1.012768430329398
 -0.7160048162462835 -1.021435806544436
 -0.7627597912053189 -1.027207960043618
 -0.8105629560383395 -1.030310588541031
 -0.8593148399456537 -1.030006131786341
 -0.9088150736418292 -1.025784278616769
 -0.9587910737060318 -1.018076105824853
 -1.009037481856141 -1.007239928738948
 -1.059396975173052 -0.9927750798238327
 -1.109622421646245 -0.9741756837252369
 -1.159392804704494 -0.9517736370104320
 -1.208458709566030 -0.9260397506107769
 -1.256636745171678 -0.8967061667284059
 -1.303659903716995 -0.8633249352337388
 -1.349178270791880 -0.8261705403466728
 -1.392924466908306 -0.7858176041855558
 -1.434731055601890 -0.7422309114208845
 -1.474358296746930 -0.6950641828854065
 -1.511467451173300 -0.6445691570199562
 -1.545816220709540 -0.5914120978446243
 -1.577314572862271 -0.5357724300637692
 -1.605818714422124 -0.4774146726625387
 -1.631054828198213 -0.4165679875360107
 -1.652852898226835 -0.3539483101660645
 -1.671262104628596 -0.2898935985552766
 -1.686288760005826 -0.2242407085230270
 -1.697732761736833 -0.1571572616447076
 -1.705494894368302 -8.934594600160817E-02
 -1.709807461546183 -2.123814906496491E-02
 -1.710815638087837 4.728737158735707E-02
 -1.708159561770857 0.1161269187502794
 -1.701618846967593 0.1846439608911747
 -1.692370234315041 0.2525565872282414
 -1.677567522418071 0.3211141371209498
 -1.662231053186543 0.3862386065168503
 -1.643444807462003 0.4497146390831743
 -1.619154627992677 0.5142020769827533
 -1.591276791296190 0.5775341380183572
 -1.562266081246853 0.6362632170046083
 -1.530817336740762 0.6916867340503767
 -1.494489208779658 0.7469558498957338
 -1.454500867706978 0.8006603241731326
 -1.413817856866571 0.8489998275940007
 -1.371992316331852 0.8925575335086378
 -1.326358931192926 0.9349164043309565
 -1.277457059431491 0.9755962359508844
 -1.228560656918294 1.010610113943826
 -1.180056461521689 1.039759801359893
 -1.129144313884008 1.066956826836310
 -1.075567485264717 1.092762895780357
 -1.022698488534071 1.113142941273572
 -0.9717644427877552 1.127013787249426
 -0.9199311256926064 1.138460049583515
 -0.8660307693864999 1.149166641708786
 -0.8133335996247693 1.155176411197743
 -0.7639465457173016 1.154388213657711
 -0.7151437139835058 1.150875563423286
 -0.6647407676715117 1.147540915231886
 -0.6156969413376768 1.140651449596844
 -0.5710684698083891 1.126928818994045
 -0.5284238391420746 1.110228086615451
 -0.4844349090592696 1.094808836334747
 -0.4414897957293620 1.077345129778904
 -0.4036929795670354 1.053159804139145
 -0.3691521259497890 1.025631089344668
 -0.3332003566209785 1.000591956493761
 -0.2972765078596663 0.9753438977432223
 -0.2666925702739008 0.9434237547751563
 -0.2404724238091090 0.9073517609517271
 -0.2122786678724261 0.8749013200511843
 -0.1819721286971626 0.8442546484676576
 -0.1564063916184195 0.8063334799632074
 -0.1362781584023770 0.7621258382164937
 -0.1129357622252500 0.7221109266779475
 -8.335437951146180E-02 0.6855572640755013
 -5.686429820838373E-02 0.6384084671333341
 -3.805109428713285E-02 0.5784049208709480
 -1.429019610118926E-02 0.5205674306376622
 2.423725746947639E-02 0.4632213518117163
 5.758934163438792E-02 0.3734859557666670
 4.680384023883781E-02 0.2380093195167687
 -2.675314517096056E-02 0.1138148955575007
 -0.1462657369192565 8.405088119106109E-02
 -0.2838079667084874 0.1530743385731625
 -0.3423634405398678 0.2335930732690617
 -0.3881637565739530 0.3055882338019815
 -0.4194390559294252 0.3668094956491944
 -0.4434032081970182 0.4206944235482065
 -0.4658853087538432 0.4709737348369370
 -0.4866722280789793 0.5186619177992594
 -0.5039556032335200 0.5637133614860038
 -0.5186165369865015 0.6071209488130125
 -0.5324171254569582 0.6502615887165309
 -0.5449426184937951 0.6934377383397853
 -0.5546911221866515 0.7362738314726418
 -0.5616747548551468 0.7789712983029478
 -0.5669052654470501 0.8221888837003233
 -0.5702133619791034 0.8660185971084342
 -0.5704401205025595 0.9099800829230884
 -0.5673398771512095 0.9539188248189935
 -0.5616514475679291 0.9981437766424676
 -0.5534447664889457 1.042667909980648
 -0.5418659491771141 1.086997505792500
 -0.5265869486793876 1.130796263373509
 -0.5082082927647045 1.174173336190930
 -0.4869936654454594 1.217123405566327
 -0.4623540562078864 1.259191547135065
 -0.4339477072639019 1.299949080424434
 -0.4022842337772416 1.339375479663608
 -0.3677766250658864 1.377472057027572
 -0.3300699517850372 1.413852233104171
 -0.2888496790320075 1.448049047617074
 -0.2445637459510960 1.479950440344199
 -0.1977445941601240 1.509575817214131
 -0.1482519475311249 1.536632428011868
 -9.583137377447522E-02 1.560665062130963
 -4.089554040259494E-02 1.581507926913065
 1.592422548843690E-02 1.599216775988268
 7.457470303638189E-02 1.613628997460143
 0.1352359087340299 1.624363830705901
 0.1975204611114470 1.631253788219371
 0.2607302095158772 1.634422165638826
 0.3246647513485899 1.633880704890012
 0.3894561225458714 1.629387136893298
 0.4547689544895618 1.620818909952921
 0.5198982208830318 1.608386753666207
 0.5845758315709405 1.592302238268249
 0.6489462298593499 1.572489258542719
 0.7127641998949017 1.548858331323564
 0.7753715882216056 1.521674877548411
 0.8365109541534712 1.491355771811662
 0.8963598841167645 1.457966117982073
 0.9546486425863819 1.421246114835716
 1.010715784270934 1.381323168586733
 1.064905537590278 1.339357321911328
 1.116876761470097 1.292259022417295
 1.165607971759166 1.246415015760484
 1.211186705630781 1.198407633438134
 1.254889375342124 1.145128002005424
 1.295797630724740 1.089319056705910
 1.332153150043028 1.034830505328234
 1.364426951518698 0.9798833351459495
 1.394127345904930 0.9207876955370222
 1.420642614389706 0.8593045391741857
 1.442164346938299 0.7999022665735214
 1.458973656523586 0.7419014329861204
 1.472840822161875 0.6812023267839725
 1.483619653885688 0.6185121477359966
 1.489494360455987 0.5586596820094277
 1.490486632572373 0.5020789728978101
 1.488583873723483 0.4443892469441462
 1.484144170691195 0.3850873178336117
 1.475359309453278 0.3291114008456681
 1.461904791567191 0.2780658003239129
 1.445900886979319 0.2274536997900553
 1.428222889594709 0.1754213258932986
 1.407078917762169 0.1267793534276203
 1.381702791715566 8.440300889569796E-02
 1.354259331511047 4.389484195482585E-02
 1.326169968308615 1.911934118755454E-03
 1.295681602883251 -3.711653256761649E-02
 1.261483220409833 -6.890460734265091E-02
 1.225697646575008 -9.748557464538721E-02
 1.190349719083206 -0.1278714804420419
 1.153753148896655 -0.1563311862762218
 1.113909634412661 -0.1769715264350873
 1.072798641258484 -0.1931204257387837
 1.033138231456460 -0.2117360048630786
 0.9933108468015955 -0.2302229411168157
 0.9503752233059364 -0.2407493365298135
 0.9060258870572955 -0.2454206525475572
 0.8638261029050783 -0.2536119409665515
 0.8221320371846738 -0.2645348380013546
 0.7765084733792580 -0.2677148315257949
 0.7281594159771813 -0.2630425719508286
 0.6818342879660497 -0.2632502242561483
 0.6353871961940720 -0.2705916218641355
 0.5813100996327420 -0.2699583067498328
 0.5199389022917354 -0.2562492461410200
 0.4579697173656038 -0.2479080424701398
 0.3890428295095769 -0.2526007565924888
 0.2946536548334508 -0.2366168107259342
 0.1827201969195502 -0.1595379743998862
 0.1119431634673486 -3.373854442956554E-02
 0.1459230667815548 8.464440327979707E-02
 0.2744702492261026 0.1692477396793771
 0.3734792558690211 0.1796989002000378
 0.4587290518571110 0.1833655571204515
 0.5273858695462724 0.1798401299496470
 0.5860336621217063 0.1736512306440349
 0.6408178732609451 0.1679816452123164
 0.6925105108292046 0.1621395539331407
 0.7401678931163596 0.1545816740367376
 0.7850904333350314 0.1455746214465159
 0.8293516176622233 0.1359559616973469
 0.8730060065919780 0.1252152820505456
 0.9149774032903361 0.1122396873310174
 0.9554463105768721 9.693895721748025E-02
 0.9954890927171743 7.985991956614430E-02
 1.035100786235216 6.080995849701820E-02
 1.073285929000544 3.902559423152874E-02
 1.109787874017051 1.437133378339323E-02
 1.145243590985682 -1.266746665510360E-02
 1.179699280998540 -4.203672761935046E-02
 1.212300428455184 -7.422907546310153E-02
 1.242591764925671 -0.1093604568290724
 1.270968083970023 -0.1469653761473115
 1.297556621483799 -0.1868128170252956
 1.321668896153540 -0.2291854153487248
 1.342762780905731 -0.2741648018076651
 1.361075307483273 -0.3212993738387551
 1.376814106922028 -0.3702321282886238
 1.389466926958089 -0.4210771532803387
 1.398472100678252 -0.4738733638918373
 1.403956550655590 -0.5281768033337665
 1.406203303726154 -0.5835360666033542
 1.404888692702803 -0.6399262612834623
 1.399491277491471 -0.6973401268972240
 1.390073811194475 -0.7553373865663926
 1.377000241419869 -0.8133991718027118
 1.360156352565509 -0.8713980860392589
 1.339122388012900 -0.9292996478204940
 1.313946990061852 -0.9866846311994150
 1.285086011193662 -1.043010067794202
 1.252649821513681 -1.098108274826243
 1.216362591876253 -1.151972464230759
 1.176285873708651 -1.204250922416910
 1.132954677343803 -1.254438443500142
 1.086686273057655 -1.302408639712972
 1.037342530146476 -1.348248550019692
 0.9849685618419307 -1.391701069678857
 0.9301233061466962 -1.432328931546803
 0.8732965073927118 -1.470117622746697
 0.8144557539710728 -1.505253489569430
 0.7535109191844749 -1.537373033585996
 0.6909030626966588 -1.565967129477908
 0.6274646967247630 -1.591913909139569
 0.5606907609479733 -1.613373159538245
 0.4966230814273775 -1.632653622277334
 0.4322581018312228 -1.648122272521308
 0.3642652526505527 -1.659330078988177
 0.2954791605714496 -1.666853194724268
 0.2301129312038247 -1.671093722332843
 0.1663903852220642 -1.671570069196326
 0.1003618628747274 -1.667743545432756
 3.385825331727229E-02 -1.659964863347318
 -2.834649007172785E-02 -1.648902094167522
 -8.698134019173470E-02 -1.634458966494758
 -0.1464818909689488 -1.616118731114929
 -0.2061625944541975 -1.594108383686881
 -0.2609337035376927 -1.569269795953254
 -0.3104301710506844 -1.541838774257703
 -0.3594395598394747 -1.511346073780456
 -0.4085766854264777 -1.477850213613969
 -0.4526608209192073 -1.442254342119240
 -0.4901403487794358 -1.405079587573339
 -0.5259697612867122 -1.365913749373570
 -0.5621921202082091 -1.324587967602085
 -0.5937453181373996 -1.281955764625363
 -0.6177562459982648 -1.238791222553409
 -0.6391156175275416 -1.194770405378112
 -0.6614292006371030 -1.149452849350642
 -0.6799846615455736 -1.103534917029227
 -0.6904147506014442 -1.058024211651394
 -0.6972738074329335 -1.012742511970064
 -0.7059148100239363 -0.9669373558927056
 -0.7122633531672926 -0.9210139435026820
 -0.7102166548456255 -0.8761882777040574
 -0.7036465153086949 -0.8325106636058839
 -0.6999378748354816 -0.7888559516306824
 -0.6960343389419292 -0.7451209566264065
 -0.6836826530320356 -0.7026744182453428
 -0.6655534632481864 -0.6619311084041699
 -0.6515474350326522 -0.6212893790846328
 -0.6401599084875111 -0.5797198104663029
 -0.6201020817608385 -0.5386186484374125
 -0.5918812575748043 -0.4990832662656651
 -0.5688985257407997 -0.4588607024217993
 -0.5520328166826102 -0.4149656422113657
 -0.5244458014243584 -0.3684501603835014
 -0.4818878080046026 -0.3221556747299280
 -0.4436795212644145 -0.2726593881675223
 -0.4132800869790533 -0.2106205952192275
 -0.3522429964678387 -0.1368691450407327
 -0.2295240371583880 -7.847134511688249E-02
 -8.519001829638800E-02 -8.007635112793519E-02
 3.426701377017109E-04 -0.1686952844708582
 9.337717482384794E-03 -0.3223220782525396
   
   
 #BODY NUMBER  4
 -1.064905537590278 -1.339357321911328
 -1.116876761470097 -1.292259022417295
 -1.165607971759166 -1.246415015760484
 -1.211186705630781 -1.198407633438134
 -1.254889375342124 -1.145128002005424
 -1.295797630724740 -1.089319056705910
 -1.332153150043028 -1.034830505328234
 -1.364426951518698 -0.9798833351459495
 -1.394127345904930 -0.9207876955370222
 -1.420642614389706 -0.8593045391741857
 -1.442164346938299 -0.7999022665735214
 -1.458973656523586 -0.7419014329861204
 -1.472840822161875 -0.6812023267839725
 -1.483619653885688 -0.6185121477359966
 -1.489494360455987 -0.5586596820094277
 -1.490486632572373 -0.5020789728978101
 -1.488583873723483 -0.4443892469441462
 -1.484144170691195 -0.3850873178336117
 -1.475359309453278 -0.3291114008456681
 -1.461904791567191 -0.2780658003239129
 -1.445900886979319 -0.2274536997900553
 -1.428222889594709 -0.1754213258932986
 -1.407078917762169 -0.1267793534276203
 -1.381702791715566 -8.440300889569796E-02
 -1.354259331511047 -4.389484195482585E-02
 -1.326169968308615 -1.911934118755454E-03
 -1.295681602883251 3.711653256761649E-02
 -1.261483220409833 6.890460734265091E-02
 -1.225697646575008 9.748557464538721E-02
 -1.190349719083206 0.1278714804420419
 -1.153753148896655 0.1563311862762218
 -1.113909634412661 0.1769715264350873
 -1.072798641258484 0.1931204257387837
 -1.033138231456460 0.2117360048630786
 -0.9933108468015955 0.2302229411168157
 -0.9503752233059364 0.2407493365298135
 -0.9060258870572955 0.2454206525475572
 -0.8638261029050783 0.2536119409665515
 -0.8221320371846738 0.2645348380013546
 -0.7765084733792580 0.2677148315257949
 -0.7281594159771813 0.2630425719508286
 -0.6818342879660497 0.2632502242561483
 -0.6353871961940720 0.2705916218641355
 -0.5813100996327420 0.2699583067498328
 -0.5199389022917354 0.2562492461410200
 -0.4579697173656038 0.2479080424701398
 -0.3890428295095769 0.2526007565924888
 -0.2946536548334508 0.2366168107259342
 -0.1827201969195502 0.1595379743998862
 -0.1119431634673486 3.373854442956554E-02
 -0.1459230667815548 -8.464440327979707E-02
 -0.2744702492261026 -0.1692477396793771
 -0.3734792558690211 -0.1796989002000378
 -0.4587290518571110 -0.1833655571204515
 -0.5273858695462724 -0.1798401299496470
 -0.5860336621217063 -0.1736512306440349
 -0.6408178732609451 -0.1679816452123164
 -0.6925105108292046 -0.1621395539331407
 -0.7401678931163596 -0.1545816740367376
 -0.7850904333350314 -0.1455746214465159
 -0.8293516176622233 -0.1359559616973469
 -0.8730060065919780 -0.1252152820505456
 -0.9149774032903361 -0.1122396873310174
 -0.9554463105768721 -9.693895721748025E-02
 -0.9954890927171743 -7.985991956614430E-02
 -1.035100786235216 -6.080995849701820E-02
 -1.073285929000544 -3.902559423152874E-02
 -1.109787874017051 -1.437133378339323E-02
 -1.145243590985682 1.266746665510360E-02
 -1.179699280998540 4.203672761935046E-02
 -1.212300428455184 7.422907546310153E-02
 -1.242591764925671 0.1093604568290724
 -1.270968083970023 0.1469653761473115
 -1.297556621483799 0.1868128170252956
 -1.321668896153540 0.2291854153487248
 -1.342762780905731 0.2741648018076651
 -1.361075307483273 0.3212993738387551
 -1.376814106922028 0.3702321282886238
 -1.389466926958089 0.4210771532803387
 -1.398472100678252 0.4738733638918373
 -1.403956550655590 0.5281768033337665
 -1.406203303726154 0.5835360666033542
 -1.404888692702803 0.6399262612834623
 -1.399491277491471 0.6973401268972240
 -1.390073811194475 0.7553373865663926
 -1.377000241419869 0.8133991718027118
 -1.360156352565509 0.8713980860392589
 -1.339122388012900 0.9292996478204940
 -1.313946990061852 0.9866846311994150
 -1.285086011193662 1.043010067794202
 -1.252649821513681 1.098108274826243
 -1.216362591876253 1.151972464230759
 -1.176285873708651 1.204250922416910
 -1.132954677343803 1.254438443500142
 -1.086686273057655 1.302408639712972
 -1.037342530146476 1.348248550019692
 -0.9849685618419307 1.391701069678857
 -0.9301233061466962 1.432328931546803
 -0.8732965073927118 1.470117622746697
 -0.8144557539710728 1.505253489569430
 -0.7535109191844749 1.537373033585996
 -0.6909030626966588 1.565967129477908
 -0.6274646967247630 1.591913909139569
 -0.5606907609479733 1.613373159538245
 -0.4966230814273775 1.632653622277334
 -0.4322581018312228 1.648122272521308
 -0.3642652526505527 1.659330078988177
 -0.2954791605714496 1.666853194724268
 -0.2301129312038247 1.671093722332843
 -0.1663903852220642 1.671570069196326
 -0.1003618628747274 1.667743545432756
 -3.385825331727229E-02 1.659964863347318
 2.834649007172785E-02 1.648902094167522
 8.698134019173470E-02 1.634458966494758
 0.1464818909689488 1.616118731114929
 0.2061625944541975 1.594108383686881
 0.2609337035376927 1.569269795953254
 0.3104301710506844 1.541838774257703
 0.3594395598394747 1.511346073780456
 0.4085766854264777 1.477850213613969
 0.4526608209192073 1.442254342119240
 0.4901403487794358 1.405079587573339
 0.5259697612867122 1.365913749373570
 0.5621921202082091 1.324587967602085
 0.5937453181373996 1.281955764625363
 0.6177562459982648 1.238791222553409
 0.6391156175275416 1.194770405378112
 0.6614292006371030 1.149452849350642
 0.6799846615455736 1.103534917029227
 0.6904147506014442 1.058024211651394
 0.6972738074329335 1.012742511970064
 0.7059148100239363 0.9669373558927056
 0.7122633531672926 0.9210139435026820
 0.7102166548456255 0.8761882777040574
 0.7036465153086949 0.8325106636058839
 0.6999378748354816 0.7888559516306824
 0.6960343389419292 0.7451209566264065
 0.6836826530320356 0.7026744182453428
 0.6655534632481864 0.6619311084041699
 0.6515474350326522 0.6212893790846328
 0.6401599084875111 0.5797198104663029
 0.6201020817608385 0.5386186484374125
 0.5918812575748043 0.4990832662656651
 0.5688985257407997 0.4588607024217993
 0.5520328166826102 0.4149656422113657
 0.5244458014243584 0.3684501603835014
 0.4818878080046026 0.3221556747299280
 0.4436795212644145 0.2726593881675223
 0.4132800869790533 0.2106205952192275
 0.3522429964678387 0.1368691450407327
 0.2295240371583880 7.847134511688249E-02
 8.519001829638800E-02 8.007635112793519E-02
 -3.426701377017109E-04 0.1686952844708582
 -9.337717482384794E-03 0.3223220782525396
 3.111581532915322E-02 0.4132919734690996
 7.056529528315794E-02 0.4889537909224330
 0.1079468136168472 0.5466496255988413
 0.1426304539246881 0.5943456541922414
 0.1749325645071019 0.6389553800492535
 0.2058382827502253 0.6808014717324001
 0.2362122898828397 0.7182950355227413
 0.2664738963485299 0.7526955702595284
 0.2969344922052652 0.7862175504138778
 0.3280633880981829 0.8186530203903308
 0.3602862811036845 0.8485135188036592
 0.3937715557217253 0.8759102555204280
 0.4285838272701242 0.9020488032664675
 0.4648874242561131 0.9268285556054524
 0.5028458084979848 0.9490056771546171
 0.5424479968658412 0.9682901586023867
 0.5835921434177529 0.9854763099873640
 0.6262545145095945 1.000631182361297
 0.6704344792780701 1.012768430329398
 0.7160048162462835 1.021435806544436
 0.7627597912053189 1.027207960043618
 0.8105629560383395 1.030310588541031
 0.8593148399456537 1.030006131786341
 0.9088150736418292 1.025784278616769
 0.9587910737060318 1.018076105824853
 1.009037481856141 1.007239928738948
 1.059396975173052 0.9927750798238327
 1.109622421646245 0.9741756837252369
 1.159392804704494 0.9517736370104320
 1.208458709566030 0.9260397506107769
 1.256636745171678 0.8967061667284059
 1.303659903716995 0.8633249352337388
 1.349178270791880 0.8261705403466728
 1.392924466908306 0.7858176041855558
 1.434731055601890 0.7422309114208845
 1.474358296746930 0.6950641828854065
 1.511467451173300 0.6445691570199562
 1.545816220709540 0.5914120978446243
 1.577314572862271 0.5357724300637692
 1.605818714422124 0.4774146726625387
 1.631054828198213 0.4165679875360107
 1.652852898226835 0.3539483101660645
 1.671262104628596 0.2898935985552766
 1.686288760005826 0.2242407085230270
 1.697732761736833 0.1571572616447076
 1.705494894368302 8.934594600160817E-02
 1.709807461546183 2.123814906496491E-02
 1.710815638087837 -4.728737158735707E-02
 1.708159561770857 -0.1161269187502794
 1.701618846967593 -0.1846439608911747
 1.692370234315041 -0.2525565872282414
 1.677567522418071 -0.3211141371209498
 1.662231053186543 -0.3862386065168503
 1.643444807462003 -0.4497146390831743
 1.619154627992677 -0.5142020769827533
 1.591276791296190 -0.5775341380183572
 1.562266081246853 -0.6362632170046083
 1.530817336740762 -0.6916867340503767
 1.494489208779658 -0.7469558498957338
 1.454500867706978 -0.8006603241731326
 1.413817856866571 -0.8489998275940007
 1.371992316331852 -0.8925575335086378
 1.326358931192926 -0.9349164043309565
 1.277457059431491 -0.9755962359508844
 1.228560656918294 -1.010610113943826
 1.180056461521689 -1.039759801359893
 1.129144313884008 -1.066956826836310
 1.075567485264717 -1.092762895780357
 1.022698488534071 -1.113142941273572
 0.9717644427877552 -1.127013787249426
 0.9199311256926064 -1.138460049583515
 0.8660307693864999 -1.149166641708786
 0.8133335996247693 -1.155176411197743
 0.7639465457173016 -1.154388213657711
 0.7151437139835058 -1.150875563423286
 0.6647407676715117 -1.147540915231886
 0.6156969413376768 -1.140651449596844
 0.5710684698083891 -1.126928818994045
 0.5284238391420746 -1.110228086615451
 0.4844349090592696 -1.094808836334747
 0.4414897957293620 -1.077345129778904
 0.4036929795670354 -1.053159804139145
 0.3691521259497890 -1.025631089344668
 0.3332003566209785 -1.000591956493761
 0.2972765078596663 -0.9753438977432223
 0.2666925702739008 -0.9434237547751563
 0.2404724238091090 -0.9073517609517271
 0.2122786678724261 -0.8749013200511843
 0.1819721286971626 -0.8442546484676576
 0.1564063916184195 -0.8063334799632074
 0.1362781584023770 -0.7621258382164937
 0.1129357622252500 -0.7221109266779475
 8.335437951146180E-02 -0.6855572640755013
 5.686429820838373E-02 -0.6384084671333341
 3.805109428713285E-02 -0.5784049208709480
 1.429019610118926E-02 -0.5205674306376622
 -2.423725746947639E-02 -0.4632213518117163
 -5.758934163438792E-02 -0.3734859557666670
 -4.680384023883781E-02 -0.2380093195167687
 2.675314517096056E-02 -0.1138148955575007
 0.1462657369192565 -8.405088119106109E-02
 0.2838079667084874 -0.1530743385731625
 0.3423634405398678 -0.2335930732690617
 0.3881637565739530 -0.3055882338019815
 0.4194390559294252 -0.3668094956491944
 0.4434032081970182 -0.4206944235482065
 0.4658853087538432 -0.4709737348369370
 0.4866722280789793 -0.5186619177992594
 0.5039556032335200 -0.5637133614860038
 0.5186165369865015 -0.6071209488130125
 0.5324171254569582 -0.6502615887165309
 0.5449426184937951 -0.6934377383397853
 0.5546911221866515 -0.7362738314726418
 0.5616747548551468 -0.7789712983029478
 0.5669052654470501 -0.8221888837003233
 0.5702133619791034 -0.8660185971084342
 0.5704401205025595 -0.9099800829230884
 0.5673398771512095 -0.9539188248189935
 0.5616514475679291 -0.9981437766424676
 0.5534447664889457 -1.042667909980648
 0.5418659491771141 -1.086997505792500
 0.5265869486793876 -1.130796263373509
 0.5082082927647045 -1.174173336190930
 0.4869936654454594 -1.217123405566327
 0.4623540562078864 -1.259191547135065
 0.4339477072639019 -1.299949080424434
 0.4022842337772416 -1.339375479663608
 0.3677766250658864 -1.377472057027572
 0.3300699517850372 -1.413852233104171
 0.2888496790320075 -1.448049047617074
 0.2445637459510960 -1.479950440344199
 0.1977445941601240 -1.509575817214131
 0.1482519475311249 -1.536632428011868
 9.583137377447522E-02 -1.560665062130963
 4.089554040259494E-02 -1.581507926913065
 -1.592422548843690E-02 -1.599216775988268
 -7.457470303638189E-02 -1.613628997460143
 -0.1352359087340299 -1.624363830705901
 -0.1975204611114470 -1.631253788219371
 -0.2607302095158772 -1.634422165638826
 -0.3246647513485899 -1.633880704890012
 -0.3894561225458714 -1.629387136893298
 -0.4547689544895618 -1.620818909952921
 -0.5198982208830318 -1.608386753666207
 -0.5845758315709405 -1.592302238268249
 -0.6489462298593499 -1.572489258542719
 -0.7127641998949017 -1.548858331323564
 -0.7753715882216056 -1.521674877548411
 -0.8365109541534712 -1.491355771811662
 -0.8963598841167645 -1.457966117982073
 -0.9546486425863819 -1.421246114835716
 -1.010715784270934 -1.381323168586733
 -1.064905537590278 -1.339357321911328
   
   
