 # action(x) =  16.98165871552502
 # |grad_action(x)| =  1.959691069483975E-05
 # PRINTSTEPS = 50
 #
 #BODY NUMBER  1
 0.3352973127946855 1.275171938527491
 0.2659825748448000 1.286542391774798
 0.1958230740254768 1.295122275599811
 0.1245510842932356 1.299624836768327
 5.243405030530079E-02 1.300144082049945
 -2.018840632761654E-02 1.296933077373301
 -9.314651848428895E-02 1.289774706254209
 -0.1662920925375906 1.278378215888285
 -0.2393482652022614 1.262771142963451
 -0.3119965610750365 1.243066781441091
 -0.3839921936137505 1.219168537947833
 -0.4551070803182860 1.190931466158279
 -0.5250360389587667 1.158411847560139
 -0.5934393022622855 1.121754718749590
 -0.6600274679614305 1.080980353148076
 -0.7245351343674171 1.036070795022339
 -0.7866500679827227 0.9871654229711200
 -0.8460375070463629 0.9344991328203638
 -0.9024119352253588 0.8782238553252371
 -0.9555271235329893 0.8184540465395309
 -1.005117174588185 0.7554334766676896
 -1.050909387256390 0.6895014368873490
 -1.092687645156993 0.6209301800988652
 -1.130291374140530 0.5499416963260345
 -1.163561170732450 0.4768582326165763
 -1.192341054197542 0.4020884833503525
 -1.216534635751962 0.3259722456377248
 -1.236108569966098 0.2487755849133872
 -1.251038116720698 0.1708354565391595
 -1.261299195696707 9.256537949264287E-02
 -1.266919703737770 1.430284998289133E-02
 -1.267987152204660 -6.371315606754779E-02
 -1.264592699795472 -0.1411941559907490
 -1.256814682127836 -0.2177745986625681
 -1.244769569113020 -0.2931673753010224
 -1.228626420587626 -0.3672053403238723
 -1.208548647498280 -0.4396816252600863
 -1.184669654361477 -0.5102959487077409
 -1.157148494204332 -0.5788231273672081
 -1.126194874278755 -0.6451818609115434
 -1.092005430906156 -0.7092522181778500
 -1.054728341647685 -0.7707851338837117
 -1.014529963312199 -0.8296019689983415
 -0.9716369364331076 -0.8857108099206387
 -0.9262581451220656 -0.9390765908207044
 -0.8785270086137429 -0.9894616372761099
 -0.8285934238472523 -1.036699596660650
 -0.7767039478301925 -1.080922787323027
 -0.7230803980024345 -1.122201498620420
 -0.6677884599134059 -1.160166003183521
 -0.6109344395235108 -1.194589367420749
 -0.5530594594609087 -1.226536115971978
 -0.4937385897968960 -1.254216092941251
 -0.4337140849283917 -1.279396640226917
 -0.3727819472517858 -1.300952899204175
 -0.3111754608936462 -1.319045269635936
 -0.2491489079532439 -1.334010681692357
 -0.1867953101059641 -1.345751685559541
 -0.1242016381246179 -1.354069097718425
 -6.155827352117615E-02 -1.359043683525396
 9.471923640754776E-04 -1.360855467198577
 6.321378012264744E-02 -1.359492554842372
 0.1251429792973173 -1.354859233169445
 0.1865668910364890 -1.347015044442150
 0.2473195997310590 -1.336110008647861
 0.3073031675627384 -1.322180203913438
 0.3664247037364677 -1.305183117004964
 0.4245327896912045 -1.285176524918778
 0.4814742531530330 -1.262304456958611
 0.5371576714787445 -1.236638179732851
 0.5915017708935369 -1.208173902311928
 0.6443706697295100 -1.176975514996644
 0.6956211947445351 -1.143189688210077
 0.7451704825824563 -1.106916686867896
 0.7929531935886217 -1.068184715105182
 0.8388505577341544 -1.027067224690989
 0.8827291202072740 -0.9837170221667857
 0.9245165865919044 -0.9382589535105507
 0.9641680993472763 -0.8907482548814287
 1.001585342497683 -0.8412686112096890
 1.036645493089717 -0.7899797206014098
 1.069288874507647 -0.7370266939465023
 1.099496312624819 -0.6824865679653608
 1.127194497384816 -0.6264516665241854
 1.152272098660647 -0.5690875917125644
 1.174683361131200 -0.5105550463631873
 1.194440580251046 -0.4509465460464731
 1.211500660412812 -0.3903594953403108
 1.225762761224386 -0.3289636999547768
 1.237194140207917 -0.2669308464288987
 1.245845437878846 -0.2043611117541020
 1.251709842986732 -0.1413517178901927
 1.254691185542773 -7.807615891991204E-02
 1.254764341926712 -1.471400852187643E-02
 1.252030101531687 4.863750431730218E-02
 1.246527900255933 0.1118889425266595
 1.238146916373070 0.1748575710179265
 1.226853648362212 0.2373539551343525
 1.212837434510058 0.2993066112573781
 1.196211837404053 0.3606496467116044
 1.176749531848751 0.4211468109508045
 1.154360328922540 0.4805813190229184
 1.129965701732955 0.5392110366865701
 1.102220535342388 0.5962830925102488
 1.072560760282073 0.6523401039441915
 1.040193566896068 0.7068411043237787
 1.005342205080476 0.7597115690160762
 0.9683290626336325 0.8109701239375254
 0.9291256631705956 0.8604848089603800
 0.8876636047531214 0.9080607149558013
 0.8441102657934366 0.9535965189500478
 0.7986737370037560 0.9970553836824296
 0.7513918291657331 1.038346398750340
 0.7022728465469831 1.077325611635318
 0.6514719860358392 1.113891411044467
 0.5991817748778777 1.148001457853406
 0.5454753987812012 1.179595258343139
 0.4903945121913513 1.208565559404575
 0.4340927584699554 1.234821615149646
 0.3767629104193286 1.258326717610005
 0.3185005883894641 1.279047839062031
 0.2593643462681155 1.296911929848847
 0.1995068593235135 1.311844827822286
 0.1391245161061668 1.323819712607250
 7.832782936511015E-02 1.332829223073672
 1.718231633728710E-02 1.338833844027870
 -4.416252002318509E-02 1.341779296471117
 -0.1055060110935580 1.341650167480276
 -0.1667271530580700 1.338462825243863
 -0.2277604025259055 1.332210896865607
 -0.2884620938880922 1.322862109631387
 -0.3486263534654113 1.310412580003959
 -0.4081234139845263 1.294900191252099
 -0.4668929606942583 1.276351560265378
 -0.5247997758307995 1.254758220277910
 -0.5816303784209806 1.230127202889416
 -0.6372454641137960 1.202515577792056
 -0.6915949386215047 1.171983604100282
 -0.7445552295688814 1.138549022383995
 -0.7959004251445890 1.102228799214282
 -0.8454782382215520 1.063096981755754
 -0.8932560762458188 1.021250177394681
 -0.9391277534217669 0.9767366601916645
 -0.9828452306576311 0.9295816379981580
 -1.024235551418787 0.8798738000508528
 -1.063299778805183 0.8277536730879116
 -1.099962603306686 0.7733087027923027
 -1.133928322146907 0.7165661017382693
 -1.164983794602555 0.6576240232616658
 -1.193218914192405 0.5966909257908227
 -1.218630116819083 0.5339138920448477
 -1.240739117528212 0.4692756218391723
 -1.259232275486109 0.4028644683911022
 -1.275171938527491 0.3352973127946855
 -1.286542391774798 0.2659825748448000
 -1.295122275599811 0.1958230740254768
 -1.299624836768327 0.1245510842932356
 -1.300144082049945 5.243405030530079E-02
 -1.296933077373301 -2.018840632761654E-02
 -1.289774706254209 -9.314651848428895E-02
 -1.278378215888285 -0.1662920925375906
 -1.262771142963451 -0.2393482652022614
 -1.243066781441091 -0.3119965610750365
 -1.219168537947833 -0.3839921936137505
 -1.190931466158279 -0.4551070803182860
 -1.158411847560139 -0.5250360389587667
 -1.121754718749590 -0.5934393022622855
 -1.080980353148076 -0.6600274679614305
 -1.036070795022339 -0.7245351343674171
 -0.9871654229711200 -0.7866500679827227
 -0.9344991328203638 -0.8460375070463629
 -0.8782238553252371 -0.9024119352253588
 -0.8184540465395309 -0.9555271235329893
 -0.7554334766676896 -1.005117174588185
 -0.6895014368873490 -1.050909387256390
 -0.6209301800988652 -1.092687645156993
 -0.5499416963260345 -1.130291374140530
 -0.4768582326165763 -1.163561170732450
 -0.4020884833503525 -1.192341054197542
 -0.3259722456377248 -1.216534635751962
 -0.2487755849133872 -1.236108569966098
 -0.1708354565391595 -1.251038116720698
 -9.256537949264287E-02 -1.261299195696707
 -1.430284998289133E-02 -1.266919703737770
 6.371315606754779E-02 -1.267987152204660
 0.1411941559907490 -1.264592699795472
 0.2177745986625681 -1.256814682127836
 0.2931673753010224 -1.244769569113020
 0.3672053403238723 -1.228626420587626
 0.4396816252600863 -1.208548647498280
 0.5102959487077409 -1.184669654361477
 0.5788231273672081 -1.157148494204332
 0.6451818609115434 -1.126194874278755
 0.7092522181778500 -1.092005430906156
 0.7707851338837117 -1.054728341647685
 0.8296019689983415 -1.014529963312199
 0.8857108099206387 -0.9716369364331076
 0.9390765908207044 -0.9262581451220656
 0.9894616372761099 -0.8785270086137429
 1.036699596660650 -0.8285934238472523
 1.080922787323027 -0.7767039478301925
 1.122201498620420 -0.7230803980024345
 1.160166003183521 -0.6677884599134059
 1.194589367420749 -0.6109344395235108
 1.226536115971978 -0.5530594594609087
 1.254216092941251 -0.4937385897968960
 1.279396640226917 -0.4337140849283917
 1.300952899204175 -0.3727819472517858
 1.319045269635936 -0.3111754608936462
 1.334010681692357 -0.2491489079532439
 1.345751685559541 -0.1867953101059641
 1.354069097718425 -0.1242016381246179
 1.359043683525396 -6.155827352117615E-02
 1.360855467198577 9.471923640754776E-04
 1.359492554842372 6.321378012264744E-02
 1.354859233169445 0.1251429792973173
 1.347015044442150 0.1865668910364890
 1.336110008647861 0.2473195997310590
 1.322180203913438 0.3073031675627384
 1.305183117004964 0.3664247037364677
 1.285176524918778 0.4245327896912045
 1.262304456958611 0.4814742531530330
 1.236638179732851 0.5371576714787445
 1.208173902311928 0.5915017708935369
 1.176975514996644 0.6443706697295100
 1.143189688210077 0.6956211947445351
 1.106916686867896 0.7451704825824563
 1.068184715105182 0.7929531935886217
 1.027067224690989 0.8388505577341544
 0.9837170221667857 0.8827291202072740
 0.9382589535105507 0.9245165865919044
 0.8907482548814287 0.9641680993472763
 0.8412686112096890 1.001585342497683
 0.7899797206014098 1.036645493089717
 0.7370266939465023 1.069288874507647
 0.6824865679653608 1.099496312624819
 0.6264516665241854 1.127194497384816
 0.5690875917125644 1.152272098660647
 0.5105550463631873 1.174683361131200
 0.4509465460464731 1.194440580251046
 0.3903594953403108 1.211500660412812
 0.3289636999547768 1.225762761224386
 0.2669308464288987 1.237194140207917
 0.2043611117541020 1.245845437878846
 0.1413517178901927 1.251709842986732
 7.807615891991204E-02 1.254691185542773
 1.471400852187643E-02 1.254764341926712
 -4.863750431730218E-02 1.252030101531687
 -0.1118889425266595 1.246527900255933
 -0.1748575710179265 1.238146916373070
 -0.2373539551343525 1.226853648362212
 -0.2993066112573781 1.212837434510058
 -0.3606496467116044 1.196211837404053
 -0.4211468109508045 1.176749531848751
 -0.4805813190229184 1.154360328922540
 -0.5392110366865701 1.129965701732955
 -0.5962830925102488 1.102220535342388
 -0.6523401039441915 1.072560760282073
 -0.7068411043237787 1.040193566896068
 -0.7597115690160762 1.005342205080476
 -0.8109701239375254 0.9683290626336325
 -0.8604848089603800 0.9291256631705956
 -0.9080607149558013 0.8876636047531214
 -0.9535965189500478 0.8441102657934366
 -0.9970553836824296 0.7986737370037560
 -1.038346398750340 0.7513918291657331
 -1.077325611635318 0.7022728465469831
 -1.113891411044467 0.6514719860358392
 -1.148001457853406 0.5991817748778777
 -1.179595258343139 0.5454753987812012
 -1.208565559404575 0.4903945121913513
 -1.234821615149646 0.4340927584699554
 -1.258326717610005 0.3767629104193286
 -1.279047839062031 0.3185005883894641
 -1.296911929848847 0.2593643462681155
 -1.311844827822286 0.1995068593235135
 -1.323819712607250 0.1391245161061668
 -1.332829223073672 7.832782936511015E-02
 -1.338833844027870 1.718231633728710E-02
 -1.341779296471117 -4.416252002318509E-02
 -1.341650167480276 -0.1055060110935580
 -1.338462825243863 -0.1667271530580700
 -1.332210896865607 -0.2277604025259055
 -1.322862109631387 -0.2884620938880922
 -1.310412580003959 -0.3486263534654113
 -1.294900191252099 -0.4081234139845263
 -1.276351560265378 -0.4668929606942583
 -1.254758220277910 -0.5247997758307995
 -1.230127202889416 -0.5816303784209806
 -1.202515577792056 -0.6372454641137960
 -1.171983604100282 -0.6915949386215047
 -1.138549022383995 -0.7445552295688814
 -1.102228799214282 -0.7959004251445890
 -1.063096981755754 -0.8454782382215520
 -1.021250177394681 -0.8932560762458188
 -0.9767366601916645 -0.9391277534217669
 -0.9295816379981580 -0.9828452306576311
 -0.8798738000508528 -1.024235551418787
 -0.8277536730879116 -1.063299778805183
 -0.7733087027923027 -1.099962603306686
 -0.7165661017382693 -1.133928322146907
 -0.6576240232616658 -1.164983794602555
 -0.5966909257908227 -1.193218914192405
 -0.5339138920448477 -1.218630116819083
 -0.4692756218391723 -1.240739117528212
 -0.4028644683911022 -1.259232275486109
 -0.3352973127946855 -1.275171938527491
 -0.2659825748448000 -1.286542391774798
 -0.1958230740254768 -1.295122275599811
 -0.1245510842932356 -1.299624836768327
 -5.243405030530079E-02 -1.300144082049945
 2.018840632761654E-02 -1.296933077373301
 9.314651848428895E-02 -1.289774706254209
 0.1662920925375906 -1.278378215888285
 0.2393482652022614 -1.262771142963451
 0.3119965610750365 -1.243066781441091
 0.3839921936137505 -1.219168537947833
 0.4551070803182860 -1.190931466158279
 0.5250360389587667 -1.158411847560139
 0.5934393022622855 -1.121754718749590
 0.6600274679614305 -1.080980353148076
 0.7245351343674171 -1.036070795022339
 0.7866500679827227 -0.9871654229711200
 0.8460375070463629 -0.9344991328203638
 0.9024119352253588 -0.8782238553252371
 0.9555271235329893 -0.8184540465395309
 1.005117174588185 -0.7554334766676896
 1.050909387256390 -0.6895014368873490
 1.092687645156993 -0.6209301800988652
 1.130291374140530 -0.5499416963260345
 1.163561170732450 -0.4768582326165763
 1.192341054197542 -0.4020884833503525
 1.216534635751962 -0.3259722456377248
 1.236108569966098 -0.2487755849133872
 1.251038116720698 -0.1708354565391595
 1.261299195696707 -9.256537949264287E-02
 1.266919703737770 -1.430284998289133E-02
 1.267987152204660 6.371315606754779E-02
 1.264592699795472 0.1411941559907490
 1.256814682127836 0.2177745986625681
 1.244769569113020 0.2931673753010224
 1.228626420587626 0.3672053403238723
 1.208548647498280 0.4396816252600863
 1.184669654361477 0.5102959487077409
 1.157148494204332 0.5788231273672081
 1.126194874278755 0.6451818609115434
 1.092005430906156 0.7092522181778500
 1.054728341647685 0.7707851338837117
 1.014529963312199 0.8296019689983415
 0.9716369364331076 0.8857108099206387
 0.9262581451220656 0.9390765908207044
 0.8785270086137429 0.9894616372761099
 0.8285934238472523 1.036699596660650
 0.7767039478301925 1.080922787323027
 0.7230803980024345 1.122201498620420
 0.6677884599134059 1.160166003183521
 0.6109344395235108 1.194589367420749
 0.5530594594609087 1.226536115971978
 0.4937385897968960 1.254216092941251
 0.4337140849283917 1.279396640226917
 0.3727819472517858 1.300952899204175
 0.3111754608936462 1.319045269635936
 0.2491489079532439 1.334010681692357
 0.1867953101059641 1.345751685559541
 0.1242016381246179 1.354069097718425
 6.155827352117615E-02 1.359043683525396
 -9.471923640754776E-04 1.360855467198577
 -6.321378012264744E-02 1.359492554842372
 -0.1251429792973173 1.354859233169445
 -0.1865668910364890 1.347015044442150
 -0.2473195997310590 1.336110008647861
 -0.3073031675627384 1.322180203913438
 -0.3664247037364677 1.305183117004964
 -0.4245327896912045 1.285176524918778
 -0.4814742531530330 1.262304456958611
 -0.5371576714787445 1.236638179732851
 -0.5915017708935369 1.208173902311928
 -0.6443706697295100 1.176975514996644
 -0.6956211947445351 1.143189688210077
 -0.7451704825824563 1.106916686867896
 -0.7929531935886217 1.068184715105182
 -0.8388505577341544 1.027067224690989
 -0.8827291202072740 0.9837170221667857
 -0.9245165865919044 0.9382589535105507
 -0.9641680993472763 0.8907482548814287
 -1.001585342497683 0.8412686112096890
 -1.036645493089717 0.7899797206014098
 -1.069288874507647 0.7370266939465023
 -1.099496312624819 0.6824865679653608
 -1.127194497384816 0.6264516665241854
 -1.152272098660647 0.5690875917125644
 -1.174683361131200 0.5105550463631873
 -1.194440580251046 0.4509465460464731
 -1.211500660412812 0.3903594953403108
 -1.225762761224386 0.3289636999547768
 -1.237194140207917 0.2669308464288987
 -1.245845437878846 0.2043611117541020
 -1.251709842986732 0.1413517178901927
 -1.254691185542773 7.807615891991204E-02
 -1.254764341926712 1.471400852187643E-02
 -1.252030101531687 -4.863750431730218E-02
 -1.246527900255933 -0.1118889425266595
 -1.238146916373070 -0.1748575710179265
 -1.226853648362212 -0.2373539551343525
 -1.212837434510058 -0.2993066112573781
 -1.196211837404053 -0.3606496467116044
 -1.176749531848751 -0.4211468109508045
 -1.154360328922540 -0.4805813190229184
 -1.129965701732955 -0.5392110366865701
 -1.102220535342388 -0.5962830925102488
 -1.072560760282073 -0.6523401039441915
 -1.040193566896068 -0.7068411043237787
 -1.005342205080476 -0.7597115690160762
 -0.9683290626336325 -0.8109701239375254
 -0.9291256631705956 -0.8604848089603800
 -0.8876636047531214 -0.9080607149558013
 -0.8441102657934366 -0.9535965189500478
 -0.7986737370037560 -0.9970553836824296
 -0.7513918291657331 -1.038346398750340
 -0.7022728465469831 -1.077325611635318
 -0.6514719860358392 -1.113891411044467
 -0.5991817748778777 -1.148001457853406
 -0.5454753987812012 -1.179595258343139
 -0.4903945121913513 -1.208565559404575
 -0.4340927584699554 -1.234821615149646
 -0.3767629104193286 -1.258326717610005
 -0.3185005883894641 -1.279047839062031
 -0.2593643462681155 -1.296911929848847
 -0.1995068593235135 -1.311844827822286
 -0.1391245161061668 -1.323819712607250
 -7.832782936511015E-02 -1.332829223073672
 -1.718231633728710E-02 -1.338833844027870
 4.416252002318509E-02 -1.341779296471117
 0.1055060110935580 -1.341650167480276
 0.1667271530580700 -1.338462825243863
 0.2277604025259055 -1.332210896865607
 0.2884620938880922 -1.322862109631387
 0.3486263534654113 -1.310412580003959
 0.4081234139845263 -1.294900191252099
 0.4668929606942583 -1.276351560265378
 0.5247997758307995 -1.254758220277910
 0.5816303784209806 -1.230127202889416
 0.6372454641137960 -1.202515577792056
 0.6915949386215047 -1.171983604100282
 0.7445552295688814 -1.138549022383995
 0.7959004251445890 -1.102228799214282
 0.8454782382215520 -1.063096981755754
 0.8932560762458188 -1.021250177394681
 0.9391277534217669 -0.9767366601916645
 0.9828452306576311 -0.9295816379981580
 1.024235551418787 -0.8798738000508528
 1.063299778805183 -0.8277536730879116
 1.099962603306686 -0.7733087027923027
 1.133928322146907 -0.7165661017382693
 1.164983794602555 -0.6576240232616658
 1.193218914192405 -0.5966909257908227
 1.218630116819083 -0.5339138920448477
 1.240739117528212 -0.4692756218391723
 1.259232275486109 -0.4028644683911022
 1.275171938527491 -0.3352973127946855
 1.286542391774798 -0.2659825748448000
 1.295122275599811 -0.1958230740254768
 1.299624836768327 -0.1245510842932356
 1.300144082049945 -5.243405030530079E-02
 1.296933077373301 2.018840632761654E-02
 1.289774706254209 9.314651848428895E-02
 1.278378215888285 0.1662920925375906
 1.262771142963451 0.2393482652022614
 1.243066781441091 0.3119965610750365
 1.219168537947833 0.3839921936137505
 1.190931466158279 0.4551070803182860
 1.158411847560139 0.5250360389587667
 1.121754718749590 0.5934393022622855
 1.080980353148076 0.6600274679614305
 1.036070795022339 0.7245351343674171
 0.9871654229711200 0.7866500679827227
 0.9344991328203638 0.8460375070463629
 0.8782238553252371 0.9024119352253588
 0.8184540465395309 0.9555271235329893
 0.7554334766676896 1.005117174588185
 0.6895014368873490 1.050909387256390
 0.6209301800988652 1.092687645156993
 0.5499416963260345 1.130291374140530
 0.4768582326165763 1.163561170732450
 0.4020884833503525 1.192341054197542
 0.3259722456377248 1.216534635751962
 0.2487755849133872 1.236108569966098
 0.1708354565391595 1.251038116720698
 9.256537949264287E-02 1.261299195696707
 1.430284998289133E-02 1.266919703737770
 -6.371315606754779E-02 1.267987152204660
 -0.1411941559907490 1.264592699795472
 -0.2177745986625681 1.256814682127836
 -0.2931673753010224 1.244769569113020
 -0.3672053403238723 1.228626420587626
 -0.4396816252600863 1.208548647498280
 -0.5102959487077409 1.184669654361477
 -0.5788231273672081 1.157148494204332
 -0.6451818609115434 1.126194874278755
 -0.7092522181778500 1.092005430906156
 -0.7707851338837117 1.054728341647685
 -0.8296019689983415 1.014529963312199
 -0.8857108099206387 0.9716369364331076
 -0.9390765908207044 0.9262581451220656
 -0.9894616372761099 0.8785270086137429
 -1.036699596660650 0.8285934238472523
 -1.080922787323027 0.7767039478301925
 -1.122201498620420 0.7230803980024345
 -1.160166003183521 0.6677884599134059
 -1.194589367420749 0.6109344395235108
 -1.226536115971978 0.5530594594609087
 -1.254216092941251 0.4937385897968960
 -1.279396640226917 0.4337140849283917
 -1.300952899204175 0.3727819472517858
 -1.319045269635936 0.3111754608936462
 -1.334010681692357 0.2491489079532439
 -1.345751685559541 0.1867953101059641
 -1.354069097718425 0.1242016381246179
 -1.359043683525396 6.155827352117615E-02
 -1.360855467198577 -9.471923640754776E-04
 -1.359492554842372 -6.321378012264744E-02
 -1.354859233169445 -0.1251429792973173
 -1.347015044442150 -0.1865668910364890
 -1.336110008647861 -0.2473195997310590
 -1.322180203913438 -0.3073031675627384
 -1.305183117004964 -0.3664247037364677
 -1.285176524918778 -0.4245327896912045
 -1.262304456958611 -0.4814742531530330
 -1.236638179732851 -0.5371576714787445
 -1.208173902311928 -0.5915017708935369
 -1.176975514996644 -0.6443706697295100
 -1.143189688210077 -0.6956211947445351
 -1.106916686867896 -0.7451704825824563
 -1.068184715105182 -0.7929531935886217
 -1.027067224690989 -0.8388505577341544
 -0.9837170221667857 -0.8827291202072740
 -0.9382589535105507 -0.9245165865919044
 -0.8907482548814287 -0.9641680993472763
 -0.8412686112096890 -1.001585342497683
 -0.7899797206014098 -1.036645493089717
 -0.7370266939465023 -1.069288874507647
 -0.6824865679653608 -1.099496312624819
 -0.6264516665241854 -1.127194497384816
 -0.5690875917125644 -1.152272098660647
 -0.5105550463631873 -1.174683361131200
 -0.4509465460464731 -1.194440580251046
 -0.3903594953403108 -1.211500660412812
 -0.3289636999547768 -1.225762761224386
 -0.2669308464288987 -1.237194140207917
 -0.2043611117541020 -1.245845437878846
 -0.1413517178901927 -1.251709842986732
 -7.807615891991204E-02 -1.254691185542773
 -1.471400852187643E-02 -1.254764341926712
 4.863750431730218E-02 -1.252030101531687
 0.1118889425266595 -1.246527900255933
 0.1748575710179265 -1.238146916373070
 0.2373539551343525 -1.226853648362212
 0.2993066112573781 -1.212837434510058
 0.3606496467116044 -1.196211837404053
 0.4211468109508045 -1.176749531848751
 0.4805813190229184 -1.154360328922540
 0.5392110366865701 -1.129965701732955
 0.5962830925102488 -1.102220535342388
 0.6523401039441915 -1.072560760282073
 0.7068411043237787 -1.040193566896068
 0.7597115690160762 -1.005342205080476
 0.8109701239375254 -0.9683290626336325
 0.8604848089603800 -0.9291256631705956
 0.9080607149558013 -0.8876636047531214
 0.9535965189500478 -0.8441102657934366
 0.9970553836824296 -0.7986737370037560
 1.038346398750340 -0.7513918291657331
 1.077325611635318 -0.7022728465469831
 1.113891411044467 -0.6514719860358392
 1.148001457853406 -0.5991817748778777
 1.179595258343139 -0.5454753987812012
 1.208565559404575 -0.4903945121913513
 1.234821615149646 -0.4340927584699554
 1.258326717610005 -0.3767629104193286
 1.279047839062031 -0.3185005883894641
 1.296911929848847 -0.2593643462681155
 1.311844827822286 -0.1995068593235135
 1.323819712607250 -0.1391245161061668
 1.332829223073672 -7.832782936511015E-02
 1.338833844027870 -1.718231633728710E-02
 1.341779296471117 4.416252002318509E-02
 1.341650167480276 0.1055060110935580
 1.338462825243863 0.1667271530580700
 1.332210896865607 0.2277604025259055
 1.322862109631387 0.2884620938880922
 1.310412580003959 0.3486263534654113
 1.294900191252099 0.4081234139845263
 1.276351560265378 0.4668929606942583
 1.254758220277910 0.5247997758307995
 1.230127202889416 0.5816303784209806
 1.202515577792056 0.6372454641137960
 1.171983604100282 0.6915949386215047
 1.138549022383995 0.7445552295688814
 1.102228799214282 0.7959004251445890
 1.063096981755754 0.8454782382215520
 1.021250177394681 0.8932560762458188
 0.9767366601916645 0.9391277534217669
 0.9295816379981580 0.9828452306576311
 0.8798738000508528 1.024235551418787
 0.8277536730879116 1.063299778805183
 0.7733087027923027 1.099962603306686
 0.7165661017382693 1.133928322146907
 0.6576240232616658 1.164983794602555
 0.5966909257908227 1.193218914192405
 0.5339138920448477 1.218630116819083
 0.4692756218391723 1.240739117528212
 0.4028644683911022 1.259232275486109
 0.3352973127946855 1.275171938527491
   
   
 #BODY NUMBER  2
 -1.092231599682426 -0.7856817053603752
 -1.054698208063442 -0.8393137034239400
 -1.015305735640567 -0.8911329494887744
 -0.9733150859943642 -0.9402672862119386
 -0.9290084889861967 -0.9867389817995924
 -0.8827746244588386 -1.030712685288756
 -0.8346453266393272 -1.072057491827308
 -0.7845963226667734 -1.110557418041321
 -0.7328328704451477 -1.146187218025184
 -0.6796074409497284 -1.179009001654946
 -0.6250015379657292 -1.208961978810627
 -0.5690526174079755 -1.235914004125302
 -0.5119358550783923 -1.259832693284971
 -0.4538699481030345 -1.280765009605223
 -0.3949577521839613 -1.298693228751296
 -0.3352584564925144 -1.313534087785090
 -0.2749320818473292 -1.325261913772668
 -0.2141832939806388 -1.333924853612994
 -0.1531269005281370 -1.339538914677768
 -9.183139117867833E-02 -1.342060177038277
 -3.044638805897404E-02 -1.341476030484122
 3.083078195461120E-02 -1.337841908706606
 9.187822463276885E-02 -1.331203211991731
 0.1526252521071554 -1.321551696009641
 0.2129322806310283 -1.308891586843854
 0.2726073316763939 -1.293288491435253
 0.3315253734533897 -1.274814382364292
 0.3896199401125853 -1.253494666777611
 0.4467640450562869 -1.229352659962887
 0.5027714714336357 -1.202465253060212
 0.5575179823344422 -1.172928277478753
 0.6109484541177300 -1.140798861912067
 0.6629532364791902 -1.106120306145450
 0.7133531136558475 -1.068980360731911
 0.7620281089609150 -1.029495320746462
 0.8089426127851952 -0.9877514547506180
 0.8540106009489644 -0.9438115697795884
 0.8970598402558893 -0.8977723016959516
 0.9379761316188530 -0.8497659641650671
 0.9767532425149776 -0.7999046332641061
 1.013336663248445 -0.7482691000548441
 1.047556361124500 -0.6949615298259411
 1.079300791610458 -0.6401248761348020
 1.108608626387902 -0.5838937364503847
 1.135469299411043 -0.5263652834973023
 1.159695468705409 -0.4676423596409688
 1.181163403774473 -0.4078722693460448
 1.200001334575145 -0.3472115883855062
 1.216274662855373 -0.2857741627838942
 1.229668393947866 -0.2236509289181763
 1.239996029479339 -0.1609845336031888
 1.248184521449134 -9.801239509496484E-02
 1.252692530434516 -3.471396171017227E-02
 1.255034917478722 2.866272178201468E-02
 1.254254605947032 9.204556933540486E-02
 1.250507673604395 0.1552584157766188
 1.244082629432261 0.2181561977232954
 1.234888832093989 0.2806388725449908
 1.222769589208973 0.3425718449538231
 1.207819193247375 0.4037836774744319
 1.190199437421919 0.4641384227471464
 1.169897611628752 0.5235384446630142
 1.146848931315357 0.5818549245503017
 1.121136995283171 0.6389222660038834
 1.092907367455594 0.6946075386436816
 1.062193181655537 0.7488217605182259
 1.028976885136475 0.8014512204876370
 0.9933461640086669 0.8523405086267473
 0.9554496104319017 0.9013614485012871
 0.9153535201965827 0.9484376270885775
 0.8730720776285550 0.9934765045861450
 0.8287004223145541 1.036337517055566
 0.7823952215407827 1.076899243095410
 0.7342485015903140 1.115100051405521
 0.6842972444578862 1.150872962205865
 0.6326437840003413 1.184096217027591
 0.5794541978811542 1.214656133576345
 0.5248414625729865 1.242506385211312
 0.4688591538692001 1.267608681147019
 0.4116155534797539 1.289863239588703
 0.3532870114722004 1.309163760454842
 0.2940048512362166 1.325478167981909
 0.2338346153233318 1.338799355696851
 0.1728891723691042 1.349052382283421
 0.1113569181193826 1.356136596799019
 4.938702852707566E-02 1.360031770871341
 -1.294698392482174E-02 1.360765043280441
 -7.552923213520835E-02 1.358289991622918
 -0.1381555874509079 1.352508353474680
 -0.2006571417688985 1.343408111997820
 -0.2629573654163481 1.331056635366068
 -0.3249401617664261 1.315442637244434
 -0.3863781187388056 1.296463928726770
 -0.4470771069624057 1.274110838677782
 -0.5069677837397066 1.248505598372602
 -0.5659412062803039 1.219686283239068
 -0.6237276821807518 1.187528608669580
 -0.6800935494921723 1.152011007584809
 -0.7350124290712958 1.113358957038710
 -0.7884076929596997 1.071698052353802
 -0.8398737843289314 1.026774168653569
 -0.8890949056407037 0.9785070016518618
 -0.9366826365605126 0.9279619599646001
 -0.9811871069001665 0.8736188626669915
 -1.023697254663809 0.8171488945531293
 -1.063232581883958 0.7576768214510025
 -1.099740778482602 0.6954812606126746
 -1.133271195177416 0.6309828659450122
 -1.163550920016902 0.5642201018456335
 -1.190254056872678 0.4951759313581166
 -1.213266021573391 0.4241038934648322
 -1.232525691866062 0.3513364429361809
 -1.247827022164431 0.2770372744494959
 -1.258930444018460 0.2013314400813388
 -1.265732107511330 0.1245113761394211
 -1.268187734383356 4.694384801154396E-02
 -1.266170180798823 -3.111037787608070E-02
 -1.259531195792194 -0.1094304347853853
 -1.248235368021962 -0.1876762312762336
 -1.232318742360145 -0.2654404072464244
 -1.211770136533844 -0.3423997329208196
 -1.186565557899900 -0.4182837397148748
 -1.156783168957511 -0.4927402686395620
 -1.122580453918512 -0.5653635079958979
 -1.084085132520561 -0.6358301690579200
 -1.041409166688918 -0.7038901955211037
 -0.9947519288159291 -0.7692444164031756
 -0.9443893682493328 -0.8315534012350136
 -0.8905675635269120 -0.8905637763259857
 -0.8335002613593750 -0.9461136309696012
 -0.7734669035903736 -0.9980130619131864
 -0.7108135679999295 -1.046034455499907
 -0.6458464833005867 -1.090033223000518
 -0.5788163643925510 -1.129965663515295
 -0.5100186239438447 -1.165766481458602
 -0.4398090063231735 -1.197320741903254
 -0.3684943899850179 -1.224585756360196
 -0.2963040571680294 -1.247624362151565
 -0.2234988666966757 -1.266474643072879
 -0.1504055721515542 -1.281101990123440
 -7.729871450420796E-02 -1.291531555615466
 -4.353555529062476E-03 -1.297904301192995
 6.822772317940344E-02 -1.300330553324228
 0.1401553359788418 -1.298814104900183
 0.2111913985260545 -1.293409705628030
 0.2812295935812095 -1.284317675166676
 0.3501351111889817 -1.271701379548314
 0.4176354096443834 -1.255557526008307
 0.4835114748775781 -1.235932752790772
 0.5477546194361295 -1.213106743702124
 0.6103148069690342 -1.187306742958881
 0.6708390014072846 -1.158404772230856
 0.7290775195153959 -1.126379428384543
 0.7856817053603752 -1.092231599682426
 0.8393137034239400 -1.054698208063442
 0.8911329494887744 -1.015305735640567
 0.9402672862119386 -0.9733150859943642
 0.9867389817995924 -0.9290084889861967
 1.030712685288756 -0.8827746244588386
 1.072057491827308 -0.8346453266393272
 1.110557418041321 -0.7845963226667734
 1.146187218025184 -0.7328328704451477
 1.179009001654946 -0.6796074409497284
 1.208961978810627 -0.6250015379657292
 1.235914004125302 -0.5690526174079755
 1.259832693284971 -0.5119358550783923
 1.280765009605223 -0.4538699481030345
 1.298693228751296 -0.3949577521839613
 1.313534087785090 -0.3352584564925144
 1.325261913772668 -0.2749320818473292
 1.333924853612994 -0.2141832939806388
 1.339538914677768 -0.1531269005281370
 1.342060177038277 -9.183139117867833E-02
 1.341476030484122 -3.044638805897404E-02
 1.337841908706606 3.083078195461120E-02
 1.331203211991731 9.187822463276885E-02
 1.321551696009641 0.1526252521071554
 1.308891586843854 0.2129322806310283
 1.293288491435253 0.2726073316763939
 1.274814382364292 0.3315253734533897
 1.253494666777611 0.3896199401125853
 1.229352659962887 0.4467640450562869
 1.202465253060212 0.5027714714336357
 1.172928277478753 0.5575179823344422
 1.140798861912067 0.6109484541177300
 1.106120306145450 0.6629532364791902
 1.068980360731911 0.7133531136558475
 1.029495320746462 0.7620281089609150
 0.9877514547506180 0.8089426127851952
 0.9438115697795884 0.8540106009489644
 0.8977723016959516 0.8970598402558893
 0.8497659641650671 0.9379761316188530
 0.7999046332641061 0.9767532425149776
 0.7482691000548441 1.013336663248445
 0.6949615298259411 1.047556361124500
 0.6401248761348020 1.079300791610458
 0.5838937364503847 1.108608626387902
 0.5263652834973023 1.135469299411043
 0.4676423596409688 1.159695468705409
 0.4078722693460448 1.181163403774473
 0.3472115883855062 1.200001334575145
 0.2857741627838942 1.216274662855373
 0.2236509289181763 1.229668393947866
 0.1609845336031888 1.239996029479339
 9.801239509496484E-02 1.248184521449134
 3.471396171017227E-02 1.252692530434516
 -2.866272178201468E-02 1.255034917478722
 -9.204556933540486E-02 1.254254605947032
 -0.1552584157766188 1.250507673604395
 -0.2181561977232954 1.244082629432261
 -0.2806388725449908 1.234888832093989
 -0.3425718449538231 1.222769589208973
 -0.4037836774744319 1.207819193247375
 -0.4641384227471464 1.190199437421919
 -0.5235384446630142 1.169897611628752
 -0.5818549245503017 1.146848931315357
 -0.6389222660038834 1.121136995283171
 -0.6946075386436816 1.092907367455594
 -0.7488217605182259 1.062193181655537
 -0.8014512204876370 1.028976885136475
 -0.8523405086267473 0.9933461640086669
 -0.9013614485012871 0.9554496104319017
 -0.9484376270885775 0.9153535201965827
 -0.9934765045861450 0.8730720776285550
 -1.036337517055566 0.8287004223145541
 -1.076899243095410 0.7823952215407827
 -1.115100051405521 0.7342485015903140
 -1.150872962205865 0.6842972444578862
 -1.184096217027591 0.6326437840003413
 -1.214656133576345 0.5794541978811542
 -1.242506385211312 0.5248414625729865
 -1.267608681147019 0.4688591538692001
 -1.289863239588703 0.4116155534797539
 -1.309163760454842 0.3532870114722004
 -1.325478167981909 0.2940048512362166
 -1.338799355696851 0.2338346153233318
 -1.349052382283421 0.1728891723691042
 -1.356136596799019 0.1113569181193826
 -1.360031770871341 4.938702852707566E-02
 -1.360765043280441 -1.294698392482174E-02
 -1.358289991622918 -7.552923213520835E-02
 -1.352508353474680 -0.1381555874509079
 -1.343408111997820 -0.2006571417688985
 -1.331056635366068 -0.2629573654163481
 -1.315442637244434 -0.3249401617664261
 -1.296463928726770 -0.3863781187388056
 -1.274110838677782 -0.4470771069624057
 -1.248505598372602 -0.5069677837397066
 -1.219686283239068 -0.5659412062803039
 -1.187528608669580 -0.6237276821807518
 -1.152011007584809 -0.6800935494921723
 -1.113358957038710 -0.7350124290712958
 -1.071698052353802 -0.7884076929596997
 -1.026774168653569 -0.8398737843289314
 -0.9785070016518618 -0.8890949056407037
 -0.9279619599646001 -0.9366826365605126
 -0.8736188626669915 -0.9811871069001665
 -0.8171488945531293 -1.023697254663809
 -0.7576768214510025 -1.063232581883958
 -0.6954812606126746 -1.099740778482602
 -0.6309828659450122 -1.133271195177416
 -0.5642201018456335 -1.163550920016902
 -0.4951759313581166 -1.190254056872678
 -0.4241038934648322 -1.213266021573391
 -0.3513364429361809 -1.232525691866062
 -0.2770372744494959 -1.247827022164431
 -0.2013314400813388 -1.258930444018460
 -0.1245113761394211 -1.265732107511330
 -4.694384801154396E-02 -1.268187734383356
 3.111037787608070E-02 -1.266170180798823
 0.1094304347853853 -1.259531195792194
 0.1876762312762336 -1.248235368021962
 0.2654404072464244 -1.232318742360145
 0.3423997329208196 -1.211770136533844
 0.4182837397148748 -1.186565557899900
 0.4927402686395620 -1.156783168957511
 0.5653635079958979 -1.122580453918512
 0.6358301690579200 -1.084085132520561
 0.7038901955211037 -1.041409166688918
 0.7692444164031756 -0.9947519288159291
 0.8315534012350136 -0.9443893682493328
 0.8905637763259857 -0.8905675635269120
 0.9461136309696012 -0.8335002613593750
 0.9980130619131864 -0.7734669035903736
 1.046034455499907 -0.7108135679999295
 1.090033223000518 -0.6458464833005867
 1.129965663515295 -0.5788163643925510
 1.165766481458602 -0.5100186239438447
 1.197320741903254 -0.4398090063231735
 1.224585756360196 -0.3684943899850179
 1.247624362151565 -0.2963040571680294
 1.266474643072879 -0.2234988666966757
 1.281101990123440 -0.1504055721515542
 1.291531555615466 -7.729871450420796E-02
 1.297904301192995 -4.353555529062476E-03
 1.300330553324228 6.822772317940344E-02
 1.298814104900183 0.1401553359788418
 1.293409705628030 0.2111913985260545
 1.284317675166676 0.2812295935812095
 1.271701379548314 0.3501351111889817
 1.255557526008307 0.4176354096443834
 1.235932752790772 0.4835114748775781
 1.213106743702124 0.5477546194361295
 1.187306742958881 0.6103148069690342
 1.158404772230856 0.6708390014072846
 1.126379428384543 0.7290775195153959
 1.092231599682426 0.7856817053603752
 1.054698208063442 0.8393137034239400
 1.015305735640567 0.8911329494887744
 0.9733150859943642 0.9402672862119386
 0.9290084889861967 0.9867389817995924
 0.8827746244588386 1.030712685288756
 0.8346453266393272 1.072057491827308
 0.7845963226667734 1.110557418041321
 0.7328328704451477 1.146187218025184
 0.6796074409497284 1.179009001654946
 0.6250015379657292 1.208961978810627
 0.5690526174079755 1.235914004125302
 0.5119358550783923 1.259832693284971
 0.4538699481030345 1.280765009605223
 0.3949577521839613 1.298693228751296
 0.3352584564925144 1.313534087785090
 0.2749320818473292 1.325261913772668
 0.2141832939806388 1.333924853612994
 0.1531269005281370 1.339538914677768
 9.183139117867833E-02 1.342060177038277
 3.044638805897404E-02 1.341476030484122
 -3.083078195461120E-02 1.337841908706606
 -9.187822463276885E-02 1.331203211991731
 -0.1526252521071554 1.321551696009641
 -0.2129322806310283 1.308891586843854
 -0.2726073316763939 1.293288491435253
 -0.3315253734533897 1.274814382364292
 -0.3896199401125853 1.253494666777611
 -0.4467640450562869 1.229352659962887
 -0.5027714714336357 1.202465253060212
 -0.5575179823344422 1.172928277478753
 -0.6109484541177300 1.140798861912067
 -0.6629532364791902 1.106120306145450
 -0.7133531136558475 1.068980360731911
 -0.7620281089609150 1.029495320746462
 -0.8089426127851952 0.9877514547506180
 -0.8540106009489644 0.9438115697795884
 -0.8970598402558893 0.8977723016959516
 -0.9379761316188530 0.8497659641650671
 -0.9767532425149776 0.7999046332641061
 -1.013336663248445 0.7482691000548441
 -1.047556361124500 0.6949615298259411
 -1.079300791610458 0.6401248761348020
 -1.108608626387902 0.5838937364503847
 -1.135469299411043 0.5263652834973023
 -1.159695468705409 0.4676423596409688
 -1.181163403774473 0.4078722693460448
 -1.200001334575145 0.3472115883855062
 -1.216274662855373 0.2857741627838942
 -1.229668393947866 0.2236509289181763
 -1.239996029479339 0.1609845336031888
 -1.248184521449134 9.801239509496484E-02
 -1.252692530434516 3.471396171017227E-02
 -1.255034917478722 -2.866272178201468E-02
 -1.254254605947032 -9.204556933540486E-02
 -1.250507673604395 -0.1552584157766188
 -1.244082629432261 -0.2181561977232954
 -1.234888832093989 -0.2806388725449908
 -1.222769589208973 -0.3425718449538231
 -1.207819193247375 -0.4037836774744319
 -1.190199437421919 -0.4641384227471464
 -1.169897611628752 -0.5235384446630142
 -1.146848931315357 -0.5818549245503017
 -1.121136995283171 -0.6389222660038834
 -1.092907367455594 -0.6946075386436816
 -1.062193181655537 -0.7488217605182259
 -1.028976885136475 -0.8014512204876370
 -0.9933461640086669 -0.8523405086267473
 -0.9554496104319017 -0.9013614485012871
 -0.9153535201965827 -0.9484376270885775
 -0.8730720776285550 -0.9934765045861450
 -0.8287004223145541 -1.036337517055566
 -0.7823952215407827 -1.076899243095410
 -0.7342485015903140 -1.115100051405521
 -0.6842972444578862 -1.150872962205865
 -0.6326437840003413 -1.184096217027591
 -0.5794541978811542 -1.214656133576345
 -0.5248414625729865 -1.242506385211312
 -0.4688591538692001 -1.267608681147019
 -0.4116155534797539 -1.289863239588703
 -0.3532870114722004 -1.309163760454842
 -0.2940048512362166 -1.325478167981909
 -0.2338346153233318 -1.338799355696851
 -0.1728891723691042 -1.349052382283421
 -0.1113569181193826 -1.356136596799019
 -4.938702852707566E-02 -1.360031770871341
 1.294698392482174E-02 -1.360765043280441
 7.552923213520835E-02 -1.358289991622918
 0.1381555874509079 -1.352508353474680
 0.2006571417688985 -1.343408111997820
 0.2629573654163481 -1.331056635366068
 0.3249401617664261 -1.315442637244434
 0.3863781187388056 -1.296463928726770
 0.4470771069624057 -1.274110838677782
 0.5069677837397066 -1.248505598372602
 0.5659412062803039 -1.219686283239068
 0.6237276821807518 -1.187528608669580
 0.6800935494921723 -1.152011007584809
 0.7350124290712958 -1.113358957038710
 0.7884076929596997 -1.071698052353802
 0.8398737843289314 -1.026774168653569
 0.8890949056407037 -0.9785070016518618
 0.9366826365605126 -0.9279619599646001
 0.9811871069001665 -0.8736188626669915
 1.023697254663809 -0.8171488945531293
 1.063232581883958 -0.7576768214510025
 1.099740778482602 -0.6954812606126746
 1.133271195177416 -0.6309828659450122
 1.163550920016902 -0.5642201018456335
 1.190254056872678 -0.4951759313581166
 1.213266021573391 -0.4241038934648322
 1.232525691866062 -0.3513364429361809
 1.247827022164431 -0.2770372744494959
 1.258930444018460 -0.2013314400813388
 1.265732107511330 -0.1245113761394211
 1.268187734383356 -4.694384801154396E-02
 1.266170180798823 3.111037787608070E-02
 1.259531195792194 0.1094304347853853
 1.248235368021962 0.1876762312762336
 1.232318742360145 0.2654404072464244
 1.211770136533844 0.3423997329208196
 1.186565557899900 0.4182837397148748
 1.156783168957511 0.4927402686395620
 1.122580453918512 0.5653635079958979
 1.084085132520561 0.6358301690579200
 1.041409166688918 0.7038901955211037
 0.9947519288159291 0.7692444164031756
 0.9443893682493328 0.8315534012350136
 0.8905675635269120 0.8905637763259857
 0.8335002613593750 0.9461136309696012
 0.7734669035903736 0.9980130619131864
 0.7108135679999295 1.046034455499907
 0.6458464833005867 1.090033223000518
 0.5788163643925510 1.129965663515295
 0.5100186239438447 1.165766481458602
 0.4398090063231735 1.197320741903254
 0.3684943899850179 1.224585756360196
 0.2963040571680294 1.247624362151565
 0.2234988666966757 1.266474643072879
 0.1504055721515542 1.281101990123440
 7.729871450420796E-02 1.291531555615466
 4.353555529062476E-03 1.297904301192995
 -6.822772317940344E-02 1.300330553324228
 -0.1401553359788418 1.298814104900183
 -0.2111913985260545 1.293409705628030
 -0.2812295935812095 1.284317675166676
 -0.3501351111889817 1.271701379548314
 -0.4176354096443834 1.255557526008307
 -0.4835114748775781 1.235932752790772
 -0.5477546194361295 1.213106743702124
 -0.6103148069690342 1.187306742958881
 -0.6708390014072846 1.158404772230856
 -0.7290775195153959 1.126379428384543
 -0.7856817053603752 1.092231599682426
 -0.8393137034239400 1.054698208063442
 -0.8911329494887744 1.015305735640567
 -0.9402672862119386 0.9733150859943642
 -0.9867389817995924 0.9290084889861967
 -1.030712685288756 0.8827746244588386
 -1.072057491827308 0.8346453266393272
 -1.110557418041321 0.7845963226667734
 -1.146187218025184 0.7328328704451477
 -1.179009001654946 0.6796074409497284
 -1.208961978810627 0.6250015379657292
 -1.235914004125302 0.5690526174079755
 -1.259832693284971 0.5119358550783923
 -1.280765009605223 0.4538699481030345
 -1.298693228751296 0.3949577521839613
 -1.313534087785090 0.3352584564925144
 -1.325261913772668 0.2749320818473292
 -1.333924853612994 0.2141832939806388
 -1.339538914677768 0.1531269005281370
 -1.342060177038277 9.183139117867833E-02
 -1.341476030484122 3.044638805897404E-02
 -1.337841908706606 -3.083078195461120E-02
 -1.331203211991731 -9.187822463276885E-02
 -1.321551696009641 -0.1526252521071554
 -1.308891586843854 -0.2129322806310283
 -1.293288491435253 -0.2726073316763939
 -1.274814382364292 -0.3315253734533897
 -1.253494666777611 -0.3896199401125853
 -1.229352659962887 -0.4467640450562869
 -1.202465253060212 -0.5027714714336357
 -1.172928277478753 -0.5575179823344422
 -1.140798861912067 -0.6109484541177300
 -1.106120306145450 -0.6629532364791902
 -1.068980360731911 -0.7133531136558475
 -1.029495320746462 -0.7620281089609150
 -0.9877514547506180 -0.8089426127851952
 -0.9438115697795884 -0.8540106009489644
 -0.8977723016959516 -0.8970598402558893
 -0.8497659641650671 -0.9379761316188530
 -0.7999046332641061 -0.9767532425149776
 -0.7482691000548441 -1.013336663248445
 -0.6949615298259411 -1.047556361124500
 -0.6401248761348020 -1.079300791610458
 -0.5838937364503847 -1.108608626387902
 -0.5263652834973023 -1.135469299411043
 -0.4676423596409688 -1.159695468705409
 -0.4078722693460448 -1.181163403774473
 -0.3472115883855062 -1.200001334575145
 -0.2857741627838942 -1.216274662855373
 -0.2236509289181763 -1.229668393947866
 -0.1609845336031888 -1.239996029479339
 -9.801239509496484E-02 -1.248184521449134
 -3.471396171017227E-02 -1.252692530434516
 2.866272178201468E-02 -1.255034917478722
 9.204556933540486E-02 -1.254254605947032
 0.1552584157766188 -1.250507673604395
 0.2181561977232954 -1.244082629432261
 0.2806388725449908 -1.234888832093989
 0.3425718449538231 -1.222769589208973
 0.4037836774744319 -1.207819193247375
 0.4641384227471464 -1.190199437421919
 0.5235384446630142 -1.169897611628752
 0.5818549245503017 -1.146848931315357
 0.6389222660038834 -1.121136995283171
 0.6946075386436816 -1.092907367455594
 0.7488217605182259 -1.062193181655537
 0.8014512204876370 -1.028976885136475
 0.8523405086267473 -0.9933461640086669
 0.9013614485012871 -0.9554496104319017
 0.9484376270885775 -0.9153535201965827
 0.9934765045861450 -0.8730720776285550
 1.036337517055566 -0.8287004223145541
 1.076899243095410 -0.7823952215407827
 1.115100051405521 -0.7342485015903140
 1.150872962205865 -0.6842972444578862
 1.184096217027591 -0.6326437840003413
 1.214656133576345 -0.5794541978811542
 1.242506385211312 -0.5248414625729865
 1.267608681147019 -0.4688591538692001
 1.289863239588703 -0.4116155534797539
 1.309163760454842 -0.3532870114722004
 1.325478167981909 -0.2940048512362166
 1.338799355696851 -0.2338346153233318
 1.349052382283421 -0.1728891723691042
 1.356136596799019 -0.1113569181193826
 1.360031770871341 -4.938702852707566E-02
 1.360765043280441 1.294698392482174E-02
 1.358289991622918 7.552923213520835E-02
 1.352508353474680 0.1381555874509079
 1.343408111997820 0.2006571417688985
 1.331056635366068 0.2629573654163481
 1.315442637244434 0.3249401617664261
 1.296463928726770 0.3863781187388056
 1.274110838677782 0.4470771069624057
 1.248505598372602 0.5069677837397066
 1.219686283239068 0.5659412062803039
 1.187528608669580 0.6237276821807518
 1.152011007584809 0.6800935494921723
 1.113358957038710 0.7350124290712958
 1.071698052353802 0.7884076929596997
 1.026774168653569 0.8398737843289314
 0.9785070016518618 0.8890949056407037
 0.9279619599646001 0.9366826365605126
 0.8736188626669915 0.9811871069001665
 0.8171488945531293 1.023697254663809
 0.7576768214510025 1.063232581883958
 0.6954812606126746 1.099740778482602
 0.6309828659450122 1.133271195177416
 0.5642201018456335 1.163550920016902
 0.4951759313581166 1.190254056872678
 0.4241038934648322 1.213266021573391
 0.3513364429361809 1.232525691866062
 0.2770372744494959 1.247827022164431
 0.2013314400813388 1.258930444018460
 0.1245113761394211 1.265732107511330
 4.694384801154396E-02 1.268187734383356
 -3.111037787608070E-02 1.266170180798823
 -0.1094304347853853 1.259531195792194
 -0.1876762312762336 1.248235368021962
 -0.2654404072464244 1.232318742360145
 -0.3423997329208196 1.211770136533844
 -0.4182837397148748 1.186565557899900
 -0.4927402686395620 1.156783168957511
 -0.5653635079958979 1.122580453918512
 -0.6358301690579200 1.084085132520561
 -0.7038901955211037 1.041409166688918
 -0.7692444164031756 0.9947519288159291
 -0.8315534012350136 0.9443893682493328
 -0.8905637763259857 0.8905675635269120
 -0.9461136309696012 0.8335002613593750
 -0.9980130619131864 0.7734669035903736
 -1.046034455499907 0.7108135679999295
 -1.090033223000518 0.6458464833005867
 -1.129965663515295 0.5788163643925510
 -1.165766481458602 0.5100186239438447
 -1.197320741903254 0.4398090063231735
 -1.224585756360196 0.3684943899850179
 -1.247624362151565 0.2963040571680294
 -1.266474643072879 0.2234988666966757
 -1.281101990123440 0.1504055721515542
 -1.291531555615466 7.729871450420796E-02
 -1.297904301192995 4.353555529062476E-03
 -1.300330553324228 -6.822772317940344E-02
 -1.298814104900183 -0.1401553359788418
 -1.293409705628030 -0.2111913985260545
 -1.284317675166676 -0.2812295935812095
 -1.271701379548314 -0.3501351111889817
 -1.255557526008307 -0.4176354096443834
 -1.235932752790772 -0.4835114748775781
 -1.213106743702124 -0.5477546194361295
 -1.187306742958881 -0.6103148069690342
 -1.158404772230856 -0.6708390014072846
 -1.126379428384543 -0.7290775195153959
 -1.092231599682426 -0.7856817053603752
   
   
 #BODY NUMBER  3
 1.031953306637990 -0.7089734847625637
 1.067506573632216 -0.6564094379242675
 1.101223482064087 -0.6026948135345307
 1.132239136231473 -0.5474135016232533
 1.160600620857095 -0.4907961045883190
 1.186485260356928 -0.4331125054947358
 1.209764535715586 -0.3744040231336093
 1.230235449706945 -0.3147088742531716
 1.247893943267869 -0.2542226742973269
 1.262812159750903 -0.1931440537394895
 1.274930273828747 -0.1315512128784120
 1.284127771097285 -6.952331968003922E-02
 1.290394252039722 -7.245584238704139E-03
 1.293789313521559 5.509409039781255E-02
 1.294297159299427 0.1174020766876023
 1.291845732678988 0.1795886742680995
 1.286433267096703 0.2414754511409791
 1.278124358920616 0.3028771071781030
 1.266938215478042 0.3636943188654488
 1.252840850854261 0.4238398522202916
 1.235844376379080 0.4831444055077322
 1.216023759201577 0.5414244910664673
 1.193427880770631 0.5985807214833576
 1.168055278543152 0.6545365995699842
 1.139933697004406 0.7091355124707758
 1.109150122482787 0.7621959695991222
 1.075779232153242 0.8136213626708764
 1.039848278621114 0.8633517429964072
 1.001401145700610 0.9112465561516334
 0.9605374069894311 0.9571255685317588
 0.9173547539973828 1.000895340015883
 0.8719063950025928 1.042516944942046
 0.8242526064526212 1.081869047908806
 0.7745062183780386 1.118770284770034
 0.7227863067575446 1.153128549264980
 0.6691701046589358 1.184930588025104
 0.6137347620540365 1.214078254519203
 0.5566079283300911 1.240384386665190
 0.4979298737762685 1.263754123524652
 0.4378005591202487 1.284207542811029
 0.3763148838226668 1.301676821958091
 0.3136186980691391 1.315959756736964
 0.2498752872589948 1.326950907013258
 0.1852058195674195 1.334721456827618
 0.1197236799323812 1.339249909072607
 5.360028652267201E-02 1.340293783919021
 -1.297278701774629E-02 1.337717572753838
 -7.985995715369498E-02 1.331703354862119
 -0.1469320644652810 1.322321585004548
 -0.2139649488746431 1.309149406168104
 -0.2807252738342469 1.291959374031806
 -0.3472099785628905 1.271979949355198
 -0.4129235291078061 1.247169681744967
 -0.4779733810466820 1.219520328689286
 -0.5419480153173244 1.187783666177193
 -0.6046628214372710 1.152174828787903
 -0.6659502114282889 1.113082788849799
 -0.7255546044085754 1.070404401532613
 -0.7832022845301687 1.023961964335087
 -0.8386672494986188 0.9739177563711292
 -0.8917303385049102 0.9205291307910253
 -0.9421312634983372 0.8638348285506807
 -0.9896000260769399 0.8038233637001739
 -1.033900471420718 0.7406960685525634
 -1.074810870738047 0.6747484321210708
 -1.112090731024156 0.6061427128373921
 -1.145501229807724 0.5349960614247773
 -1.174841654247353 0.4615853000392390
 -1.199939540066788 0.3862812353137820
 -1.220623588246057 0.3093582013084854
 -1.236737786254406 0.2310384343669104
 -1.248173745307252 0.1516659943693260
 -1.254864944883247 7.167106666212203E-02
 -1.256760349156785 -8.602512636432635E-03
 -1.253831891847138 -8.888220745161202E-02
 -1.246102649019752 -0.1688092419165204
 -1.233641884585366 -0.2479516859482095
 -1.216536021963710 -0.3259670722250502
 -1.194889215882988 -0.4026083086067226
 -1.168848518452346 -0.4775712131303244
 -1.138599834992550 -0.5504856276967777
 -1.104336072983409 -0.6210732204371832
 -1.066252507447747 -0.6891707878121089
 -1.024572325467853 -0.7545740758516275
 -0.9795461432406862 -0.8170056758046627
 -0.9314183810591734 -0.8762751791280018
 -0.8804190218276925 -0.9323223634195967
 -0.8267930178127922 -0.9850497808016047
 -0.7708060414156993 -1.034264082209923
 -0.7127084282482575 -1.079849779700124
 -0.6527224402814520 -1.121841318749692
 -0.5910783351463784 -1.160233154085559
 -0.5280289710164716 -1.194883677626526
 -0.4638077366296883 -1.225721361838253
 -0.3986068652460376 -1.252866530014317
 -0.3326247887276100 -1.276393256311047
 -0.2660958887321968 -1.296162418258126
 -0.1992331561301222 -1.312104898724830
 -0.1321839563790963 -1.324458567266322
 -6.510524433846099E-02 -1.333395204971469
 1.761230952665005E-03 -1.338627461320690
 6.820993903620631E-02 -1.340011959038907
 0.1343045162895523 -1.338741164821284
 0.1995178848778093 -1.333052293220836
 0.2640909045863500 -1.324847034417166
 0.3276378132098102 -1.313049233463724
 0.3900367806497394 -1.297914442693239
 0.4512360572335187 -1.279861593242000
 0.5111063589202134 -1.258852801933272
 0.5694727750516516 -1.234759056165938
 0.6262108130802487 -1.207745491546360
 0.6812480262488485 -1.178061809290871
 0.7344910168766424 -1.145748198687979
 0.7858066157614695 -1.110771024827985
 0.8350791893637580 -1.073265802248482
 0.8822400605448270 -1.033445409874165
 0.9272224517294765 -0.9913900611885572
 0.9699246605124501 -0.9471093840486228
 1.010244443071448 -0.9007291240814638
 1.048121162977972 -0.8524506004599609
 1.083511279204714 -0.8023812431990236
 1.116342511133250 -0.7505584061447403
 1.146529126937670 -0.6971053607546115
 1.174020470164688 -0.6422207139620710
 1.198794911500665 -0.5860327294092743
 1.220809967212337 -0.5285985024210198
 1.239999505322017 -0.4700410291096990
 1.256324353843180 -0.4105593712279792
 1.269784326963940 -0.3502977957723872
 1.280368194994014 -0.2893265674303352
 1.288032656265976 -0.2277673174652033
 1.292751192035045 -0.1658197599704955
 1.294544676280944 -0.1036394029711058
 1.293435022083091 -4.130254928724771E-02
 1.289404903003376 2.107419123936602E-02
 1.282440705368412 8.329173792873633E-02
 1.272583155324102 0.1451880403847377
 1.259889158831668 0.2066891255004284
 1.244370096289275 0.2676890906332238
 1.226023540210666 0.3279904595284347
 1.204906978047752 0.3874281760428493
 1.181114354269080 0.4459408046147402
 1.154688381138637 0.5034407429318879
 1.125632520044412 0.5597296557168315
 1.094014800132335 0.6146394657919105
 1.059971122070600 0.6681363650813028
 1.023580356884383 0.7201626167586307
 0.9848378976874821 0.7705045567321009
 0.9438094486401201 0.8189813790161672
 0.9006947233177669 0.8656258461245522
 0.8556250161437683 0.9104376746201590
 0.8085215829970613 0.9530986029305746
 0.7594147104564207 0.9933757953193509
 0.7089734847625637 1.031953306637990
 0.6564094379242675 1.067506573632216
 0.6026948135345307 1.101223482064087
 0.5474135016232533 1.132239136231473
 0.4907961045883190 1.160600620857095
 0.4331125054947358 1.186485260356928
 0.3744040231336093 1.209764535715586
 0.3147088742531716 1.230235449706945
 0.2542226742973269 1.247893943267869
 0.1931440537394895 1.262812159750903
 0.1315512128784120 1.274930273828747
 6.952331968003922E-02 1.284127771097285
 7.245584238704139E-03 1.290394252039722
 -5.509409039781255E-02 1.293789313521559
 -0.1174020766876023 1.294297159299427
 -0.1795886742680995 1.291845732678988
 -0.2414754511409791 1.286433267096703
 -0.3028771071781030 1.278124358920616
 -0.3636943188654488 1.266938215478042
 -0.4238398522202916 1.252840850854261
 -0.4831444055077322 1.235844376379080
 -0.5414244910664673 1.216023759201577
 -0.5985807214833576 1.193427880770631
 -0.6545365995699842 1.168055278543152
 -0.7091355124707758 1.139933697004406
 -0.7621959695991222 1.109150122482787
 -0.8136213626708764 1.075779232153242
 -0.8633517429964072 1.039848278621114
 -0.9112465561516334 1.001401145700610
 -0.9571255685317588 0.9605374069894311
 -1.000895340015883 0.9173547539973828
 -1.042516944942046 0.8719063950025928
 -1.081869047908806 0.8242526064526212
 -1.118770284770034 0.7745062183780386
 -1.153128549264980 0.7227863067575446
 -1.184930588025104 0.6691701046589358
 -1.214078254519203 0.6137347620540365
 -1.240384386665190 0.5566079283300911
 -1.263754123524652 0.4979298737762685
 -1.284207542811029 0.4378005591202487
 -1.301676821958091 0.3763148838226668
 -1.315959756736964 0.3136186980691391
 -1.326950907013258 0.2498752872589948
 -1.334721456827618 0.1852058195674195
 -1.339249909072607 0.1197236799323812
 -1.340293783919021 5.360028652267201E-02
 -1.337717572753838 -1.297278701774629E-02
 -1.331703354862119 -7.985995715369498E-02
 -1.322321585004548 -0.1469320644652810
 -1.309149406168104 -0.2139649488746431
 -1.291959374031806 -0.2807252738342469
 -1.271979949355198 -0.3472099785628905
 -1.247169681744967 -0.4129235291078061
 -1.219520328689286 -0.4779733810466820
 -1.187783666177193 -0.5419480153173244
 -1.152174828787903 -0.6046628214372710
 -1.113082788849799 -0.6659502114282889
 -1.070404401532613 -0.7255546044085754
 -1.023961964335087 -0.7832022845301687
 -0.9739177563711292 -0.8386672494986188
 -0.9205291307910253 -0.8917303385049102
 -0.8638348285506807 -0.9421312634983372
 -0.8038233637001739 -0.9896000260769399
 -0.7406960685525634 -1.033900471420718
 -0.6747484321210708 -1.074810870738047
 -0.6061427128373921 -1.112090731024156
 -0.5349960614247773 -1.145501229807724
 -0.4615853000392390 -1.174841654247353
 -0.3862812353137820 -1.199939540066788
 -0.3093582013084854 -1.220623588246057
 -0.2310384343669104 -1.236737786254406
 -0.1516659943693260 -1.248173745307252
 -7.167106666212203E-02 -1.254864944883247
 8.602512636432635E-03 -1.256760349156785
 8.888220745161202E-02 -1.253831891847138
 0.1688092419165204 -1.246102649019752
 0.2479516859482095 -1.233641884585366
 0.3259670722250502 -1.216536021963710
 0.4026083086067226 -1.194889215882988
 0.4775712131303244 -1.168848518452346
 0.5504856276967777 -1.138599834992550
 0.6210732204371832 -1.104336072983409
 0.6891707878121089 -1.066252507447747
 0.7545740758516275 -1.024572325467853
 0.8170056758046627 -0.9795461432406862
 0.8762751791280018 -0.9314183810591734
 0.9323223634195967 -0.8804190218276925
 0.9850497808016047 -0.8267930178127922
 1.034264082209923 -0.7708060414156993
 1.079849779700124 -0.7127084282482575
 1.121841318749692 -0.6527224402814520
 1.160233154085559 -0.5910783351463784
 1.194883677626526 -0.5280289710164716
 1.225721361838253 -0.4638077366296883
 1.252866530014317 -0.3986068652460376
 1.276393256311047 -0.3326247887276100
 1.296162418258126 -0.2660958887321968
 1.312104898724830 -0.1992331561301222
 1.324458567266322 -0.1321839563790963
 1.333395204971469 -6.510524433846099E-02
 1.338627461320690 1.761230952665005E-03
 1.340011959038907 6.820993903620631E-02
 1.338741164821284 0.1343045162895523
 1.333052293220836 0.1995178848778093
 1.324847034417166 0.2640909045863500
 1.313049233463724 0.3276378132098102
 1.297914442693239 0.3900367806497394
 1.279861593242000 0.4512360572335187
 1.258852801933272 0.5111063589202134
 1.234759056165938 0.5694727750516516
 1.207745491546360 0.6262108130802487
 1.178061809290871 0.6812480262488485
 1.145748198687979 0.7344910168766424
 1.110771024827985 0.7858066157614695
 1.073265802248482 0.8350791893637580
 1.033445409874165 0.8822400605448270
 0.9913900611885572 0.9272224517294765
 0.9471093840486228 0.9699246605124501
 0.9007291240814638 1.010244443071448
 0.8524506004599609 1.048121162977972
 0.8023812431990236 1.083511279204714
 0.7505584061447403 1.116342511133250
 0.6971053607546115 1.146529126937670
 0.6422207139620710 1.174020470164688
 0.5860327294092743 1.198794911500665
 0.5285985024210198 1.220809967212337
 0.4700410291096990 1.239999505322017
 0.4105593712279792 1.256324353843180
 0.3502977957723872 1.269784326963940
 0.2893265674303352 1.280368194994014
 0.2277673174652033 1.288032656265976
 0.1658197599704955 1.292751192035045
 0.1036394029711058 1.294544676280944
 4.130254928724771E-02 1.293435022083091
 -2.107419123936602E-02 1.289404903003376
 -8.329173792873633E-02 1.282440705368412
 -0.1451880403847377 1.272583155324102
 -0.2066891255004284 1.259889158831668
 -0.2676890906332238 1.244370096289275
 -0.3279904595284347 1.226023540210666
 -0.3874281760428493 1.204906978047752
 -0.4459408046147402 1.181114354269080
 -0.5034407429318879 1.154688381138637
 -0.5597296557168315 1.125632520044412
 -0.6146394657919105 1.094014800132335
 -0.6681363650813028 1.059971122070600
 -0.7201626167586307 1.023580356884383
 -0.7705045567321009 0.9848378976874821
 -0.8189813790161672 0.9438094486401201
 -0.8656258461245522 0.9006947233177669
 -0.9104376746201590 0.8556250161437683
 -0.9530986029305746 0.8085215829970613
 -0.9933757953193509 0.7594147104564207
 -1.031953306637990 0.7089734847625637
 -1.067506573632216 0.6564094379242675
 -1.101223482064087 0.6026948135345307
 -1.132239136231473 0.5474135016232533
 -1.160600620857095 0.4907961045883190
 -1.186485260356928 0.4331125054947358
 -1.209764535715586 0.3744040231336093
 -1.230235449706945 0.3147088742531716
 -1.247893943267869 0.2542226742973269
 -1.262812159750903 0.1931440537394895
 -1.274930273828747 0.1315512128784120
 -1.284127771097285 6.952331968003922E-02
 -1.290394252039722 7.245584238704139E-03
 -1.293789313521559 -5.509409039781255E-02
 -1.294297159299427 -0.1174020766876023
 -1.291845732678988 -0.1795886742680995
 -1.286433267096703 -0.2414754511409791
 -1.278124358920616 -0.3028771071781030
 -1.266938215478042 -0.3636943188654488
 -1.252840850854261 -0.4238398522202916
 -1.235844376379080 -0.4831444055077322
 -1.216023759201577 -0.5414244910664673
 -1.193427880770631 -0.5985807214833576
 -1.168055278543152 -0.6545365995699842
 -1.139933697004406 -0.7091355124707758
 -1.109150122482787 -0.7621959695991222
 -1.075779232153242 -0.8136213626708764
 -1.039848278621114 -0.8633517429964072
 -1.001401145700610 -0.9112465561516334
 -0.9605374069894311 -0.9571255685317588
 -0.9173547539973828 -1.000895340015883
 -0.8719063950025928 -1.042516944942046
 -0.8242526064526212 -1.081869047908806
 -0.7745062183780386 -1.118770284770034
 -0.7227863067575446 -1.153128549264980
 -0.6691701046589358 -1.184930588025104
 -0.6137347620540365 -1.214078254519203
 -0.5566079283300911 -1.240384386665190
 -0.4979298737762685 -1.263754123524652
 -0.4378005591202487 -1.284207542811029
 -0.3763148838226668 -1.301676821958091
 -0.3136186980691391 -1.315959756736964
 -0.2498752872589948 -1.326950907013258
 -0.1852058195674195 -1.334721456827618
 -0.1197236799323812 -1.339249909072607
 -5.360028652267201E-02 -1.340293783919021
 1.297278701774629E-02 -1.337717572753838
 7.985995715369498E-02 -1.331703354862119
 0.1469320644652810 -1.322321585004548
 0.2139649488746431 -1.309149406168104
 0.2807252738342469 -1.291959374031806
 0.3472099785628905 -1.271979949355198
 0.4129235291078061 -1.247169681744967
 0.4779733810466820 -1.219520328689286
 0.5419480153173244 -1.187783666177193
 0.6046628214372710 -1.152174828787903
 0.6659502114282889 -1.113082788849799
 0.7255546044085754 -1.070404401532613
 0.7832022845301687 -1.023961964335087
 0.8386672494986188 -0.9739177563711292
 0.8917303385049102 -0.9205291307910253
 0.9421312634983372 -0.8638348285506807
 0.9896000260769399 -0.8038233637001739
 1.033900471420718 -0.7406960685525634
 1.074810870738047 -0.6747484321210708
 1.112090731024156 -0.6061427128373921
 1.145501229807724 -0.5349960614247773
 1.174841654247353 -0.4615853000392390
 1.199939540066788 -0.3862812353137820
 1.220623588246057 -0.3093582013084854
 1.236737786254406 -0.2310384343669104
 1.248173745307252 -0.1516659943693260
 1.254864944883247 -7.167106666212203E-02
 1.256760349156785 8.602512636432635E-03
 1.253831891847138 8.888220745161202E-02
 1.246102649019752 0.1688092419165204
 1.233641884585366 0.2479516859482095
 1.216536021963710 0.3259670722250502
 1.194889215882988 0.4026083086067226
 1.168848518452346 0.4775712131303244
 1.138599834992550 0.5504856276967777
 1.104336072983409 0.6210732204371832
 1.066252507447747 0.6891707878121089
 1.024572325467853 0.7545740758516275
 0.9795461432406862 0.8170056758046627
 0.9314183810591734 0.8762751791280018
 0.8804190218276925 0.9323223634195967
 0.8267930178127922 0.9850497808016047
 0.7708060414156993 1.034264082209923
 0.7127084282482575 1.079849779700124
 0.6527224402814520 1.121841318749692
 0.5910783351463784 1.160233154085559
 0.5280289710164716 1.194883677626526
 0.4638077366296883 1.225721361838253
 0.3986068652460376 1.252866530014317
 0.3326247887276100 1.276393256311047
 0.2660958887321968 1.296162418258126
 0.1992331561301222 1.312104898724830
 0.1321839563790963 1.324458567266322
 6.510524433846099E-02 1.333395204971469
 -1.761230952665005E-03 1.338627461320690
 -6.820993903620631E-02 1.340011959038907
 -0.1343045162895523 1.338741164821284
 -0.1995178848778093 1.333052293220836
 -0.2640909045863500 1.324847034417166
 -0.3276378132098102 1.313049233463724
 -0.3900367806497394 1.297914442693239
 -0.4512360572335187 1.279861593242000
 -0.5111063589202134 1.258852801933272
 -0.5694727750516516 1.234759056165938
 -0.6262108130802487 1.207745491546360
 -0.6812480262488485 1.178061809290871
 -0.7344910168766424 1.145748198687979
 -0.7858066157614695 1.110771024827985
 -0.8350791893637580 1.073265802248482
 -0.8822400605448270 1.033445409874165
 -0.9272224517294765 0.9913900611885572
 -0.9699246605124501 0.9471093840486228
 -1.010244443071448 0.9007291240814638
 -1.048121162977972 0.8524506004599609
 -1.083511279204714 0.8023812431990236
 -1.116342511133250 0.7505584061447403
 -1.146529126937670 0.6971053607546115
 -1.174020470164688 0.6422207139620710
 -1.198794911500665 0.5860327294092743
 -1.220809967212337 0.5285985024210198
 -1.239999505322017 0.4700410291096990
 -1.256324353843180 0.4105593712279792
 -1.269784326963940 0.3502977957723872
 -1.280368194994014 0.2893265674303352
 -1.288032656265976 0.2277673174652033
 -1.292751192035045 0.1658197599704955
 -1.294544676280944 0.1036394029711058
 -1.293435022083091 4.130254928724771E-02
 -1.289404903003376 -2.107419123936602E-02
 -1.282440705368412 -8.329173792873633E-02
 -1.272583155324102 -0.1451880403847377
 -1.259889158831668 -0.2066891255004284
 -1.244370096289275 -0.2676890906332238
 -1.226023540210666 -0.3279904595284347
 -1.204906978047752 -0.3874281760428493
 -1.181114354269080 -0.4459408046147402
 -1.154688381138637 -0.5034407429318879
 -1.125632520044412 -0.5597296557168315
 -1.094014800132335 -0.6146394657919105
 -1.059971122070600 -0.6681363650813028
 -1.023580356884383 -0.7201626167586307
 -0.9848378976874821 -0.7705045567321009
 -0.9438094486401201 -0.8189813790161672
 -0.9006947233177669 -0.8656258461245522
 -0.8556250161437683 -0.9104376746201590
 -0.8085215829970613 -0.9530986029305746
 -0.7594147104564207 -0.9933757953193509
 -0.7089734847625637 -1.031953306637990
 -0.6564094379242675 -1.067506573632216
 -0.6026948135345307 -1.101223482064087
 -0.5474135016232533 -1.132239136231473
 -0.4907961045883190 -1.160600620857095
 -0.4331125054947358 -1.186485260356928
 -0.3744040231336093 -1.209764535715586
 -0.3147088742531716 -1.230235449706945
 -0.2542226742973269 -1.247893943267869
 -0.1931440537394895 -1.262812159750903
 -0.1315512128784120 -1.274930273828747
 -6.952331968003922E-02 -1.284127771097285
 -7.245584238704139E-03 -1.290394252039722
 5.509409039781255E-02 -1.293789313521559
 0.1174020766876023 -1.294297159299427
 0.1795886742680995 -1.291845732678988
 0.2414754511409791 -1.286433267096703
 0.3028771071781030 -1.278124358920616
 0.3636943188654488 -1.266938215478042
 0.4238398522202916 -1.252840850854261
 0.4831444055077322 -1.235844376379080
 0.5414244910664673 -1.216023759201577
 0.5985807214833576 -1.193427880770631
 0.6545365995699842 -1.168055278543152
 0.7091355124707758 -1.139933697004406
 0.7621959695991222 -1.109150122482787
 0.8136213626708764 -1.075779232153242
 0.8633517429964072 -1.039848278621114
 0.9112465561516334 -1.001401145700610
 0.9571255685317588 -0.9605374069894311
 1.000895340015883 -0.9173547539973828
 1.042516944942046 -0.8719063950025928
 1.081869047908806 -0.8242526064526212
 1.118770284770034 -0.7745062183780386
 1.153128549264980 -0.7227863067575446
 1.184930588025104 -0.6691701046589358
 1.214078254519203 -0.6137347620540365
 1.240384386665190 -0.5566079283300911
 1.263754123524652 -0.4979298737762685
 1.284207542811029 -0.4378005591202487
 1.301676821958091 -0.3763148838226668
 1.315959756736964 -0.3136186980691391
 1.326950907013258 -0.2498752872589948
 1.334721456827618 -0.1852058195674195
 1.339249909072607 -0.1197236799323812
 1.340293783919021 -5.360028652267201E-02
 1.337717572753838 1.297278701774629E-02
 1.331703354862119 7.985995715369498E-02
 1.322321585004548 0.1469320644652810
 1.309149406168104 0.2139649488746431
 1.291959374031806 0.2807252738342469
 1.271979949355198 0.3472099785628905
 1.247169681744967 0.4129235291078061
 1.219520328689286 0.4779733810466820
 1.187783666177193 0.5419480153173244
 1.152174828787903 0.6046628214372710
 1.113082788849799 0.6659502114282889
 1.070404401532613 0.7255546044085754
 1.023961964335087 0.7832022845301687
 0.9739177563711292 0.8386672494986188
 0.9205291307910253 0.8917303385049102
 0.8638348285506807 0.9421312634983372
 0.8038233637001739 0.9896000260769399
 0.7406960685525634 1.033900471420718
 0.6747484321210708 1.074810870738047
 0.6061427128373921 1.112090731024156
 0.5349960614247773 1.145501229807724
 0.4615853000392390 1.174841654247353
 0.3862812353137820 1.199939540066788
 0.3093582013084854 1.220623588246057
 0.2310384343669104 1.236737786254406
 0.1516659943693260 1.248173745307252
 7.167106666212203E-02 1.254864944883247
 -8.602512636432635E-03 1.256760349156785
 -8.888220745161202E-02 1.253831891847138
 -0.1688092419165204 1.246102649019752
 -0.2479516859482095 1.233641884585366
 -0.3259670722250502 1.216536021963710
 -0.4026083086067226 1.194889215882988
 -0.4775712131303244 1.168848518452346
 -0.5504856276967777 1.138599834992550
 -0.6210732204371832 1.104336072983409
 -0.6891707878121089 1.066252507447747
 -0.7545740758516275 1.024572325467853
 -0.8170056758046627 0.9795461432406862
 -0.8762751791280018 0.9314183810591734
 -0.9323223634195967 0.8804190218276925
 -0.9850497808016047 0.8267930178127922
 -1.034264082209923 0.7708060414156993
 -1.079849779700124 0.7127084282482575
 -1.121841318749692 0.6527224402814520
 -1.160233154085559 0.5910783351463784
 -1.194883677626526 0.5280289710164716
 -1.225721361838253 0.4638077366296883
 -1.252866530014317 0.3986068652460376
 -1.276393256311047 0.3326247887276100
 -1.296162418258126 0.2660958887321968
 -1.312104898724830 0.1992331561301222
 -1.324458567266322 0.1321839563790963
 -1.333395204971469 6.510524433846099E-02
 -1.338627461320690 -1.761230952665005E-03
 -1.340011959038907 -6.820993903620631E-02
 -1.338741164821284 -0.1343045162895523
 -1.333052293220836 -0.1995178848778093
 -1.324847034417166 -0.2640909045863500
 -1.313049233463724 -0.3276378132098102
 -1.297914442693239 -0.3900367806497394
 -1.279861593242000 -0.4512360572335187
 -1.258852801933272 -0.5111063589202134
 -1.234759056165938 -0.5694727750516516
 -1.207745491546360 -0.6262108130802487
 -1.178061809290871 -0.6812480262488485
 -1.145748198687979 -0.7344910168766424
 -1.110771024827985 -0.7858066157614695
 -1.073265802248482 -0.8350791893637580
 -1.033445409874165 -0.8822400605448270
 -0.9913900611885572 -0.9272224517294765
 -0.9471093840486228 -0.9699246605124501
 -0.9007291240814638 -1.010244443071448
 -0.8524506004599609 -1.048121162977972
 -0.8023812431990236 -1.083511279204714
 -0.7505584061447403 -1.116342511133250
 -0.6971053607546115 -1.146529126937670
 -0.6422207139620710 -1.174020470164688
 -0.5860327294092743 -1.198794911500665
 -0.5285985024210198 -1.220809967212337
 -0.4700410291096990 -1.239999505322017
 -0.4105593712279792 -1.256324353843180
 -0.3502977957723872 -1.269784326963940
 -0.2893265674303352 -1.280368194994014
 -0.2277673174652033 -1.288032656265976
 -0.1658197599704955 -1.292751192035045
 -0.1036394029711058 -1.294544676280944
 -4.130254928724771E-02 -1.293435022083091
 2.107419123936602E-02 -1.289404903003376
 8.329173792873633E-02 -1.282440705368412
 0.1451880403847377 -1.272583155324102
 0.2066891255004284 -1.259889158831668
 0.2676890906332238 -1.244370096289275
 0.3279904595284347 -1.226023540210666
 0.3874281760428493 -1.204906978047752
 0.4459408046147402 -1.181114354269080
 0.5034407429318879 -1.154688381138637
 0.5597296557168315 -1.125632520044412
 0.6146394657919105 -1.094014800132335
 0.6681363650813028 -1.059971122070600
 0.7201626167586307 -1.023580356884383
 0.7705045567321009 -0.9848378976874821
 0.8189813790161672 -0.9438094486401201
 0.8656258461245522 -0.9006947233177669
 0.9104376746201590 -0.8556250161437683
 0.9530986029305746 -0.8085215829970613
 0.9933757953193509 -0.7594147104564207
 1.031953306637990 -0.7089734847625637
   
   
 #BODY NUMBER  4
 -0.2750190197502498 0.2194832515954486
 -0.2787909404135748 0.2091807495734101
 -0.2817408204489967 0.1987054874234941
 -0.2834751345303437 0.1880559510668649
 -0.2840261821761990 0.1773910043379669
 -0.2835222295704723 0.1668921134101912
 -0.2819726905919698 0.1566868087067090
 -0.2793470345025804 0.1468880764062072
 -0.2757128076204596 0.1376387493590599
 -0.2712081577261375 0.1290862739533449
 -0.2659365422492677 0.1213446537412051
 -0.2599680733710231 0.1145058576470626
 -0.2534223580025637 0.1086664299635366
 -0.2464800631562392 0.1039162004578202
 -0.2393119391540347 0.1003107989156178
 -0.2320521418190563 9.787461849465201E-02
 -0.2248511172666511 9.662103966057069E-02
 -0.2179035578936140 9.654861361452763E-02
 -0.2113993797245447 9.762074048708304E-02
 -0.2054823361425939 9.976627827845447E-02
 -0.2002808137319214 0.1028981483087001
 -0.1959451538997972 0.1069159807527902
 -0.1926184602464068 0.1116923104095087
 -0.1903891565097769 0.1170734001136227
 -0.1893048069029854 0.1228978417565019
 -0.1894163999616390 0.1290040384857788
 -0.1907699698546695 0.1352207740556901
 -0.1933596487676026 0.1413673388678170
 -0.1971270740361993 0.1472706472720935
 -0.2020096827263601 0.1527743050358109
 -0.2079530325940552 0.1577300874799791
 -0.2148676969156626 0.1619950730375692
 -0.2226131431363395 0.1654454142273928
 -0.2310446499060494 0.1679846746244455
 -0.2400448466054406 0.1695341467825048
 -0.2494862968565050 0.1700262070493872
 -0.2591967155047208 0.1694149405204719
 -0.2689981142245043 0.1676838637385016
 -0.2787575111907906 0.1648349680076230
 -0.2883589273564712 0.1608789513646205
 -0.2976461161649563 0.1558444962746039
 -0.3064467175459548 0.1497869069726895
 -0.3146461155572552 0.1427759381198856
 -0.3221775095222147 0.1348830895434053
 -0.3289348342213585 0.1261919652454009
 -0.3347687466143382 0.1168102129980589
 -0.3395971929094744 0.1068542932528569
 -0.3434374295912583 9.643102084641467E-02
 -0.3462622003876582 8.565407639976727E-02
 -0.3479149851598178 7.466752593359441E-02
 -0.3483363161215821 6.361452699213216E-02
 -0.3479150834253348 5.256856171174501E-02
 -0.3460304115298145 4.176037290645664E-02
 -0.3433474515036484 3.121358975561683E-02
 -0.3395246433779214 2.112366369157651E-02
 -0.3346693912734787 1.161202507141540E-02
 -0.3289835100507282 2.771695119263007E-03
 -0.3225389175794497 -5.291588518062190E-03
 -0.3153656665541863 -1.246471157048512E-02
 -0.3075936702275797 -1.865775032016481E-02
 -0.2994162912810844 -2.381208633959453E-02
 -0.2909801282530620 -2.788071837132375E-02
 -0.2823918845357342 -3.081905508103071E-02
 -0.2738034148989431 -3.260329011429662E-02
 -0.2654160964486061 -3.324596211689114E-02
 -0.2574056181941188 -3.278426944217978E-02
 -0.2499003590652181 -3.126416490744927E-02
 -0.2430372994525190 -2.874928374720755E-02
 -0.2369843235181467 -2.533822685645797E-02
 -0.2318876034292702 -2.115764866421035E-02
 -0.2278360622676869 -1.634103664112775E-02
 -0.2248973467368132 -1.102799642824759E-02
 -0.2231514714020710 -5.380621547454181E-03
 -0.2226586350159857 4.191480988083029E-04
 -0.2234185461993696 6.193960350928784E-03
 -0.2253916927147441 1.178024957991786E-02
 -0.2285414335030625 1.701257453865038E-02
 -0.2328220272011803 2.171964052428860E-02
 -0.2381380373334888 2.574788234113157E-02
 -0.2443523775250912 2.897658475131078E-02
 -0.2513326695693677 3.130158784334509E-02
 -0.2589576527604547 3.262174640177616E-02
 -0.2670784205004037 3.285800008061920E-02
 -0.2755113442860678 3.197336009239184E-02
 -0.2840828735393435 2.995667071820826E-02
 -0.2926520085991028 2.679845461984873E-02
 -0.3010745744985326 2.250386618562968E-02
 -0.3091784104648121 1.711928451899791E-02
 -0.3168011323577796 1.071942869001855E-02
 -0.3238285701907611 3.372514131201487E-03
 -0.3301656321810458 -4.854204862273004E-03
 -0.3356913460739281 -1.385776526868182E-02
 -0.3402840957874960 -2.350409218033175E-02
 -0.3438794983346199 -3.367546831765167E-02
 -0.3464554525459435 -4.427657267558716E-02
 -0.3479619052480198 -5.518196945467904E-02
 -0.3483233454601221 -6.622376142937883E-02
 -0.3475269427399180 -7.726006399433100E-02
 -0.3456410490596665 -8.820700102976725E-02
 -0.3426989001058935 -9.895249409393750E-02
 -0.3386369784724854 -0.1092935182836828
 -0.3334753623180431 -0.1190763616358737
 -0.3275875814619948 -0.1284318318298863
 -0.3205513133200314 -0.1368496619564044
 -0.3129544102046135 -0.1446419640801543
 -0.3045987982219202 -0.1514686923110565
 -0.2956382072476144 -0.1572783869355118
 -0.2862939246897353 -0.1620913966405370
 -0.2766811020739077 -0.1658521088727408
 -0.2668823229320952 -0.1684775901479791
 -0.2570550573002948 -0.1699549208685198
 -0.2473960713865430 -0.1703300173277395
 -0.2380558238779439 -0.1696354745118569
 -0.2291490182899924 -0.1678860268886716
 -0.2208190678882671 -0.1651369849354065
 -0.2132341010393480 -0.1614998959907858
 -0.2065276697118549 -0.1570948192785010
 -0.2007879769116070 -0.1520257405705661
 -0.1961018335194435 -0.1464162597919483
 -0.1925653310371561 -0.1404357099036191
 -0.1902417310603343 -0.1342668629421872
 -0.1891412995014662 -0.1280697839892324
 -0.1892528173036738 -0.1219991984281131
 -0.1905645323523430 -0.1162354906492808
 -0.1930376083452151 -0.1109663246064769
 -0.1965831168607057 -0.1063451460857469
 -0.2010850564829033 -0.1024938509582422
 -0.2064289745002894 -9.953739501728372E-02
 -0.2124896103789581 -9.760125314549030E-02
 -0.2191075311087341 -9.677069846567171E-02
 -0.2261036587875101 -9.708173025299767E-02
 -0.2333112705697051 -9.855836453355686E-02
 -0.2405747789958313 -0.1012275652804756
 -0.2477256969962818 -0.1050833474628345
 -0.2545865032287313 -0.1100659300586750
 -0.2610013206242577 -0.1160981989148980
 -0.2668433012252894 -0.1231178618165980
 -0.2719901630421346 -0.1310483674491454
 -0.2763160000237188 -0.1397634699443402
 -0.2797175429145228 -0.1491172686192780
 -0.2821300253219920 -0.1589936021831381
 -0.2835047224941982 -0.1692866808164253
 -0.2837883508962745 -0.1798468497993242
 -0.2829426253656230 -0.1904971888148065
 -0.2809706472396036 -0.2011035602147343
 -0.2779009368466276 -0.2115723630025382
 -0.2737528647666794 -0.2217699400026189
 -0.2685449851849593 -0.2315131324620632
 -0.2623371289151434 -0.2406726494870611
 -0.2552304285614910 -0.2492100282132518
 -0.2473097062937207 -0.2570448237061263
 -0.2386214668761351 -0.2639694525388910
 -0.2292599544857084 -0.2698608353259109
 -0.2194832515954486 -0.2750190197502498
 -0.2091807495734101 -0.2787909404135748
 -0.1987054874234941 -0.2817408204489967
 -0.1880559510668649 -0.2834751345303437
 -0.1773910043379669 -0.2840261821761990
 -0.1668921134101912 -0.2835222295704723
 -0.1566868087067090 -0.2819726905919698
 -0.1468880764062072 -0.2793470345025804
 -0.1376387493590599 -0.2757128076204596
 -0.1290862739533449 -0.2712081577261375
 -0.1213446537412051 -0.2659365422492677
 -0.1145058576470626 -0.2599680733710231
 -0.1086664299635366 -0.2534223580025637
 -0.1039162004578202 -0.2464800631562392
 -0.1003107989156178 -0.2393119391540347
 -9.787461849465201E-02 -0.2320521418190563
 -9.662103966057069E-02 -0.2248511172666511
 -9.654861361452763E-02 -0.2179035578936140
 -9.762074048708304E-02 -0.2113993797245447
 -9.976627827845447E-02 -0.2054823361425939
 -0.1028981483087001 -0.2002808137319214
 -0.1069159807527902 -0.1959451538997972
 -0.1116923104095087 -0.1926184602464068
 -0.1170734001136227 -0.1903891565097769
 -0.1228978417565019 -0.1893048069029854
 -0.1290040384857788 -0.1894163999616390
 -0.1352207740556901 -0.1907699698546695
 -0.1413673388678170 -0.1933596487676026
 -0.1472706472720935 -0.1971270740361993
 -0.1527743050358109 -0.2020096827263601
 -0.1577300874799791 -0.2079530325940552
 -0.1619950730375692 -0.2148676969156626
 -0.1654454142273928 -0.2226131431363395
 -0.1679846746244455 -0.2310446499060494
 -0.1695341467825048 -0.2400448466054406
 -0.1700262070493872 -0.2494862968565050
 -0.1694149405204719 -0.2591967155047208
 -0.1676838637385016 -0.2689981142245043
 -0.1648349680076230 -0.2787575111907906
 -0.1608789513646205 -0.2883589273564712
 -0.1558444962746039 -0.2976461161649563
 -0.1497869069726895 -0.3064467175459548
 -0.1427759381198856 -0.3146461155572552
 -0.1348830895434053 -0.3221775095222147
 -0.1261919652454009 -0.3289348342213585
 -0.1168102129980589 -0.3347687466143382
 -0.1068542932528569 -0.3395971929094744
 -9.643102084641467E-02 -0.3434374295912583
 -8.565407639976727E-02 -0.3462622003876582
 -7.466752593359441E-02 -0.3479149851598178
 -6.361452699213216E-02 -0.3483363161215821
 -5.256856171174501E-02 -0.3479150834253348
 -4.176037290645664E-02 -0.3460304115298145
 -3.121358975561683E-02 -0.3433474515036484
 -2.112366369157651E-02 -0.3395246433779214
 -1.161202507141540E-02 -0.3346693912734787
 -2.771695119263007E-03 -0.3289835100507282
 5.291588518062190E-03 -0.3225389175794497
 1.246471157048512E-02 -0.3153656665541863
 1.865775032016481E-02 -0.3075936702275797
 2.381208633959453E-02 -0.2994162912810844
 2.788071837132375E-02 -0.2909801282530620
 3.081905508103071E-02 -0.2823918845357342
 3.260329011429662E-02 -0.2738034148989431
 3.324596211689114E-02 -0.2654160964486061
 3.278426944217978E-02 -0.2574056181941188
 3.126416490744927E-02 -0.2499003590652181
 2.874928374720755E-02 -0.2430372994525190
 2.533822685645797E-02 -0.2369843235181467
 2.115764866421035E-02 -0.2318876034292702
 1.634103664112775E-02 -0.2278360622676869
 1.102799642824759E-02 -0.2248973467368132
 5.380621547454181E-03 -0.2231514714020710
 -4.191480988083029E-04 -0.2226586350159857
 -6.193960350928784E-03 -0.2234185461993696
 -1.178024957991786E-02 -0.2253916927147441
 -1.701257453865038E-02 -0.2285414335030625
 -2.171964052428860E-02 -0.2328220272011803
 -2.574788234113157E-02 -0.2381380373334888
 -2.897658475131078E-02 -0.2443523775250912
 -3.130158784334509E-02 -0.2513326695693677
 -3.262174640177616E-02 -0.2589576527604547
 -3.285800008061920E-02 -0.2670784205004037
 -3.197336009239184E-02 -0.2755113442860678
 -2.995667071820826E-02 -0.2840828735393435
 -2.679845461984873E-02 -0.2926520085991028
 -2.250386618562968E-02 -0.3010745744985326
 -1.711928451899791E-02 -0.3091784104648121
 -1.071942869001855E-02 -0.3168011323577796
 -3.372514131201487E-03 -0.3238285701907611
 4.854204862273004E-03 -0.3301656321810458
 1.385776526868182E-02 -0.3356913460739281
 2.350409218033175E-02 -0.3402840957874960
 3.367546831765167E-02 -0.3438794983346199
 4.427657267558716E-02 -0.3464554525459435
 5.518196945467904E-02 -0.3479619052480198
 6.622376142937883E-02 -0.3483233454601221
 7.726006399433100E-02 -0.3475269427399180
 8.820700102976725E-02 -0.3456410490596665
 9.895249409393750E-02 -0.3426989001058935
 0.1092935182836828 -0.3386369784724854
 0.1190763616358737 -0.3334753623180431
 0.1284318318298863 -0.3275875814619948
 0.1368496619564044 -0.3205513133200314
 0.1446419640801543 -0.3129544102046135
 0.1514686923110565 -0.3045987982219202
 0.1572783869355118 -0.2956382072476144
 0.1620913966405370 -0.2862939246897353
 0.1658521088727408 -0.2766811020739077
 0.1684775901479791 -0.2668823229320952
 0.1699549208685198 -0.2570550573002948
 0.1703300173277395 -0.2473960713865430
 0.1696354745118569 -0.2380558238779439
 0.1678860268886716 -0.2291490182899924
 0.1651369849354065 -0.2208190678882671
 0.1614998959907858 -0.2132341010393480
 0.1570948192785010 -0.2065276697118549
 0.1520257405705661 -0.2007879769116070
 0.1464162597919483 -0.1961018335194435
 0.1404357099036191 -0.1925653310371561
 0.1342668629421872 -0.1902417310603343
 0.1280697839892324 -0.1891412995014662
 0.1219991984281131 -0.1892528173036738
 0.1162354906492808 -0.1905645323523430
 0.1109663246064769 -0.1930376083452151
 0.1063451460857469 -0.1965831168607057
 0.1024938509582422 -0.2010850564829033
 9.953739501728372E-02 -0.2064289745002894
 9.760125314549030E-02 -0.2124896103789581
 9.677069846567171E-02 -0.2191075311087341
 9.708173025299767E-02 -0.2261036587875101
 9.855836453355686E-02 -0.2333112705697051
 0.1012275652804756 -0.2405747789958313
 0.1050833474628345 -0.2477256969962818
 0.1100659300586750 -0.2545865032287313
 0.1160981989148980 -0.2610013206242577
 0.1231178618165980 -0.2668433012252894
 0.1310483674491454 -0.2719901630421346
 0.1397634699443402 -0.2763160000237188
 0.1491172686192780 -0.2797175429145228
 0.1589936021831381 -0.2821300253219920
 0.1692866808164253 -0.2835047224941982
 0.1798468497993242 -0.2837883508962745
 0.1904971888148065 -0.2829426253656230
 0.2011035602147343 -0.2809706472396036
 0.2115723630025382 -0.2779009368466276
 0.2217699400026189 -0.2737528647666794
 0.2315131324620632 -0.2685449851849593
 0.2406726494870611 -0.2623371289151434
 0.2492100282132518 -0.2552304285614910
 0.2570448237061263 -0.2473097062937207
 0.2639694525388910 -0.2386214668761351
 0.2698608353259109 -0.2292599544857084
 0.2750190197502498 -0.2194832515954486
 0.2787909404135748 -0.2091807495734101
 0.2817408204489967 -0.1987054874234941
 0.2834751345303437 -0.1880559510668649
 0.2840261821761990 -0.1773910043379669
 0.2835222295704723 -0.1668921134101912
 0.2819726905919698 -0.1566868087067090
 0.2793470345025804 -0.1468880764062072
 0.2757128076204596 -0.1376387493590599
 0.2712081577261375 -0.1290862739533449
 0.2659365422492677 -0.1213446537412051
 0.2599680733710231 -0.1145058576470626
 0.2534223580025637 -0.1086664299635366
 0.2464800631562392 -0.1039162004578202
 0.2393119391540347 -0.1003107989156178
 0.2320521418190563 -9.787461849465201E-02
 0.2248511172666511 -9.662103966057069E-02
 0.2179035578936140 -9.654861361452763E-02
 0.2113993797245447 -9.762074048708304E-02
 0.2054823361425939 -9.976627827845447E-02
 0.2002808137319214 -0.1028981483087001
 0.1959451538997972 -0.1069159807527902
 0.1926184602464068 -0.1116923104095087
 0.1903891565097769 -0.1170734001136227
 0.1893048069029854 -0.1228978417565019
 0.1894163999616390 -0.1290040384857788
 0.1907699698546695 -0.1352207740556901
 0.1933596487676026 -0.1413673388678170
 0.1971270740361993 -0.1472706472720935
 0.2020096827263601 -0.1527743050358109
 0.2079530325940552 -0.1577300874799791
 0.2148676969156626 -0.1619950730375692
 0.2226131431363395 -0.1654454142273928
 0.2310446499060494 -0.1679846746244455
 0.2400448466054406 -0.1695341467825048
 0.2494862968565050 -0.1700262070493872
 0.2591967155047208 -0.1694149405204719
 0.2689981142245043 -0.1676838637385016
 0.2787575111907906 -0.1648349680076230
 0.2883589273564712 -0.1608789513646205
 0.2976461161649563 -0.1558444962746039
 0.3064467175459548 -0.1497869069726895
 0.3146461155572552 -0.1427759381198856
 0.3221775095222147 -0.1348830895434053
 0.3289348342213585 -0.1261919652454009
 0.3347687466143382 -0.1168102129980589
 0.3395971929094744 -0.1068542932528569
 0.3434374295912583 -9.643102084641467E-02
 0.3462622003876582 -8.565407639976727E-02
 0.3479149851598178 -7.466752593359441E-02
 0.3483363161215821 -6.361452699213216E-02
 0.3479150834253348 -5.256856171174501E-02
 0.3460304115298145 -4.176037290645664E-02
 0.3433474515036484 -3.121358975561683E-02
 0.3395246433779214 -2.112366369157651E-02
 0.3346693912734787 -1.161202507141540E-02
 0.3289835100507282 -2.771695119263007E-03
 0.3225389175794497 5.291588518062190E-03
 0.3153656665541863 1.246471157048512E-02
 0.3075936702275797 1.865775032016481E-02
 0.2994162912810844 2.381208633959453E-02
 0.2909801282530620 2.788071837132375E-02
 0.2823918845357342 3.081905508103071E-02
 0.2738034148989431 3.260329011429662E-02
 0.2654160964486061 3.324596211689114E-02
 0.2574056181941188 3.278426944217978E-02
 0.2499003590652181 3.126416490744927E-02
 0.2430372994525190 2.874928374720755E-02
 0.2369843235181467 2.533822685645797E-02
 0.2318876034292702 2.115764866421035E-02
 0.2278360622676869 1.634103664112775E-02
 0.2248973467368132 1.102799642824759E-02
 0.2231514714020710 5.380621547454181E-03
 0.2226586350159857 -4.191480988083029E-04
 0.2234185461993696 -6.193960350928784E-03
 0.2253916927147441 -1.178024957991786E-02
 0.2285414335030625 -1.701257453865038E-02
 0.2328220272011803 -2.171964052428860E-02
 0.2381380373334888 -2.574788234113157E-02
 0.2443523775250912 -2.897658475131078E-02
 0.2513326695693677 -3.130158784334509E-02
 0.2589576527604547 -3.262174640177616E-02
 0.2670784205004037 -3.285800008061920E-02
 0.2755113442860678 -3.197336009239184E-02
 0.2840828735393435 -2.995667071820826E-02
 0.2926520085991028 -2.679845461984873E-02
 0.3010745744985326 -2.250386618562968E-02
 0.3091784104648121 -1.711928451899791E-02
 0.3168011323577796 -1.071942869001855E-02
 0.3238285701907611 -3.372514131201487E-03
 0.3301656321810458 4.854204862273004E-03
 0.3356913460739281 1.385776526868182E-02
 0.3402840957874960 2.350409218033175E-02
 0.3438794983346199 3.367546831765167E-02
 0.3464554525459435 4.427657267558716E-02
 0.3479619052480198 5.518196945467904E-02
 0.3483233454601221 6.622376142937883E-02
 0.3475269427399180 7.726006399433100E-02
 0.3456410490596665 8.820700102976725E-02
 0.3426989001058935 9.895249409393750E-02
 0.3386369784724854 0.1092935182836828
 0.3334753623180431 0.1190763616358737
 0.3275875814619948 0.1284318318298863
 0.3205513133200314 0.1368496619564044
 0.3129544102046135 0.1446419640801543
 0.3045987982219202 0.1514686923110565
 0.2956382072476144 0.1572783869355118
 0.2862939246897353 0.1620913966405370
 0.2766811020739077 0.1658521088727408
 0.2668823229320952 0.1684775901479791
 0.2570550573002948 0.1699549208685198
 0.2473960713865430 0.1703300173277395
 0.2380558238779439 0.1696354745118569
 0.2291490182899924 0.1678860268886716
 0.2208190678882671 0.1651369849354065
 0.2132341010393480 0.1614998959907858
 0.2065276697118549 0.1570948192785010
 0.2007879769116070 0.1520257405705661
 0.1961018335194435 0.1464162597919483
 0.1925653310371561 0.1404357099036191
 0.1902417310603343 0.1342668629421872
 0.1891412995014662 0.1280697839892324
 0.1892528173036738 0.1219991984281131
 0.1905645323523430 0.1162354906492808
 0.1930376083452151 0.1109663246064769
 0.1965831168607057 0.1063451460857469
 0.2010850564829033 0.1024938509582422
 0.2064289745002894 9.953739501728372E-02
 0.2124896103789581 9.760125314549030E-02
 0.2191075311087341 9.677069846567171E-02
 0.2261036587875101 9.708173025299767E-02
 0.2333112705697051 9.855836453355686E-02
 0.2405747789958313 0.1012275652804756
 0.2477256969962818 0.1050833474628345
 0.2545865032287313 0.1100659300586750
 0.2610013206242577 0.1160981989148980
 0.2668433012252894 0.1231178618165980
 0.2719901630421346 0.1310483674491454
 0.2763160000237188 0.1397634699443402
 0.2797175429145228 0.1491172686192780
 0.2821300253219920 0.1589936021831381
 0.2835047224941982 0.1692866808164253
 0.2837883508962745 0.1798468497993242
 0.2829426253656230 0.1904971888148065
 0.2809706472396036 0.2011035602147343
 0.2779009368466276 0.2115723630025382
 0.2737528647666794 0.2217699400026189
 0.2685449851849593 0.2315131324620632
 0.2623371289151434 0.2406726494870611
 0.2552304285614910 0.2492100282132518
 0.2473097062937207 0.2570448237061263
 0.2386214668761351 0.2639694525388910
 0.2292599544857084 0.2698608353259109
 0.2194832515954486 0.2750190197502498
 0.2091807495734101 0.2787909404135748
 0.1987054874234941 0.2817408204489967
 0.1880559510668649 0.2834751345303437
 0.1773910043379669 0.2840261821761990
 0.1668921134101912 0.2835222295704723
 0.1566868087067090 0.2819726905919698
 0.1468880764062072 0.2793470345025804
 0.1376387493590599 0.2757128076204596
 0.1290862739533449 0.2712081577261375
 0.1213446537412051 0.2659365422492677
 0.1145058576470626 0.2599680733710231
 0.1086664299635366 0.2534223580025637
 0.1039162004578202 0.2464800631562392
 0.1003107989156178 0.2393119391540347
 9.787461849465201E-02 0.2320521418190563
 9.662103966057069E-02 0.2248511172666511
 9.654861361452763E-02 0.2179035578936140
 9.762074048708304E-02 0.2113993797245447
 9.976627827845447E-02 0.2054823361425939
 0.1028981483087001 0.2002808137319214
 0.1069159807527902 0.1959451538997972
 0.1116923104095087 0.1926184602464068
 0.1170734001136227 0.1903891565097769
 0.1228978417565019 0.1893048069029854
 0.1290040384857788 0.1894163999616390
 0.1352207740556901 0.1907699698546695
 0.1413673388678170 0.1933596487676026
 0.1472706472720935 0.1971270740361993
 0.1527743050358109 0.2020096827263601
 0.1577300874799791 0.2079530325940552
 0.1619950730375692 0.2148676969156626
 0.1654454142273928 0.2226131431363395
 0.1679846746244455 0.2310446499060494
 0.1695341467825048 0.2400448466054406
 0.1700262070493872 0.2494862968565050
 0.1694149405204719 0.2591967155047208
 0.1676838637385016 0.2689981142245043
 0.1648349680076230 0.2787575111907906
 0.1608789513646205 0.2883589273564712
 0.1558444962746039 0.2976461161649563
 0.1497869069726895 0.3064467175459548
 0.1427759381198856 0.3146461155572552
 0.1348830895434053 0.3221775095222147
 0.1261919652454009 0.3289348342213585
 0.1168102129980589 0.3347687466143382
 0.1068542932528569 0.3395971929094744
 9.643102084641467E-02 0.3434374295912583
 8.565407639976727E-02 0.3462622003876582
 7.466752593359441E-02 0.3479149851598178
 6.361452699213216E-02 0.3483363161215821
 5.256856171174501E-02 0.3479150834253348
 4.176037290645664E-02 0.3460304115298145
 3.121358975561683E-02 0.3433474515036484
 2.112366369157651E-02 0.3395246433779214
 1.161202507141540E-02 0.3346693912734787
 2.771695119263007E-03 0.3289835100507282
 -5.291588518062190E-03 0.3225389175794497
 -1.246471157048512E-02 0.3153656665541863
 -1.865775032016481E-02 0.3075936702275797
 -2.381208633959453E-02 0.2994162912810844
 -2.788071837132375E-02 0.2909801282530620
 -3.081905508103071E-02 0.2823918845357342
 -3.260329011429662E-02 0.2738034148989431
 -3.324596211689114E-02 0.2654160964486061
 -3.278426944217978E-02 0.2574056181941188
 -3.126416490744927E-02 0.2499003590652181
 -2.874928374720755E-02 0.2430372994525190
 -2.533822685645797E-02 0.2369843235181467
 -2.115764866421035E-02 0.2318876034292702
 -1.634103664112775E-02 0.2278360622676869
 -1.102799642824759E-02 0.2248973467368132
 -5.380621547454181E-03 0.2231514714020710
 4.191480988083029E-04 0.2226586350159857
 6.193960350928784E-03 0.2234185461993696
 1.178024957991786E-02 0.2253916927147441
 1.701257453865038E-02 0.2285414335030625
 2.171964052428860E-02 0.2328220272011803
 2.574788234113157E-02 0.2381380373334888
 2.897658475131078E-02 0.2443523775250912
 3.130158784334509E-02 0.2513326695693677
 3.262174640177616E-02 0.2589576527604547
 3.285800008061920E-02 0.2670784205004037
 3.197336009239184E-02 0.2755113442860678
 2.995667071820826E-02 0.2840828735393435
 2.679845461984873E-02 0.2926520085991028
 2.250386618562968E-02 0.3010745744985326
 1.711928451899791E-02 0.3091784104648121
 1.071942869001855E-02 0.3168011323577796
 3.372514131201487E-03 0.3238285701907611
 -4.854204862273004E-03 0.3301656321810458
 -1.385776526868182E-02 0.3356913460739281
 -2.350409218033175E-02 0.3402840957874960
 -3.367546831765167E-02 0.3438794983346199
 -4.427657267558716E-02 0.3464554525459435
 -5.518196945467904E-02 0.3479619052480198
 -6.622376142937883E-02 0.3483233454601221
 -7.726006399433100E-02 0.3475269427399180
 -8.820700102976725E-02 0.3456410490596665
 -9.895249409393750E-02 0.3426989001058935
 -0.1092935182836828 0.3386369784724854
 -0.1190763616358737 0.3334753623180431
 -0.1284318318298863 0.3275875814619948
 -0.1368496619564044 0.3205513133200314
 -0.1446419640801543 0.3129544102046135
 -0.1514686923110565 0.3045987982219202
 -0.1572783869355118 0.2956382072476144
 -0.1620913966405370 0.2862939246897353
 -0.1658521088727408 0.2766811020739077
 -0.1684775901479791 0.2668823229320952
 -0.1699549208685198 0.2570550573002948
 -0.1703300173277395 0.2473960713865430
 -0.1696354745118569 0.2380558238779439
 -0.1678860268886716 0.2291490182899924
 -0.1651369849354065 0.2208190678882671
 -0.1614998959907858 0.2132341010393480
 -0.1570948192785010 0.2065276697118549
 -0.1520257405705661 0.2007879769116070
 -0.1464162597919483 0.1961018335194435
 -0.1404357099036191 0.1925653310371561
 -0.1342668629421872 0.1902417310603343
 -0.1280697839892324 0.1891412995014662
 -0.1219991984281131 0.1892528173036738
 -0.1162354906492808 0.1905645323523430
 -0.1109663246064769 0.1930376083452151
 -0.1063451460857469 0.1965831168607057
 -0.1024938509582422 0.2010850564829033
 -9.953739501728372E-02 0.2064289745002894
 -9.760125314549030E-02 0.2124896103789581
 -9.677069846567171E-02 0.2191075311087341
 -9.708173025299767E-02 0.2261036587875101
 -9.855836453355686E-02 0.2333112705697051
 -0.1012275652804756 0.2405747789958313
 -0.1050833474628345 0.2477256969962818
 -0.1100659300586750 0.2545865032287313
 -0.1160981989148980 0.2610013206242577
 -0.1231178618165980 0.2668433012252894
 -0.1310483674491454 0.2719901630421346
 -0.1397634699443402 0.2763160000237188
 -0.1491172686192780 0.2797175429145228
 -0.1589936021831381 0.2821300253219920
 -0.1692866808164253 0.2835047224941982
 -0.1798468497993242 0.2837883508962745
 -0.1904971888148065 0.2829426253656230
 -0.2011035602147343 0.2809706472396036
 -0.2115723630025382 0.2779009368466276
 -0.2217699400026189 0.2737528647666794
 -0.2315131324620632 0.2685449851849593
 -0.2406726494870611 0.2623371289151434
 -0.2492100282132518 0.2552304285614910
 -0.2570448237061263 0.2473097062937207
 -0.2639694525388910 0.2386214668761351
 -0.2698608353259109 0.2292599544857084
 -0.2750190197502498 0.2194832515954486
   
   
