 # action(x) =  12.50647626991977
 # |grad_action(x)| =  1.097734695213230E-04
 # PRINTSTEPS = 50
 #
 #BODY NUMBER  1
 2.755863677025932 0.7586056544964566
 2.770687281708617 0.7018982837135576
 2.784626130396782 0.6449645726288782
 2.797266038853457 0.5877244148868269
 2.808648904425350 0.5302248062872752
 2.818898636932249 0.4725181059777003
 2.827987453246431 0.4146108024472265
 2.835830206491498 0.3565102756600417
 2.842433246656686 0.2982552440140140
 2.847856350390084 0.2398828933835835
 2.852099442024963 0.1814054992717720
 2.855113180484033 0.1228370295137364
 2.856890245538358 6.421330506346901E-02
 2.857471490061247 5.568914174401085E-03
 2.856870579041237 -5.308159913033350E-02
 2.855056316589962 -0.1117230210945730
 2.852015086120800 -0.1703210561912500
 2.847776758565793 -0.2288413428013882
 2.842363266137330 -0.2872681823307899
 2.835756505378575 -0.3455869660771265
 2.827939783725760 -0.4037647043857546
 2.818934453221135 -0.4617663346607062
 2.808767658501559 -0.5195753396554947
 2.797432360455516 -0.5771787126447945
 2.784910811569656 -0.6345449058102690
 2.771216772079877 -0.6916375555450591
 2.756380473404961 -0.7484392717741792
 2.740405076107614 -0.8049393661751354
 2.723273420450067 -0.8611080595656043
 2.704991990548880 -0.9169071196689598
 2.685592357975651 -0.9723179634825768
 2.665087650665453 -1.027332930196663
 2.643462891414738 -1.081924550566792
 2.620717208072563 -1.136052025533497
 2.596881837567655 -1.189694997149033
 2.571980194562984 -1.242849804794504
 2.546001278825983 -1.295492194106231
 2.518936260066507 -1.347577718519817
 2.490814120927487 -1.399083256439781
 2.461669746770984 -1.450010880791818
 2.431498512761426 -1.500341201156123
 2.400281833853932 -1.550023958395048
 2.368043631265325 -1.599031343270218
 2.334833649446523 -1.647375097272741
 2.300657756651324 -1.695044198963107
 2.265481750206131 -1.741976484158328
 2.229318644329709 -1.788134536458464
 2.192245748728711 -1.833553000940763
 2.154289832632962 -1.878239104790105
 2.115367823740465 -1.922085684119061
 2.075465436047712 -1.965030388068139
 2.034903606761418 -2.007345126423022
 1.993205385422947 -2.048536430045335
 1.950868769635973 -2.089074682651132
 1.907617293143065 -2.128641243347149
 1.863512604174138 -2.167248898400048
 1.818662001990920 -2.204978777287804
 1.773057214225965 -2.241803574871453
 1.726662058677538 -2.277645861810887
 1.679513241456406 -2.312491778159163
 1.631672854798539 -2.346374499074859
 1.583151491768035 -2.379287821277155
 1.533936578326331 -2.411182030222090
 1.484055476215103 -2.442032875928446
 1.433558566177150 -2.471858443895612
 1.382465276200248 -2.500663296339237
 1.330773183839536 -2.528412809949421
 1.278505181599381 -2.555078044652702
 1.225705962980751 -2.580667688625575
 1.172400089471221 -2.605192886424032
 1.118591160849705 -2.628630655643392
 1.064299400713302 -2.650950045272056
 1.009565850181970 -2.672152015423053
 0.9544183859291925 -2.692251815418232
 0.8988647525537671 -2.711236845845541
 0.8429233975111313 -2.729075962998395
 0.7866326927265467 -2.745762901787214
 0.7300228141561154 -2.761315148351163
 0.6731045984399950 -2.775730095656590
 0.6158952552376962 -2.788977993343500
 0.5584311367303025 -2.801045340683246
 0.5007441220559634 -2.811950187957554
 0.4428474096381103 -2.821700073886801
 0.3847572999384659 -2.830268293210024
 0.3265086899035050 -2.837633691092617
 0.2681348284975094 -2.843813140534520
 0.2096505932409214 -2.848825088919240
 0.1510714889125542 -2.852647882584085
 9.243159222121600E-02 -2.855251650991269
 3.376541837743474E-02 -2.856649933048099
 -2.491138514407165E-02 -2.856873976827187
 -8.358433816494881E-02 -2.855910081893538
 -0.1422192075176596 -2.853717023557329
 -0.2007799490869013 -2.850301613580831
 -0.2592518590767927 -2.845712802667790
 -0.3176224585138331 -2.839950162155317
 -0.3758550129731474 -2.832952989567706
 -0.4339106117924870 -2.824713847349045
 -0.4917806036355380 -2.815317010207882
 -0.5494578628130925 -2.804789274569725
 -0.6068911188272664 -2.793005115766976
 -0.6640335172515466 -2.779920986327935
 -0.7209600702645140 -2.765950780919479
 -0.7774818962856705 -2.750434713758893
 -0.8337573607608086 -2.734039255280011
 -0.8896487457103914 -2.716365658233976
 -0.9451363002512119 -2.697473704687323
 -1.000236634941329 -2.677496883265505
 -1.054930239020466 -2.656414377318680
 -1.109168147813960 -2.634156137470929
 -1.162920005200280 -2.610747022173177
 -1.216183495591545 -2.586257392458442
 -1.268947950256928 -2.560693320548927
 -1.321176602157702 -2.534019059735826
 -1.372834769323255 -2.506246180991916
 -1.423912923884097 -2.477427358070013
 -1.474405302840990 -2.447581697208904
 -1.524283132750426 -2.416689788854848
 -1.573509904521420 -2.384756988461452
 -1.622070795585042 -2.351826345824187
 -1.669963176666109 -2.317924704093242
 -1.717165344528870 -2.283043689566266
 -1.763640383012458 -2.247185340886302
 -1.809368603039166 -2.210385680762347
 -1.854349272572366 -2.172676475762737
 -1.898567607901749 -2.134058133200746
 -1.941987414058525 -2.094531057188126
 -1.984584079353331 -2.054125346242155
 -2.026357659248845 -2.012875876576984
 -2.067300477667619 -1.970790729481454
 -2.107378165212370 -1.927869933777896
 -2.146560853818578 -1.884138221014287
 -2.184848235919687 -1.839632224474977
 -2.222240241027342 -1.794367143690138
 -2.258705591476272 -1.748343742643232
 -2.294208518169058 -1.701581665559120
 -2.328747009070145 -1.654118143385487
 -2.362329601322063 -1.605975284124736
 -2.394929789913429 -1.557155688477853
 -2.426504667845291 -1.507673932471452
 -2.457048702550053 -1.457566676608318
 -2.486581131915055 -1.406863096035369
 -2.515082850926375 -1.355568880737414
 -2.542501041371592 -1.303693065162280
 -2.568823580352227 -1.251270270310613
 -2.594085508523316 -1.198337705395049
 -2.618280215165157 -1.144905963192210
 -2.641336763179278 -1.090976505409377
 -2.663229256122196 -1.036579310890581
 -2.684026352364249 -0.9817640092671196
 -2.703747695446055 -0.9265501697796193
 -2.722258942567731 -0.8709194316479146
 -2.739498953299258 -0.8148905982597960
 -2.755863677025932 -0.7586056544964566
 -2.770687281708617 -0.7018982837135576
 -2.784626130396782 -0.6449645726288782
 -2.797266038853457 -0.5877244148868269
 -2.808648904425350 -0.5302248062872752
 -2.818898636932249 -0.4725181059777003
 -2.827987453246431 -0.4146108024472265
 -2.835830206491498 -0.3565102756600417
 -2.842433246656686 -0.2982552440140140
 -2.847856350390084 -0.2398828933835835
 -2.852099442024963 -0.1814054992717720
 -2.855113180484033 -0.1228370295137364
 -2.856890245538358 -6.421330506346901E-02
 -2.857471490061247 -5.568914174401085E-03
 -2.856870579041237 5.308159913033350E-02
 -2.855056316589962 0.1117230210945730
 -2.852015086120800 0.1703210561912500
 -2.847776758565793 0.2288413428013882
 -2.842363266137330 0.2872681823307899
 -2.835756505378575 0.3455869660771265
 -2.827939783725760 0.4037647043857546
 -2.818934453221135 0.4617663346607062
 -2.808767658501559 0.5195753396554947
 -2.797432360455516 0.5771787126447945
 -2.784910811569656 0.6345449058102690
 -2.771216772079877 0.6916375555450591
 -2.756380473404961 0.7484392717741792
 -2.740405076107614 0.8049393661751354
 -2.723273420450067 0.8611080595656043
 -2.704991990548880 0.9169071196689598
 -2.685592357975651 0.9723179634825768
 -2.665087650665453 1.027332930196663
 -2.643462891414738 1.081924550566792
 -2.620717208072563 1.136052025533497
 -2.596881837567655 1.189694997149033
 -2.571980194562984 1.242849804794504
 -2.546001278825983 1.295492194106231
 -2.518936260066507 1.347577718519817
 -2.490814120927487 1.399083256439781
 -2.461669746770984 1.450010880791818
 -2.431498512761426 1.500341201156123
 -2.400281833853932 1.550023958395048
 -2.368043631265325 1.599031343270218
 -2.334833649446523 1.647375097272741
 -2.300657756651324 1.695044198963107
 -2.265481750206131 1.741976484158328
 -2.229318644329709 1.788134536458464
 -2.192245748728711 1.833553000940763
 -2.154289832632962 1.878239104790105
 -2.115367823740465 1.922085684119061
 -2.075465436047712 1.965030388068139
 -2.034903606761418 2.007345126423022
 -1.993205385422947 2.048536430045335
 -1.950868769635973 2.089074682651132
 -1.907617293143065 2.128641243347149
 -1.863512604174138 2.167248898400048
 -1.818662001990920 2.204978777287804
 -1.773057214225965 2.241803574871453
 -1.726662058677538 2.277645861810887
 -1.679513241456406 2.312491778159163
 -1.631672854798539 2.346374499074859
 -1.583151491768035 2.379287821277155
 -1.533936578326331 2.411182030222090
 -1.484055476215103 2.442032875928446
 -1.433558566177150 2.471858443895612
 -1.382465276200248 2.500663296339237
 -1.330773183839536 2.528412809949421
 -1.278505181599381 2.555078044652702
 -1.225705962980751 2.580667688625575
 -1.172400089471221 2.605192886424032
 -1.118591160849705 2.628630655643392
 -1.064299400713302 2.650950045272056
 -1.009565850181970 2.672152015423053
 -0.9544183859291925 2.692251815418232
 -0.8988647525537671 2.711236845845541
 -0.8429233975111313 2.729075962998395
 -0.7866326927265467 2.745762901787214
 -0.7300228141561154 2.761315148351163
 -0.6731045984399950 2.775730095656590
 -0.6158952552376962 2.788977993343500
 -0.5584311367303025 2.801045340683246
 -0.5007441220559634 2.811950187957554
 -0.4428474096381103 2.821700073886801
 -0.3847572999384659 2.830268293210024
 -0.3265086899035050 2.837633691092617
 -0.2681348284975094 2.843813140534520
 -0.2096505932409214 2.848825088919240
 -0.1510714889125542 2.852647882584085
 -9.243159222121600E-02 2.855251650991269
 -3.376541837743474E-02 2.856649933048099
 2.491138514407165E-02 2.856873976827187
 8.358433816494881E-02 2.855910081893538
 0.1422192075176596 2.853717023557329
 0.2007799490869013 2.850301613580831
 0.2592518590767927 2.845712802667790
 0.3176224585138331 2.839950162155317
 0.3758550129731474 2.832952989567706
 0.4339106117924870 2.824713847349045
 0.4917806036355380 2.815317010207882
 0.5494578628130925 2.804789274569725
 0.6068911188272664 2.793005115766976
 0.6640335172515466 2.779920986327935
 0.7209600702645140 2.765950780919479
 0.7774818962856705 2.750434713758893
 0.8337573607608086 2.734039255280011
 0.8896487457103914 2.716365658233976
 0.9451363002512119 2.697473704687323
 1.000236634941329 2.677496883265505
 1.054930239020466 2.656414377318680
 1.109168147813960 2.634156137470929
 1.162920005200280 2.610747022173177
 1.216183495591545 2.586257392458442
 1.268947950256928 2.560693320548927
 1.321176602157702 2.534019059735826
 1.372834769323255 2.506246180991916
 1.423912923884097 2.477427358070013
 1.474405302840990 2.447581697208904
 1.524283132750426 2.416689788854848
 1.573509904521420 2.384756988461452
 1.622070795585042 2.351826345824187
 1.669963176666109 2.317924704093242
 1.717165344528870 2.283043689566266
 1.763640383012458 2.247185340886302
 1.809368603039166 2.210385680762347
 1.854349272572366 2.172676475762737
 1.898567607901749 2.134058133200746
 1.941987414058525 2.094531057188126
 1.984584079353331 2.054125346242155
 2.026357659248845 2.012875876576984
 2.067300477667619 1.970790729481454
 2.107378165212370 1.927869933777896
 2.146560853818578 1.884138221014287
 2.184848235919687 1.839632224474977
 2.222240241027342 1.794367143690138
 2.258705591476272 1.748343742643232
 2.294208518169058 1.701581665559120
 2.328747009070145 1.654118143385487
 2.362329601322063 1.605975284124736
 2.394929789913429 1.557155688477853
 2.426504667845291 1.507673932471452
 2.457048702550053 1.457566676608318
 2.486581131915055 1.406863096035369
 2.515082850926375 1.355568880737414
 2.542501041371592 1.303693065162280
 2.568823580352227 1.251270270310613
 2.594085508523316 1.198337705395049
 2.618280215165157 1.144905963192210
 2.641336763179278 1.090976505409377
 2.663229256122196 1.036579310890581
 2.684026352364249 0.9817640092671196
 2.703747695446055 0.9265501697796193
 2.722258942567731 0.8709194316479146
 2.739498953299258 0.8148905982597960
 2.755863677025932 0.7586056544964566
   
   
 #BODY NUMBER  2
 0.7310640368173481 0.1989140800965418
 0.7349452113118361 0.1848134719617548
 0.7385258904306546 0.1706457846466232
 0.7416667511039964 0.1563820998709443
 0.7443848955568066 0.1420257618564551
 0.7467263997491539 0.1275804948660629
 0.7486870486069610 0.1130388435110767
 0.7502446768357455 9.839578387014253E-02
 0.7514093277619261 8.365559685520740E-02
 0.7522095857051477 6.882184283488696E-02
 0.7526540124059040 5.389218820980235E-02
 0.7527350556285568 3.886704663257901E-02
 0.7524597631366714 2.375419542947410E-02
 0.7518511356581642 8.560882927362790E-03
 0.7509224079699983 -6.710788510521981E-03
 0.7496715087007890 -2.205661461608344E-02
 0.7481022284652561 -3.746564357842280E-02
 0.7462323726481579 -5.292718643469196E-02
 0.7440761401030412 -6.843596293727777E-02
 0.7416337970461172 -8.398557021030301E-02
 0.7389059453128612 -9.956299232996063E-02
 0.7359053777610883 -0.1151549339565239
 0.7326458590540645 -0.1307540144404790
 0.7291291479068659 -0.1463528837755061
 0.7253533503573512 -0.1619374409392856
 0.7213267064153792 -0.1774924134782170
 0.7170620431966960 -0.1930089843931122
 0.7125625399150428 -0.2084797327786593
 0.7078245770075726 -0.2238902083196737
 0.7028521612890667 -0.2392235077759147
 0.6976567595680475 -0.2544697053089991
 0.6922429658436733 -0.2696219662502426
 0.6866059672760512 -0.2846660921641526
 0.6807454576506200 -0.2995836643215107
 0.6746708434690298 -0.3143637393292468
 0.6683879762967497 -0.3290007059825557
 0.6618911018035563 -0.3434812575716898
 0.6551750204748135 -0.3577853867720969
 0.6482459883719598 -0.3719010793350483
 0.6411109422914861 -0.3858249090775030
 0.6337633835193295 -0.3995454778341697
 0.6261920913104381 -0.4130409183027226
 0.6183987196267271 -0.4262980386579630
 0.6103918278703179 -0.4393177215348758
 0.6021650644024961 -0.4520926360217305
 0.5936991252006709 -0.4645979740706812
 0.5849891998824568 -0.4768188899632069
 0.5760496686581502 -0.4887667961701706
 0.5668781879169335 -0.5004436843362233
 0.5574380723916518 -0.5118119200193971
 0.5477144477067846 -0.5228515706176291
 0.5377966649426918 -0.5336629876287547
 0.5275257673364008 -0.5440744874048951
 0.5170465297680316 -0.5542592901421582
 0.5062642467373911 -0.5641111976628591
 0.4951903655379324 -0.5736433488173932
 0.4838511494559775 -0.5828937844262296
 0.4722380343984867 -0.5918625818224847
 0.4603355868746993 -0.6005330572587309
 0.4481525359263222 -0.6089117680548120
 0.4357062570828459 -0.6170216887733824
 0.4229990102581730 -0.6248714008988998
 0.4100273775681662 -0.6324541571771333
 0.3968016182567204 -0.6397721724872419
 0.3833395099230027 -0.6468417418804691
 0.3696494906554624 -0.6536732758282617
 0.3557341657713831 -0.6602628783363319
 0.3416049151245806 -0.6666083562678733
 0.3272798983208005 -0.6727197850569866
 0.3127707876153877 -0.6786068211477416
 0.2980832611696146 -0.6842664936522016
 0.2832288920218895 -0.6896928158132734
 0.2682255907030752 -0.6948902189009483
 0.2530866313747802 -0.6998669331385327
 0.2378192586867332 -0.7046208066148003
 0.2224347375014121 -0.7091431485992632
 0.2069504141565421 -0.7134334589229865
 0.1913803379552785 -0.7174984376944693
 0.1757325251970110 -0.7213371277409197
 0.1600176804403588 -0.7249391692713694
 0.1442524457281670 -0.7282995806690867
 0.1284511504928907 -0.7314233295623609
 0.1126220107308159 -0.7343109771368259
 9.677491622782708E-02 -0.7369512561331235
 8.092566496405196E-02 -0.7393346919970560
 6.508843744671794E-02 -0.7414639593014778
 4.927101890446672E-02 -0.7433413200483343
 3.348205612086858E-02 -0.7449551374865966
 1.773627618992996E-02 -0.7462909050422267
 2.047211786976033E-03 -0.7473480334989930
 -1.357870152819585E-02 -0.7481308172073577
 -2.913484201191857E-02 -0.7486279290332042
 -4.460788239739166E-02 -0.7488187178751056
 -5.998557124791309E-02 -0.7486980201934977
 -7.526439324674150E-02 -0.7482736899655515
 -9.044117545744240E-02 -0.7475365610549194
 -0.1055040854916584 -0.7464575116637195
 -0.1204426717712057 -0.7450249530193438
 -0.1352596276806234 -0.7432570449846519
 -0.1499578498401833 -0.7411527537554649
 -0.1645230885006613 -0.7386614917374978
 -0.1789455187100679 -0.7357604110426534
 -0.1932673718746563 -0.7325770677252965
 -0.2074194439754353 -0.7288879593666499
 -0.2214793606626231 -0.7249050747887814
 -0.2354025043666053 -0.7204932975338034
 -0.2491945300188743 -0.7156691106738483
 -0.2628752502931763 -0.7104742792922926
 -0.2764490142084744 -0.7049014253335615
 -0.2899090899610462 -0.6989288411288734
 -0.3032567918356039 -0.6925673649100194
 -0.3165033286223017 -0.6858435316082694
 -0.3296550021477310 -0.6787635891087022
 -0.3427076780603905 -0.6713212038097123
 -0.3556581448799510 -0.6635263679167160
 -0.3685116257351615 -0.6554026248078318
 -0.3812729173145359 -0.6469624873177398
 -0.3939373429294060 -0.6382062637202485
 -0.4064973133406756 -0.6291427126894504
 -0.4189524743273573 -0.6197925986222946
 -0.4313053524876535 -0.6101708582104639
 -0.4435505358765027 -0.6002809234418986
 -0.4556770532909718 -0.5901298234833128
 -0.4676797870580131 -0.5797352849444244
 -0.4795592276792844 -0.5691129186980537
 -0.4913098892201327 -0.5582679228392942
 -0.5029186128559391 -0.5472057076599777
 -0.5143762922588371 -0.5359410454447695
 -0.5256817052414174 -0.5244894533013571
 -0.5368300147180317 -0.5128573949622605
 -0.5478068965672138 -0.5010489609516957
 -0.5585997155608997 -0.4890760728931721
 -0.5692056090751568 -0.4769536242533619
 -0.5796209551128574 -0.4646890108865832
 -0.5898310510482241 -0.4522851639689710
 -0.5998197926865680 -0.4397510276755453
 -0.6095824060223120 -0.4271002199722310
 -0.6191169573922830 -0.4143406140657787
 -0.6284090456826876 -0.4014738799149068
 -0.6374387442848836 -0.3885055182701298
 -0.6461987765849837 -0.3754469541639448
 -0.6546896438196820 -0.3623059081298547
 -0.6628982255312481 -0.3490824511990345
 -0.6707999737078297 -0.3357777995723829
 -0.6783842908746402 -0.3223999815355347
 -0.6856562211170594 -0.3089559684306757
 -0.6926062398599385 -0.2954439250331889
 -0.6992032106923293 -0.2818595375930384
 -0.7054318716536625 -0.2682060630561369
 -0.7113092963387736 -0.2544902488144813
 -0.7168360377571168 -0.2407090694192415
 -0.7219611608923131 -0.2268495717181008
 -0.7266599664168525 -0.2129088404250243
 -0.7310640368173481 -0.1989140800965418
 -0.7349452113118361 -0.1848134719617548
 -0.7385258904306546 -0.1706457846466232
 -0.7416667511039964 -0.1563820998709443
 -0.7443848955568066 -0.1420257618564551
 -0.7467263997491539 -0.1275804948660629
 -0.7486870486069610 -0.1130388435110767
 -0.7502446768357455 -9.839578387014253E-02
 -0.7514093277619261 -8.365559685520740E-02
 -0.7522095857051477 -6.882184283488696E-02
 -0.7526540124059040 -5.389218820980235E-02
 -0.7527350556285568 -3.886704663257901E-02
 -0.7524597631366714 -2.375419542947410E-02
 -0.7518511356581642 -8.560882927362790E-03
 -0.7509224079699983 6.710788510521981E-03
 -0.7496715087007890 2.205661461608344E-02
 -0.7481022284652561 3.746564357842280E-02
 -0.7462323726481579 5.292718643469196E-02
 -0.7440761401030412 6.843596293727777E-02
 -0.7416337970461172 8.398557021030301E-02
 -0.7389059453128612 9.956299232996063E-02
 -0.7359053777610883 0.1151549339565239
 -0.7326458590540645 0.1307540144404790
 -0.7291291479068659 0.1463528837755061
 -0.7253533503573512 0.1619374409392856
 -0.7213267064153792 0.1774924134782170
 -0.7170620431966960 0.1930089843931122
 -0.7125625399150428 0.2084797327786593
 -0.7078245770075726 0.2238902083196737
 -0.7028521612890667 0.2392235077759147
 -0.6976567595680475 0.2544697053089991
 -0.6922429658436733 0.2696219662502426
 -0.6866059672760512 0.2846660921641526
 -0.6807454576506200 0.2995836643215107
 -0.6746708434690298 0.3143637393292468
 -0.6683879762967497 0.3290007059825557
 -0.6618911018035563 0.3434812575716898
 -0.6551750204748135 0.3577853867720969
 -0.6482459883719598 0.3719010793350483
 -0.6411109422914861 0.3858249090775030
 -0.6337633835193295 0.3995454778341697
 -0.6261920913104381 0.4130409183027226
 -0.6183987196267271 0.4262980386579630
 -0.6103918278703179 0.4393177215348758
 -0.6021650644024961 0.4520926360217305
 -0.5936991252006709 0.4645979740706812
 -0.5849891998824568 0.4768188899632069
 -0.5760496686581502 0.4887667961701706
 -0.5668781879169335 0.5004436843362233
 -0.5574380723916518 0.5118119200193971
 -0.5477144477067846 0.5228515706176291
 -0.5377966649426918 0.5336629876287547
 -0.5275257673364008 0.5440744874048951
 -0.5170465297680316 0.5542592901421582
 -0.5062642467373911 0.5641111976628591
 -0.4951903655379324 0.5736433488173932
 -0.4838511494559775 0.5828937844262296
 -0.4722380343984867 0.5918625818224847
 -0.4603355868746993 0.6005330572587309
 -0.4481525359263222 0.6089117680548120
 -0.4357062570828459 0.6170216887733824
 -0.4229990102581730 0.6248714008988998
 -0.4100273775681662 0.6324541571771333
 -0.3968016182567204 0.6397721724872419
 -0.3833395099230027 0.6468417418804691
 -0.3696494906554624 0.6536732758282617
 -0.3557341657713831 0.6602628783363319
 -0.3416049151245806 0.6666083562678733
 -0.3272798983208005 0.6727197850569866
 -0.3127707876153877 0.6786068211477416
 -0.2980832611696146 0.6842664936522016
 -0.2832288920218895 0.6896928158132734
 -0.2682255907030752 0.6948902189009483
 -0.2530866313747802 0.6998669331385327
 -0.2378192586867332 0.7046208066148003
 -0.2224347375014121 0.7091431485992632
 -0.2069504141565421 0.7134334589229865
 -0.1913803379552785 0.7174984376944693
 -0.1757325251970110 0.7213371277409197
 -0.1600176804403588 0.7249391692713694
 -0.1442524457281670 0.7282995806690867
 -0.1284511504928907 0.7314233295623609
 -0.1126220107308159 0.7343109771368259
 -9.677491622782708E-02 0.7369512561331235
 -8.092566496405196E-02 0.7393346919970560
 -6.508843744671794E-02 0.7414639593014778
 -4.927101890446672E-02 0.7433413200483343
 -3.348205612086858E-02 0.7449551374865966
 -1.773627618992996E-02 0.7462909050422267
 -2.047211786976033E-03 0.7473480334989930
 1.357870152819585E-02 0.7481308172073577
 2.913484201191857E-02 0.7486279290332042
 4.460788239739166E-02 0.7488187178751056
 5.998557124791309E-02 0.7486980201934977
 7.526439324674150E-02 0.7482736899655515
 9.044117545744240E-02 0.7475365610549194
 0.1055040854916584 0.7464575116637195
 0.1204426717712057 0.7450249530193438
 0.1352596276806234 0.7432570449846519
 0.1499578498401833 0.7411527537554649
 0.1645230885006613 0.7386614917374978
 0.1789455187100679 0.7357604110426534
 0.1932673718746563 0.7325770677252965
 0.2074194439754353 0.7288879593666499
 0.2214793606626231 0.7249050747887814
 0.2354025043666053 0.7204932975338034
 0.2491945300188743 0.7156691106738483
 0.2628752502931763 0.7104742792922926
 0.2764490142084744 0.7049014253335615
 0.2899090899610462 0.6989288411288734
 0.3032567918356039 0.6925673649100194
 0.3165033286223017 0.6858435316082694
 0.3296550021477310 0.6787635891087022
 0.3427076780603905 0.6713212038097123
 0.3556581448799510 0.6635263679167160
 0.3685116257351615 0.6554026248078318
 0.3812729173145359 0.6469624873177398
 0.3939373429294060 0.6382062637202485
 0.4064973133406756 0.6291427126894504
 0.4189524743273573 0.6197925986222946
 0.4313053524876535 0.6101708582104639
 0.4435505358765027 0.6002809234418986
 0.4556770532909718 0.5901298234833128
 0.4676797870580131 0.5797352849444244
 0.4795592276792844 0.5691129186980537
 0.4913098892201327 0.5582679228392942
 0.5029186128559391 0.5472057076599777
 0.5143762922588371 0.5359410454447695
 0.5256817052414174 0.5244894533013571
 0.5368300147180317 0.5128573949622605
 0.5478068965672138 0.5010489609516957
 0.5585997155608997 0.4890760728931721
 0.5692056090751568 0.4769536242533619
 0.5796209551128574 0.4646890108865832
 0.5898310510482241 0.4522851639689710
 0.5998197926865680 0.4397510276755453
 0.6095824060223120 0.4271002199722310
 0.6191169573922830 0.4143406140657787
 0.6284090456826876 0.4014738799149068
 0.6374387442848836 0.3885055182701298
 0.6461987765849837 0.3754469541639448
 0.6546896438196820 0.3623059081298547
 0.6628982255312481 0.3490824511990345
 0.6707999737078297 0.3357777995723829
 0.6783842908746402 0.3223999815355347
 0.6856562211170594 0.3089559684306757
 0.6926062398599385 0.2954439250331889
 0.6992032106923293 0.2818595375930384
 0.7054318716536625 0.2682060630561369
 0.7113092963387736 0.2544902488144813
 0.7168360377571168 0.2407090694192415
 0.7219611608923131 0.2268495717181008
 0.7266599664168525 0.2129088404250243
 0.7310640368173481 0.1989140800965418
   
   
 #BODY NUMBER  3
 -1.327404563258186 -0.2658144210103442
 -1.319162243421600 -0.2759161103352863
 -1.313295021785752 -0.2869030918040955
 -1.310902042018779 -0.2989651515930704
 -1.311905928603131 -0.3115958435158580
 -1.316063834890102 -0.3241373041497694
 -1.323463863311629 -0.3361619410724566
 -1.334181125299174 -0.3473711842892296
 -1.347980926076774 -0.3573678938627418
 -1.364547573716583 -0.3656912976174258
 -1.383726071257052 -0.3720027315055403
 -1.405370763112131 -0.3761035881296346
 -1.429159105404976 -0.3777911737097310
 -1.454725258504270 -0.3768143958287216
 -1.481839728091883 -0.3729866043404681
 -1.510311915976696 -0.3662425009414434
 -1.539833844184418 -0.3565416145720455
 -1.570067840863186 -0.3437901225725518
 -1.600799869126253 -0.3279080290272615
 -1.631868560004437 -0.3089090239217990
 -1.663017900784266 -0.2868456855966834
 -1.693957167269652 -0.2617163598254912
 -1.724505917175694 -0.2334955874741437
 -1.754542907836647 -0.2022269838787073
 -1.783858914217010 -0.1680072142003743
 -1.812196285606211 -0.1308875723907351
 -1.839396281945785 -9.086952158605188E-02
 -1.865366624031753 -4.800189537814525E-02
 -1.889927761133677 -2.402355761549901E-03
 -1.912833365630309 4.583900897604920E-02
 -1.933927740267427 9.669960208702844E-02
 -1.953133704015294 0.1501308576620216
 -1.970285547093808 0.2059985882311253
 -1.985127742045618 0.2641696467370190
 -1.997490339836295 0.3245894089025800
 -2.007302526013230 0.3872007095540447
 -2.014403878104001 0.4518428318487867
 -2.018514246054534 0.5183186102652876
 -2.019438551032172 0.5865142590804795
 -2.017117838520503 0.6563424851079070
 -2.011405577930953 0.7275929085535993
 -2.001993440553020 0.7999647583664394
 -1.988666969588831 0.8732409656656096
 -1.971421171466039 0.9472774167376333
 -1.950172755585176 1.021787717507000
 -1.924600930556124 1.096311319954868
 -1.894507366701352 1.170477718190778
 -1.860076671669503 1.244102896648366
 -1.821420784285977 1.316845696743382
 -1.778145804736105 1.387986759748678
 -1.730103604809702 1.456981342251639
 -1.678795948787806 1.524349251675970
 -1.622199670184798 1.588140958101494
 -1.562802422584483 1.649438667165237
 -1.499519102745202 1.706960546545383
 -1.432900089212131 1.760546307429642
 -1.363770094293942 1.810196499772119
 -1.292438536214401 1.855593800611597
 -1.219074812765492 1.896429763455437
 -1.144185639762265 1.932701767345983
 -1.068407371343508 1.964508973145973
 -0.9921236506366828 1.991818658341380
 -0.9155633125636885 2.014601198873010
 -0.8391007880111693 2.033012543940000
 -0.7632046075486594 2.047278354298857
 -0.6881790281796283 2.057519025473136
 -0.6141760818617350 2.063828451882305
 -0.5414190789060405 2.066421981535841
 -0.4702209611519627 2.065563899116333
 -0.4007942592809887 2.061420369047262
 -0.3332170798425685 2.054112032655519
 -0.2676036916503665 2.043849954856226
 -0.2041598410553543 2.030890474458500
 -0.1430389482919475 2.015400609043101
 -8.427885195251095E-02 1.997492414183337
 -2.793016238746204E-02 1.977355582218587
 2.586699865006792E-02 1.955232126926787
 7.699030298475673E-02 1.931284439046962
 0.1254170492061450 1.905613287303466
 0.1711314460072129 1.878392888036431
 0.2140353540991227 1.849863129021971
 0.2540242856416443 1.820193164321374
 0.2910802950114634 1.789482217527774
 0.3252105468287250 1.757902918735024
 0.3563518911722332 1.725712505352415
 0.3844192300649106 1.693105017272463
 0.4094040000240630 1.660191073582419
 0.4313410231196274 1.627156672226330
 0.4502121708721348 1.594298635916831
 0.4659703973061725 1.561855750431353
 0.4786397402460611 1.529958260895078
 0.4883080267215176 1.498813228848016
 0.4950340073139423 1.468776184520488
 0.4988501452375556 1.440143035610579
 0.4998605307304632 1.413046968216456
 0.4982558911278827 1.387693716351673
 0.4942261102055006 1.364501543245217
 0.4879435283975114 1.343808434052867
 0.4796538537316207 1.325648956215756
 0.4697042785522746 1.310122509780867
 0.4584553156371752 1.297753789095943
 0.4462479831365949 1.288877053300534
 0.4335002403418828 1.282473283386149
 0.4206307608470520 1.280386069684020
 0.4081821449662303 1.280798397432147
 0.3965396048835249 1.284757046057693
 0.3861030481031918 1.291941783303654
 0.3773207777371476 1.301813366091682
 0.3706071509015798 1.314234297154795
 0.3662582925124285 1.329120339903409
 0.3645007884563118 1.346069672730731
 0.3655758331787048 1.364578512319693
 0.3696992198675263 1.384343295340213
 0.3769701197813227 1.405138576655846
 0.3874027989443211 1.426583678185417
 0.4010317899527774 1.448236227305943
 0.4179039894158010 1.469804151034830
 0.4379806482275115 1.491089737344889
 0.4611428263664975 1.511806033956778
 0.4873029407135971 1.531613697138778
 0.5164232513206333 1.550287367551771
 0.5484112178276858 1.567694140561872
 0.5830932996994412 1.583638591825785
 0.6203255674399614 1.597868119690990
 0.6600398481636670 1.610213726987806
 0.7021377485486570 1.620592222155709
 0.7464309415919275 1.628870743579444
 0.7927461800730543 1.634851806174146
 0.8410028268496333 1.638398668584720
 0.8911124511886002 1.639455831472187
 0.9428833794484082 1.637926630339987
 0.9961144290727162 1.633642783354311
 1.050708182076927 1.626480751111511
 1.106583988634904 1.616397975833831
 1.163542784098789 1.603318042376996
 1.221341496005829 1.587086231000238
 1.279847843827157 1.567582673660953
 1.338976913843778 1.544774625831109
 1.398509309950950 1.518603515995564
 1.458134206771252 1.488925309851376
 1.517655523561589 1.455627957035259
 1.576968184946709 1.418704048031559
 1.635816731386301 1.378131873525126
 1.693786523154126 1.333794798545507
 1.750582344686088 1.285615632498138
 1.806076893059108 1.233662107679251
 1.859980498428567 1.178005289351563
 1.911733918815427 1.118597638031339
 1.960917121867533 1.055452648124743
 2.007463049254043 0.9888222023284126
 2.051132218386976 0.9189738218009408
 2.091104696426856 0.8459260586598519
 2.126834657634720 0.7698230018184152
 2.159523150585092 0.6917053135826545
 2.186470249598850 0.6107956453400257
 2.209856999041682 0.5287072654714068
 2.228030747938672 0.4451413631647011
 2.241127871379024 0.3606547246278731
 2.249561201791298 0.2759612966939941
 2.253210638541760 0.1914877048858469
 2.251893758028068 0.1075348752409556
 2.245861648341836 2.454294700648063E-02
 2.235518362378648 -5.698656139895408E-02
 2.221027383173814 -0.1367050440239652
 2.202477473000457 -0.2143995119833185
 2.180190903270052 -0.2898236732167865
 2.154597367215139 -0.3626845987269567
 2.125953258919351 -0.4327789919813226
 2.094415909314053 -0.5000221366520987
 2.060283470401637 -0.5643283143417179
 2.023941290350763 -0.6255586518086311
 1.985639537114116 -0.6836121742953279
 1.945521742420254 -0.7384815602092275
 1.903827828254353 -0.7901733823123980
 1.860882663712570 -0.8386376284427202
 1.816907600379929 -0.8838249415701152
 1.772018600525733 -0.9257585802990062
 1.726405247709996 -0.9644895609499265
 1.680347192889044 -1.000017541414010
 1.634046234655870 -1.032317777753341
 1.587600991990903 -1.061420994331937
 1.541170236323961 -1.087400623646827
 1.495010786207636 -1.110291618468823
 1.449321377276271 -1.130088066704545
 1.404196912493831 -1.146824038784883
 1.359783311596980 -1.160592054499816
 1.316334923677564 -1.171466043117989
 1.274062341200389 -1.179469327575699
 1.233065644846504 -1.184649801223013
 1.193488502525538 -1.187130619829133
 1.155597034486786 -1.187044495026624
 1.119621558267274 -1.184470076694350
 1.085662850541967 -1.179493304761413
 1.053856318349803 -1.172293770436693
 1.024480484611352 -1.163100118331330
 0.9977753813032213 -1.152088416262570
 0.9738043058508020 -1.139415402069981
 0.9526500654686443 -1.125349117477836
 0.9345799448506786 -1.110263138274140
 0.9198004775108127 -1.094475708230892
 0.9082187457173595 -1.078216900462567
 0.8997472362639202 -1.061837092382945
 0.8946600913960115 -1.045910844389778
 0.8930762789447955 -1.030900616434128
 0.8939043229163031 -1.016658862375805
 0.8985314825745481 -1.004469959348734
 0.9051128768195215 -0.9938953056280512
 0.9143624371352541 -0.9857918944646230
 0.9258028804999390 -0.9803459397877965
 0.9387430571529543 -0.9776760619419126
 0.9528567124100493 -0.9780723560823386
 0.9679228327867458 -0.9817491556141795
 0.9834801376204625 -0.9887017788679890
 0.9989717405378777 -0.9988872147022667
 1.014026851389525 -1.012340563834673
 1.028400643330809 -1.029034988526211
 1.041756306460655 -1.048792504475686
 1.053693468551493 -1.071421831477222
 1.063935738676082 -1.096817546694362
 1.072331267749184 -1.124847236403445
 1.078691017817920 -1.155264419384732
 1.082764900149589 -1.187823574566226
 1.084376617805620 -1.222379338524509
 1.083457342176751 -1.258785116640074
 1.079924601084825 -1.296792906229102
 1.073631599829690 -1.336151759865498
 1.064466069012027 -1.376718139513662
 1.052405159287990 -1.418365238277002
 1.037427972625083 -1.460863529379070
 1.019450105533157 -1.503964233783411
 0.9983934550961520 -1.547529146998668
 0.9742541728431532 -1.591453936094042
 0.9470443816852684 -1.635524274578438
 0.9167189365575931 -1.679481792330360
 0.8832195581904999 -1.723180353198539
 0.8465497153803906 -1.766528833495852
 0.8067427629950192 -1.809316630608121
 0.7637862460397897 -1.851255877737257
 0.7176424960091383 -1.892172082563533
 0.6683256121694522 -1.931975335385153
 0.6158945681530508 -1.970446347844350
 0.5603800392832823 -2.007243920116664
 0.5017830274705831 -2.042142216115739
 0.4401496535737941 -2.075046533139466
 0.3755888465446513 -2.105724782078725
 0.3082069173988931 -2.133759556911946
 0.2380846249027426 -2.158856598163748
 0.1653442784069306 -2.180939524416884
 9.019225715660839E-02 -2.199793006858563
 1.286701174069604E-02 -2.214908957986207
 -6.640975516618053E-02 -2.225930366315521
 -0.1473863775845400 -2.232925098976779
 -0.2297114341009998 -2.235819518544323
 -0.3129588916907512 -2.233912818408530
 -0.3967310528250184 -2.226804344070054
 -0.4807272017972861 -2.216054565258625
 -0.5642705794140527 -2.198936603441520
 -0.6470545764571997 -2.178145932636644
 -0.7285116451934703 -2.152101909710084
 -0.8082277821668928 -2.121201032057515
 -0.8857911074973557 -2.086157796466113
 -0.9607721023273590 -2.047081505497444
 -1.032818945262576 -2.003964638696392
 -1.101676008579570 -1.957244714352464
 -1.167110991035140 -1.907522411747019
 -1.228903732537131 -1.855113614317414
 -1.286914160436769 -1.800201686889692
 -1.341090115258883 -1.743188870723214
 -1.391392759666479 -1.684593755571901
 -1.437774230739723 -1.624740033491813
 -1.480239827452318 -1.563806315230206
 -1.518864391495597 -1.502093667194123
 -1.553720329198801 -1.440005247307702
 -1.584845277833127 -1.377808194751934
 -1.612304662577686 -1.315630472446292
 -1.636224136603987 -1.253676572543828
 -1.656722822657216 -1.192252846015780
 -1.673868652087982 -1.131575667472986
 -1.687739748573222 -1.071733833884331
 -1.698475085322534 -1.012866021268660
 -1.706214191539112 -0.9552145855127772
 -1.711036537640626 -0.8989666612936207
 -1.713018041197048 -0.8441922929715283
 -1.712301682331174 -0.7909922643896041
 -1.709046140306759 -0.7395715105531477
 -1.703345662917915 -0.6901050976168285
 -1.695277207505295 -0.6426581787428908
 -1.684993858425705 -0.5973108642352074
 -1.672686814849797 -0.5542464622344261
 -1.658481571265299 -0.5136356896967644
 -1.642469644870567 -0.4755412723594062
 -1.624829525645165 -0.4400260523971971
 -1.605809205358920 -0.4072541408902061
 -1.585591955573447 -0.3773856737370034
 -1.564302590788028 -0.3504649561336651
 -1.542164345071320 -0.3265194584113234
 -1.519514491925294 -0.3056760661891585
 -1.496625526540777 -0.2880546193480097
 -1.473664836581265 -0.2736315661464750
 -1.450905956596527 -0.2623445988738364
 -1.428806055056179 -0.2542384049710775
 -1.407744005908324 -0.2493327258219750
 -1.387872599448980 -0.2474320557531892
 -1.369451514816195 -0.2482854173979214
 -1.353115407033187 -0.2518429447061645
 -1.339324262081390 -0.2579764368664064
 -1.327404563258186 -0.2658144210103442
   
   
 #BODY NUMBER  4
 -2.159523150585092 -0.6917053135826545
 -2.186470249598850 -0.6107956453400257
 -2.209856999041682 -0.5287072654714068
 -2.228030747938672 -0.4451413631647011
 -2.241127871379024 -0.3606547246278731
 -2.249561201791298 -0.2759612966939941
 -2.253210638541760 -0.1914877048858469
 -2.251893758028068 -0.1075348752409556
 -2.245861648341836 -2.454294700648063E-02
 -2.235518362378648 5.698656139895408E-02
 -2.221027383173814 0.1367050440239652
 -2.202477473000457 0.2143995119833185
 -2.180190903270052 0.2898236732167865
 -2.154597367215139 0.3626845987269567
 -2.125953258919351 0.4327789919813226
 -2.094415909314053 0.5000221366520987
 -2.060283470401637 0.5643283143417179
 -2.023941290350763 0.6255586518086311
 -1.985639537114116 0.6836121742953279
 -1.945521742420254 0.7384815602092275
 -1.903827828254353 0.7901733823123980
 -1.860882663712570 0.8386376284427202
 -1.816907600379929 0.8838249415701152
 -1.772018600525733 0.9257585802990062
 -1.726405247709996 0.9644895609499265
 -1.680347192889044 1.000017541414010
 -1.634046234655870 1.032317777753341
 -1.587600991990903 1.061420994331937
 -1.541170236323961 1.087400623646827
 -1.495010786207636 1.110291618468823
 -1.449321377276271 1.130088066704545
 -1.404196912493831 1.146824038784883
 -1.359783311596980 1.160592054499816
 -1.316334923677564 1.171466043117989
 -1.274062341200389 1.179469327575699
 -1.233065644846504 1.184649801223013
 -1.193488502525538 1.187130619829133
 -1.155597034486786 1.187044495026624
 -1.119621558267274 1.184470076694350
 -1.085662850541967 1.179493304761413
 -1.053856318349803 1.172293770436693
 -1.024480484611352 1.163100118331330
 -0.9977753813032213 1.152088416262570
 -0.9738043058508020 1.139415402069981
 -0.9526500654686443 1.125349117477836
 -0.9345799448506786 1.110263138274140
 -0.9198004775108127 1.094475708230892
 -0.9082187457173595 1.078216900462567
 -0.8997472362639202 1.061837092382945
 -0.8946600913960115 1.045910844389778
 -0.8930762789447955 1.030900616434128
 -0.8939043229163031 1.016658862375805
 -0.8985314825745481 1.004469959348734
 -0.9051128768195215 0.9938953056280512
 -0.9143624371352541 0.9857918944646230
 -0.9258028804999390 0.9803459397877965
 -0.9387430571529543 0.9776760619419126
 -0.9528567124100493 0.9780723560823386
 -0.9679228327867458 0.9817491556141795
 -0.9834801376204625 0.9887017788679890
 -0.9989717405378777 0.9988872147022667
 -1.014026851389525 1.012340563834673
 -1.028400643330809 1.029034988526211
 -1.041756306460655 1.048792504475686
 -1.053693468551493 1.071421831477222
 -1.063935738676082 1.096817546694362
 -1.072331267749184 1.124847236403445
 -1.078691017817920 1.155264419384732
 -1.082764900149589 1.187823574566226
 -1.084376617805620 1.222379338524509
 -1.083457342176751 1.258785116640074
 -1.079924601084825 1.296792906229102
 -1.073631599829690 1.336151759865498
 -1.064466069012027 1.376718139513662
 -1.052405159287990 1.418365238277002
 -1.037427972625083 1.460863529379070
 -1.019450105533157 1.503964233783411
 -0.9983934550961520 1.547529146998668
 -0.9742541728431532 1.591453936094042
 -0.9470443816852684 1.635524274578438
 -0.9167189365575931 1.679481792330360
 -0.8832195581904999 1.723180353198539
 -0.8465497153803906 1.766528833495852
 -0.8067427629950192 1.809316630608121
 -0.7637862460397897 1.851255877737257
 -0.7176424960091383 1.892172082563533
 -0.6683256121694522 1.931975335385153
 -0.6158945681530508 1.970446347844350
 -0.5603800392832823 2.007243920116664
 -0.5017830274705831 2.042142216115739
 -0.4401496535737941 2.075046533139466
 -0.3755888465446513 2.105724782078725
 -0.3082069173988931 2.133759556911946
 -0.2380846249027426 2.158856598163748
 -0.1653442784069306 2.180939524416884
 -9.019225715660839E-02 2.199793006858563
 -1.286701174069604E-02 2.214908957986207
 6.640975516618053E-02 2.225930366315521
 0.1473863775845400 2.232925098976779
 0.2297114341009998 2.235819518544323
 0.3129588916907512 2.233912818408530
 0.3967310528250184 2.226804344070054
 0.4807272017972861 2.216054565258625
 0.5642705794140527 2.198936603441520
 0.6470545764571997 2.178145932636644
 0.7285116451934703 2.152101909710084
 0.8082277821668928 2.121201032057515
 0.8857911074973557 2.086157796466113
 0.9607721023273590 2.047081505497444
 1.032818945262576 2.003964638696392
 1.101676008579570 1.957244714352464
 1.167110991035140 1.907522411747019
 1.228903732537131 1.855113614317414
 1.286914160436769 1.800201686889692
 1.341090115258883 1.743188870723214
 1.391392759666479 1.684593755571901
 1.437774230739723 1.624740033491813
 1.480239827452318 1.563806315230206
 1.518864391495597 1.502093667194123
 1.553720329198801 1.440005247307702
 1.584845277833127 1.377808194751934
 1.612304662577686 1.315630472446292
 1.636224136603987 1.253676572543828
 1.656722822657216 1.192252846015780
 1.673868652087982 1.131575667472986
 1.687739748573222 1.071733833884331
 1.698475085322534 1.012866021268660
 1.706214191539112 0.9552145855127772
 1.711036537640626 0.8989666612936207
 1.713018041197048 0.8441922929715283
 1.712301682331174 0.7909922643896041
 1.709046140306759 0.7395715105531477
 1.703345662917915 0.6901050976168285
 1.695277207505295 0.6426581787428908
 1.684993858425705 0.5973108642352074
 1.672686814849797 0.5542464622344261
 1.658481571265299 0.5136356896967644
 1.642469644870567 0.4755412723594062
 1.624829525645165 0.4400260523971971
 1.605809205358920 0.4072541408902061
 1.585591955573447 0.3773856737370034
 1.564302590788028 0.3504649561336651
 1.542164345071320 0.3265194584113234
 1.519514491925294 0.3056760661891585
 1.496625526540777 0.2880546193480097
 1.473664836581265 0.2736315661464750
 1.450905956596527 0.2623445988738364
 1.428806055056179 0.2542384049710775
 1.407744005908324 0.2493327258219750
 1.387872599448980 0.2474320557531892
 1.369451514816195 0.2482854173979214
 1.353115407033187 0.2518429447061645
 1.339324262081390 0.2579764368664064
 1.327404563258186 0.2658144210103442
 1.319162243421600 0.2759161103352863
 1.313295021785752 0.2869030918040955
 1.310902042018779 0.2989651515930704
 1.311905928603131 0.3115958435158580
 1.316063834890102 0.3241373041497694
 1.323463863311629 0.3361619410724566
 1.334181125299174 0.3473711842892296
 1.347980926076774 0.3573678938627418
 1.364547573716583 0.3656912976174258
 1.383726071257052 0.3720027315055403
 1.405370763112131 0.3761035881296346
 1.429159105404976 0.3777911737097310
 1.454725258504270 0.3768143958287216
 1.481839728091883 0.3729866043404681
 1.510311915976696 0.3662425009414434
 1.539833844184418 0.3565416145720455
 1.570067840863186 0.3437901225725518
 1.600799869126253 0.3279080290272615
 1.631868560004437 0.3089090239217990
 1.663017900784266 0.2868456855966834
 1.693957167269652 0.2617163598254912
 1.724505917175694 0.2334955874741437
 1.754542907836647 0.2022269838787073
 1.783858914217010 0.1680072142003743
 1.812196285606211 0.1308875723907351
 1.839396281945785 9.086952158605188E-02
 1.865366624031753 4.800189537814525E-02
 1.889927761133677 2.402355761549901E-03
 1.912833365630309 -4.583900897604920E-02
 1.933927740267427 -9.669960208702844E-02
 1.953133704015294 -0.1501308576620216
 1.970285547093808 -0.2059985882311253
 1.985127742045618 -0.2641696467370190
 1.997490339836295 -0.3245894089025800
 2.007302526013230 -0.3872007095540447
 2.014403878104001 -0.4518428318487867
 2.018514246054534 -0.5183186102652876
 2.019438551032172 -0.5865142590804795
 2.017117838520503 -0.6563424851079070
 2.011405577930953 -0.7275929085535993
 2.001993440553020 -0.7999647583664394
 1.988666969588831 -0.8732409656656096
 1.971421171466039 -0.9472774167376333
 1.950172755585176 -1.021787717507000
 1.924600930556124 -1.096311319954868
 1.894507366701352 -1.170477718190778
 1.860076671669503 -1.244102896648366
 1.821420784285977 -1.316845696743382
 1.778145804736105 -1.387986759748678
 1.730103604809702 -1.456981342251639
 1.678795948787806 -1.524349251675970
 1.622199670184798 -1.588140958101494
 1.562802422584483 -1.649438667165237
 1.499519102745202 -1.706960546545383
 1.432900089212131 -1.760546307429642
 1.363770094293942 -1.810196499772119
 1.292438536214401 -1.855593800611597
 1.219074812765492 -1.896429763455437
 1.144185639762265 -1.932701767345983
 1.068407371343508 -1.964508973145973
 0.9921236506366828 -1.991818658341380
 0.9155633125636885 -2.014601198873010
 0.8391007880111693 -2.033012543940000
 0.7632046075486594 -2.047278354298857
 0.6881790281796283 -2.057519025473136
 0.6141760818617350 -2.063828451882305
 0.5414190789060405 -2.066421981535841
 0.4702209611519627 -2.065563899116333
 0.4007942592809887 -2.061420369047262
 0.3332170798425685 -2.054112032655519
 0.2676036916503665 -2.043849954856226
 0.2041598410553543 -2.030890474458500
 0.1430389482919475 -2.015400609043101
 8.427885195251095E-02 -1.997492414183337
 2.793016238746204E-02 -1.977355582218587
 -2.586699865006792E-02 -1.955232126926787
 -7.699030298475673E-02 -1.931284439046962
 -0.1254170492061450 -1.905613287303466
 -0.1711314460072129 -1.878392888036431
 -0.2140353540991227 -1.849863129021971
 -0.2540242856416443 -1.820193164321374
 -0.2910802950114634 -1.789482217527774
 -0.3252105468287250 -1.757902918735024
 -0.3563518911722332 -1.725712505352415
 -0.3844192300649106 -1.693105017272463
 -0.4094040000240630 -1.660191073582419
 -0.4313410231196274 -1.627156672226330
 -0.4502121708721348 -1.594298635916831
 -0.4659703973061725 -1.561855750431353
 -0.4786397402460611 -1.529958260895078
 -0.4883080267215176 -1.498813228848016
 -0.4950340073139423 -1.468776184520488
 -0.4988501452375556 -1.440143035610579
 -0.4998605307304632 -1.413046968216456
 -0.4982558911278827 -1.387693716351673
 -0.4942261102055006 -1.364501543245217
 -0.4879435283975114 -1.343808434052867
 -0.4796538537316207 -1.325648956215756
 -0.4697042785522746 -1.310122509780867
 -0.4584553156371752 -1.297753789095943
 -0.4462479831365949 -1.288877053300534
 -0.4335002403418828 -1.282473283386149
 -0.4206307608470520 -1.280386069684020
 -0.4081821449662303 -1.280798397432147
 -0.3965396048835249 -1.284757046057693
 -0.3861030481031918 -1.291941783303654
 -0.3773207777371476 -1.301813366091682
 -0.3706071509015798 -1.314234297154795
 -0.3662582925124285 -1.329120339903409
 -0.3645007884563118 -1.346069672730731
 -0.3655758331787048 -1.364578512319693
 -0.3696992198675263 -1.384343295340213
 -0.3769701197813227 -1.405138576655846
 -0.3874027989443211 -1.426583678185417
 -0.4010317899527774 -1.448236227305943
 -0.4179039894158010 -1.469804151034830
 -0.4379806482275115 -1.491089737344889
 -0.4611428263664975 -1.511806033956778
 -0.4873029407135971 -1.531613697138778
 -0.5164232513206333 -1.550287367551771
 -0.5484112178276858 -1.567694140561872
 -0.5830932996994412 -1.583638591825785
 -0.6203255674399614 -1.597868119690990
 -0.6600398481636670 -1.610213726987806
 -0.7021377485486570 -1.620592222155709
 -0.7464309415919275 -1.628870743579444
 -0.7927461800730543 -1.634851806174146
 -0.8410028268496333 -1.638398668584720
 -0.8911124511886002 -1.639455831472187
 -0.9428833794484082 -1.637926630339987
 -0.9961144290727162 -1.633642783354311
 -1.050708182076927 -1.626480751111511
 -1.106583988634904 -1.616397975833831
 -1.163542784098789 -1.603318042376996
 -1.221341496005829 -1.587086231000238
 -1.279847843827157 -1.567582673660953
 -1.338976913843778 -1.544774625831109
 -1.398509309950950 -1.518603515995564
 -1.458134206771252 -1.488925309851376
 -1.517655523561589 -1.455627957035259
 -1.576968184946709 -1.418704048031559
 -1.635816731386301 -1.378131873525126
 -1.693786523154126 -1.333794798545507
 -1.750582344686088 -1.285615632498138
 -1.806076893059108 -1.233662107679251
 -1.859980498428567 -1.178005289351563
 -1.911733918815427 -1.118597638031339
 -1.960917121867533 -1.055452648124743
 -2.007463049254043 -0.9888222023284126
 -2.051132218386976 -0.9189738218009408
 -2.091104696426856 -0.8459260586598519
 -2.126834657634720 -0.7698230018184152
 -2.159523150585092 -0.6917053135826545
   
   
