 # action(x) =  13.97055577994809
 # |grad_action(x)| =  1.157920711771774E-09
 # PRINTSTEPS = 50
 #
 #BODY NUMBER  1
 -1.291545931236408 -4.829797834546401E-03
 -1.289929652220105 -5.783253825542578E-02
 -1.286665912395377 -0.1107556078603372
 -1.281023810472743 -0.1634930669060177
 -1.273125482411030 -0.2159387853769371
 -1.263205231848008 -0.2680170039076760
 -1.251207856174969 -0.3196588227572665
 -1.237015243103396 -0.3707670441723266
 -1.220696854546353 -0.4212350995919169
 -1.202383704570569 -0.4709854750002085
 -1.182077286746569 -0.5199559065047901
 -1.159727825417477 -0.5680588536957903
 -1.135391563190524 -0.6151905634897253
 -1.109180934953178 -0.6612737851020340
 -1.081129380631676 -0.7062542411465060
 -1.051221764596642 -0.7500567322384633
 -1.019513366761734 -0.7925834114633373
 -0.9861133234056813 -0.8337589129269237
 -0.9510777586885149 -0.8735381063114100
 -0.9144154220173872 -0.9118607232480609
 -0.8761845572110318 -0.9486377828291959
 -0.8364956189088708 -0.9837971583400651
 -0.7954222464379662 -1.017303711426461
 -0.7529913070174954 -1.049114524281741
 -0.7092649685468615 -1.079152313176763
 -0.6643563474513305 -1.107349191412866
 -0.6183528650645617 -1.133680432218463
 -0.5712952217471143 -1.158122739726823
 -0.5232490141180182 -1.180613257066932
 -0.4743300675619674 -1.201088830381056
 -0.4246365066203303 -1.219534996021007
 -0.3742189449272098 -1.235950323694118
 -0.3231449765340188 -1.250289113307041
 -0.2715327347313020 -1.262492653570172
 -0.2194884426858142 -1.272555788609050
 -0.1670684987549277 -1.280501497844129
 -0.1143402418950649 -1.286304244398455
 -6.142393071786711E-02 -1.289908094277961
 -8.431932099724815E-03 -1.291314937574609
 4.457857804779719E-02 -1.290575910868776
 9.754386232770607E-02 -1.287689669681415
 0.1503403662360870 -1.282598390381649
 0.2028501426646969 -1.275306124223766
 0.2550229184021142 -1.265900126829884
 0.3068042492407715 -1.254410644709629
 0.3580609440341577 -1.240763967433836
 0.4086659329045600 -1.224954173690067
 0.4585952254594908 -1.207132334246986
 0.5078173701729928 -1.187380943370304
 0.5561483765208957 -1.165536339326568
 0.6034348753104205 -1.141546959884684
 0.6499556932318908 -1.116096687782252
 0.6950492733972768 -1.088195578882425
 0.7392501262073859 -1.058907562479362
 0.7821010545090754 -1.027652629361004
 0.8235712149930918 -0.9945896173782647
 0.8637121499430749 -0.9599593191152875
 0.9024365891273503 -0.9237483775793907
 0.9396013006772683 -0.8859031034041567
 0.9751487244692217 -0.8465369366523462
 1.009077238431163 -0.8058020958437075
 1.041333667235992 -0.7637310063954338
 1.071817310835319 -0.7203243315286794
 1.100466437725900 -0.6756826553108074
 1.127270364210061 -0.6299419746022370
 1.152198804656482 -0.5831583879213871
 1.175179066672830 -0.5353563871207838
 1.196154052301284 -0.4866327694672818
 1.215113060902018 -0.4371197326987020
 1.232045070554359 -0.3868884469237082
 1.246902262024434 -0.3359766235362036
 1.259636697494622 -0.2844791936157561
 1.270241140716078 -0.2325278770416916
 1.278721980644531 -0.1802040165180632
 1.285055482979621 -0.1275523386429850
 1.289205801999143 -7.466532426236461E-02
 1.291170704309784 -2.167487842420290E-02
 1.290972486565265 3.133092638966695E-02
 1.288611324133620 8.430519469960318E-02
 1.284065579678185 0.1371596897317787
 1.277338473046382 0.1897625268326251
 1.268466540621024 0.2420214958337905
 1.257473850548300 0.2938920488965879
 1.244354622412598 0.3452927978076332
 1.229117077392467 0.3960920804895667
 1.211809861953746 0.4461953270432270
 1.192481076036071 0.4955651847692951
 1.171142273532220 0.5441305679839057
 1.147805143488188 0.5917593626783244
 1.122527506210740 0.6383552013290810
 1.095382235233704 0.6838941364340708
 1.066400034901972 0.7283202975483452
 1.035592605733836 0.7714977715165897
 1.003022429773225 0.8133264387729833
 0.9687902092120830 0.8538063892500936
 0.9329493603995581 0.8929055961369510
 0.8955026438034117 0.9304718573042671
 0.8565084663549168 0.9663921663544851
 0.8161096543747058 1.000721282381732
 0.7743933757567736 1.033473214696767
 0.7313098905443537 1.064406791963981
 0.6868912291307211 1.093363411450970
 0.6415902379983436 1.120926485522432
 0.5948803788155183 1.146028117045150
 0.5474157861790491 1.169663170248048
 0.4989227559531314 1.191145696175147
 0.4495542674067320 1.210528402661739
 0.3994930818937635 1.227976322927625
 0.3487712670358645 1.243407200240823
 0.2974139424123960 1.256670147482287
 0.2455481300609084 1.267772036152858
 0.1933064661216232 1.276787570754660
 0.1407436194923697 1.283686912811506
 8.791051456351621E-02 1.288383185135114
 3.492512544469636E-02 1.290873218710381
 -1.808942927846393E-02 1.291215759613844
 -7.106942404753695E-02 1.289412628978021
 -0.1239573020997305 1.285413119271029
 -0.1766406855645177 1.279216180845132
 -0.2289997375235730 1.270878645543082
 -0.2809673118951753 1.260426553154325
 -0.3324868400373786 1.247837346703356
 -0.3834521403143131 1.233116976362971
 -0.4337455218390028 1.216325035299501
 -0.4832997342405261 1.197507727863796
 -0.5320641759984662 1.176666862846869
 -0.5799408334903867 1.153817637364335
 -0.6268143568980332 1.129024069764726
 -0.6726196215422304 1.102349505758033
 -0.7173161024303051 1.073817544957077
 -0.7608165656056424 1.043453567264832
 -0.8030084055307497 1.011326303477981
 -0.8438300340481815 0.9775135001179887
 -0.8832549056711017 0.9420582747314327
 -0.9212096459320082 0.9049963154373070
 -0.9575843427173443 0.8664005730214546
 -0.9923214193254701 0.8263604615075250
 -1.025412577339577 0.7849363130159609
 -1.056802031697277 0.7421736763552115
 -1.086381212832954 0.6981487315409489
 -1.114095574176065 0.6529597361886517
 -1.139960813348500 0.6066817743804082
 -1.163943897298751 0.5593693720816622
 -1.185932972041582 0.5111006188161169
 -1.205872572512002 0.4619796854029576
 -1.223813127689680 0.4120937375314652
 -1.239753609716540 0.3615050485232937
 -1.253563587915149 0.3102921100802996
 -1.265174399339654 0.2585620072884176
 -1.274704879917244 0.2064110518213220
 -1.282210746014712 0.1539077286323343
 -1.287458267151175 0.1011295473227153
 -1.290326104528242 4.818354839402258E-02
 -1.291545931315045 -4.829797782017087E-03
 -1.289929652296732 -5.783253820274492E-02
 -1.286665912470278 -0.1107556078067676
 -1.281023810547041 -0.1634930668509553
 -1.273125482486368 -0.2159387853205008
 -1.263205231924989 -0.2680170038503333
 -1.251207856252087 -0.3196588226991697
 -1.237015243178106 -0.3707670441133368
 -1.220696854617401 -0.4212350995321651
 -1.202383704638975 -0.4709854749401803
 -1.182077286814297 -0.5199559064446632
 -1.159727825485540 -0.5680588536349689
 -1.135391563258634 -0.6151905634273919
 -1.109180935020699 -0.6612737850381305
 -1.081129380698142 -0.7062542410818837
 -1.051221764661270 -0.7500567321739660
 -1.019513366823284 -0.7925834113989709
 -0.9861133234635484 -0.8337589128620646
 -0.9510777587438182 -0.8735381062456120
 -0.9144154220722902 -0.9118607231813389
 -0.8761845572666673 -0.9486377827615985
 -0.8364956189642083 -0.9837971582714018
 -0.7954222464908989 -1.017303711356686
 -0.7529913070667512 -1.049114524211341
 -0.7092649685925815 -1.079152313106366
 -0.6643563474941907 -1.107349191342417
 -0.6183528651050807 -1.133680432147118
 -0.5712952217859606 -1.158122739653820
 -0.5232490141561806 -1.180613256992389
 -0.4743300675998115 -1.201088830305704
 -0.4246365066565398 -1.219534995945268
 -0.3742189449594465 -1.235950323617758
 -0.3231449765610850 -1.250289113229720
 -0.2715327347544380 -1.262492653491944
 -0.2194884427075328 -1.272555788530072
 -0.1670684987766967 -1.280501497764088
 -0.1143402419163919 -1.286304244316719
 -6.142393073737573E-02 -1.289908094194375
 -8.431932116456098E-03 -1.291314937489836
 4.457857803427434E-02 -1.290575910783605
 9.754386231772222E-02 -1.287689669595892
 0.1503403662295311 -1.282598390295119
 0.2028501426603202 -1.275306124135697
 0.2550229183980044 -1.265900126740352
 0.3068042492361088 -1.254410644618937
 0.3580609440302787 -1.240763967342015
 0.4086659329038030 -1.224954173597050
 0.4585952254629678 -1.207132334153099
 0.5078173701797826 -1.187380943276138
 0.5561483765293284 -1.165536339232218
 0.6034348753195969 -1.141546959789407
 0.6499556932380640 -1.116096687687886
 0.6950492734045863 -1.088195578789724
 0.7392501262163280 -1.058907562387711
 0.7821010545196116 -1.027652629269129
 0.8235712150042983 -0.9945896172848023
 0.8637121499542446 -0.9599593190199487
 0.9024365891391043 -0.9237483774835560
 0.9396013006909997 -0.8859031033099607
 0.9751487244854445 -0.8465369365609410
 1.009077238448945 -0.8058020957544518
 1.041333667254199 -0.7637310063067158
 1.071817310853960 -0.7203243314393241
 1.100466437745828 -0.6756826552206560
 1.127270364231642 -0.6299419745118104
 1.152198804679214 -0.5831583878315147
 1.175179066696373 -0.5353563870325657
 1.196154052326251 -0.4866327693817943
 1.215113060929254 -0.4371197326161581
 1.232045070583690 -0.3868884468429150
 1.246902262054766 -0.3359766234552953
 1.259636697525345 -0.2844791935337755
 1.270241140747874 -0.2325278769594363
 1.278721980678492 -0.1802040164373344
 1.285055483015962 -0.1275523385651282
 1.289205802037248 -7.466532418757132E-02
 1.291170704349364 -2.167487835186066E-02
 1.290972486606792 3.133092646042990E-02
 1.288611324177419 8.430519476974641E-02
 1.284065579723660 0.1371596898021000
 1.277338473092717 0.1897625269030752
 1.268466540668512 0.2420214959030186
 1.257473850598311 0.2938920489626857
 1.244354622466027 0.3452927978697336
 1.229117077448646 0.3960920805487170
 1.211809862011284 0.4461953271015250
 1.192481076094504 0.4955651848281682
 1.171142273592342 0.5441305680432436
 1.147805143550821 0.5917593627370122
 1.122527506275790 0.6383552013859571
 1.095382235300703 0.6838941364883675
 1.066400034971045 0.7283202975997527
 1.035592605805495 0.7714977715655320
 1.003022429847305 0.8133264388208078
 0.9687902092875653 0.8538063892984189
 0.9329493604757685 0.8929055961863350
 0.8955026438809915 0.9304718573535369
 0.8565084664350936 0.9663921664016492
 0.8161096544577530 1.000721282425664
 0.7743933758417189 1.033473214737970
 0.7313098906302797 1.064406792003853
 0.6868912292178214 1.093363411490661
 0.6415902380831540 1.120926485564269
 0.5948803788994547 1.146028117085170
 0.5474157862628923 1.169663170286130
 0.4989227560379659 1.191145696211959
 0.4495542674932761 1.210528402698765
 0.3994930819819142 1.227976322965621
 0.3487712671247367 1.243407200278560
 0.2974139425008380 1.256670147517494
 0.2455481301481789 1.267772036184511
 0.1933064662078124 1.276787570783888
 0.1407436195783053 1.283686912840097
 8.791051465022083E-02 1.288383185163648
 3.492512553273358E-02 1.290873218738199
 -1.808942918936145E-02 1.291215759640367
 -7.106942395833939E-02 1.289412629003271
 -0.1239573020115603 1.285413119294750
 -0.1766406854779995 1.279216180866253
 -0.2289997374384699 1.270878645560767
 -0.2809673118105409 1.260426553169320
 -0.3324868399521442 1.247837346717543
 -0.3834521402279542 1.233116976377355
 -0.4337455217518699 1.216325035313093
 -0.4832997341536322 1.197507727874749
 -0.5320641759128704 1.176666862854326
 -0.5799408334065610 1.153817637368731
 -0.6268143568155929 1.129024069766620
 -0.6726196214601844 1.102349505757451
 -0.7173161023476597 1.073817544954217
 -0.7608165655220047 1.043453567260610
 -0.8030084054465706 1.011326303473079
 -0.8438300339644843 0.9775135001114772
 -0.8832549055888537 0.9420582747211705
 -0.9212096458515132 0.9049963154220865
 -0.9575843426380288 0.8664005730023768
 -0.9923214192462135 0.8263604614868445
 -1.025412577259374 0.7849363129947927
 -1.056802031615828 0.7421736763328134
 -1.086381212750812 0.6981487315160511
 -1.114095574094284 0.6529597361607549
 -1.139960813267978 0.6066817743495339
 -1.163943897219694 0.5593693720475472
 -1.185932971963368 0.5111006187785299
 -1.205872572433545 0.4619796853627139
 -1.223813127610087 0.4120937374902581
 -1.239753609635667 0.3615050484819856
 -1.253563587833690 0.3102921100377484
 -1.265174399258720 0.2585620072425646
 -1.274704879837674 0.2064110517713673
 -1.282210745936556 0.1539077285793710
 -1.287458267073682 0.1011295472682373
 -1.290326104450318 4.818354833843724E-02
 -1.291545931236408 -4.829797834546401E-03
   
   
 #BODY NUMBER  2
 1.291545931236408 4.829797834546401E-03
 1.289929652220105 5.783253825542578E-02
 1.286665912395377 0.1107556078603372
 1.281023810472743 0.1634930669060177
 1.273125482411030 0.2159387853769371
 1.263205231848008 0.2680170039076760
 1.251207856174969 0.3196588227572665
 1.237015243103396 0.3707670441723266
 1.220696854546353 0.4212350995919169
 1.202383704570569 0.4709854750002085
 1.182077286746569 0.5199559065047901
 1.159727825417477 0.5680588536957903
 1.135391563190524 0.6151905634897253
 1.109180934953178 0.6612737851020340
 1.081129380631676 0.7062542411465060
 1.051221764596642 0.7500567322384633
 1.019513366761734 0.7925834114633373
 0.9861133234056813 0.8337589129269237
 0.9510777586885149 0.8735381063114100
 0.9144154220173872 0.9118607232480609
 0.8761845572110318 0.9486377828291959
 0.8364956189088708 0.9837971583400651
 0.7954222464379662 1.017303711426461
 0.7529913070174954 1.049114524281741
 0.7092649685468615 1.079152313176763
 0.6643563474513305 1.107349191412866
 0.6183528650645617 1.133680432218463
 0.5712952217471143 1.158122739726823
 0.5232490141180182 1.180613257066932
 0.4743300675619674 1.201088830381056
 0.4246365066203303 1.219534996021007
 0.3742189449272098 1.235950323694118
 0.3231449765340188 1.250289113307041
 0.2715327347313020 1.262492653570172
 0.2194884426858142 1.272555788609050
 0.1670684987549277 1.280501497844129
 0.1143402418950649 1.286304244398455
 6.142393071786711E-02 1.289908094277961
 8.431932099724815E-03 1.291314937574609
 -4.457857804779719E-02 1.290575910868776
 -9.754386232770607E-02 1.287689669681415
 -0.1503403662360870 1.282598390381649
 -0.2028501426646969 1.275306124223766
 -0.2550229184021142 1.265900126829884
 -0.3068042492407715 1.254410644709629
 -0.3580609440341577 1.240763967433836
 -0.4086659329045600 1.224954173690067
 -0.4585952254594908 1.207132334246986
 -0.5078173701729928 1.187380943370304
 -0.5561483765208957 1.165536339326568
 -0.6034348753104205 1.141546959884684
 -0.6499556932318908 1.116096687782252
 -0.6950492733972768 1.088195578882425
 -0.7392501262073859 1.058907562479362
 -0.7821010545090754 1.027652629361004
 -0.8235712149930918 0.9945896173782647
 -0.8637121499430749 0.9599593191152875
 -0.9024365891273503 0.9237483775793907
 -0.9396013006772683 0.8859031034041567
 -0.9751487244692217 0.8465369366523462
 -1.009077238431163 0.8058020958437075
 -1.041333667235992 0.7637310063954338
 -1.071817310835319 0.7203243315286794
 -1.100466437725900 0.6756826553108074
 -1.127270364210061 0.6299419746022370
 -1.152198804656482 0.5831583879213871
 -1.175179066672830 0.5353563871207838
 -1.196154052301284 0.4866327694672818
 -1.215113060902018 0.4371197326987020
 -1.232045070554359 0.3868884469237082
 -1.246902262024434 0.3359766235362036
 -1.259636697494622 0.2844791936157561
 -1.270241140716078 0.2325278770416916
 -1.278721980644531 0.1802040165180632
 -1.285055482979621 0.1275523386429850
 -1.289205801999143 7.466532426236461E-02
 -1.291170704309784 2.167487842420290E-02
 -1.290972486565265 -3.133092638966695E-02
 -1.288611324133620 -8.430519469960318E-02
 -1.284065579678185 -0.1371596897317787
 -1.277338473046382 -0.1897625268326251
 -1.268466540621024 -0.2420214958337905
 -1.257473850548300 -0.2938920488965879
 -1.244354622412598 -0.3452927978076332
 -1.229117077392467 -0.3960920804895667
 -1.211809861953746 -0.4461953270432270
 -1.192481076036071 -0.4955651847692951
 -1.171142273532220 -0.5441305679839057
 -1.147805143488188 -0.5917593626783244
 -1.122527506210740 -0.6383552013290810
 -1.095382235233704 -0.6838941364340708
 -1.066400034901972 -0.7283202975483452
 -1.035592605733836 -0.7714977715165897
 -1.003022429773225 -0.8133264387729833
 -0.9687902092120830 -0.8538063892500936
 -0.9329493603995581 -0.8929055961369510
 -0.8955026438034117 -0.9304718573042671
 -0.8565084663549168 -0.9663921663544851
 -0.8161096543747058 -1.000721282381732
 -0.7743933757567736 -1.033473214696767
 -0.7313098905443537 -1.064406791963981
 -0.6868912291307211 -1.093363411450970
 -0.6415902379983436 -1.120926485522432
 -0.5948803788155183 -1.146028117045150
 -0.5474157861790491 -1.169663170248048
 -0.4989227559531314 -1.191145696175147
 -0.4495542674067320 -1.210528402661739
 -0.3994930818937635 -1.227976322927625
 -0.3487712670358645 -1.243407200240823
 -0.2974139424123960 -1.256670147482287
 -0.2455481300609084 -1.267772036152858
 -0.1933064661216232 -1.276787570754660
 -0.1407436194923697 -1.283686912811506
 -8.791051456351621E-02 -1.288383185135114
 -3.492512544469636E-02 -1.290873218710381
 1.808942927846393E-02 -1.291215759613844
 7.106942404753695E-02 -1.289412628978021
 0.1239573020997305 -1.285413119271029
 0.1766406855645177 -1.279216180845132
 0.2289997375235730 -1.270878645543082
 0.2809673118951753 -1.260426553154325
 0.3324868400373786 -1.247837346703356
 0.3834521403143131 -1.233116976362971
 0.4337455218390028 -1.216325035299501
 0.4832997342405261 -1.197507727863796
 0.5320641759984662 -1.176666862846869
 0.5799408334903867 -1.153817637364335
 0.6268143568980332 -1.129024069764726
 0.6726196215422304 -1.102349505758033
 0.7173161024303051 -1.073817544957077
 0.7608165656056424 -1.043453567264832
 0.8030084055307497 -1.011326303477981
 0.8438300340481815 -0.9775135001179887
 0.8832549056711017 -0.9420582747314327
 0.9212096459320082 -0.9049963154373070
 0.9575843427173443 -0.8664005730214546
 0.9923214193254701 -0.8263604615075250
 1.025412577339577 -0.7849363130159609
 1.056802031697277 -0.7421736763552115
 1.086381212832954 -0.6981487315409489
 1.114095574176065 -0.6529597361886517
 1.139960813348500 -0.6066817743804082
 1.163943897298751 -0.5593693720816622
 1.185932972041582 -0.5111006188161169
 1.205872572512002 -0.4619796854029576
 1.223813127689680 -0.4120937375314652
 1.239753609716540 -0.3615050485232937
 1.253563587915149 -0.3102921100802996
 1.265174399339654 -0.2585620072884176
 1.274704879917244 -0.2064110518213220
 1.282210746014712 -0.1539077286323343
 1.287458267151175 -0.1011295473227153
 1.290326104528242 -4.818354839402258E-02
 1.291545931315045 4.829797782017087E-03
 1.289929652296732 5.783253820274492E-02
 1.286665912470278 0.1107556078067676
 1.281023810547041 0.1634930668509553
 1.273125482486368 0.2159387853205008
 1.263205231924989 0.2680170038503333
 1.251207856252087 0.3196588226991697
 1.237015243178106 0.3707670441133368
 1.220696854617401 0.4212350995321651
 1.202383704638975 0.4709854749401803
 1.182077286814297 0.5199559064446632
 1.159727825485540 0.5680588536349689
 1.135391563258634 0.6151905634273919
 1.109180935020699 0.6612737850381305
 1.081129380698142 0.7062542410818837
 1.051221764661270 0.7500567321739660
 1.019513366823284 0.7925834113989709
 0.9861133234635484 0.8337589128620646
 0.9510777587438182 0.8735381062456120
 0.9144154220722902 0.9118607231813389
 0.8761845572666673 0.9486377827615985
 0.8364956189642083 0.9837971582714018
 0.7954222464908989 1.017303711356686
 0.7529913070667512 1.049114524211341
 0.7092649685925815 1.079152313106366
 0.6643563474941907 1.107349191342417
 0.6183528651050807 1.133680432147118
 0.5712952217859606 1.158122739653820
 0.5232490141561806 1.180613256992389
 0.4743300675998115 1.201088830305704
 0.4246365066565398 1.219534995945268
 0.3742189449594465 1.235950323617758
 0.3231449765610850 1.250289113229720
 0.2715327347544380 1.262492653491944
 0.2194884427075328 1.272555788530072
 0.1670684987766967 1.280501497764088
 0.1143402419163919 1.286304244316719
 6.142393073737573E-02 1.289908094194375
 8.431932116456098E-03 1.291314937489836
 -4.457857803427434E-02 1.290575910783605
 -9.754386231772222E-02 1.287689669595892
 -0.1503403662295311 1.282598390295119
 -0.2028501426603202 1.275306124135697
 -0.2550229183980044 1.265900126740352
 -0.3068042492361088 1.254410644618937
 -0.3580609440302787 1.240763967342015
 -0.4086659329038030 1.224954173597050
 -0.4585952254629678 1.207132334153099
 -0.5078173701797826 1.187380943276138
 -0.5561483765293284 1.165536339232218
 -0.6034348753195969 1.141546959789407
 -0.6499556932380640 1.116096687687886
 -0.6950492734045863 1.088195578789724
 -0.7392501262163280 1.058907562387711
 -0.7821010545196116 1.027652629269129
 -0.8235712150042983 0.9945896172848023
 -0.8637121499542446 0.9599593190199487
 -0.9024365891391043 0.9237483774835560
 -0.9396013006909997 0.8859031033099607
 -0.9751487244854445 0.8465369365609410
 -1.009077238448945 0.8058020957544518
 -1.041333667254199 0.7637310063067158
 -1.071817310853960 0.7203243314393241
 -1.100466437745828 0.6756826552206560
 -1.127270364231642 0.6299419745118104
 -1.152198804679214 0.5831583878315147
 -1.175179066696373 0.5353563870325657
 -1.196154052326251 0.4866327693817943
 -1.215113060929254 0.4371197326161581
 -1.232045070583690 0.3868884468429150
 -1.246902262054766 0.3359766234552953
 -1.259636697525345 0.2844791935337755
 -1.270241140747874 0.2325278769594363
 -1.278721980678492 0.1802040164373344
 -1.285055483015962 0.1275523385651282
 -1.289205802037248 7.466532418757132E-02
 -1.291170704349364 2.167487835186066E-02
 -1.290972486606792 -3.133092646042990E-02
 -1.288611324177419 -8.430519476974641E-02
 -1.284065579723660 -0.1371596898021000
 -1.277338473092717 -0.1897625269030752
 -1.268466540668512 -0.2420214959030186
 -1.257473850598311 -0.2938920489626857
 -1.244354622466027 -0.3452927978697336
 -1.229117077448646 -0.3960920805487170
 -1.211809862011284 -0.4461953271015250
 -1.192481076094504 -0.4955651848281682
 -1.171142273592342 -0.5441305680432436
 -1.147805143550821 -0.5917593627370122
 -1.122527506275790 -0.6383552013859571
 -1.095382235300703 -0.6838941364883675
 -1.066400034971045 -0.7283202975997527
 -1.035592605805495 -0.7714977715655320
 -1.003022429847305 -0.8133264388208078
 -0.9687902092875653 -0.8538063892984189
 -0.9329493604757685 -0.8929055961863350
 -0.8955026438809915 -0.9304718573535369
 -0.8565084664350936 -0.9663921664016492
 -0.8161096544577530 -1.000721282425664
 -0.7743933758417189 -1.033473214737970
 -0.7313098906302797 -1.064406792003853
 -0.6868912292178214 -1.093363411490661
 -0.6415902380831540 -1.120926485564269
 -0.5948803788994547 -1.146028117085170
 -0.5474157862628923 -1.169663170286130
 -0.4989227560379659 -1.191145696211959
 -0.4495542674932761 -1.210528402698765
 -0.3994930819819142 -1.227976322965621
 -0.3487712671247367 -1.243407200278560
 -0.2974139425008380 -1.256670147517494
 -0.2455481301481789 -1.267772036184511
 -0.1933064662078124 -1.276787570783888
 -0.1407436195783053 -1.283686912840097
 -8.791051465022083E-02 -1.288383185163648
 -3.492512553273358E-02 -1.290873218738199
 1.808942918936145E-02 -1.291215759640367
 7.106942395833939E-02 -1.289412629003271
 0.1239573020115603 -1.285413119294750
 0.1766406854779995 -1.279216180866253
 0.2289997374384699 -1.270878645560767
 0.2809673118105409 -1.260426553169320
 0.3324868399521442 -1.247837346717543
 0.3834521402279542 -1.233116976377355
 0.4337455217518699 -1.216325035313093
 0.4832997341536322 -1.197507727874749
 0.5320641759128704 -1.176666862854326
 0.5799408334065610 -1.153817637368731
 0.6268143568155929 -1.129024069766620
 0.6726196214601844 -1.102349505757451
 0.7173161023476597 -1.073817544954217
 0.7608165655220047 -1.043453567260610
 0.8030084054465706 -1.011326303473079
 0.8438300339644843 -0.9775135001114772
 0.8832549055888537 -0.9420582747211705
 0.9212096458515132 -0.9049963154220865
 0.9575843426380288 -0.8664005730023768
 0.9923214192462135 -0.8263604614868445
 1.025412577259374 -0.7849363129947927
 1.056802031615828 -0.7421736763328134
 1.086381212750812 -0.6981487315160511
 1.114095574094284 -0.6529597361607549
 1.139960813267978 -0.6066817743495339
 1.163943897219694 -0.5593693720475472
 1.185932971963368 -0.5111006187785299
 1.205872572433545 -0.4619796853627139
 1.223813127610087 -0.4120937374902581
 1.239753609635667 -0.3615050484819856
 1.253563587833690 -0.3102921100377484
 1.265174399258720 -0.2585620072425646
 1.274704879837674 -0.2064110517713673
 1.282210745936556 -0.1539077285793710
 1.287458267073682 -0.1011295472682373
 1.290326104450318 -4.818354833843724E-02
 1.291545931236408 4.829797834546401E-03
   
   
 #BODY NUMBER  3
 -4.829797782017087E-03 1.291545931315045
 -5.783253820274492E-02 1.289929652296732
 -0.1107556078067676 1.286665912470278
 -0.1634930668509553 1.281023810547041
 -0.2159387853205008 1.273125482486368
 -0.2680170038503333 1.263205231924989
 -0.3196588226991697 1.251207856252087
 -0.3707670441133368 1.237015243178106
 -0.4212350995321651 1.220696854617401
 -0.4709854749401803 1.202383704638975
 -0.5199559064446632 1.182077286814297
 -0.5680588536349689 1.159727825485540
 -0.6151905634273919 1.135391563258634
 -0.6612737850381305 1.109180935020699
 -0.7062542410818837 1.081129380698142
 -0.7500567321739660 1.051221764661270
 -0.7925834113989709 1.019513366823284
 -0.8337589128620646 0.9861133234635484
 -0.8735381062456120 0.9510777587438182
 -0.9118607231813389 0.9144154220722902
 -0.9486377827615985 0.8761845572666673
 -0.9837971582714018 0.8364956189642083
 -1.017303711356686 0.7954222464908989
 -1.049114524211341 0.7529913070667512
 -1.079152313106366 0.7092649685925815
 -1.107349191342417 0.6643563474941907
 -1.133680432147118 0.6183528651050807
 -1.158122739653820 0.5712952217859606
 -1.180613256992389 0.5232490141561806
 -1.201088830305704 0.4743300675998115
 -1.219534995945268 0.4246365066565398
 -1.235950323617758 0.3742189449594465
 -1.250289113229720 0.3231449765610850
 -1.262492653491944 0.2715327347544380
 -1.272555788530072 0.2194884427075328
 -1.280501497764088 0.1670684987766967
 -1.286304244316719 0.1143402419163919
 -1.289908094194375 6.142393073737573E-02
 -1.291314937489836 8.431932116456098E-03
 -1.290575910783605 -4.457857803427434E-02
 -1.287689669595892 -9.754386231772222E-02
 -1.282598390295119 -0.1503403662295311
 -1.275306124135697 -0.2028501426603202
 -1.265900126740352 -0.2550229183980044
 -1.254410644618937 -0.3068042492361088
 -1.240763967342015 -0.3580609440302787
 -1.224954173597050 -0.4086659329038030
 -1.207132334153099 -0.4585952254629678
 -1.187380943276138 -0.5078173701797826
 -1.165536339232218 -0.5561483765293284
 -1.141546959789407 -0.6034348753195969
 -1.116096687687886 -0.6499556932380640
 -1.088195578789724 -0.6950492734045863
 -1.058907562387711 -0.7392501262163280
 -1.027652629269129 -0.7821010545196116
 -0.9945896172848023 -0.8235712150042983
 -0.9599593190199487 -0.8637121499542446
 -0.9237483774835560 -0.9024365891391043
 -0.8859031033099607 -0.9396013006909997
 -0.8465369365609410 -0.9751487244854445
 -0.8058020957544518 -1.009077238448945
 -0.7637310063067158 -1.041333667254199
 -0.7203243314393241 -1.071817310853960
 -0.6756826552206560 -1.100466437745828
 -0.6299419745118104 -1.127270364231642
 -0.5831583878315147 -1.152198804679214
 -0.5353563870325657 -1.175179066696373
 -0.4866327693817943 -1.196154052326251
 -0.4371197326161581 -1.215113060929254
 -0.3868884468429150 -1.232045070583690
 -0.3359766234552953 -1.246902262054766
 -0.2844791935337755 -1.259636697525345
 -0.2325278769594363 -1.270241140747874
 -0.1802040164373344 -1.278721980678492
 -0.1275523385651282 -1.285055483015962
 -7.466532418757132E-02 -1.289205802037248
 -2.167487835186066E-02 -1.291170704349364
 3.133092646042990E-02 -1.290972486606792
 8.430519476974641E-02 -1.288611324177419
 0.1371596898021000 -1.284065579723660
 0.1897625269030752 -1.277338473092717
 0.2420214959030186 -1.268466540668512
 0.2938920489626857 -1.257473850598311
 0.3452927978697336 -1.244354622466027
 0.3960920805487170 -1.229117077448646
 0.4461953271015250 -1.211809862011284
 0.4955651848281682 -1.192481076094504
 0.5441305680432436 -1.171142273592342
 0.5917593627370122 -1.147805143550821
 0.6383552013859571 -1.122527506275790
 0.6838941364883675 -1.095382235300703
 0.7283202975997527 -1.066400034971045
 0.7714977715655320 -1.035592605805495
 0.8133264388208078 -1.003022429847305
 0.8538063892984189 -0.9687902092875653
 0.8929055961863350 -0.9329493604757685
 0.9304718573535369 -0.8955026438809915
 0.9663921664016492 -0.8565084664350936
 1.000721282425664 -0.8161096544577530
 1.033473214737970 -0.7743933758417189
 1.064406792003853 -0.7313098906302797
 1.093363411490661 -0.6868912292178214
 1.120926485564269 -0.6415902380831540
 1.146028117085170 -0.5948803788994547
 1.169663170286130 -0.5474157862628923
 1.191145696211959 -0.4989227560379659
 1.210528402698765 -0.4495542674932761
 1.227976322965621 -0.3994930819819142
 1.243407200278560 -0.3487712671247367
 1.256670147517494 -0.2974139425008380
 1.267772036184511 -0.2455481301481789
 1.276787570783888 -0.1933064662078124
 1.283686912840097 -0.1407436195783053
 1.288383185163648 -8.791051465022083E-02
 1.290873218738199 -3.492512553273358E-02
 1.291215759640367 1.808942918936145E-02
 1.289412629003271 7.106942395833939E-02
 1.285413119294750 0.1239573020115603
 1.279216180866253 0.1766406854779995
 1.270878645560767 0.2289997374384699
 1.260426553169320 0.2809673118105409
 1.247837346717543 0.3324868399521442
 1.233116976377355 0.3834521402279542
 1.216325035313093 0.4337455217518699
 1.197507727874749 0.4832997341536322
 1.176666862854326 0.5320641759128704
 1.153817637368731 0.5799408334065610
 1.129024069766620 0.6268143568155929
 1.102349505757451 0.6726196214601844
 1.073817544954217 0.7173161023476597
 1.043453567260610 0.7608165655220047
 1.011326303473079 0.8030084054465706
 0.9775135001114772 0.8438300339644843
 0.9420582747211705 0.8832549055888537
 0.9049963154220865 0.9212096458515132
 0.8664005730023768 0.9575843426380288
 0.8263604614868445 0.9923214192462135
 0.7849363129947927 1.025412577259374
 0.7421736763328134 1.056802031615828
 0.6981487315160511 1.086381212750812
 0.6529597361607549 1.114095574094284
 0.6066817743495339 1.139960813267978
 0.5593693720475472 1.163943897219694
 0.5111006187785299 1.185932971963368
 0.4619796853627139 1.205872572433545
 0.4120937374902581 1.223813127610087
 0.3615050484819856 1.239753609635667
 0.3102921100377484 1.253563587833690
 0.2585620072425646 1.265174399258720
 0.2064110517713673 1.274704879837674
 0.1539077285793710 1.282210745936556
 0.1011295472682373 1.287458267073682
 4.818354833843724E-02 1.290326104450318
 -4.829797834546401E-03 1.291545931236408
 -5.783253825542578E-02 1.289929652220105
 -0.1107556078603372 1.286665912395377
 -0.1634930669060177 1.281023810472743
 -0.2159387853769371 1.273125482411030
 -0.2680170039076760 1.263205231848008
 -0.3196588227572665 1.251207856174969
 -0.3707670441723266 1.237015243103396
 -0.4212350995919169 1.220696854546353
 -0.4709854750002085 1.202383704570569
 -0.5199559065047901 1.182077286746569
 -0.5680588536957903 1.159727825417477
 -0.6151905634897253 1.135391563190524
 -0.6612737851020340 1.109180934953178
 -0.7062542411465060 1.081129380631676
 -0.7500567322384633 1.051221764596642
 -0.7925834114633373 1.019513366761734
 -0.8337589129269237 0.9861133234056813
 -0.8735381063114100 0.9510777586885149
 -0.9118607232480609 0.9144154220173872
 -0.9486377828291959 0.8761845572110318
 -0.9837971583400651 0.8364956189088708
 -1.017303711426461 0.7954222464379662
 -1.049114524281741 0.7529913070174954
 -1.079152313176763 0.7092649685468615
 -1.107349191412866 0.6643563474513305
 -1.133680432218463 0.6183528650645617
 -1.158122739726823 0.5712952217471143
 -1.180613257066932 0.5232490141180182
 -1.201088830381056 0.4743300675619674
 -1.219534996021007 0.4246365066203303
 -1.235950323694118 0.3742189449272098
 -1.250289113307041 0.3231449765340188
 -1.262492653570172 0.2715327347313020
 -1.272555788609050 0.2194884426858142
 -1.280501497844129 0.1670684987549277
 -1.286304244398455 0.1143402418950649
 -1.289908094277961 6.142393071786711E-02
 -1.291314937574609 8.431932099724815E-03
 -1.290575910868776 -4.457857804779719E-02
 -1.287689669681415 -9.754386232770607E-02
 -1.282598390381649 -0.1503403662360870
 -1.275306124223766 -0.2028501426646969
 -1.265900126829884 -0.2550229184021142
 -1.254410644709629 -0.3068042492407715
 -1.240763967433836 -0.3580609440341577
 -1.224954173690067 -0.4086659329045600
 -1.207132334246986 -0.4585952254594908
 -1.187380943370304 -0.5078173701729928
 -1.165536339326568 -0.5561483765208957
 -1.141546959884684 -0.6034348753104205
 -1.116096687782252 -0.6499556932318908
 -1.088195578882425 -0.6950492733972768
 -1.058907562479362 -0.7392501262073859
 -1.027652629361004 -0.7821010545090754
 -0.9945896173782647 -0.8235712149930918
 -0.9599593191152875 -0.8637121499430749
 -0.9237483775793907 -0.9024365891273503
 -0.8859031034041567 -0.9396013006772683
 -0.8465369366523462 -0.9751487244692217
 -0.8058020958437075 -1.009077238431163
 -0.7637310063954338 -1.041333667235992
 -0.7203243315286794 -1.071817310835319
 -0.6756826553108074 -1.100466437725900
 -0.6299419746022370 -1.127270364210061
 -0.5831583879213871 -1.152198804656482
 -0.5353563871207838 -1.175179066672830
 -0.4866327694672818 -1.196154052301284
 -0.4371197326987020 -1.215113060902018
 -0.3868884469237082 -1.232045070554359
 -0.3359766235362036 -1.246902262024434
 -0.2844791936157561 -1.259636697494622
 -0.2325278770416916 -1.270241140716078
 -0.1802040165180632 -1.278721980644531
 -0.1275523386429850 -1.285055482979621
 -7.466532426236461E-02 -1.289205801999143
 -2.167487842420290E-02 -1.291170704309784
 3.133092638966695E-02 -1.290972486565265
 8.430519469960318E-02 -1.288611324133620
 0.1371596897317787 -1.284065579678185
 0.1897625268326251 -1.277338473046382
 0.2420214958337905 -1.268466540621024
 0.2938920488965879 -1.257473850548300
 0.3452927978076332 -1.244354622412598
 0.3960920804895667 -1.229117077392467
 0.4461953270432270 -1.211809861953746
 0.4955651847692951 -1.192481076036071
 0.5441305679839057 -1.171142273532220
 0.5917593626783244 -1.147805143488188
 0.6383552013290810 -1.122527506210740
 0.6838941364340708 -1.095382235233704
 0.7283202975483452 -1.066400034901972
 0.7714977715165897 -1.035592605733836
 0.8133264387729833 -1.003022429773225
 0.8538063892500936 -0.9687902092120830
 0.8929055961369510 -0.9329493603995581
 0.9304718573042671 -0.8955026438034117
 0.9663921663544851 -0.8565084663549168
 1.000721282381732 -0.8161096543747058
 1.033473214696767 -0.7743933757567736
 1.064406791963981 -0.7313098905443537
 1.093363411450970 -0.6868912291307211
 1.120926485522432 -0.6415902379983436
 1.146028117045150 -0.5948803788155183
 1.169663170248048 -0.5474157861790491
 1.191145696175147 -0.4989227559531314
 1.210528402661739 -0.4495542674067320
 1.227976322927625 -0.3994930818937635
 1.243407200240823 -0.3487712670358645
 1.256670147482287 -0.2974139424123960
 1.267772036152858 -0.2455481300609084
 1.276787570754660 -0.1933064661216232
 1.283686912811506 -0.1407436194923697
 1.288383185135114 -8.791051456351621E-02
 1.290873218710381 -3.492512544469636E-02
 1.291215759613844 1.808942927846393E-02
 1.289412628978021 7.106942404753695E-02
 1.285413119271029 0.1239573020997305
 1.279216180845132 0.1766406855645177
 1.270878645543082 0.2289997375235730
 1.260426553154325 0.2809673118951753
 1.247837346703356 0.3324868400373786
 1.233116976362971 0.3834521403143131
 1.216325035299501 0.4337455218390028
 1.197507727863796 0.4832997342405261
 1.176666862846869 0.5320641759984662
 1.153817637364335 0.5799408334903867
 1.129024069764726 0.6268143568980332
 1.102349505758033 0.6726196215422304
 1.073817544957077 0.7173161024303051
 1.043453567264832 0.7608165656056424
 1.011326303477981 0.8030084055307497
 0.9775135001179887 0.8438300340481815
 0.9420582747314327 0.8832549056711017
 0.9049963154373070 0.9212096459320082
 0.8664005730214546 0.9575843427173443
 0.8263604615075250 0.9923214193254701
 0.7849363130159609 1.025412577339577
 0.7421736763552115 1.056802031697277
 0.6981487315409489 1.086381212832954
 0.6529597361886517 1.114095574176065
 0.6066817743804082 1.139960813348500
 0.5593693720816622 1.163943897298751
 0.5111006188161169 1.185932972041582
 0.4619796854029576 1.205872572512002
 0.4120937375314652 1.223813127689680
 0.3615050485232937 1.239753609716540
 0.3102921100802996 1.253563587915149
 0.2585620072884176 1.265174399339654
 0.2064110518213220 1.274704879917244
 0.1539077286323343 1.282210746014712
 0.1011295473227153 1.287458267151175
 4.818354839402258E-02 1.290326104528242
 -4.829797782017087E-03 1.291545931315045
   
   
 #BODY NUMBER  4
 4.829797782017087E-03 -1.291545931315045
 5.783253820274492E-02 -1.289929652296732
 0.1107556078067676 -1.286665912470278
 0.1634930668509553 -1.281023810547041
 0.2159387853205008 -1.273125482486368
 0.2680170038503333 -1.263205231924989
 0.3196588226991697 -1.251207856252087
 0.3707670441133368 -1.237015243178106
 0.4212350995321651 -1.220696854617401
 0.4709854749401803 -1.202383704638975
 0.5199559064446632 -1.182077286814297
 0.5680588536349689 -1.159727825485540
 0.6151905634273919 -1.135391563258634
 0.6612737850381305 -1.109180935020699
 0.7062542410818837 -1.081129380698142
 0.7500567321739660 -1.051221764661270
 0.7925834113989709 -1.019513366823284
 0.8337589128620646 -0.9861133234635484
 0.8735381062456120 -0.9510777587438182
 0.9118607231813389 -0.9144154220722902
 0.9486377827615985 -0.8761845572666673
 0.9837971582714018 -0.8364956189642083
 1.017303711356686 -0.7954222464908989
 1.049114524211341 -0.7529913070667512
 1.079152313106366 -0.7092649685925815
 1.107349191342417 -0.6643563474941907
 1.133680432147118 -0.6183528651050807
 1.158122739653820 -0.5712952217859606
 1.180613256992389 -0.5232490141561806
 1.201088830305704 -0.4743300675998115
 1.219534995945268 -0.4246365066565398
 1.235950323617758 -0.3742189449594465
 1.250289113229720 -0.3231449765610850
 1.262492653491944 -0.2715327347544380
 1.272555788530072 -0.2194884427075328
 1.280501497764088 -0.1670684987766967
 1.286304244316719 -0.1143402419163919
 1.289908094194375 -6.142393073737573E-02
 1.291314937489836 -8.431932116456098E-03
 1.290575910783605 4.457857803427434E-02
 1.287689669595892 9.754386231772222E-02
 1.282598390295119 0.1503403662295311
 1.275306124135697 0.2028501426603202
 1.265900126740352 0.2550229183980044
 1.254410644618937 0.3068042492361088
 1.240763967342015 0.3580609440302787
 1.224954173597050 0.4086659329038030
 1.207132334153099 0.4585952254629678
 1.187380943276138 0.5078173701797826
 1.165536339232218 0.5561483765293284
 1.141546959789407 0.6034348753195969
 1.116096687687886 0.6499556932380640
 1.088195578789724 0.6950492734045863
 1.058907562387711 0.7392501262163280
 1.027652629269129 0.7821010545196116
 0.9945896172848023 0.8235712150042983
 0.9599593190199487 0.8637121499542446
 0.9237483774835560 0.9024365891391043
 0.8859031033099607 0.9396013006909997
 0.8465369365609410 0.9751487244854445
 0.8058020957544518 1.009077238448945
 0.7637310063067158 1.041333667254199
 0.7203243314393241 1.071817310853960
 0.6756826552206560 1.100466437745828
 0.6299419745118104 1.127270364231642
 0.5831583878315147 1.152198804679214
 0.5353563870325657 1.175179066696373
 0.4866327693817943 1.196154052326251
 0.4371197326161581 1.215113060929254
 0.3868884468429150 1.232045070583690
 0.3359766234552953 1.246902262054766
 0.2844791935337755 1.259636697525345
 0.2325278769594363 1.270241140747874
 0.1802040164373344 1.278721980678492
 0.1275523385651282 1.285055483015962
 7.466532418757132E-02 1.289205802037248
 2.167487835186066E-02 1.291170704349364
 -3.133092646042990E-02 1.290972486606792
 -8.430519476974641E-02 1.288611324177419
 -0.1371596898021000 1.284065579723660
 -0.1897625269030752 1.277338473092717
 -0.2420214959030186 1.268466540668512
 -0.2938920489626857 1.257473850598311
 -0.3452927978697336 1.244354622466027
 -0.3960920805487170 1.229117077448646
 -0.4461953271015250 1.211809862011284
 -0.4955651848281682 1.192481076094504
 -0.5441305680432436 1.171142273592342
 -0.5917593627370122 1.147805143550821
 -0.6383552013859571 1.122527506275790
 -0.6838941364883675 1.095382235300703
 -0.7283202975997527 1.066400034971045
 -0.7714977715655320 1.035592605805495
 -0.8133264388208078 1.003022429847305
 -0.8538063892984189 0.9687902092875653
 -0.8929055961863350 0.9329493604757685
 -0.9304718573535369 0.8955026438809915
 -0.9663921664016492 0.8565084664350936
 -1.000721282425664 0.8161096544577530
 -1.033473214737970 0.7743933758417189
 -1.064406792003853 0.7313098906302797
 -1.093363411490661 0.6868912292178214
 -1.120926485564269 0.6415902380831540
 -1.146028117085170 0.5948803788994547
 -1.169663170286130 0.5474157862628923
 -1.191145696211959 0.4989227560379659
 -1.210528402698765 0.4495542674932761
 -1.227976322965621 0.3994930819819142
 -1.243407200278560 0.3487712671247367
 -1.256670147517494 0.2974139425008380
 -1.267772036184511 0.2455481301481789
 -1.276787570783888 0.1933064662078124
 -1.283686912840097 0.1407436195783053
 -1.288383185163648 8.791051465022083E-02
 -1.290873218738199 3.492512553273358E-02
 -1.291215759640367 -1.808942918936145E-02
 -1.289412629003271 -7.106942395833939E-02
 -1.285413119294750 -0.1239573020115603
 -1.279216180866253 -0.1766406854779995
 -1.270878645560767 -0.2289997374384699
 -1.260426553169320 -0.2809673118105409
 -1.247837346717543 -0.3324868399521442
 -1.233116976377355 -0.3834521402279542
 -1.216325035313093 -0.4337455217518699
 -1.197507727874749 -0.4832997341536322
 -1.176666862854326 -0.5320641759128704
 -1.153817637368731 -0.5799408334065610
 -1.129024069766620 -0.6268143568155929
 -1.102349505757451 -0.6726196214601844
 -1.073817544954217 -0.7173161023476597
 -1.043453567260610 -0.7608165655220047
 -1.011326303473079 -0.8030084054465706
 -0.9775135001114772 -0.8438300339644843
 -0.9420582747211705 -0.8832549055888537
 -0.9049963154220865 -0.9212096458515132
 -0.8664005730023768 -0.9575843426380288
 -0.8263604614868445 -0.9923214192462135
 -0.7849363129947927 -1.025412577259374
 -0.7421736763328134 -1.056802031615828
 -0.6981487315160511 -1.086381212750812
 -0.6529597361607549 -1.114095574094284
 -0.6066817743495339 -1.139960813267978
 -0.5593693720475472 -1.163943897219694
 -0.5111006187785299 -1.185932971963368
 -0.4619796853627139 -1.205872572433545
 -0.4120937374902581 -1.223813127610087
 -0.3615050484819856 -1.239753609635667
 -0.3102921100377484 -1.253563587833690
 -0.2585620072425646 -1.265174399258720
 -0.2064110517713673 -1.274704879837674
 -0.1539077285793710 -1.282210745936556
 -0.1011295472682373 -1.287458267073682
 -4.818354833843724E-02 -1.290326104450318
 4.829797834546401E-03 -1.291545931236408
 5.783253825542578E-02 -1.289929652220105
 0.1107556078603372 -1.286665912395377
 0.1634930669060177 -1.281023810472743
 0.2159387853769371 -1.273125482411030
 0.2680170039076760 -1.263205231848008
 0.3196588227572665 -1.251207856174969
 0.3707670441723266 -1.237015243103396
 0.4212350995919169 -1.220696854546353
 0.4709854750002085 -1.202383704570569
 0.5199559065047901 -1.182077286746569
 0.5680588536957903 -1.159727825417477
 0.6151905634897253 -1.135391563190524
 0.6612737851020340 -1.109180934953178
 0.7062542411465060 -1.081129380631676
 0.7500567322384633 -1.051221764596642
 0.7925834114633373 -1.019513366761734
 0.8337589129269237 -0.9861133234056813
 0.8735381063114100 -0.9510777586885149
 0.9118607232480609 -0.9144154220173872
 0.9486377828291959 -0.8761845572110318
 0.9837971583400651 -0.8364956189088708
 1.017303711426461 -0.7954222464379662
 1.049114524281741 -0.7529913070174954
 1.079152313176763 -0.7092649685468615
 1.107349191412866 -0.6643563474513305
 1.133680432218463 -0.6183528650645617
 1.158122739726823 -0.5712952217471143
 1.180613257066932 -0.5232490141180182
 1.201088830381056 -0.4743300675619674
 1.219534996021007 -0.4246365066203303
 1.235950323694118 -0.3742189449272098
 1.250289113307041 -0.3231449765340188
 1.262492653570172 -0.2715327347313020
 1.272555788609050 -0.2194884426858142
 1.280501497844129 -0.1670684987549277
 1.286304244398455 -0.1143402418950649
 1.289908094277961 -6.142393071786711E-02
 1.291314937574609 -8.431932099724815E-03
 1.290575910868776 4.457857804779719E-02
 1.287689669681415 9.754386232770607E-02
 1.282598390381649 0.1503403662360870
 1.275306124223766 0.2028501426646969
 1.265900126829884 0.2550229184021142
 1.254410644709629 0.3068042492407715
 1.240763967433836 0.3580609440341577
 1.224954173690067 0.4086659329045600
 1.207132334246986 0.4585952254594908
 1.187380943370304 0.5078173701729928
 1.165536339326568 0.5561483765208957
 1.141546959884684 0.6034348753104205
 1.116096687782252 0.6499556932318908
 1.088195578882425 0.6950492733972768
 1.058907562479362 0.7392501262073859
 1.027652629361004 0.7821010545090754
 0.9945896173782647 0.8235712149930918
 0.9599593191152875 0.8637121499430749
 0.9237483775793907 0.9024365891273503
 0.8859031034041567 0.9396013006772683
 0.8465369366523462 0.9751487244692217
 0.8058020958437075 1.009077238431163
 0.7637310063954338 1.041333667235992
 0.7203243315286794 1.071817310835319
 0.6756826553108074 1.100466437725900
 0.6299419746022370 1.127270364210061
 0.5831583879213871 1.152198804656482
 0.5353563871207838 1.175179066672830
 0.4866327694672818 1.196154052301284
 0.4371197326987020 1.215113060902018
 0.3868884469237082 1.232045070554359
 0.3359766235362036 1.246902262024434
 0.2844791936157561 1.259636697494622
 0.2325278770416916 1.270241140716078
 0.1802040165180632 1.278721980644531
 0.1275523386429850 1.285055482979621
 7.466532426236461E-02 1.289205801999143
 2.167487842420290E-02 1.291170704309784
 -3.133092638966695E-02 1.290972486565265
 -8.430519469960318E-02 1.288611324133620
 -0.1371596897317787 1.284065579678185
 -0.1897625268326251 1.277338473046382
 -0.2420214958337905 1.268466540621024
 -0.2938920488965879 1.257473850548300
 -0.3452927978076332 1.244354622412598
 -0.3960920804895667 1.229117077392467
 -0.4461953270432270 1.211809861953746
 -0.4955651847692951 1.192481076036071
 -0.5441305679839057 1.171142273532220
 -0.5917593626783244 1.147805143488188
 -0.6383552013290810 1.122527506210740
 -0.6838941364340708 1.095382235233704
 -0.7283202975483452 1.066400034901972
 -0.7714977715165897 1.035592605733836
 -0.8133264387729833 1.003022429773225
 -0.8538063892500936 0.9687902092120830
 -0.8929055961369510 0.9329493603995581
 -0.9304718573042671 0.8955026438034117
 -0.9663921663544851 0.8565084663549168
 -1.000721282381732 0.8161096543747058
 -1.033473214696767 0.7743933757567736
 -1.064406791963981 0.7313098905443537
 -1.093363411450970 0.6868912291307211
 -1.120926485522432 0.6415902379983436
 -1.146028117045150 0.5948803788155183
 -1.169663170248048 0.5474157861790491
 -1.191145696175147 0.4989227559531314
 -1.210528402661739 0.4495542674067320
 -1.227976322927625 0.3994930818937635
 -1.243407200240823 0.3487712670358645
 -1.256670147482287 0.2974139424123960
 -1.267772036152858 0.2455481300609084
 -1.276787570754660 0.1933064661216232
 -1.283686912811506 0.1407436194923697
 -1.288383185135114 8.791051456351621E-02
 -1.290873218710381 3.492512544469636E-02
 -1.291215759613844 -1.808942927846393E-02
 -1.289412628978021 -7.106942404753695E-02
 -1.285413119271029 -0.1239573020997305
 -1.279216180845132 -0.1766406855645177
 -1.270878645543082 -0.2289997375235730
 -1.260426553154325 -0.2809673118951753
 -1.247837346703356 -0.3324868400373786
 -1.233116976362971 -0.3834521403143131
 -1.216325035299501 -0.4337455218390028
 -1.197507727863796 -0.4832997342405261
 -1.176666862846869 -0.5320641759984662
 -1.153817637364335 -0.5799408334903867
 -1.129024069764726 -0.6268143568980332
 -1.102349505758033 -0.6726196215422304
 -1.073817544957077 -0.7173161024303051
 -1.043453567264832 -0.7608165656056424
 -1.011326303477981 -0.8030084055307497
 -0.9775135001179887 -0.8438300340481815
 -0.9420582747314327 -0.8832549056711017
 -0.9049963154373070 -0.9212096459320082
 -0.8664005730214546 -0.9575843427173443
 -0.8263604615075250 -0.9923214193254701
 -0.7849363130159609 -1.025412577339577
 -0.7421736763552115 -1.056802031697277
 -0.6981487315409489 -1.086381212832954
 -0.6529597361886517 -1.114095574176065
 -0.6066817743804082 -1.139960813348500
 -0.5593693720816622 -1.163943897298751
 -0.5111006188161169 -1.185932972041582
 -0.4619796854029576 -1.205872572512002
 -0.4120937375314652 -1.223813127689680
 -0.3615050485232937 -1.239753609716540
 -0.3102921100802996 -1.253563587915149
 -0.2585620072884176 -1.265174399339654
 -0.2064110518213220 -1.274704879917244
 -0.1539077286323343 -1.282210746014712
 -0.1011295473227153 -1.287458267151175
 -4.818354839402258E-02 -1.290326104528242
 4.829797782017087E-03 -1.291545931315045
   
   
