 # action(x) =  12.09133917727617
 # |grad_action(x)| =  1.093168586753330E-10
 # PRINTSTEPS = 50
 #
 #BODY NUMBER  1
 -0.1347671616580940 1.266882564646590
 -7.727586948856641E-02 1.288015123672991
 -6.689158449699417E-03 1.338568630267121
 4.934106256528270E-02 1.429359093654312
 4.474893369637245E-02 1.542352211188246
 -3.016993188145356E-02 1.641172764796981
 -0.1380952302278609 1.699813973736080
 -0.2385394912561494 1.722200264794083
 -0.3233136342489715 1.730714421605442
 -0.4042965629902596 1.739309883257353
 -0.4853157664811574 1.744823356443467
 -0.5599558379024071 1.741716781019832
 -0.6269609398803215 1.733791923708385
 -0.6923775809515317 1.727342090305563
 -0.7583246180551708 1.721289766954833
 -0.8206375045355173 1.711002726343828
 -0.8778283901276258 1.697183193334396
 -0.9337977045612564 1.684239945454422
 -0.9904951414662687 1.672468661645558
 -1.044951309149683 1.658261276611223
 -1.095433570909472 1.641026904092650
 -1.144664195552020 1.624053888244418
 -1.194641610104468 1.608439276358775
 -1.243232517251512 1.591437468310548
 -1.288535408155635 1.571756962617509
 -1.332448537824089 1.551824406952325
 -1.377028991809503 1.533219426795236
 -1.420809554267265 1.513945365189550
 -1.461794838774824 1.492308440298037
 -1.501227334290578 1.470003079470924
 -1.541184986899796 1.448886290799745
 -1.580769854564466 1.427631051828001
 -1.617961959383137 1.404330989998246
 -1.653444621974747 1.380030790784652
 -1.689265918126991 1.356715428984494
 -1.725032782112448 1.333665561150319
 -1.758765032351448 1.308901457647034
 -1.790651932963339 1.282881286325137
 -1.822657677357817 1.257599228993909
 -1.854845007754925 1.232889283735594
 -1.885334234527236 1.206810287653699
 -1.913870609679292 1.179289567879154
 -1.942279951390488 1.152230350839949
 -1.971039947806388 1.125968114700542
 -1.998429986390481 1.098695763794212
 -2.023791849016918 1.069862933180172
 -2.048757429687563 1.041193615247519
 -2.074188752683884 1.013474454166579
 -2.098585232860660 0.9851183469036312
 -2.120899747428813 0.9551436708720710
 -2.142507572821236 0.9250132155775508
 -2.164804504323491 0.8959771889187615
 -2.185419178548455 0.8658730365312559
 -2.205466102494933 0.8355641150036939
 -2.224680990762701 0.8049668792945122
 -2.243094618946986 0.7741086656795710
 -2.260791046735903 0.7430283020132570
 -2.277754300066154 0.7117246285210770
 -2.293928951839908 0.6801886858331370
 -2.309320002249110 0.6484363347760853
 -2.323970562454258 0.6164901128498417
 -2.337885210460452 0.5843548943665886
 -2.351032944925369 0.5520301006530772
 -2.363408281736837 0.5195296849641121
 -2.375039418711290 0.4868732789845921
 -2.385938205043930 0.4540686744818699
 -2.396084275700182 0.4211181684019846
 -2.405466035749596 0.3880342307653063
 -2.414102073651785 0.3548348826717296
 -2.422008054638990 0.3215292737043614
 -2.429171247513093 0.2881209006703954
 -2.435576508954449 0.2546210721456050
 -2.441234758038032 0.2210468087592086
 -2.446163685144913 0.1874080745065821
 -2.450357175178516 0.1537089121240628
 -2.453798211374376 0.1199596980122498
 -2.456490819608330 8.617686495453258E-02
 -2.458453396395829 5.237101493582719E-02
 -2.459686091009244 1.854641469497031E-02
 -2.460171337731951 -1.528733784670577E-02
 -2.459906505069291 -4.911404504010752E-02
 -2.458909501382977 -8.292246608159948E-02
 -2.457186747151856 -0.1167083306751069
 -2.454721368133054 -0.1504627436211758
 -2.451503925544508 -0.1841693760957686
 -2.447550575357706 -0.2178162248532380
 -2.442874377425368 -0.2513992671831602
 -2.437460517869962 -0.2849103489615944
 -2.431292094892994 -0.3183325447638848
 -2.424381933593416 -0.3516528245351507
 -2.416750760747660 -0.3848678623490768
 -2.408387660507033 -0.4179705057265656
 -2.399266507296878 -0.4509424680006741
 -2.389394346068281 -0.4837691577022266
 -2.378802412764750 -0.5164490285351241
 -2.367486939156599 -0.5489767486456365
 -2.355407202883193 -0.5813308310559185
 -2.342559275874746 -0.6134937899101721
 -2.328995703490521 -0.6454696634484983
 -2.314728469623426 -0.6772576952620480
 -2.299673099232028 -0.7088238848988478
 -2.283800300659172 -0.7401438289199859
 -2.267370665577618 -0.7712883080957138
 -2.249929009904466 -0.8020785553913052
 -2.231975847323008 -0.8327488783450845
 -2.213207067465235 -0.8631445235504124
 -2.193599376314589 -0.8931882632523264
 -2.173274557816885 -0.9229491475333532
 -2.152277979269498 -0.9524959013778677
 -2.130523946653924 -0.9817574418548046
 -2.107948579755915 -1.010634147581990
 -2.084609510154021 -1.039161854625672
 -2.060571776143286 -1.067428731929741
 -2.035784538483947 -1.095395208018648
 -2.010165924428700 -1.122950187020244
 -1.983742657124634 -1.150102417969903
 -1.956591621976735 -1.176950565162843
 -1.928688350981399 -1.203483165950964
 -1.899939827980959 -1.229581410986992
 -1.870344169613608 -1.255224942837750
 -1.839982916191912 -1.280516878598070
 -1.808855747537319 -1.305474653645501
 -1.776862550630514 -1.329975975221875
 -1.743971328182000 -1.353968515330815
 -1.710261900027948 -1.377553938883976
 -1.675757511907776 -1.400780185714269
 -1.640354182727669 -1.423525897063183
 -1.603986480382939 -1.445702943812854
 -1.566725497591336 -1.467404703498894
 -1.528617779335307 -1.488711536979522
 -1.489558124189955 -1.509507635173102
 -1.449442162177213 -1.529663448316924
 -1.408323290073284 -1.549255168764420
 -1.366270794095843 -1.568397741765747
 -1.323180004444185 -1.586985595686044
 -1.278898110320303 -1.604838295068400
 -1.233447585302586 -1.622001582912376
 -1.186918926150959 -1.638627327999972
 -1.139207744032501 -1.654624270334579
 -1.090094540086620 -1.669742413639048
 -1.039548019135745 -1.683973411250775
 -0.9876759029402420 -1.697507763544607
 -0.9343685014415598 -1.710268853831094
 -0.8792990128984414 -1.721892471099203
 -0.8223345718508408 -1.732262579882809
 -0.7635898556009478 -1.741604227249838
 -0.7029276233765543 -1.749835789033996
 -0.6398010224182969 -1.756337247779853
 -0.5738472067659831 -1.760713241678987
 -0.5051698319005843 -1.763182044482734
 -0.4335195822933764 -1.763497407298708
 -0.3576463109549475 -1.760003640971770
 -0.2765155699303087 -1.751074743134152
 -0.1914678193932403 -1.737860978003144
 -0.1002685950990049 -1.719133286195247
 4.127647500315579E-03 -1.670212329419579
 9.398741877449357E-02 -1.579909002500213
 0.1231272689506081 -1.466289033060204
 8.188784654981629E-02 -1.365851966019232
 7.680648169305693E-03 -1.304596254804203
 -5.907579014670483E-02 -1.278515279305297
 -0.1103268384104941 -1.265217144570736
 -0.1579326233006928 -1.250806470501504
 -0.2056182684064144 -1.238460318260355
 -0.2470120546144756 -1.233665947042493
 -0.2810046345894198 -1.232594508175153
 -0.3136526788534993 -1.228986068451370
 -0.3469638283233197 -1.223941760114350
 -0.3767875039857425 -1.222059566777502
 -0.4017902574568037 -1.222599837382599
 -0.4259159911615729 -1.221169429607472
 -0.4510000829374614 -1.217500713642690
 -0.4740548644256902 -1.215179985868713
 -0.4935058859232350 -1.214753809718018
 -0.5121569320902066 -1.212933240450364
 -0.5318959499031368 -1.208649862645244
 -0.5505369456279480 -1.204638120715095
 -0.5663359785861570 -1.202140220102025
 -0.5813165860380329 -1.198712181946467
 -0.5974378197053370 -1.192799890957239
 -0.6131433664479566 -1.186398128703384
 -0.6265902633478593 -1.181147463138978
 -0.6391980895663100 -1.175317476976979
 -0.6529707972891874 -1.167069197608177
 -0.6668831642872721 -1.157735603638374
 -0.6790582416244335 -1.149166145613309
 -0.6904214387934413 -1.140257679117147
 -0.7029884532945341 -1.129029810401543
 -0.7161994624928525 -1.116213619825014
 -0.7282051674403109 -1.103727157383539
 -0.7395272917618938 -1.091024061676628
 -0.7521706017859482 -1.076091813641562
 -0.7659922444131826 -1.059110741741465
 -0.7792344633491135 -1.041952293198488
 -0.7921241013876024 -1.024556459032471
 -0.8066700581579962 -1.004961771056826
 -0.8231147437803519 -0.9828458190026033
 -0.8398795881117691 -0.9599317273150028
 -0.8571149973616238 -0.9365602711930554
 -0.8769898610420894 -0.9108787605965643
 -0.9001481205416295 -0.8821287074953251
 -0.9254337532915791 -0.8518144259390852
 -0.9538457866011137 -0.8205725662828689
 -0.9886913684071899 -0.7868199129583270
 -1.029768903766481 -0.7501530679151284
 -1.076815882815082 -0.7109304279131248
 -1.155889859295416 -0.6750772962809393
 -1.262531817517576 -0.6719489331959038
 -1.358090663320309 -0.7324223922207991
 -1.406212340372603 -0.8467143098382752
 -1.403034467849290 -0.9695009643868282
 -1.372199434087888 -1.067681391630683
 -1.337185838681919 -1.145355031452201
 -1.304138262459085 -1.219786035840977
 -1.268403468555894 -1.292707460851532
 -1.228393059609629 -1.355794371130802
 -1.188027380867592 -1.409860062971119
 -1.149733340754965 -1.463287619267625
 -1.111518356429497 -1.517373267028326
 -1.071453074690430 -1.566194289397939
 -1.030889565239770 -1.608813282680919
 -0.9916957265514190 -1.650812506872855
 -0.9531527772852802 -1.694028285657629
 -0.9136207370824918 -1.734085017747044
 -0.8734542017832285 -1.769186752612229
 -0.8341398265585493 -1.803335216272737
 -0.7956284687191247 -1.838809620947801
 -0.7566090174655713 -1.872389676905958
 -0.7169137541240139 -1.901782878447284
 -0.6776950897213903 -1.929846486467254
 -0.6392924772757380 -1.959151802052321
 -0.6007103690622266 -1.987429850529872
 -0.5614796001926214 -2.012105685648994
 -0.5224463433178858 -2.035102548086696
 -0.4841798415776890 -2.059148495986283
 -0.4459798308323144 -2.082802377503461
 -0.4072053329686632 -2.103361654181765
 -0.3684194118368629 -2.121940441773215
 -0.3303170681433791 -2.141304913337466
 -0.2924718650523809 -2.160754992245486
 -0.2541593971970889 -2.177585926127631
 -0.2156818175155575 -2.192190706444529
 -0.1777840414095407 -2.207267465491565
 -0.1402909358911629 -2.222787538666306
 -0.1024612493928907 -2.236152485551925
 -6.435941936167444E-02 -2.247105351478256
 -2.672077914360804E-02 -2.258178954585341
 1.040298272125417E-02 -2.269954724024557
 4.771655071910608E-02 -2.280039017795853
 8.536744580709621E-02 -2.287586619810618
 0.1226785937812690 -2.294872787925301
 0.1593997529471164 -2.303037379151491
 0.1961551022776542 -2.309987297116030
 0.2332711904752703 -2.314324895589388
 0.2701688428841277 -2.317972593652504
 0.3064632453467288 -2.322764289430504
 0.3428415431861885 -2.325565044806310
 0.3791133011636056 -2.327771729447914
 0.4152187287072212 -2.329113692964089
 0.4511495397053094 -2.329631255940050
 0.4869141380936549 -2.329416630128333
 0.5225055412347819 -2.328455401697071
 0.5579037946217047 -2.326695089686539
 0.5930976624715942 -2.324147954803309
 0.6280891823172312 -2.320862601157519
 0.6628764218829881 -2.316845430573975
 0.6974443816434389 -2.312069305766049
 0.7317782356693712 -2.306536453980687
 0.7658750813311600 -2.300281111085699
 0.7997340953579388 -2.293317434668823
 0.8333431060187991 -2.285628936565787
 0.8666855164940895 -2.277211810282450
 0.8997550142833042 -2.268091164447003
 0.9325515082311581 -2.258285140340075
 0.9650656044147315 -2.247784460824273
 0.9972799376603004 -2.236581665687973
 1.029185227208061 -2.224694721442098
 1.060781689175429 -2.212143930403744
 1.092062764901750 -2.198926018112102
 1.123010959778270 -2.185031435817152
 1.153614055535039 -2.170471886421337
 1.183872068841514 -2.155268602766836
 1.213781379229657 -2.139423847496734
 1.243324891797458 -2.122927207214863
 1.272487263221992 -2.105784501804547
 1.301267712862607 -2.088016860763786
 1.329665752773846 -2.069631979538404
 1.357665242365570 -2.050619692205129
 1.385247321070320 -2.030979988950935
 1.412409671758181 -2.010732862880373
 1.439155340586092 -1.989891635512883
 1.465469858936811 -1.968447554716163
 1.491330118063368 -1.946394445815677
 1.516731246156700 -1.923749930700361
 1.541680726268343 -1.900533622248303
 1.566166906245352 -1.876739643296780
 1.590160886582274 -1.852354511767921
 1.613653553171669 -1.827391624502925
 1.636659184853587 -1.801878805770428
 1.659171279992405 -1.775815458114660
 1.681150869139142 -1.749177058425733
 1.702580845063575 -1.721968947823323
 1.723490977663852 -1.694234612803353
 1.743886603817147 -1.665984809925940
 1.763696040747593 -1.637163381885204
 1.782883508628577 -1.607757163081389
 1.801640601241616 -1.577956442137991
 1.819584909751827 -1.547456401593185
 1.837169607281344 -1.516573345242480
 1.854108618264690 -1.485121282484947
 1.870323414495912 -1.453118653987971
 1.885934687073518 -1.420636402701139
 1.901024637228540 -1.387679455364288
 1.915488858327647 -1.354209140245978
 1.929209135615992 -1.320219946148955
 1.942245319826594 -1.285743865451181
 1.954706286652208 -1.250793138496436
 1.966532346569862 -1.215343522949353
 1.977586351358368 -1.179379662866962
 1.987889239478162 -1.142920326655825
 1.997564899417842 -1.105982766882230
 2.006591170231157 -1.068551524957527
 2.014818651926329 -1.030605451199851
 2.022228772768165 -0.9921530932866209
 2.028951604936639 -0.9532135086525346
 2.035002087822355 -0.9137777023260591
 2.040224256280384 -0.8738201202683005
 2.044556794291785 -0.8333392160118929
 2.048127656170813 -0.7923532831068567
 2.050989981900329 -0.7508584830376034
 2.052986681165582 -0.7088254449146308
 2.054008715859347 -0.6662415674319880
 2.054172499658482 -0.6231217299214651
 2.053570899598896 -0.5794660610911703
 2.052051021361456 -0.5352413583754460
 2.049448486571567 -0.4904220096032483
 2.045855978130978 -0.4450161615625352
 2.041407684655204 -0.3990263452528642
 2.035959843526187 -0.3524146997852489
 2.029279787655493 -0.3051391048550960
 2.021418368431982 -0.2571961516524252
 2.012552356458871 -0.2085882782792902
 2.002550523844286 -0.1592707113528165
 1.991086618031070 -0.1091783574222029
 1.978137763008583 -5.828828739995973E-02
 1.963922797821059 -6.598540879679482E-03
 1.948320525439802 4.594756817115953E-02
 1.930852129006293 9.945095285697070E-02
 1.911350686129103 0.1539686603083766
 1.890068431937200 0.2095139006024067
 1.866866057442905 0.2661647156510818
 1.840933185399345 0.3240846851084240
 1.811745999456644 0.3833903618894108
 1.779545357968924 0.4441011145899463
 1.743993345375362 0.5063097323452713
 1.703031019312133 0.5702710296291116
 1.654732996444641 0.6360678634654965
 1.600765664893012 0.7031144933998149
 1.538947395886010 0.7727314925401093
 1.444382483241181 0.8386808123029303
 1.321247622445670 0.8713499935449445
 1.208279917445354 0.8397758593399276
 1.141918577106666 0.7538429383829586
 1.125973174257824 0.6589497638342507
 1.136764606078297 0.5880965046369637
 1.150873607707113 0.5370627275026592
 1.162196490322600 0.4886295713860340
 1.175347231395635 0.4411595152080553
 1.191892077229824 0.4029142591841213
 1.207960473939578 0.3729401019519753
 1.221159495602797 0.3428618463735122
 1.233446571173326 0.3114913905348772
 1.246728381759994 0.2847222331085675
 1.259697646564456 0.2633393487406175
 1.270521743945810 0.2417306465797856
 1.279886588608983 0.2181728278886145
 1.289404170145565 0.1970464375541207
 1.298760601521350 0.1799882707323425
 1.306509465369698 0.1629257063107616
 1.312669460282922 0.1436895265364504
 1.318515687720391 0.1255400797218521
 1.324251958812448 0.1106087655182806
 1.328773494410531 9.592115982305449E-02
 1.331713917052945 7.900361643220999E-02
 1.334022601683429 6.220133284585028E-02
 1.336198840367828 4.793064574626149E-02
 1.337453837357051 3.409695487358388E-02
 1.337196971747596 1.804530042227293E-02
 1.336070025760180 1.330040190257731E-03
 1.334736196082390 -1.349861508929640E-02
 1.332702836372455 -2.779366575394937E-02
 1.329262724084932 -4.429095391942517E-02
 1.324769082065074 -6.214011878306369E-02
 1.319958340861086 -7.878059547864036E-02
 1.314618199432987 -9.493739061939255E-02
 1.308008148311036 -0.1133529423056791
 1.300212929975679 -0.1338133718929427
 1.291974387115899 -0.1538606941654226
 1.283353971827351 -0.1737213652353488
 1.273657452646411 -0.1961158773086823
 1.262726819149753 -0.2214153688420024
 1.251265055809353 -0.2473911957673016
 1.239642485709241 -0.2740032260832707
 1.227339076965353 -0.3040561182255522
 1.214019930369299 -0.3384867858102057
 1.200409808819096 -0.3755419269005457
 1.187559581350111 -0.4157683993478807
 1.175751717028967 -0.4628218850638622
 1.164536065424575 -0.5167294967314613
 1.154091752303649 -0.5770846957598662
 1.162579017745116 -0.6634913339861813
 1.213190754952294 -0.7574101604584083
 1.313341729623936 -0.8099298189674472
 1.436382272254056 -0.7944584549587058
 1.541129698077150 -0.7303130093492519
 1.610738925344038 -0.6545188731634003
 1.660499472930890 -0.5853593901532415
 1.708434825449344 -0.5195238474163765
 1.753719235037052 -0.4521158955919348
 1.788348897512036 -0.3859224098890301
 1.814988320747913 -0.3239318607372657
 1.842110921706497 -0.2640544710379384
 1.869842974484667 -0.2039164999265072
 1.892090579225947 -0.1448084369458884
 1.908717955367396 -8.836991065347702E-02
 1.925493431112675 -3.342743858156726E-02
 1.943647918751549 2.155962401207074E-02
 1.958572046232175 7.582374113582054E-02
 1.968887772692700 0.1281598485195798
 1.978804022110570 0.1792813280283193
 1.990270078823592 0.2303703445890259
 1.999841534717083 0.2809522085954106
 2.005449162279648 0.3300259158297753
 2.010143627545479 0.3780220795149289
 2.016321469085241 0.4259323752570856
 2.021519923329492 0.4734844853403218
 2.023274438967446 0.5197972453509571
 2.023673677608464 0.5650994686157728
 2.025364828477485 0.6102622051865380
 2.026749685396780 0.6551713256754595
 2.025167292351800 0.6990306641835194
 2.021864033811610 0.7419096509885629
 2.019582986270370 0.7845894843529709
 2.017504647164829 0.8270894310951671
 2.012924429548537 0.8686844684805972
 2.006333750478896 0.9093094201193924
 2.000441718767358 0.9496682364976557
 1.995135943646088 0.9898982549307118
 1.987795483920127 1.029342197898226
 1.978230029040966 1.067815783599102
 1.969000730534096 1.105948603745393
 1.960636965085134 1.143986609324015
 1.950713435671375 1.181343254001641
 1.938424403209822 1.217723686630446
 1.926078835906295 1.253679172677781
 1.914788999736767 1.289562924984912
 1.902430130583006 1.324868950212398
 1.887628556953543 1.359181224717316
 1.872338729937109 1.392959378074953
 1.858341258976762 1.426787100511742
 1.842577635362266 1.459692008275054
 1.826352801331328 1.492207614444220
 1.809462262055480 1.524146813669577
 1.791945079241676 1.555522590260479
 1.773876908642248 1.586388328115076
 1.755248758831372 1.616730773175994
 1.736025157218203 1.646506403853402
 1.716222339777516 1.675711620027224
 1.695881380137027 1.704372488307678
 1.675008788577464 1.732490536207386
 1.653588563281930 1.760039205112972
 1.631630046067466 1.787006769016575
 1.609164337380130 1.813407832101107
 1.586204109685991 1.839248760186953
 1.562741169681383 1.864510768163802
 1.538780519255506 1.889177579517144
 1.514347059368481 1.913256281775273
 1.489456546407832 1.936755866635713
 1.464105643098362 1.959663560153878
 1.438296571294149 1.981960593542368
 1.412049530829971 2.003647912682889
 1.385381995969483 2.024735855897162
 1.358294410276766 2.045217105988039
 1.330787251596106 2.065071737804902
 1.302876764073291 2.084295021466805
 1.274581327554315 2.102897587831009
 1.245904711779587 2.120877432801763
 1.216846445934493 2.138214545061569
 1.187419241847299 2.154898546844654
 1.157641788520370 2.170939326845385
 1.127520994378011 2.186340310213511
 1.097056125767483 2.201082435826305
 1.066256604474188 2.215149365046703
 1.035140903599525 2.228549087733612
 1.003719036839275 2.241290902696043
 0.9719906589331506 2.253357903677758
 0.9399619768296259 2.264726990579562
 0.9076506874367158 2.275402755235512
 0.8750700344793169 2.285401484597380
 0.8422207542616815 2.294710149023346
 0.8091056207146036 2.303296979768595
 0.7757407928966119 2.311160782205151
 0.7421432279111632 2.318327834305552
 0.7083156591641938 2.324792206760296
 0.6742563337440514 2.330507889481652
 0.6399784308111702 2.335462737733495
 0.6055047258266691 2.339704276251851
 0.5708418658062796 2.343242505187988
 0.5359770584844347 2.345987266784052
 0.5009167920305947 2.347900992001375
 0.4657300643360019 2.349244750233705
 0.4303441001526387 2.349534956984490
 0.3948062400416636 2.349322223587564
 0.3590984492005449 2.348265806035360
 0.3232759618186772 2.346306917240298
 0.2873398707433670 2.343585550234492
 0.2512533420409582 2.340175356742156
 0.2150350883262775 2.335966582100783
 0.1787394441399228 2.330854093730945
 0.1423641903274269 2.324905720076853
 0.1058654894910779 2.318221870426177
 6.925219191408505E-02 2.310738730968001
 3.257957307033243E-02 2.302329849887206
 -4.146582353527162E-03 2.293022744625728
 -4.097327744110635E-02 2.282933332045073
 -7.790281924975806E-02 2.272034690908491
 -0.1148788239453695 2.260186862186843
 -0.1518846031545568 2.247378036124370
 -0.1889686887447265 2.233730387250605
 -0.2261463402850354 2.219252355971560
 -0.2633617056498700 2.203796095490175
 -0.3005854661097855 2.187307731342707
 -0.3378657561428654 2.169907221990833
 -0.3752324699925529 2.151638668751873
 -0.4126324984379135 2.132351341977814
 -0.4500222354764087 2.111944511244842
 -0.4874470020671464 2.090526433420360
 -0.5249531202635891 2.068177598070692
 -0.5624928971715011 2.044748993548548
 -0.6000063243943545 2.020085457920173
 -0.6375326880576934 1.994271330326955
 -0.6751368905593611 1.967424087018611
 -0.7127798390820013 1.939400295471293
 -0.7503816773351895 1.909977399923496
 -0.7879707831293955 1.879197734564801
 -0.8256334303079124 1.847215606279263
 -0.8633427798117855 1.813894981687396
 -0.9009920779444499 1.778920771061251
 -0.9385897438728381 1.742261698650735
 -0.9762468948808167 1.704106304424287
 -1.013952023998242 1.664321285659935
 -1.051553116107852 1.622441518242233
 -1.089016114278262 1.578293919574432
 -1.126478576336252 1.532090326647431
 -1.163938434066351 1.483671073382914
 -1.201132162981048 1.432252562671429
 -1.237898792690661 1.377322879789576
 -1.274375526068339 1.319080929892787
 -1.310473763081986 1.257187674953436
 -1.345384708357185 1.189732611342658
 -1.378217426514332 1.115006879668656
 -1.409297845499772 1.034746484603329
 -1.438678800787005 0.9464017936551377
 -1.448510130741497 0.8315315171166491
 -1.415235041220164 0.7085590089552687
 -1.331407186395962 0.6265131737202766
 -1.223806423656483 0.6120090276362732
 -1.133653822427129 0.6456464909699524
 -1.077688815931592 0.6904187746683333
 -1.040546769296619 0.7281544170680765
 -1.004263867021908 0.7621768991154704
 -0.9697289629892212 0.7973008030522997
 -0.9448800226153490 0.8307516878583715
 -0.9269558393501582 0.8596544062231773
 -0.9075068167492977 0.8861242220778576
 -0.8864827428500064 0.9124503695794726
 -0.8699408777742511 0.9373373336689346
 -0.8579073891076526 0.9592604886419817
 -0.8446057527842374 0.9794387830276867
 -0.8288865056715219 0.9993278857540752
 -0.8153493057198753 1.018133548314592
 -0.8052547155981147 1.034765538985676
 -0.7943525332794911 1.050007534139603
 -0.7807735103797854 1.064960336108794
 -0.7679787420924433 1.079098040993243
 -0.7579159802262915 1.091531454583744
 -0.7474569083724979 1.102791022123412
 -0.7342760973476083 1.113796274525028
 -0.7208792352354724 1.124196795857534
 -0.7096085770199693 1.133216817392717
 -0.6982557477907407 1.141220522103395
 -0.6842261744584083 1.149023897185904
 -0.6691868614729074 1.156405563448116
 -0.6556779544579564 1.162664760702606
 -0.6422813975790139 1.168051344871097
 -0.6262742707903978 1.173320764320968
 -0.6085696195722211 1.178353738608077
 -0.5917531734207749 1.182507752862180
 -0.5750909076710929 1.185961452296020
 -0.5558375465250883 1.189444755947241
 -0.5342206855624969 1.192924113634407
 -0.5127399237667855 1.195812987363910
 -0.4912298704397488 1.198277824267819
 -0.4669873944884144 1.201077648365509
 -0.4396120753694008 1.204261187844606
 -0.4113854676975843 1.207322923082304
 -0.3825274883476173 1.210563497276326
 -0.3503492159232638 1.214934878822116
 -0.3138718098276692 1.220615493305531
 -0.2749760555275166 1.227356352839631
 -0.2337137947489977 1.236340965630750
 -0.1870603486217771 1.249641798022189
 -0.1347671616580940 1.266882564646590
   
   
 #BODY NUMBER  2
 1.801640601241616 -1.577956442137991
 1.819584909751827 -1.547456401593185
 1.837169607281344 -1.516573345242480
 1.854108618264690 -1.485121282484947
 1.870323414495912 -1.453118653987971
 1.885934687073518 -1.420636402701139
 1.901024637228540 -1.387679455364288
 1.915488858327647 -1.354209140245978
 1.929209135615992 -1.320219946148955
 1.942245319826594 -1.285743865451181
 1.954706286652208 -1.250793138496436
 1.966532346569862 -1.215343522949353
 1.977586351358368 -1.179379662866962
 1.987889239478162 -1.142920326655825
 1.997564899417842 -1.105982766882230
 2.006591170231157 -1.068551524957527
 2.014818651926329 -1.030605451199851
 2.022228772768165 -0.9921530932866209
 2.028951604936639 -0.9532135086525346
 2.035002087822355 -0.9137777023260591
 2.040224256280384 -0.8738201202683005
 2.044556794291785 -0.8333392160118929
 2.048127656170813 -0.7923532831068567
 2.050989981900329 -0.7508584830376034
 2.052986681165582 -0.7088254449146308
 2.054008715859347 -0.6662415674319880
 2.054172499658482 -0.6231217299214651
 2.053570899598896 -0.5794660610911703
 2.052051021361456 -0.5352413583754460
 2.049448486571567 -0.4904220096032483
 2.045855978130978 -0.4450161615625352
 2.041407684655204 -0.3990263452528642
 2.035959843526187 -0.3524146997852489
 2.029279787655493 -0.3051391048550960
 2.021418368431982 -0.2571961516524252
 2.012552356458871 -0.2085882782792902
 2.002550523844286 -0.1592707113528165
 1.991086618031070 -0.1091783574222029
 1.978137763008583 -5.828828739995973E-02
 1.963922797821059 -6.598540879679482E-03
 1.948320525439802 4.594756817115953E-02
 1.930852129006293 9.945095285697070E-02
 1.911350686129103 0.1539686603083766
 1.890068431937200 0.2095139006024067
 1.866866057442905 0.2661647156510818
 1.840933185399345 0.3240846851084240
 1.811745999456644 0.3833903618894108
 1.779545357968924 0.4441011145899463
 1.743993345375362 0.5063097323452713
 1.703031019312133 0.5702710296291116
 1.654732996444641 0.6360678634654965
 1.600765664893012 0.7031144933998149
 1.538947395886010 0.7727314925401093
 1.444382483241181 0.8386808123029303
 1.321247622445670 0.8713499935449445
 1.208279917445354 0.8397758593399276
 1.141918577106666 0.7538429383829586
 1.125973174257824 0.6589497638342507
 1.136764606078297 0.5880965046369637
 1.150873607707113 0.5370627275026592
 1.162196490322600 0.4886295713860340
 1.175347231395635 0.4411595152080553
 1.191892077229824 0.4029142591841213
 1.207960473939578 0.3729401019519753
 1.221159495602797 0.3428618463735122
 1.233446571173326 0.3114913905348772
 1.246728381759994 0.2847222331085675
 1.259697646564456 0.2633393487406175
 1.270521743945810 0.2417306465797856
 1.279886588608983 0.2181728278886145
 1.289404170145565 0.1970464375541207
 1.298760601521350 0.1799882707323425
 1.306509465369698 0.1629257063107616
 1.312669460282922 0.1436895265364504
 1.318515687720391 0.1255400797218521
 1.324251958812448 0.1106087655182806
 1.328773494410531 9.592115982305449E-02
 1.331713917052945 7.900361643220999E-02
 1.334022601683429 6.220133284585028E-02
 1.336198840367828 4.793064574626149E-02
 1.337453837357051 3.409695487358388E-02
 1.337196971747596 1.804530042227293E-02
 1.336070025760180 1.330040190257731E-03
 1.334736196082390 -1.349861508929640E-02
 1.332702836372455 -2.779366575394937E-02
 1.329262724084932 -4.429095391942517E-02
 1.324769082065074 -6.214011878306369E-02
 1.319958340861086 -7.878059547864036E-02
 1.314618199432987 -9.493739061939255E-02
 1.308008148311036 -0.1133529423056791
 1.300212929975679 -0.1338133718929427
 1.291974387115899 -0.1538606941654226
 1.283353971827351 -0.1737213652353488
 1.273657452646411 -0.1961158773086823
 1.262726819149753 -0.2214153688420024
 1.251265055809353 -0.2473911957673016
 1.239642485709241 -0.2740032260832707
 1.227339076965353 -0.3040561182255522
 1.214019930369299 -0.3384867858102057
 1.200409808819096 -0.3755419269005457
 1.187559581350111 -0.4157683993478807
 1.175751717028967 -0.4628218850638622
 1.164536065424575 -0.5167294967314613
 1.154091752303649 -0.5770846957598662
 1.162579017745116 -0.6634913339861813
 1.213190754952294 -0.7574101604584083
 1.313341729623936 -0.8099298189674472
 1.436382272254056 -0.7944584549587058
 1.541129698077150 -0.7303130093492519
 1.610738925344038 -0.6545188731634003
 1.660499472930890 -0.5853593901532415
 1.708434825449344 -0.5195238474163765
 1.753719235037052 -0.4521158955919348
 1.788348897512036 -0.3859224098890301
 1.814988320747913 -0.3239318607372657
 1.842110921706497 -0.2640544710379384
 1.869842974484667 -0.2039164999265072
 1.892090579225947 -0.1448084369458884
 1.908717955367396 -8.836991065347702E-02
 1.925493431112675 -3.342743858156726E-02
 1.943647918751549 2.155962401207074E-02
 1.958572046232175 7.582374113582054E-02
 1.968887772692700 0.1281598485195798
 1.978804022110570 0.1792813280283193
 1.990270078823592 0.2303703445890259
 1.999841534717083 0.2809522085954106
 2.005449162279648 0.3300259158297753
 2.010143627545479 0.3780220795149289
 2.016321469085241 0.4259323752570856
 2.021519923329492 0.4734844853403218
 2.023274438967446 0.5197972453509571
 2.023673677608464 0.5650994686157728
 2.025364828477485 0.6102622051865380
 2.026749685396780 0.6551713256754595
 2.025167292351800 0.6990306641835194
 2.021864033811610 0.7419096509885629
 2.019582986270370 0.7845894843529709
 2.017504647164829 0.8270894310951671
 2.012924429548537 0.8686844684805972
 2.006333750478896 0.9093094201193924
 2.000441718767358 0.9496682364976557
 1.995135943646088 0.9898982549307118
 1.987795483920127 1.029342197898226
 1.978230029040966 1.067815783599102
 1.969000730534096 1.105948603745393
 1.960636965085134 1.143986609324015
 1.950713435671375 1.181343254001641
 1.938424403209822 1.217723686630446
 1.926078835906295 1.253679172677781
 1.914788999736767 1.289562924984912
 1.902430130583006 1.324868950212398
 1.887628556953543 1.359181224717316
 1.872338729937109 1.392959378074953
 1.858341258976762 1.426787100511742
 1.842577635362266 1.459692008275054
 1.826352801331328 1.492207614444220
 1.809462262055480 1.524146813669577
 1.791945079241676 1.555522590260479
 1.773876908642248 1.586388328115076
 1.755248758831372 1.616730773175994
 1.736025157218203 1.646506403853402
 1.716222339777516 1.675711620027224
 1.695881380137027 1.704372488307678
 1.675008788577464 1.732490536207386
 1.653588563281930 1.760039205112972
 1.631630046067466 1.787006769016575
 1.609164337380130 1.813407832101107
 1.586204109685991 1.839248760186953
 1.562741169681383 1.864510768163802
 1.538780519255506 1.889177579517144
 1.514347059368481 1.913256281775273
 1.489456546407832 1.936755866635713
 1.464105643098362 1.959663560153878
 1.438296571294149 1.981960593542368
 1.412049530829971 2.003647912682889
 1.385381995969483 2.024735855897162
 1.358294410276766 2.045217105988039
 1.330787251596106 2.065071737804902
 1.302876764073291 2.084295021466805
 1.274581327554315 2.102897587831009
 1.245904711779587 2.120877432801763
 1.216846445934493 2.138214545061569
 1.187419241847299 2.154898546844654
 1.157641788520370 2.170939326845385
 1.127520994378011 2.186340310213511
 1.097056125767483 2.201082435826305
 1.066256604474188 2.215149365046703
 1.035140903599525 2.228549087733612
 1.003719036839275 2.241290902696043
 0.9719906589331506 2.253357903677758
 0.9399619768296259 2.264726990579562
 0.9076506874367158 2.275402755235512
 0.8750700344793169 2.285401484597380
 0.8422207542616815 2.294710149023346
 0.8091056207146036 2.303296979768595
 0.7757407928966119 2.311160782205151
 0.7421432279111632 2.318327834305552
 0.7083156591641938 2.324792206760296
 0.6742563337440514 2.330507889481652
 0.6399784308111702 2.335462737733495
 0.6055047258266691 2.339704276251851
 0.5708418658062796 2.343242505187988
 0.5359770584844347 2.345987266784052
 0.5009167920305947 2.347900992001375
 0.4657300643360019 2.349244750233705
 0.4303441001526387 2.349534956984490
 0.3948062400416636 2.349322223587564
 0.3590984492005449 2.348265806035360
 0.3232759618186772 2.346306917240298
 0.2873398707433670 2.343585550234492
 0.2512533420409582 2.340175356742156
 0.2150350883262775 2.335966582100783
 0.1787394441399228 2.330854093730945
 0.1423641903274269 2.324905720076853
 0.1058654894910779 2.318221870426177
 6.925219191408505E-02 2.310738730968001
 3.257957307033243E-02 2.302329849887206
 -4.146582353527162E-03 2.293022744625728
 -4.097327744110635E-02 2.282933332045073
 -7.790281924975806E-02 2.272034690908491
 -0.1148788239453695 2.260186862186843
 -0.1518846031545568 2.247378036124370
 -0.1889686887447265 2.233730387250605
 -0.2261463402850354 2.219252355971560
 -0.2633617056498700 2.203796095490175
 -0.3005854661097855 2.187307731342707
 -0.3378657561428654 2.169907221990833
 -0.3752324699925529 2.151638668751873
 -0.4126324984379135 2.132351341977814
 -0.4500222354764087 2.111944511244842
 -0.4874470020671464 2.090526433420360
 -0.5249531202635891 2.068177598070692
 -0.5624928971715011 2.044748993548548
 -0.6000063243943545 2.020085457920173
 -0.6375326880576934 1.994271330326955
 -0.6751368905593611 1.967424087018611
 -0.7127798390820013 1.939400295471293
 -0.7503816773351895 1.909977399923496
 -0.7879707831293955 1.879197734564801
 -0.8256334303079124 1.847215606279263
 -0.8633427798117855 1.813894981687396
 -0.9009920779444499 1.778920771061251
 -0.9385897438728381 1.742261698650735
 -0.9762468948808167 1.704106304424287
 -1.013952023998242 1.664321285659935
 -1.051553116107852 1.622441518242233
 -1.089016114278262 1.578293919574432
 -1.126478576336252 1.532090326647431
 -1.163938434066351 1.483671073382914
 -1.201132162981048 1.432252562671429
 -1.237898792690661 1.377322879789576
 -1.274375526068339 1.319080929892787
 -1.310473763081986 1.257187674953436
 -1.345384708357185 1.189732611342658
 -1.378217426514332 1.115006879668656
 -1.409297845499772 1.034746484603329
 -1.438678800787005 0.9464017936551377
 -1.448510130741497 0.8315315171166491
 -1.415235041220164 0.7085590089552687
 -1.331407186395962 0.6265131737202766
 -1.223806423656483 0.6120090276362732
 -1.133653822427129 0.6456464909699524
 -1.077688815931592 0.6904187746683333
 -1.040546769296619 0.7281544170680765
 -1.004263867021908 0.7621768991154704
 -0.9697289629892212 0.7973008030522997
 -0.9448800226153490 0.8307516878583715
 -0.9269558393501582 0.8596544062231773
 -0.9075068167492977 0.8861242220778576
 -0.8864827428500064 0.9124503695794726
 -0.8699408777742511 0.9373373336689346
 -0.8579073891076526 0.9592604886419817
 -0.8446057527842374 0.9794387830276867
 -0.8288865056715219 0.9993278857540752
 -0.8153493057198753 1.018133548314592
 -0.8052547155981147 1.034765538985676
 -0.7943525332794911 1.050007534139603
 -0.7807735103797854 1.064960336108794
 -0.7679787420924433 1.079098040993243
 -0.7579159802262915 1.091531454583744
 -0.7474569083724979 1.102791022123412
 -0.7342760973476083 1.113796274525028
 -0.7208792352354724 1.124196795857534
 -0.7096085770199693 1.133216817392717
 -0.6982557477907407 1.141220522103395
 -0.6842261744584083 1.149023897185904
 -0.6691868614729074 1.156405563448116
 -0.6556779544579564 1.162664760702606
 -0.6422813975790139 1.168051344871097
 -0.6262742707903978 1.173320764320968
 -0.6085696195722211 1.178353738608077
 -0.5917531734207749 1.182507752862180
 -0.5750909076710929 1.185961452296020
 -0.5558375465250883 1.189444755947241
 -0.5342206855624969 1.192924113634407
 -0.5127399237667855 1.195812987363910
 -0.4912298704397488 1.198277824267819
 -0.4669873944884144 1.201077648365509
 -0.4396120753694008 1.204261187844606
 -0.4113854676975843 1.207322923082304
 -0.3825274883476173 1.210563497276326
 -0.3503492159232638 1.214934878822116
 -0.3138718098276692 1.220615493305531
 -0.2749760555275166 1.227356352839631
 -0.2337137947489977 1.236340965630750
 -0.1870603486217771 1.249641798022189
 -0.1347671616580940 1.266882564646590
 -7.727586948856641E-02 1.288015123672991
 -6.689158449699417E-03 1.338568630267121
 4.934106256528270E-02 1.429359093654312
 4.474893369637245E-02 1.542352211188246
 -3.016993188145356E-02 1.641172764796981
 -0.1380952302278609 1.699813973736080
 -0.2385394912561494 1.722200264794083
 -0.3233136342489715 1.730714421605442
 -0.4042965629902596 1.739309883257353
 -0.4853157664811574 1.744823356443467
 -0.5599558379024071 1.741716781019832
 -0.6269609398803215 1.733791923708385
 -0.6923775809515317 1.727342090305563
 -0.7583246180551708 1.721289766954833
 -0.8206375045355173 1.711002726343828
 -0.8778283901276258 1.697183193334396
 -0.9337977045612564 1.684239945454422
 -0.9904951414662687 1.672468661645558
 -1.044951309149683 1.658261276611223
 -1.095433570909472 1.641026904092650
 -1.144664195552020 1.624053888244418
 -1.194641610104468 1.608439276358775
 -1.243232517251512 1.591437468310548
 -1.288535408155635 1.571756962617509
 -1.332448537824089 1.551824406952325
 -1.377028991809503 1.533219426795236
 -1.420809554267265 1.513945365189550
 -1.461794838774824 1.492308440298037
 -1.501227334290578 1.470003079470924
 -1.541184986899796 1.448886290799745
 -1.580769854564466 1.427631051828001
 -1.617961959383137 1.404330989998246
 -1.653444621974747 1.380030790784652
 -1.689265918126991 1.356715428984494
 -1.725032782112448 1.333665561150319
 -1.758765032351448 1.308901457647034
 -1.790651932963339 1.282881286325137
 -1.822657677357817 1.257599228993909
 -1.854845007754925 1.232889283735594
 -1.885334234527236 1.206810287653699
 -1.913870609679292 1.179289567879154
 -1.942279951390488 1.152230350839949
 -1.971039947806388 1.125968114700542
 -1.998429986390481 1.098695763794212
 -2.023791849016918 1.069862933180172
 -2.048757429687563 1.041193615247519
 -2.074188752683884 1.013474454166579
 -2.098585232860660 0.9851183469036312
 -2.120899747428813 0.9551436708720710
 -2.142507572821236 0.9250132155775508
 -2.164804504323491 0.8959771889187615
 -2.185419178548455 0.8658730365312559
 -2.205466102494933 0.8355641150036939
 -2.224680990762701 0.8049668792945122
 -2.243094618946986 0.7741086656795710
 -2.260791046735903 0.7430283020132570
 -2.277754300066154 0.7117246285210770
 -2.293928951839908 0.6801886858331370
 -2.309320002249110 0.6484363347760853
 -2.323970562454258 0.6164901128498417
 -2.337885210460452 0.5843548943665886
 -2.351032944925369 0.5520301006530772
 -2.363408281736837 0.5195296849641121
 -2.375039418711290 0.4868732789845921
 -2.385938205043930 0.4540686744818699
 -2.396084275700182 0.4211181684019846
 -2.405466035749596 0.3880342307653063
 -2.414102073651785 0.3548348826717296
 -2.422008054638990 0.3215292737043614
 -2.429171247513093 0.2881209006703954
 -2.435576508954449 0.2546210721456050
 -2.441234758038032 0.2210468087592086
 -2.446163685144913 0.1874080745065821
 -2.450357175178516 0.1537089121240628
 -2.453798211374376 0.1199596980122498
 -2.456490819608330 8.617686495453258E-02
 -2.458453396395829 5.237101493582719E-02
 -2.459686091009244 1.854641469497031E-02
 -2.460171337731951 -1.528733784670577E-02
 -2.459906505069291 -4.911404504010752E-02
 -2.458909501382977 -8.292246608159948E-02
 -2.457186747151856 -0.1167083306751069
 -2.454721368133054 -0.1504627436211758
 -2.451503925544508 -0.1841693760957686
 -2.447550575357706 -0.2178162248532380
 -2.442874377425368 -0.2513992671831602
 -2.437460517869962 -0.2849103489615944
 -2.431292094892994 -0.3183325447638848
 -2.424381933593416 -0.3516528245351507
 -2.416750760747660 -0.3848678623490768
 -2.408387660507033 -0.4179705057265656
 -2.399266507296878 -0.4509424680006741
 -2.389394346068281 -0.4837691577022266
 -2.378802412764750 -0.5164490285351241
 -2.367486939156599 -0.5489767486456365
 -2.355407202883193 -0.5813308310559185
 -2.342559275874746 -0.6134937899101721
 -2.328995703490521 -0.6454696634484983
 -2.314728469623426 -0.6772576952620480
 -2.299673099232028 -0.7088238848988478
 -2.283800300659172 -0.7401438289199859
 -2.267370665577618 -0.7712883080957138
 -2.249929009904466 -0.8020785553913052
 -2.231975847323008 -0.8327488783450845
 -2.213207067465235 -0.8631445235504124
 -2.193599376314589 -0.8931882632523264
 -2.173274557816885 -0.9229491475333532
 -2.152277979269498 -0.9524959013778677
 -2.130523946653924 -0.9817574418548046
 -2.107948579755915 -1.010634147581990
 -2.084609510154021 -1.039161854625672
 -2.060571776143286 -1.067428731929741
 -2.035784538483947 -1.095395208018648
 -2.010165924428700 -1.122950187020244
 -1.983742657124634 -1.150102417969903
 -1.956591621976735 -1.176950565162843
 -1.928688350981399 -1.203483165950964
 -1.899939827980959 -1.229581410986992
 -1.870344169613608 -1.255224942837750
 -1.839982916191912 -1.280516878598070
 -1.808855747537319 -1.305474653645501
 -1.776862550630514 -1.329975975221875
 -1.743971328182000 -1.353968515330815
 -1.710261900027948 -1.377553938883976
 -1.675757511907776 -1.400780185714269
 -1.640354182727669 -1.423525897063183
 -1.603986480382939 -1.445702943812854
 -1.566725497591336 -1.467404703498894
 -1.528617779335307 -1.488711536979522
 -1.489558124189955 -1.509507635173102
 -1.449442162177213 -1.529663448316924
 -1.408323290073284 -1.549255168764420
 -1.366270794095843 -1.568397741765747
 -1.323180004444185 -1.586985595686044
 -1.278898110320303 -1.604838295068400
 -1.233447585302586 -1.622001582912376
 -1.186918926150959 -1.638627327999972
 -1.139207744032501 -1.654624270334579
 -1.090094540086620 -1.669742413639048
 -1.039548019135745 -1.683973411250775
 -0.9876759029402420 -1.697507763544607
 -0.9343685014415598 -1.710268853831094
 -0.8792990128984414 -1.721892471099203
 -0.8223345718508408 -1.732262579882809
 -0.7635898556009478 -1.741604227249838
 -0.7029276233765543 -1.749835789033996
 -0.6398010224182969 -1.756337247779853
 -0.5738472067659831 -1.760713241678987
 -0.5051698319005843 -1.763182044482734
 -0.4335195822933764 -1.763497407298708
 -0.3576463109549475 -1.760003640971770
 -0.2765155699303087 -1.751074743134152
 -0.1914678193932403 -1.737860978003144
 -0.1002685950990049 -1.719133286195247
 4.127647500315579E-03 -1.670212329419579
 9.398741877449357E-02 -1.579909002500213
 0.1231272689506081 -1.466289033060204
 8.188784654981629E-02 -1.365851966019232
 7.680648169305693E-03 -1.304596254804203
 -5.907579014670483E-02 -1.278515279305297
 -0.1103268384104941 -1.265217144570736
 -0.1579326233006928 -1.250806470501504
 -0.2056182684064144 -1.238460318260355
 -0.2470120546144756 -1.233665947042493
 -0.2810046345894198 -1.232594508175153
 -0.3136526788534993 -1.228986068451370
 -0.3469638283233197 -1.223941760114350
 -0.3767875039857425 -1.222059566777502
 -0.4017902574568037 -1.222599837382599
 -0.4259159911615729 -1.221169429607472
 -0.4510000829374614 -1.217500713642690
 -0.4740548644256902 -1.215179985868713
 -0.4935058859232350 -1.214753809718018
 -0.5121569320902066 -1.212933240450364
 -0.5318959499031368 -1.208649862645244
 -0.5505369456279480 -1.204638120715095
 -0.5663359785861570 -1.202140220102025
 -0.5813165860380329 -1.198712181946467
 -0.5974378197053370 -1.192799890957239
 -0.6131433664479566 -1.186398128703384
 -0.6265902633478593 -1.181147463138978
 -0.6391980895663100 -1.175317476976979
 -0.6529707972891874 -1.167069197608177
 -0.6668831642872721 -1.157735603638374
 -0.6790582416244335 -1.149166145613309
 -0.6904214387934413 -1.140257679117147
 -0.7029884532945341 -1.129029810401543
 -0.7161994624928525 -1.116213619825014
 -0.7282051674403109 -1.103727157383539
 -0.7395272917618938 -1.091024061676628
 -0.7521706017859482 -1.076091813641562
 -0.7659922444131826 -1.059110741741465
 -0.7792344633491135 -1.041952293198488
 -0.7921241013876024 -1.024556459032471
 -0.8066700581579962 -1.004961771056826
 -0.8231147437803519 -0.9828458190026033
 -0.8398795881117691 -0.9599317273150028
 -0.8571149973616238 -0.9365602711930554
 -0.8769898610420894 -0.9108787605965643
 -0.9001481205416295 -0.8821287074953251
 -0.9254337532915791 -0.8518144259390852
 -0.9538457866011137 -0.8205725662828689
 -0.9886913684071899 -0.7868199129583270
 -1.029768903766481 -0.7501530679151284
 -1.076815882815082 -0.7109304279131248
 -1.155889859295416 -0.6750772962809393
 -1.262531817517576 -0.6719489331959038
 -1.358090663320309 -0.7324223922207991
 -1.406212340372603 -0.8467143098382752
 -1.403034467849290 -0.9695009643868282
 -1.372199434087888 -1.067681391630683
 -1.337185838681919 -1.145355031452201
 -1.304138262459085 -1.219786035840977
 -1.268403468555894 -1.292707460851532
 -1.228393059609629 -1.355794371130802
 -1.188027380867592 -1.409860062971119
 -1.149733340754965 -1.463287619267625
 -1.111518356429497 -1.517373267028326
 -1.071453074690430 -1.566194289397939
 -1.030889565239770 -1.608813282680919
 -0.9916957265514190 -1.650812506872855
 -0.9531527772852802 -1.694028285657629
 -0.9136207370824918 -1.734085017747044
 -0.8734542017832285 -1.769186752612229
 -0.8341398265585493 -1.803335216272737
 -0.7956284687191247 -1.838809620947801
 -0.7566090174655713 -1.872389676905958
 -0.7169137541240139 -1.901782878447284
 -0.6776950897213903 -1.929846486467254
 -0.6392924772757380 -1.959151802052321
 -0.6007103690622266 -1.987429850529872
 -0.5614796001926214 -2.012105685648994
 -0.5224463433178858 -2.035102548086696
 -0.4841798415776890 -2.059148495986283
 -0.4459798308323144 -2.082802377503461
 -0.4072053329686632 -2.103361654181765
 -0.3684194118368629 -2.121940441773215
 -0.3303170681433791 -2.141304913337466
 -0.2924718650523809 -2.160754992245486
 -0.2541593971970889 -2.177585926127631
 -0.2156818175155575 -2.192190706444529
 -0.1777840414095407 -2.207267465491565
 -0.1402909358911629 -2.222787538666306
 -0.1024612493928907 -2.236152485551925
 -6.435941936167444E-02 -2.247105351478256
 -2.672077914360804E-02 -2.258178954585341
 1.040298272125417E-02 -2.269954724024557
 4.771655071910608E-02 -2.280039017795853
 8.536744580709621E-02 -2.287586619810618
 0.1226785937812690 -2.294872787925301
 0.1593997529471164 -2.303037379151491
 0.1961551022776542 -2.309987297116030
 0.2332711904752703 -2.314324895589388
 0.2701688428841277 -2.317972593652504
 0.3064632453467288 -2.322764289430504
 0.3428415431861885 -2.325565044806310
 0.3791133011636056 -2.327771729447914
 0.4152187287072212 -2.329113692964089
 0.4511495397053094 -2.329631255940050
 0.4869141380936549 -2.329416630128333
 0.5225055412347819 -2.328455401697071
 0.5579037946217047 -2.326695089686539
 0.5930976624715942 -2.324147954803309
 0.6280891823172312 -2.320862601157519
 0.6628764218829881 -2.316845430573975
 0.6974443816434389 -2.312069305766049
 0.7317782356693712 -2.306536453980687
 0.7658750813311600 -2.300281111085699
 0.7997340953579388 -2.293317434668823
 0.8333431060187991 -2.285628936565787
 0.8666855164940895 -2.277211810282450
 0.8997550142833042 -2.268091164447003
 0.9325515082311581 -2.258285140340075
 0.9650656044147315 -2.247784460824273
 0.9972799376603004 -2.236581665687973
 1.029185227208061 -2.224694721442098
 1.060781689175429 -2.212143930403744
 1.092062764901750 -2.198926018112102
 1.123010959778270 -2.185031435817152
 1.153614055535039 -2.170471886421337
 1.183872068841514 -2.155268602766836
 1.213781379229657 -2.139423847496734
 1.243324891797458 -2.122927207214863
 1.272487263221992 -2.105784501804547
 1.301267712862607 -2.088016860763786
 1.329665752773846 -2.069631979538404
 1.357665242365570 -2.050619692205129
 1.385247321070320 -2.030979988950935
 1.412409671758181 -2.010732862880373
 1.439155340586092 -1.989891635512883
 1.465469858936811 -1.968447554716163
 1.491330118063368 -1.946394445815677
 1.516731246156700 -1.923749930700361
 1.541680726268343 -1.900533622248303
 1.566166906245352 -1.876739643296780
 1.590160886582274 -1.852354511767921
 1.613653553171669 -1.827391624502925
 1.636659184853587 -1.801878805770428
 1.659171279992405 -1.775815458114660
 1.681150869139142 -1.749177058425733
 1.702580845063575 -1.721968947823323
 1.723490977663852 -1.694234612803353
 1.743886603817147 -1.665984809925940
 1.763696040747593 -1.637163381885204
 1.782883508628577 -1.607757163081389
 1.801640601241616 -1.577956442137991
   
   
 #BODY NUMBER  3
 -1.858341258976762 -1.426787100511742
 -1.842577635362266 -1.459692008275054
 -1.826352801331328 -1.492207614444220
 -1.809462262055480 -1.524146813669577
 -1.791945079241676 -1.555522590260479
 -1.773876908642248 -1.586388328115076
 -1.755248758831372 -1.616730773175994
 -1.736025157218203 -1.646506403853402
 -1.716222339777516 -1.675711620027224
 -1.695881380137027 -1.704372488307678
 -1.675008788577464 -1.732490536207386
 -1.653588563281930 -1.760039205112972
 -1.631630046067466 -1.787006769016575
 -1.609164337380130 -1.813407832101107
 -1.586204109685991 -1.839248760186953
 -1.562741169681383 -1.864510768163802
 -1.538780519255506 -1.889177579517144
 -1.514347059368481 -1.913256281775273
 -1.489456546407832 -1.936755866635713
 -1.464105643098362 -1.959663560153878
 -1.438296571294149 -1.981960593542368
 -1.412049530829971 -2.003647912682889
 -1.385381995969483 -2.024735855897162
 -1.358294410276766 -2.045217105988039
 -1.330787251596106 -2.065071737804902
 -1.302876764073291 -2.084295021466805
 -1.274581327554315 -2.102897587831009
 -1.245904711779587 -2.120877432801763
 -1.216846445934493 -2.138214545061569
 -1.187419241847299 -2.154898546844654
 -1.157641788520370 -2.170939326845385
 -1.127520994378011 -2.186340310213511
 -1.097056125767483 -2.201082435826305
 -1.066256604474188 -2.215149365046703
 -1.035140903599525 -2.228549087733612
 -1.003719036839275 -2.241290902696043
 -0.9719906589331506 -2.253357903677758
 -0.9399619768296259 -2.264726990579562
 -0.9076506874367158 -2.275402755235512
 -0.8750700344793169 -2.285401484597380
 -0.8422207542616815 -2.294710149023346
 -0.8091056207146036 -2.303296979768595
 -0.7757407928966119 -2.311160782205151
 -0.7421432279111632 -2.318327834305552
 -0.7083156591641938 -2.324792206760296
 -0.6742563337440514 -2.330507889481652
 -0.6399784308111702 -2.335462737733495
 -0.6055047258266691 -2.339704276251851
 -0.5708418658062796 -2.343242505187988
 -0.5359770584844347 -2.345987266784052
 -0.5009167920305947 -2.347900992001375
 -0.4657300643360019 -2.349244750233705
 -0.4303441001526387 -2.349534956984490
 -0.3948062400416636 -2.349322223587564
 -0.3590984492005449 -2.348265806035360
 -0.3232759618186772 -2.346306917240298
 -0.2873398707433670 -2.343585550234492
 -0.2512533420409582 -2.340175356742156
 -0.2150350883262775 -2.335966582100783
 -0.1787394441399228 -2.330854093730945
 -0.1423641903274269 -2.324905720076853
 -0.1058654894910779 -2.318221870426177
 -6.925219191408505E-02 -2.310738730968001
 -3.257957307033243E-02 -2.302329849887206
 4.146582353527162E-03 -2.293022744625728
 4.097327744110635E-02 -2.282933332045073
 7.790281924975806E-02 -2.272034690908491
 0.1148788239453695 -2.260186862186843
 0.1518846031545568 -2.247378036124370
 0.1889686887447265 -2.233730387250605
 0.2261463402850354 -2.219252355971560
 0.2633617056498700 -2.203796095490175
 0.3005854661097855 -2.187307731342707
 0.3378657561428654 -2.169907221990833
 0.3752324699925529 -2.151638668751873
 0.4126324984379135 -2.132351341977814
 0.4500222354764087 -2.111944511244842
 0.4874470020671464 -2.090526433420360
 0.5249531202635891 -2.068177598070692
 0.5624928971715011 -2.044748993548548
 0.6000063243943545 -2.020085457920173
 0.6375326880576934 -1.994271330326955
 0.6751368905593611 -1.967424087018611
 0.7127798390820013 -1.939400295471293
 0.7503816773351895 -1.909977399923496
 0.7879707831293955 -1.879197734564801
 0.8256334303079124 -1.847215606279263
 0.8633427798117855 -1.813894981687396
 0.9009920779444499 -1.778920771061251
 0.9385897438728381 -1.742261698650735
 0.9762468948808167 -1.704106304424287
 1.013952023998242 -1.664321285659935
 1.051553116107852 -1.622441518242233
 1.089016114278262 -1.578293919574432
 1.126478576336252 -1.532090326647431
 1.163938434066351 -1.483671073382914
 1.201132162981048 -1.432252562671429
 1.237898792690661 -1.377322879789576
 1.274375526068339 -1.319080929892787
 1.310473763081986 -1.257187674953436
 1.345384708357185 -1.189732611342658
 1.378217426514332 -1.115006879668656
 1.409297845499772 -1.034746484603329
 1.438678800787005 -0.9464017936551377
 1.448510130741497 -0.8315315171166491
 1.415235041220164 -0.7085590089552687
 1.331407186395962 -0.6265131737202766
 1.223806423656483 -0.6120090276362732
 1.133653822427129 -0.6456464909699524
 1.077688815931592 -0.6904187746683333
 1.040546769296619 -0.7281544170680765
 1.004263867021908 -0.7621768991154704
 0.9697289629892212 -0.7973008030522997
 0.9448800226153490 -0.8307516878583715
 0.9269558393501582 -0.8596544062231773
 0.9075068167492977 -0.8861242220778576
 0.8864827428500064 -0.9124503695794726
 0.8699408777742511 -0.9373373336689346
 0.8579073891076526 -0.9592604886419817
 0.8446057527842374 -0.9794387830276867
 0.8288865056715219 -0.9993278857540752
 0.8153493057198753 -1.018133548314592
 0.8052547155981147 -1.034765538985676
 0.7943525332794911 -1.050007534139603
 0.7807735103797854 -1.064960336108794
 0.7679787420924433 -1.079098040993243
 0.7579159802262915 -1.091531454583744
 0.7474569083724979 -1.102791022123412
 0.7342760973476083 -1.113796274525028
 0.7208792352354724 -1.124196795857534
 0.7096085770199693 -1.133216817392717
 0.6982557477907407 -1.141220522103395
 0.6842261744584083 -1.149023897185904
 0.6691868614729074 -1.156405563448116
 0.6556779544579564 -1.162664760702606
 0.6422813975790139 -1.168051344871097
 0.6262742707903978 -1.173320764320968
 0.6085696195722211 -1.178353738608077
 0.5917531734207749 -1.182507752862180
 0.5750909076710929 -1.185961452296020
 0.5558375465250883 -1.189444755947241
 0.5342206855624969 -1.192924113634407
 0.5127399237667855 -1.195812987363910
 0.4912298704397488 -1.198277824267819
 0.4669873944884144 -1.201077648365509
 0.4396120753694008 -1.204261187844606
 0.4113854676975843 -1.207322923082304
 0.3825274883476173 -1.210563497276326
 0.3503492159232638 -1.214934878822116
 0.3138718098276692 -1.220615493305531
 0.2749760555275166 -1.227356352839631
 0.2337137947489977 -1.236340965630750
 0.1870603486217771 -1.249641798022189
 0.1347671616580940 -1.266882564646590
 7.727586948856641E-02 -1.288015123672991
 6.689158449699417E-03 -1.338568630267121
 -4.934106256528270E-02 -1.429359093654312
 -4.474893369637245E-02 -1.542352211188246
 3.016993188145356E-02 -1.641172764796981
 0.1380952302278609 -1.699813973736080
 0.2385394912561494 -1.722200264794083
 0.3233136342489715 -1.730714421605442
 0.4042965629902596 -1.739309883257353
 0.4853157664811574 -1.744823356443467
 0.5599558379024071 -1.741716781019832
 0.6269609398803215 -1.733791923708385
 0.6923775809515317 -1.727342090305563
 0.7583246180551708 -1.721289766954833
 0.8206375045355173 -1.711002726343828
 0.8778283901276258 -1.697183193334396
 0.9337977045612564 -1.684239945454422
 0.9904951414662687 -1.672468661645558
 1.044951309149683 -1.658261276611223
 1.095433570909472 -1.641026904092650
 1.144664195552020 -1.624053888244418
 1.194641610104468 -1.608439276358775
 1.243232517251512 -1.591437468310548
 1.288535408155635 -1.571756962617509
 1.332448537824089 -1.551824406952325
 1.377028991809503 -1.533219426795236
 1.420809554267265 -1.513945365189550
 1.461794838774824 -1.492308440298037
 1.501227334290578 -1.470003079470924
 1.541184986899796 -1.448886290799745
 1.580769854564466 -1.427631051828001
 1.617961959383137 -1.404330989998246
 1.653444621974747 -1.380030790784652
 1.689265918126991 -1.356715428984494
 1.725032782112448 -1.333665561150319
 1.758765032351448 -1.308901457647034
 1.790651932963339 -1.282881286325137
 1.822657677357817 -1.257599228993909
 1.854845007754925 -1.232889283735594
 1.885334234527236 -1.206810287653699
 1.913870609679292 -1.179289567879154
 1.942279951390488 -1.152230350839949
 1.971039947806388 -1.125968114700542
 1.998429986390481 -1.098695763794212
 2.023791849016918 -1.069862933180172
 2.048757429687563 -1.041193615247519
 2.074188752683884 -1.013474454166579
 2.098585232860660 -0.9851183469036312
 2.120899747428813 -0.9551436708720710
 2.142507572821236 -0.9250132155775508
 2.164804504323491 -0.8959771889187615
 2.185419178548455 -0.8658730365312559
 2.205466102494933 -0.8355641150036939
 2.224680990762701 -0.8049668792945122
 2.243094618946986 -0.7741086656795710
 2.260791046735903 -0.7430283020132570
 2.277754300066154 -0.7117246285210770
 2.293928951839908 -0.6801886858331370
 2.309320002249110 -0.6484363347760853
 2.323970562454258 -0.6164901128498417
 2.337885210460452 -0.5843548943665886
 2.351032944925369 -0.5520301006530772
 2.363408281736837 -0.5195296849641121
 2.375039418711290 -0.4868732789845921
 2.385938205043930 -0.4540686744818699
 2.396084275700182 -0.4211181684019846
 2.405466035749596 -0.3880342307653063
 2.414102073651785 -0.3548348826717296
 2.422008054638990 -0.3215292737043614
 2.429171247513093 -0.2881209006703954
 2.435576508954449 -0.2546210721456050
 2.441234758038032 -0.2210468087592086
 2.446163685144913 -0.1874080745065821
 2.450357175178516 -0.1537089121240628
 2.453798211374376 -0.1199596980122498
 2.456490819608330 -8.617686495453258E-02
 2.458453396395829 -5.237101493582719E-02
 2.459686091009244 -1.854641469497031E-02
 2.460171337731951 1.528733784670577E-02
 2.459906505069291 4.911404504010752E-02
 2.458909501382977 8.292246608159948E-02
 2.457186747151856 0.1167083306751069
 2.454721368133054 0.1504627436211758
 2.451503925544508 0.1841693760957686
 2.447550575357706 0.2178162248532380
 2.442874377425368 0.2513992671831602
 2.437460517869962 0.2849103489615944
 2.431292094892994 0.3183325447638848
 2.424381933593416 0.3516528245351507
 2.416750760747660 0.3848678623490768
 2.408387660507033 0.4179705057265656
 2.399266507296878 0.4509424680006741
 2.389394346068281 0.4837691577022266
 2.378802412764750 0.5164490285351241
 2.367486939156599 0.5489767486456365
 2.355407202883193 0.5813308310559185
 2.342559275874746 0.6134937899101721
 2.328995703490521 0.6454696634484983
 2.314728469623426 0.6772576952620480
 2.299673099232028 0.7088238848988478
 2.283800300659172 0.7401438289199859
 2.267370665577618 0.7712883080957138
 2.249929009904466 0.8020785553913052
 2.231975847323008 0.8327488783450845
 2.213207067465235 0.8631445235504124
 2.193599376314589 0.8931882632523264
 2.173274557816885 0.9229491475333532
 2.152277979269498 0.9524959013778677
 2.130523946653924 0.9817574418548046
 2.107948579755915 1.010634147581990
 2.084609510154021 1.039161854625672
 2.060571776143286 1.067428731929741
 2.035784538483947 1.095395208018648
 2.010165924428700 1.122950187020244
 1.983742657124634 1.150102417969903
 1.956591621976735 1.176950565162843
 1.928688350981399 1.203483165950964
 1.899939827980959 1.229581410986992
 1.870344169613608 1.255224942837750
 1.839982916191912 1.280516878598070
 1.808855747537319 1.305474653645501
 1.776862550630514 1.329975975221875
 1.743971328182000 1.353968515330815
 1.710261900027948 1.377553938883976
 1.675757511907776 1.400780185714269
 1.640354182727669 1.423525897063183
 1.603986480382939 1.445702943812854
 1.566725497591336 1.467404703498894
 1.528617779335307 1.488711536979522
 1.489558124189955 1.509507635173102
 1.449442162177213 1.529663448316924
 1.408323290073284 1.549255168764420
 1.366270794095843 1.568397741765747
 1.323180004444185 1.586985595686044
 1.278898110320303 1.604838295068400
 1.233447585302586 1.622001582912376
 1.186918926150959 1.638627327999972
 1.139207744032501 1.654624270334579
 1.090094540086620 1.669742413639048
 1.039548019135745 1.683973411250775
 0.9876759029402420 1.697507763544607
 0.9343685014415598 1.710268853831094
 0.8792990128984414 1.721892471099203
 0.8223345718508408 1.732262579882809
 0.7635898556009478 1.741604227249838
 0.7029276233765543 1.749835789033996
 0.6398010224182969 1.756337247779853
 0.5738472067659831 1.760713241678987
 0.5051698319005843 1.763182044482734
 0.4335195822933764 1.763497407298708
 0.3576463109549475 1.760003640971770
 0.2765155699303087 1.751074743134152
 0.1914678193932403 1.737860978003144
 0.1002685950990049 1.719133286195247
 -4.127647500315579E-03 1.670212329419579
 -9.398741877449357E-02 1.579909002500213
 -0.1231272689506081 1.466289033060204
 -8.188784654981629E-02 1.365851966019232
 -7.680648169305693E-03 1.304596254804203
 5.907579014670483E-02 1.278515279305297
 0.1103268384104941 1.265217144570736
 0.1579326233006928 1.250806470501504
 0.2056182684064144 1.238460318260355
 0.2470120546144756 1.233665947042493
 0.2810046345894198 1.232594508175153
 0.3136526788534993 1.228986068451370
 0.3469638283233197 1.223941760114350
 0.3767875039857425 1.222059566777502
 0.4017902574568037 1.222599837382599
 0.4259159911615729 1.221169429607472
 0.4510000829374614 1.217500713642690
 0.4740548644256902 1.215179985868713
 0.4935058859232350 1.214753809718018
 0.5121569320902066 1.212933240450364
 0.5318959499031368 1.208649862645244
 0.5505369456279480 1.204638120715095
 0.5663359785861570 1.202140220102025
 0.5813165860380329 1.198712181946467
 0.5974378197053370 1.192799890957239
 0.6131433664479566 1.186398128703384
 0.6265902633478593 1.181147463138978
 0.6391980895663100 1.175317476976979
 0.6529707972891874 1.167069197608177
 0.6668831642872721 1.157735603638374
 0.6790582416244335 1.149166145613309
 0.6904214387934413 1.140257679117147
 0.7029884532945341 1.129029810401543
 0.7161994624928525 1.116213619825014
 0.7282051674403109 1.103727157383539
 0.7395272917618938 1.091024061676628
 0.7521706017859482 1.076091813641562
 0.7659922444131826 1.059110741741465
 0.7792344633491135 1.041952293198488
 0.7921241013876024 1.024556459032471
 0.8066700581579962 1.004961771056826
 0.8231147437803519 0.9828458190026033
 0.8398795881117691 0.9599317273150028
 0.8571149973616238 0.9365602711930554
 0.8769898610420894 0.9108787605965643
 0.9001481205416295 0.8821287074953251
 0.9254337532915791 0.8518144259390852
 0.9538457866011137 0.8205725662828689
 0.9886913684071899 0.7868199129583270
 1.029768903766481 0.7501530679151284
 1.076815882815082 0.7109304279131248
 1.155889859295416 0.6750772962809393
 1.262531817517576 0.6719489331959038
 1.358090663320309 0.7324223922207991
 1.406212340372603 0.8467143098382752
 1.403034467849290 0.9695009643868282
 1.372199434087888 1.067681391630683
 1.337185838681919 1.145355031452201
 1.304138262459085 1.219786035840977
 1.268403468555894 1.292707460851532
 1.228393059609629 1.355794371130802
 1.188027380867592 1.409860062971119
 1.149733340754965 1.463287619267625
 1.111518356429497 1.517373267028326
 1.071453074690430 1.566194289397939
 1.030889565239770 1.608813282680919
 0.9916957265514190 1.650812506872855
 0.9531527772852802 1.694028285657629
 0.9136207370824918 1.734085017747044
 0.8734542017832285 1.769186752612229
 0.8341398265585493 1.803335216272737
 0.7956284687191247 1.838809620947801
 0.7566090174655713 1.872389676905958
 0.7169137541240139 1.901782878447284
 0.6776950897213903 1.929846486467254
 0.6392924772757380 1.959151802052321
 0.6007103690622266 1.987429850529872
 0.5614796001926214 2.012105685648994
 0.5224463433178858 2.035102548086696
 0.4841798415776890 2.059148495986283
 0.4459798308323144 2.082802377503461
 0.4072053329686632 2.103361654181765
 0.3684194118368629 2.121940441773215
 0.3303170681433791 2.141304913337466
 0.2924718650523809 2.160754992245486
 0.2541593971970889 2.177585926127631
 0.2156818175155575 2.192190706444529
 0.1777840414095407 2.207267465491565
 0.1402909358911629 2.222787538666306
 0.1024612493928907 2.236152485551925
 6.435941936167444E-02 2.247105351478256
 2.672077914360804E-02 2.258178954585341
 -1.040298272125417E-02 2.269954724024557
 -4.771655071910608E-02 2.280039017795853
 -8.536744580709621E-02 2.287586619810618
 -0.1226785937812690 2.294872787925301
 -0.1593997529471164 2.303037379151491
 -0.1961551022776542 2.309987297116030
 -0.2332711904752703 2.314324895589388
 -0.2701688428841277 2.317972593652504
 -0.3064632453467288 2.322764289430504
 -0.3428415431861885 2.325565044806310
 -0.3791133011636056 2.327771729447914
 -0.4152187287072212 2.329113692964089
 -0.4511495397053094 2.329631255940050
 -0.4869141380936549 2.329416630128333
 -0.5225055412347819 2.328455401697071
 -0.5579037946217047 2.326695089686539
 -0.5930976624715942 2.324147954803309
 -0.6280891823172312 2.320862601157519
 -0.6628764218829881 2.316845430573975
 -0.6974443816434389 2.312069305766049
 -0.7317782356693712 2.306536453980687
 -0.7658750813311600 2.300281111085699
 -0.7997340953579388 2.293317434668823
 -0.8333431060187991 2.285628936565787
 -0.8666855164940895 2.277211810282450
 -0.8997550142833042 2.268091164447003
 -0.9325515082311581 2.258285140340075
 -0.9650656044147315 2.247784460824273
 -0.9972799376603004 2.236581665687973
 -1.029185227208061 2.224694721442098
 -1.060781689175429 2.212143930403744
 -1.092062764901750 2.198926018112102
 -1.123010959778270 2.185031435817152
 -1.153614055535039 2.170471886421337
 -1.183872068841514 2.155268602766836
 -1.213781379229657 2.139423847496734
 -1.243324891797458 2.122927207214863
 -1.272487263221992 2.105784501804547
 -1.301267712862607 2.088016860763786
 -1.329665752773846 2.069631979538404
 -1.357665242365570 2.050619692205129
 -1.385247321070320 2.030979988950935
 -1.412409671758181 2.010732862880373
 -1.439155340586092 1.989891635512883
 -1.465469858936811 1.968447554716163
 -1.491330118063368 1.946394445815677
 -1.516731246156700 1.923749930700361
 -1.541680726268343 1.900533622248303
 -1.566166906245352 1.876739643296780
 -1.590160886582274 1.852354511767921
 -1.613653553171669 1.827391624502925
 -1.636659184853587 1.801878805770428
 -1.659171279992405 1.775815458114660
 -1.681150869139142 1.749177058425733
 -1.702580845063575 1.721968947823323
 -1.723490977663852 1.694234612803353
 -1.743886603817147 1.665984809925940
 -1.763696040747593 1.637163381885204
 -1.782883508628577 1.607757163081389
 -1.801640601241616 1.577956442137991
 -1.819584909751827 1.547456401593185
 -1.837169607281344 1.516573345242480
 -1.854108618264690 1.485121282484947
 -1.870323414495912 1.453118653987971
 -1.885934687073518 1.420636402701139
 -1.901024637228540 1.387679455364288
 -1.915488858327647 1.354209140245978
 -1.929209135615992 1.320219946148955
 -1.942245319826594 1.285743865451181
 -1.954706286652208 1.250793138496436
 -1.966532346569862 1.215343522949353
 -1.977586351358368 1.179379662866962
 -1.987889239478162 1.142920326655825
 -1.997564899417842 1.105982766882230
 -2.006591170231157 1.068551524957527
 -2.014818651926329 1.030605451199851
 -2.022228772768165 0.9921530932866209
 -2.028951604936639 0.9532135086525346
 -2.035002087822355 0.9137777023260591
 -2.040224256280384 0.8738201202683005
 -2.044556794291785 0.8333392160118929
 -2.048127656170813 0.7923532831068567
 -2.050989981900329 0.7508584830376034
 -2.052986681165582 0.7088254449146308
 -2.054008715859347 0.6662415674319880
 -2.054172499658482 0.6231217299214651
 -2.053570899598896 0.5794660610911703
 -2.052051021361456 0.5352413583754460
 -2.049448486571567 0.4904220096032483
 -2.045855978130978 0.4450161615625352
 -2.041407684655204 0.3990263452528642
 -2.035959843526187 0.3524146997852489
 -2.029279787655493 0.3051391048550960
 -2.021418368431982 0.2571961516524252
 -2.012552356458871 0.2085882782792902
 -2.002550523844286 0.1592707113528165
 -1.991086618031070 0.1091783574222029
 -1.978137763008583 5.828828739995973E-02
 -1.963922797821059 6.598540879679482E-03
 -1.948320525439802 -4.594756817115953E-02
 -1.930852129006293 -9.945095285697070E-02
 -1.911350686129103 -0.1539686603083766
 -1.890068431937200 -0.2095139006024067
 -1.866866057442905 -0.2661647156510818
 -1.840933185399345 -0.3240846851084240
 -1.811745999456644 -0.3833903618894108
 -1.779545357968924 -0.4441011145899463
 -1.743993345375362 -0.5063097323452713
 -1.703031019312133 -0.5702710296291116
 -1.654732996444641 -0.6360678634654965
 -1.600765664893012 -0.7031144933998149
 -1.538947395886010 -0.7727314925401093
 -1.444382483241181 -0.8386808123029303
 -1.321247622445670 -0.8713499935449445
 -1.208279917445354 -0.8397758593399276
 -1.141918577106666 -0.7538429383829586
 -1.125973174257824 -0.6589497638342507
 -1.136764606078297 -0.5880965046369637
 -1.150873607707113 -0.5370627275026592
 -1.162196490322600 -0.4886295713860340
 -1.175347231395635 -0.4411595152080553
 -1.191892077229824 -0.4029142591841213
 -1.207960473939578 -0.3729401019519753
 -1.221159495602797 -0.3428618463735122
 -1.233446571173326 -0.3114913905348772
 -1.246728381759994 -0.2847222331085675
 -1.259697646564456 -0.2633393487406175
 -1.270521743945810 -0.2417306465797856
 -1.279886588608983 -0.2181728278886145
 -1.289404170145565 -0.1970464375541207
 -1.298760601521350 -0.1799882707323425
 -1.306509465369698 -0.1629257063107616
 -1.312669460282922 -0.1436895265364504
 -1.318515687720391 -0.1255400797218521
 -1.324251958812448 -0.1106087655182806
 -1.328773494410531 -9.592115982305449E-02
 -1.331713917052945 -7.900361643220999E-02
 -1.334022601683429 -6.220133284585028E-02
 -1.336198840367828 -4.793064574626149E-02
 -1.337453837357051 -3.409695487358388E-02
 -1.337196971747596 -1.804530042227293E-02
 -1.336070025760180 -1.330040190257731E-03
 -1.334736196082390 1.349861508929640E-02
 -1.332702836372455 2.779366575394937E-02
 -1.329262724084932 4.429095391942517E-02
 -1.324769082065074 6.214011878306369E-02
 -1.319958340861086 7.878059547864036E-02
 -1.314618199432987 9.493739061939255E-02
 -1.308008148311036 0.1133529423056791
 -1.300212929975679 0.1338133718929427
 -1.291974387115899 0.1538606941654226
 -1.283353971827351 0.1737213652353488
 -1.273657452646411 0.1961158773086823
 -1.262726819149753 0.2214153688420024
 -1.251265055809353 0.2473911957673016
 -1.239642485709241 0.2740032260832707
 -1.227339076965353 0.3040561182255522
 -1.214019930369299 0.3384867858102057
 -1.200409808819096 0.3755419269005457
 -1.187559581350111 0.4157683993478807
 -1.175751717028967 0.4628218850638622
 -1.164536065424575 0.5167294967314613
 -1.154091752303649 0.5770846957598662
 -1.162579017745116 0.6634913339861813
 -1.213190754952294 0.7574101604584083
 -1.313341729623936 0.8099298189674472
 -1.436382272254056 0.7944584549587058
 -1.541129698077150 0.7303130093492519
 -1.610738925344038 0.6545188731634003
 -1.660499472930890 0.5853593901532415
 -1.708434825449344 0.5195238474163765
 -1.753719235037052 0.4521158955919348
 -1.788348897512036 0.3859224098890301
 -1.814988320747913 0.3239318607372657
 -1.842110921706497 0.2640544710379384
 -1.869842974484667 0.2039164999265072
 -1.892090579225947 0.1448084369458884
 -1.908717955367396 8.836991065347702E-02
 -1.925493431112675 3.342743858156726E-02
 -1.943647918751549 -2.155962401207074E-02
 -1.958572046232175 -7.582374113582054E-02
 -1.968887772692700 -0.1281598485195798
 -1.978804022110570 -0.1792813280283193
 -1.990270078823592 -0.2303703445890259
 -1.999841534717083 -0.2809522085954106
 -2.005449162279648 -0.3300259158297753
 -2.010143627545479 -0.3780220795149289
 -2.016321469085241 -0.4259323752570856
 -2.021519923329492 -0.4734844853403218
 -2.023274438967446 -0.5197972453509571
 -2.023673677608464 -0.5650994686157728
 -2.025364828477485 -0.6102622051865380
 -2.026749685396780 -0.6551713256754595
 -2.025167292351800 -0.6990306641835194
 -2.021864033811610 -0.7419096509885629
 -2.019582986270370 -0.7845894843529709
 -2.017504647164829 -0.8270894310951671
 -2.012924429548537 -0.8686844684805972
 -2.006333750478896 -0.9093094201193924
 -2.000441718767358 -0.9496682364976557
 -1.995135943646088 -0.9898982549307118
 -1.987795483920127 -1.029342197898226
 -1.978230029040966 -1.067815783599102
 -1.969000730534096 -1.105948603745393
 -1.960636965085134 -1.143986609324015
 -1.950713435671375 -1.181343254001641
 -1.938424403209822 -1.217723686630446
 -1.926078835906295 -1.253679172677781
 -1.914788999736767 -1.289562924984912
 -1.902430130583006 -1.324868950212398
 -1.887628556953543 -1.359181224717316
 -1.872338729937109 -1.392959378074953
 -1.858341258976762 -1.426787100511742
   
   
 #BODY NUMBER  4
 0.1914678193932403 1.737860978003144
 0.1002685950990049 1.719133286195247
 -4.127647500315579E-03 1.670212329419579
 -9.398741877449357E-02 1.579909002500213
 -0.1231272689506081 1.466289033060204
 -8.188784654981629E-02 1.365851966019232
 -7.680648169305693E-03 1.304596254804203
 5.907579014670483E-02 1.278515279305297
 0.1103268384104941 1.265217144570736
 0.1579326233006928 1.250806470501504
 0.2056182684064144 1.238460318260355
 0.2470120546144756 1.233665947042493
 0.2810046345894198 1.232594508175153
 0.3136526788534993 1.228986068451370
 0.3469638283233197 1.223941760114350
 0.3767875039857425 1.222059566777502
 0.4017902574568037 1.222599837382599
 0.4259159911615729 1.221169429607472
 0.4510000829374614 1.217500713642690
 0.4740548644256902 1.215179985868713
 0.4935058859232350 1.214753809718018
 0.5121569320902066 1.212933240450364
 0.5318959499031368 1.208649862645244
 0.5505369456279480 1.204638120715095
 0.5663359785861570 1.202140220102025
 0.5813165860380329 1.198712181946467
 0.5974378197053370 1.192799890957239
 0.6131433664479566 1.186398128703384
 0.6265902633478593 1.181147463138978
 0.6391980895663100 1.175317476976979
 0.6529707972891874 1.167069197608177
 0.6668831642872721 1.157735603638374
 0.6790582416244335 1.149166145613309
 0.6904214387934413 1.140257679117147
 0.7029884532945341 1.129029810401543
 0.7161994624928525 1.116213619825014
 0.7282051674403109 1.103727157383539
 0.7395272917618938 1.091024061676628
 0.7521706017859482 1.076091813641562
 0.7659922444131826 1.059110741741465
 0.7792344633491135 1.041952293198488
 0.7921241013876024 1.024556459032471
 0.8066700581579962 1.004961771056826
 0.8231147437803519 0.9828458190026033
 0.8398795881117691 0.9599317273150028
 0.8571149973616238 0.9365602711930554
 0.8769898610420894 0.9108787605965643
 0.9001481205416295 0.8821287074953251
 0.9254337532915791 0.8518144259390852
 0.9538457866011137 0.8205725662828689
 0.9886913684071899 0.7868199129583270
 1.029768903766481 0.7501530679151284
 1.076815882815082 0.7109304279131248
 1.155889859295416 0.6750772962809393
 1.262531817517576 0.6719489331959038
 1.358090663320309 0.7324223922207991
 1.406212340372603 0.8467143098382752
 1.403034467849290 0.9695009643868282
 1.372199434087888 1.067681391630683
 1.337185838681919 1.145355031452201
 1.304138262459085 1.219786035840977
 1.268403468555894 1.292707460851532
 1.228393059609629 1.355794371130802
 1.188027380867592 1.409860062971119
 1.149733340754965 1.463287619267625
 1.111518356429497 1.517373267028326
 1.071453074690430 1.566194289397939
 1.030889565239770 1.608813282680919
 0.9916957265514190 1.650812506872855
 0.9531527772852802 1.694028285657629
 0.9136207370824918 1.734085017747044
 0.8734542017832285 1.769186752612229
 0.8341398265585493 1.803335216272737
 0.7956284687191247 1.838809620947801
 0.7566090174655713 1.872389676905958
 0.7169137541240139 1.901782878447284
 0.6776950897213903 1.929846486467254
 0.6392924772757380 1.959151802052321
 0.6007103690622266 1.987429850529872
 0.5614796001926214 2.012105685648994
 0.5224463433178858 2.035102548086696
 0.4841798415776890 2.059148495986283
 0.4459798308323144 2.082802377503461
 0.4072053329686632 2.103361654181765
 0.3684194118368629 2.121940441773215
 0.3303170681433791 2.141304913337466
 0.2924718650523809 2.160754992245486
 0.2541593971970889 2.177585926127631
 0.2156818175155575 2.192190706444529
 0.1777840414095407 2.207267465491565
 0.1402909358911629 2.222787538666306
 0.1024612493928907 2.236152485551925
 6.435941936167444E-02 2.247105351478256
 2.672077914360804E-02 2.258178954585341
 -1.040298272125417E-02 2.269954724024557
 -4.771655071910608E-02 2.280039017795853
 -8.536744580709621E-02 2.287586619810618
 -0.1226785937812690 2.294872787925301
 -0.1593997529471164 2.303037379151491
 -0.1961551022776542 2.309987297116030
 -0.2332711904752703 2.314324895589388
 -0.2701688428841277 2.317972593652504
 -0.3064632453467288 2.322764289430504
 -0.3428415431861885 2.325565044806310
 -0.3791133011636056 2.327771729447914
 -0.4152187287072212 2.329113692964089
 -0.4511495397053094 2.329631255940050
 -0.4869141380936549 2.329416630128333
 -0.5225055412347819 2.328455401697071
 -0.5579037946217047 2.326695089686539
 -0.5930976624715942 2.324147954803309
 -0.6280891823172312 2.320862601157519
 -0.6628764218829881 2.316845430573975
 -0.6974443816434389 2.312069305766049
 -0.7317782356693712 2.306536453980687
 -0.7658750813311600 2.300281111085699
 -0.7997340953579388 2.293317434668823
 -0.8333431060187991 2.285628936565787
 -0.8666855164940895 2.277211810282450
 -0.8997550142833042 2.268091164447003
 -0.9325515082311581 2.258285140340075
 -0.9650656044147315 2.247784460824273
 -0.9972799376603004 2.236581665687973
 -1.029185227208061 2.224694721442098
 -1.060781689175429 2.212143930403744
 -1.092062764901750 2.198926018112102
 -1.123010959778270 2.185031435817152
 -1.153614055535039 2.170471886421337
 -1.183872068841514 2.155268602766836
 -1.213781379229657 2.139423847496734
 -1.243324891797458 2.122927207214863
 -1.272487263221992 2.105784501804547
 -1.301267712862607 2.088016860763786
 -1.329665752773846 2.069631979538404
 -1.357665242365570 2.050619692205129
 -1.385247321070320 2.030979988950935
 -1.412409671758181 2.010732862880373
 -1.439155340586092 1.989891635512883
 -1.465469858936811 1.968447554716163
 -1.491330118063368 1.946394445815677
 -1.516731246156700 1.923749930700361
 -1.541680726268343 1.900533622248303
 -1.566166906245352 1.876739643296780
 -1.590160886582274 1.852354511767921
 -1.613653553171669 1.827391624502925
 -1.636659184853587 1.801878805770428
 -1.659171279992405 1.775815458114660
 -1.681150869139142 1.749177058425733
 -1.702580845063575 1.721968947823323
 -1.723490977663852 1.694234612803353
 -1.743886603817147 1.665984809925940
 -1.763696040747593 1.637163381885204
 -1.782883508628577 1.607757163081389
 -1.801640601241616 1.577956442137991
 -1.819584909751827 1.547456401593185
 -1.837169607281344 1.516573345242480
 -1.854108618264690 1.485121282484947
 -1.870323414495912 1.453118653987971
 -1.885934687073518 1.420636402701139
 -1.901024637228540 1.387679455364288
 -1.915488858327647 1.354209140245978
 -1.929209135615992 1.320219946148955
 -1.942245319826594 1.285743865451181
 -1.954706286652208 1.250793138496436
 -1.966532346569862 1.215343522949353
 -1.977586351358368 1.179379662866962
 -1.987889239478162 1.142920326655825
 -1.997564899417842 1.105982766882230
 -2.006591170231157 1.068551524957527
 -2.014818651926329 1.030605451199851
 -2.022228772768165 0.9921530932866209
 -2.028951604936639 0.9532135086525346
 -2.035002087822355 0.9137777023260591
 -2.040224256280384 0.8738201202683005
 -2.044556794291785 0.8333392160118929
 -2.048127656170813 0.7923532831068567
 -2.050989981900329 0.7508584830376034
 -2.052986681165582 0.7088254449146308
 -2.054008715859347 0.6662415674319880
 -2.054172499658482 0.6231217299214651
 -2.053570899598896 0.5794660610911703
 -2.052051021361456 0.5352413583754460
 -2.049448486571567 0.4904220096032483
 -2.045855978130978 0.4450161615625352
 -2.041407684655204 0.3990263452528642
 -2.035959843526187 0.3524146997852489
 -2.029279787655493 0.3051391048550960
 -2.021418368431982 0.2571961516524252
 -2.012552356458871 0.2085882782792902
 -2.002550523844286 0.1592707113528165
 -1.991086618031070 0.1091783574222029
 -1.978137763008583 5.828828739995973E-02
 -1.963922797821059 6.598540879679482E-03
 -1.948320525439802 -4.594756817115953E-02
 -1.930852129006293 -9.945095285697070E-02
 -1.911350686129103 -0.1539686603083766
 -1.890068431937200 -0.2095139006024067
 -1.866866057442905 -0.2661647156510818
 -1.840933185399345 -0.3240846851084240
 -1.811745999456644 -0.3833903618894108
 -1.779545357968924 -0.4441011145899463
 -1.743993345375362 -0.5063097323452713
 -1.703031019312133 -0.5702710296291116
 -1.654732996444641 -0.6360678634654965
 -1.600765664893012 -0.7031144933998149
 -1.538947395886010 -0.7727314925401093
 -1.444382483241181 -0.8386808123029303
 -1.321247622445670 -0.8713499935449445
 -1.208279917445354 -0.8397758593399276
 -1.141918577106666 -0.7538429383829586
 -1.125973174257824 -0.6589497638342507
 -1.136764606078297 -0.5880965046369637
 -1.150873607707113 -0.5370627275026592
 -1.162196490322600 -0.4886295713860340
 -1.175347231395635 -0.4411595152080553
 -1.191892077229824 -0.4029142591841213
 -1.207960473939578 -0.3729401019519753
 -1.221159495602797 -0.3428618463735122
 -1.233446571173326 -0.3114913905348772
 -1.246728381759994 -0.2847222331085675
 -1.259697646564456 -0.2633393487406175
 -1.270521743945810 -0.2417306465797856
 -1.279886588608983 -0.2181728278886145
 -1.289404170145565 -0.1970464375541207
 -1.298760601521350 -0.1799882707323425
 -1.306509465369698 -0.1629257063107616
 -1.312669460282922 -0.1436895265364504
 -1.318515687720391 -0.1255400797218521
 -1.324251958812448 -0.1106087655182806
 -1.328773494410531 -9.592115982305449E-02
 -1.331713917052945 -7.900361643220999E-02
 -1.334022601683429 -6.220133284585028E-02
 -1.336198840367828 -4.793064574626149E-02
 -1.337453837357051 -3.409695487358388E-02
 -1.337196971747596 -1.804530042227293E-02
 -1.336070025760180 -1.330040190257731E-03
 -1.334736196082390 1.349861508929640E-02
 -1.332702836372455 2.779366575394937E-02
 -1.329262724084932 4.429095391942517E-02
 -1.324769082065074 6.214011878306369E-02
 -1.319958340861086 7.878059547864036E-02
 -1.314618199432987 9.493739061939255E-02
 -1.308008148311036 0.1133529423056791
 -1.300212929975679 0.1338133718929427
 -1.291974387115899 0.1538606941654226
 -1.283353971827351 0.1737213652353488
 -1.273657452646411 0.1961158773086823
 -1.262726819149753 0.2214153688420024
 -1.251265055809353 0.2473911957673016
 -1.239642485709241 0.2740032260832707
 -1.227339076965353 0.3040561182255522
 -1.214019930369299 0.3384867858102057
 -1.200409808819096 0.3755419269005457
 -1.187559581350111 0.4157683993478807
 -1.175751717028967 0.4628218850638622
 -1.164536065424575 0.5167294967314613
 -1.154091752303649 0.5770846957598662
 -1.162579017745116 0.6634913339861813
 -1.213190754952294 0.7574101604584083
 -1.313341729623936 0.8099298189674472
 -1.436382272254056 0.7944584549587058
 -1.541129698077150 0.7303130093492519
 -1.610738925344038 0.6545188731634003
 -1.660499472930890 0.5853593901532415
 -1.708434825449344 0.5195238474163765
 -1.753719235037052 0.4521158955919348
 -1.788348897512036 0.3859224098890301
 -1.814988320747913 0.3239318607372657
 -1.842110921706497 0.2640544710379384
 -1.869842974484667 0.2039164999265072
 -1.892090579225947 0.1448084369458884
 -1.908717955367396 8.836991065347702E-02
 -1.925493431112675 3.342743858156726E-02
 -1.943647918751549 -2.155962401207074E-02
 -1.958572046232175 -7.582374113582054E-02
 -1.968887772692700 -0.1281598485195798
 -1.978804022110570 -0.1792813280283193
 -1.990270078823592 -0.2303703445890259
 -1.999841534717083 -0.2809522085954106
 -2.005449162279648 -0.3300259158297753
 -2.010143627545479 -0.3780220795149289
 -2.016321469085241 -0.4259323752570856
 -2.021519923329492 -0.4734844853403218
 -2.023274438967446 -0.5197972453509571
 -2.023673677608464 -0.5650994686157728
 -2.025364828477485 -0.6102622051865380
 -2.026749685396780 -0.6551713256754595
 -2.025167292351800 -0.6990306641835194
 -2.021864033811610 -0.7419096509885629
 -2.019582986270370 -0.7845894843529709
 -2.017504647164829 -0.8270894310951671
 -2.012924429548537 -0.8686844684805972
 -2.006333750478896 -0.9093094201193924
 -2.000441718767358 -0.9496682364976557
 -1.995135943646088 -0.9898982549307118
 -1.987795483920127 -1.029342197898226
 -1.978230029040966 -1.067815783599102
 -1.969000730534096 -1.105948603745393
 -1.960636965085134 -1.143986609324015
 -1.950713435671375 -1.181343254001641
 -1.938424403209822 -1.217723686630446
 -1.926078835906295 -1.253679172677781
 -1.914788999736767 -1.289562924984912
 -1.902430130583006 -1.324868950212398
 -1.887628556953543 -1.359181224717316
 -1.872338729937109 -1.392959378074953
 -1.858341258976762 -1.426787100511742
 -1.842577635362266 -1.459692008275054
 -1.826352801331328 -1.492207614444220
 -1.809462262055480 -1.524146813669577
 -1.791945079241676 -1.555522590260479
 -1.773876908642248 -1.586388328115076
 -1.755248758831372 -1.616730773175994
 -1.736025157218203 -1.646506403853402
 -1.716222339777516 -1.675711620027224
 -1.695881380137027 -1.704372488307678
 -1.675008788577464 -1.732490536207386
 -1.653588563281930 -1.760039205112972
 -1.631630046067466 -1.787006769016575
 -1.609164337380130 -1.813407832101107
 -1.586204109685991 -1.839248760186953
 -1.562741169681383 -1.864510768163802
 -1.538780519255506 -1.889177579517144
 -1.514347059368481 -1.913256281775273
 -1.489456546407832 -1.936755866635713
 -1.464105643098362 -1.959663560153878
 -1.438296571294149 -1.981960593542368
 -1.412049530829971 -2.003647912682889
 -1.385381995969483 -2.024735855897162
 -1.358294410276766 -2.045217105988039
 -1.330787251596106 -2.065071737804902
 -1.302876764073291 -2.084295021466805
 -1.274581327554315 -2.102897587831009
 -1.245904711779587 -2.120877432801763
 -1.216846445934493 -2.138214545061569
 -1.187419241847299 -2.154898546844654
 -1.157641788520370 -2.170939326845385
 -1.127520994378011 -2.186340310213511
 -1.097056125767483 -2.201082435826305
 -1.066256604474188 -2.215149365046703
 -1.035140903599525 -2.228549087733612
 -1.003719036839275 -2.241290902696043
 -0.9719906589331506 -2.253357903677758
 -0.9399619768296259 -2.264726990579562
 -0.9076506874367158 -2.275402755235512
 -0.8750700344793169 -2.285401484597380
 -0.8422207542616815 -2.294710149023346
 -0.8091056207146036 -2.303296979768595
 -0.7757407928966119 -2.311160782205151
 -0.7421432279111632 -2.318327834305552
 -0.7083156591641938 -2.324792206760296
 -0.6742563337440514 -2.330507889481652
 -0.6399784308111702 -2.335462737733495
 -0.6055047258266691 -2.339704276251851
 -0.5708418658062796 -2.343242505187988
 -0.5359770584844347 -2.345987266784052
 -0.5009167920305947 -2.347900992001375
 -0.4657300643360019 -2.349244750233705
 -0.4303441001526387 -2.349534956984490
 -0.3948062400416636 -2.349322223587564
 -0.3590984492005449 -2.348265806035360
 -0.3232759618186772 -2.346306917240298
 -0.2873398707433670 -2.343585550234492
 -0.2512533420409582 -2.340175356742156
 -0.2150350883262775 -2.335966582100783
 -0.1787394441399228 -2.330854093730945
 -0.1423641903274269 -2.324905720076853
 -0.1058654894910779 -2.318221870426177
 -6.925219191408505E-02 -2.310738730968001
 -3.257957307033243E-02 -2.302329849887206
 4.146582353527162E-03 -2.293022744625728
 4.097327744110635E-02 -2.282933332045073
 7.790281924975806E-02 -2.272034690908491
 0.1148788239453695 -2.260186862186843
 0.1518846031545568 -2.247378036124370
 0.1889686887447265 -2.233730387250605
 0.2261463402850354 -2.219252355971560
 0.2633617056498700 -2.203796095490175
 0.3005854661097855 -2.187307731342707
 0.3378657561428654 -2.169907221990833
 0.3752324699925529 -2.151638668751873
 0.4126324984379135 -2.132351341977814
 0.4500222354764087 -2.111944511244842
 0.4874470020671464 -2.090526433420360
 0.5249531202635891 -2.068177598070692
 0.5624928971715011 -2.044748993548548
 0.6000063243943545 -2.020085457920173
 0.6375326880576934 -1.994271330326955
 0.6751368905593611 -1.967424087018611
 0.7127798390820013 -1.939400295471293
 0.7503816773351895 -1.909977399923496
 0.7879707831293955 -1.879197734564801
 0.8256334303079124 -1.847215606279263
 0.8633427798117855 -1.813894981687396
 0.9009920779444499 -1.778920771061251
 0.9385897438728381 -1.742261698650735
 0.9762468948808167 -1.704106304424287
 1.013952023998242 -1.664321285659935
 1.051553116107852 -1.622441518242233
 1.089016114278262 -1.578293919574432
 1.126478576336252 -1.532090326647431
 1.163938434066351 -1.483671073382914
 1.201132162981048 -1.432252562671429
 1.237898792690661 -1.377322879789576
 1.274375526068339 -1.319080929892787
 1.310473763081986 -1.257187674953436
 1.345384708357185 -1.189732611342658
 1.378217426514332 -1.115006879668656
 1.409297845499772 -1.034746484603329
 1.438678800787005 -0.9464017936551377
 1.448510130741497 -0.8315315171166491
 1.415235041220164 -0.7085590089552687
 1.331407186395962 -0.6265131737202766
 1.223806423656483 -0.6120090276362732
 1.133653822427129 -0.6456464909699524
 1.077688815931592 -0.6904187746683333
 1.040546769296619 -0.7281544170680765
 1.004263867021908 -0.7621768991154704
 0.9697289629892212 -0.7973008030522997
 0.9448800226153490 -0.8307516878583715
 0.9269558393501582 -0.8596544062231773
 0.9075068167492977 -0.8861242220778576
 0.8864827428500064 -0.9124503695794726
 0.8699408777742511 -0.9373373336689346
 0.8579073891076526 -0.9592604886419817
 0.8446057527842374 -0.9794387830276867
 0.8288865056715219 -0.9993278857540752
 0.8153493057198753 -1.018133548314592
 0.8052547155981147 -1.034765538985676
 0.7943525332794911 -1.050007534139603
 0.7807735103797854 -1.064960336108794
 0.7679787420924433 -1.079098040993243
 0.7579159802262915 -1.091531454583744
 0.7474569083724979 -1.102791022123412
 0.7342760973476083 -1.113796274525028
 0.7208792352354724 -1.124196795857534
 0.7096085770199693 -1.133216817392717
 0.6982557477907407 -1.141220522103395
 0.6842261744584083 -1.149023897185904
 0.6691868614729074 -1.156405563448116
 0.6556779544579564 -1.162664760702606
 0.6422813975790139 -1.168051344871097
 0.6262742707903978 -1.173320764320968
 0.6085696195722211 -1.178353738608077
 0.5917531734207749 -1.182507752862180
 0.5750909076710929 -1.185961452296020
 0.5558375465250883 -1.189444755947241
 0.5342206855624969 -1.192924113634407
 0.5127399237667855 -1.195812987363910
 0.4912298704397488 -1.198277824267819
 0.4669873944884144 -1.201077648365509
 0.4396120753694008 -1.204261187844606
 0.4113854676975843 -1.207322923082304
 0.3825274883476173 -1.210563497276326
 0.3503492159232638 -1.214934878822116
 0.3138718098276692 -1.220615493305531
 0.2749760555275166 -1.227356352839631
 0.2337137947489977 -1.236340965630750
 0.1870603486217771 -1.249641798022189
 0.1347671616580940 -1.266882564646590
 7.727586948856641E-02 -1.288015123672991
 6.689158449699417E-03 -1.338568630267121
 -4.934106256528270E-02 -1.429359093654312
 -4.474893369637245E-02 -1.542352211188246
 3.016993188145356E-02 -1.641172764796981
 0.1380952302278609 -1.699813973736080
 0.2385394912561494 -1.722200264794083
 0.3233136342489715 -1.730714421605442
 0.4042965629902596 -1.739309883257353
 0.4853157664811574 -1.744823356443467
 0.5599558379024071 -1.741716781019832
 0.6269609398803215 -1.733791923708385
 0.6923775809515317 -1.727342090305563
 0.7583246180551708 -1.721289766954833
 0.8206375045355173 -1.711002726343828
 0.8778283901276258 -1.697183193334396
 0.9337977045612564 -1.684239945454422
 0.9904951414662687 -1.672468661645558
 1.044951309149683 -1.658261276611223
 1.095433570909472 -1.641026904092650
 1.144664195552020 -1.624053888244418
 1.194641610104468 -1.608439276358775
 1.243232517251512 -1.591437468310548
 1.288535408155635 -1.571756962617509
 1.332448537824089 -1.551824406952325
 1.377028991809503 -1.533219426795236
 1.420809554267265 -1.513945365189550
 1.461794838774824 -1.492308440298037
 1.501227334290578 -1.470003079470924
 1.541184986899796 -1.448886290799745
 1.580769854564466 -1.427631051828001
 1.617961959383137 -1.404330989998246
 1.653444621974747 -1.380030790784652
 1.689265918126991 -1.356715428984494
 1.725032782112448 -1.333665561150319
 1.758765032351448 -1.308901457647034
 1.790651932963339 -1.282881286325137
 1.822657677357817 -1.257599228993909
 1.854845007754925 -1.232889283735594
 1.885334234527236 -1.206810287653699
 1.913870609679292 -1.179289567879154
 1.942279951390488 -1.152230350839949
 1.971039947806388 -1.125968114700542
 1.998429986390481 -1.098695763794212
 2.023791849016918 -1.069862933180172
 2.048757429687563 -1.041193615247519
 2.074188752683884 -1.013474454166579
 2.098585232860660 -0.9851183469036312
 2.120899747428813 -0.9551436708720710
 2.142507572821236 -0.9250132155775508
 2.164804504323491 -0.8959771889187615
 2.185419178548455 -0.8658730365312559
 2.205466102494933 -0.8355641150036939
 2.224680990762701 -0.8049668792945122
 2.243094618946986 -0.7741086656795710
 2.260791046735903 -0.7430283020132570
 2.277754300066154 -0.7117246285210770
 2.293928951839908 -0.6801886858331370
 2.309320002249110 -0.6484363347760853
 2.323970562454258 -0.6164901128498417
 2.337885210460452 -0.5843548943665886
 2.351032944925369 -0.5520301006530772
 2.363408281736837 -0.5195296849641121
 2.375039418711290 -0.4868732789845921
 2.385938205043930 -0.4540686744818699
 2.396084275700182 -0.4211181684019846
 2.405466035749596 -0.3880342307653063
 2.414102073651785 -0.3548348826717296
 2.422008054638990 -0.3215292737043614
 2.429171247513093 -0.2881209006703954
 2.435576508954449 -0.2546210721456050
 2.441234758038032 -0.2210468087592086
 2.446163685144913 -0.1874080745065821
 2.450357175178516 -0.1537089121240628
 2.453798211374376 -0.1199596980122498
 2.456490819608330 -8.617686495453258E-02
 2.458453396395829 -5.237101493582719E-02
 2.459686091009244 -1.854641469497031E-02
 2.460171337731951 1.528733784670577E-02
 2.459906505069291 4.911404504010752E-02
 2.458909501382977 8.292246608159948E-02
 2.457186747151856 0.1167083306751069
 2.454721368133054 0.1504627436211758
 2.451503925544508 0.1841693760957686
 2.447550575357706 0.2178162248532380
 2.442874377425368 0.2513992671831602
 2.437460517869962 0.2849103489615944
 2.431292094892994 0.3183325447638848
 2.424381933593416 0.3516528245351507
 2.416750760747660 0.3848678623490768
 2.408387660507033 0.4179705057265656
 2.399266507296878 0.4509424680006741
 2.389394346068281 0.4837691577022266
 2.378802412764750 0.5164490285351241
 2.367486939156599 0.5489767486456365
 2.355407202883193 0.5813308310559185
 2.342559275874746 0.6134937899101721
 2.328995703490521 0.6454696634484983
 2.314728469623426 0.6772576952620480
 2.299673099232028 0.7088238848988478
 2.283800300659172 0.7401438289199859
 2.267370665577618 0.7712883080957138
 2.249929009904466 0.8020785553913052
 2.231975847323008 0.8327488783450845
 2.213207067465235 0.8631445235504124
 2.193599376314589 0.8931882632523264
 2.173274557816885 0.9229491475333532
 2.152277979269498 0.9524959013778677
 2.130523946653924 0.9817574418548046
 2.107948579755915 1.010634147581990
 2.084609510154021 1.039161854625672
 2.060571776143286 1.067428731929741
 2.035784538483947 1.095395208018648
 2.010165924428700 1.122950187020244
 1.983742657124634 1.150102417969903
 1.956591621976735 1.176950565162843
 1.928688350981399 1.203483165950964
 1.899939827980959 1.229581410986992
 1.870344169613608 1.255224942837750
 1.839982916191912 1.280516878598070
 1.808855747537319 1.305474653645501
 1.776862550630514 1.329975975221875
 1.743971328182000 1.353968515330815
 1.710261900027948 1.377553938883976
 1.675757511907776 1.400780185714269
 1.640354182727669 1.423525897063183
 1.603986480382939 1.445702943812854
 1.566725497591336 1.467404703498894
 1.528617779335307 1.488711536979522
 1.489558124189955 1.509507635173102
 1.449442162177213 1.529663448316924
 1.408323290073284 1.549255168764420
 1.366270794095843 1.568397741765747
 1.323180004444185 1.586985595686044
 1.278898110320303 1.604838295068400
 1.233447585302586 1.622001582912376
 1.186918926150959 1.638627327999972
 1.139207744032501 1.654624270334579
 1.090094540086620 1.669742413639048
 1.039548019135745 1.683973411250775
 0.9876759029402420 1.697507763544607
 0.9343685014415598 1.710268853831094
 0.8792990128984414 1.721892471099203
 0.8223345718508408 1.732262579882809
 0.7635898556009478 1.741604227249838
 0.7029276233765543 1.749835789033996
 0.6398010224182969 1.756337247779853
 0.5738472067659831 1.760713241678987
 0.5051698319005843 1.763182044482734
 0.4335195822933764 1.763497407298708
 0.3576463109549475 1.760003640971770
 0.2765155699303087 1.751074743134152
 0.1914678193932403 1.737860978003144
   
   
