 # action(x) =  14.99516594884415
 # |grad_action(x)| =  3.772019127964136E-05
 # PRINTSTEPS = 50
 #
 #BODY NUMBER  1
 1.204639801530185 -1.282134021496946
 1.243124669818277 -1.241933956833005
 1.279981094703251 -1.200356086028727
 1.314405963273328 -1.156906906527592
 1.346386446502605 -1.111874182696130
 1.376045311936091 -1.065596929357270
 1.403254878054335 -1.018139444221758
 1.427817922783270 -0.9695587727663542
 1.449711727822933 -0.9200986043221407
 1.469001564545896 -0.8700054663714809
 1.485654417858660 -0.8193778827314762
 1.499579097681048 -0.7683084609648011
 1.510776541787031 -0.7170106447214022
 1.519325789288983 -0.6656972740452779
 1.525256349359388 -0.6144630603142530
 1.528541593324964 -0.5633895225921909
 1.529205483498335 -0.5126563961808559
 1.527340724880853 -0.4624467806065442
 1.523015640742493 -0.4128359678682247
 1.516243744347852 -0.3638767690310698
 1.507061218582761 -0.3157120170594603
 1.495563137825064 -0.2684968553041809
 1.481836188772123 -0.2222822677367688
 1.465914452189798 -0.1770853260556042
 1.447833441206855 -0.1330113534725573
 1.427676817883539 -9.019141541338127E-02
 1.405530802531372 -4.865335286350936E-02
 1.381432003357293 -8.376842721619981E-03
 1.355400744074216 3.056825324645684E-02
 1.327493094105928 6.806721713553754E-02
 1.297774724683889 0.1041077760852758
 1.266265133609290 0.1387430238352872
 1.232951851792493 0.1719299169970196
 1.197843912432183 0.2035519232618651
 1.160964378024633 0.2335909940621184
 1.122295447928807 0.2621142718759111
 1.081775332480613 0.2890799836928887
 1.039350810979591 0.3143272829856447
 0.9949900236245798 0.3377829065843490
 0.9486351179283538 0.3594841254400083
 0.9001852565312434 0.3793378707334286
 0.8495480904506211 0.3970606666983354
 0.7966780371154494 0.4124436288220827
 0.7415462024398247 0.4254447902978284
 0.6841117492172124 0.4358773375269330
 0.6243674812860240 0.4432644279504916
 0.5624054975057891 0.4472301209328027
 0.4984070197993709 0.4477605063018845
 0.4325780695852359 0.4447257816685762
 0.3651456359459779 0.4374601214343946
 0.2964521955288040 0.4255832329771170
 0.2270451383434937 0.4104716737964589
 0.1570705777173492 0.3898092306775582
 8.714658417696632E-02 0.3660743055536176
 1.749600926747075E-02 0.3380236278270657
 -5.154317552047252E-02 0.3061630972216067
 -0.1197039536179652 0.2713062981791406
 -0.1868576446527049 0.2337373248301861
 -0.2529396550431699 0.1936047697293549
 -0.3179069300205819 0.1514205703243932
 -0.3817821394469083 0.1078370258802331
 -0.4446687615497125 6.324744254484652E-02
 -0.5066911672174781 1.789720313115475E-02
 -0.5679571837856809 -2.779748972696824E-02
 -0.6285885369633492 -7.330668128231499E-02
 -0.6887338814545841 -0.1182575259863051
 -0.7485190886630237 -0.1624165805930218
 -0.8080135768851133 -0.2054558486132946
 -0.8672609815019132 -0.2469425437345742
 -0.9263006887685297 -0.2865456659500180
 -0.9851281031109070 -0.3240729103462635
 -1.043663345481169 -0.3592966943178097
 -1.101786290964981 -0.3919095238114639
 -1.159372508116478 -0.4216862122604318
 -1.216265920839534 -0.4485525284089990
 -1.272249349869950 -0.4724526743247676
 -1.327083890886453 -0.4932779271166098
 -1.380559648212303 -0.5109858229898132
 -1.432477487692760 -0.5256806640342186
 -1.482612621821852 -0.5375075441756344
 -1.530748035105431 -0.5465577255049638
 -1.576731951091474 -0.5529478339066957
 -1.620460325275045 -0.5569053568014614
 -1.661821995191910 -0.5586881949395583
 -1.700716433156136 -0.5584793046126398
 -1.737115944797485 -0.5564378703965041
 -1.771050520390428 -0.5527928458291053
 -1.802532724580310 -0.5477922821408243
 -1.831559097501446 -0.5415985732928084
 -1.858185850623262 -0.5343201022100825
 -1.882527090619980 -0.5261117872744784
 -1.904659756935934 -0.5171515036766823
 -1.924606239497209 -0.5075386017979510
 -1.942435556048388 -0.4973085456842242
 -1.958289355533705 -0.4865359977849827
 -1.972256993201829 -0.4753306356924667
 -1.984322560406948 -0.4637366578789961
 -1.994512959423247 -0.4517346214650226
 -2.002985007361432 -0.4393476998421075
 -2.009828323565741 -0.4266441106208574
 -2.014898353674393 -0.4136243178778428
 -2.018128974716920 -0.4002354889175659
 -2.020095306463218 -0.3865599504030653
 -2.019880876173148 -0.3724497943866185
 -2.018356455040795 -0.3581118682522367
 -2.014938918816791 -0.3434035542200995
 -2.009690314641395 -0.3283083628618106
 -2.002712381661273 -0.3128864345104697
 -1.993861961132672 -0.2971725553889653
 -1.982963878718557 -0.2811445025747590
 -1.969985112725733 -0.2647976473862556
 -1.954898221354081 -0.2482013301460556
 -1.937550336645853 -0.2314465808168231
 -1.917768716955777 -0.2145826879188132
 -1.895475447256326 -0.1976593934971577
 -1.870607475058354 -0.1808021606928945
 -1.843020320023929 -0.1641864795075280
 -1.812562754840897 -0.1479590997097090
 -1.779175736757545 -0.1322514162032376
 -1.742837582974958 -0.1172606752012598
 -1.703478904346001 -0.1032454271852072
 -1.661039928251512 -9.043504010202826E-02
 -1.615563710496280 -7.901155106346905E-02
 -1.567153001817962 -6.918872557340923E-02
 -1.515881469683053 -6.122831330373645E-02
 -1.461832236134389 -5.534409694259136E-02
 -1.405185870092257 -5.165410931740267E-02
 -1.346180831204234 -5.025753944031643E-02
 -1.285011644328285 -5.128052193579970E-02
 -1.221848332393941 -5.478860049381577E-02
 -1.156925712017064 -6.071638368429995E-02
 -1.090512454488349 -6.894509304472686E-02
 -1.022799168009721 -7.938694540170141E-02
 -0.9539068807637630 -9.191603529570953E-02
 -0.8839927902522118 -0.1062731349270458
 -0.8132407100084373 -0.1221348194610640
 -0.7417428400177700 -0.1392356935613516
 -0.6695001908136283 -0.1573192253235730
 -0.5965550900939485 -0.1760052836438171
 -0.5230106352895394 -0.1948344750813496
 -0.4488987103906388 -0.2134302717376563
 -0.3741625633684518 -0.2314792628859941
 -0.2988228310682543 -0.2485508862902414
 -0.2230337973161957 -0.2641025807873592
 -0.1469188307914482 -0.2777018222286665
 -7.051064589218135E-02 -0.2890670505031381
 6.036450311988201E-03 -0.2978243272570534
 8.233495846505709E-02 -0.3034439829480344
 0.1580118863545259 -0.3055709165647203
 0.2328841944404898 -0.3041972262179882
 0.3066487054021449 -0.2992667951181623
 0.3786040153315552 -0.2903717418182530
 0.4481947987196597 -0.2774077895908795
 0.5159961846342849 -0.2616841056733159
 0.5801587048957615 -0.2415649739877012
 0.6419922999964840 -0.2191772004068113
 0.7003686512755292 -0.1937041045644714
 0.7553311097474271 -0.1656617558870527
 0.8071697756186280 -0.1357080046428296
 0.8558606715060222 -0.1040101104681421
 0.9013025461045037 -7.060792003273064E-02
 0.9436472502491104 -3.579248968646609E-02
 0.9831660636654354 1.107218227960893E-04
 1.019974912249601 3.703009156967596E-02
 1.054081638719593 7.499814086482848E-02
 1.085594807731516 0.1139033321900460
 1.114704059741936 0.1535841946384686
 1.141499035798084 0.1940332736439118
 1.165958978740829 0.2353209594614336
 1.188106085733808 0.2774036794907965
 1.208036477921074 0.3201701037548029
 1.225791842840909 0.3636097351890513
 1.241317164001238 0.4077776803476780
 1.254573030096421 0.4526339644230067
 1.265592634977210 0.4980622365087978
 1.274390719298045 0.5440189714296780
 1.280901553922326 0.5905245091879985
 1.285056909291406 0.6375198588159990
 1.286857342211090 0.6848652296246596
 1.286312234738974 0.7324778926349668
 1.283366486970751 0.7803427094134668
 1.277948241231523 0.8283780091878354
 1.270047301974180 0.8764168831281594
 1.259683470265391 0.9243398123248605
 1.246828573917445 0.9721024142675367
 1.231426390638026 1.019603939793961
 1.213472579085987 1.066651586965136
 1.193009930819704 1.113094162433809
 1.170051444974169 1.158868258070222
 1.144573534608402 1.203862531111931
 1.116591967680890 1.247862105233788
 1.086183600684888 1.290691571529749
 1.053416151319050 1.332285263290991
 1.018314129202841 1.372537027574124
 0.9809241078733348 1.411215548959957
 0.9413641014100115 1.448131020601698
 0.8997674194555851 1.483244858384359
 0.8562175454737744 1.516483435646942
 0.8107918246403676 1.547597312894474
 0.7636451767214889 1.576386937490015
 0.7149844991907417 1.602903158341338
 0.6649563388038168 1.627154665559025
 0.6136335652053223 1.648786980608375
 0.5611816431061600 1.667561302781834
 0.5080407329075661 1.684315681283457
 0.4539840215307704 1.697544522550272
 0.3995483167365110 1.708674187391193
 0.3447077892298993 1.716762408344254
 0.2897180647756062 1.721941957330378
 0.2348113550500428 1.724488661573772
 0.1801071842638440 1.724324094490367
 0.1257535662860917 1.721305979492217
 7.197290141811397E-02 1.715536486619962
 1.894605303608277E-02 1.707195406281572
 -3.322514718476510E-02 1.696303408475920
 -8.441490370248128E-02 1.682827824058334
 -0.1344388377809226 1.666876186989873
 -0.1831521440912296 1.648623367171742
 -0.2304875547604209 1.628142275985869
 -0.2763611578716576 1.605450611856657
 -0.3206292792439664 1.580658994406451
 -0.3631797025368304 1.553939258284630
 -0.4039813846014276 1.525388219178146
 -0.4429953463460168 1.495043985450013
 -0.4801159822378620 1.463009308880734
 -0.5152564713828764 1.429444097972163
 -0.5484160037152056 1.394448917592156
 -0.5795968350932952 1.358061818398916
 -0.6087255095044415 1.320366217270059
 -0.6357303519905058 1.281500100387965
 -0.6606303617065985 1.241552057225452
 -0.6834614430782169 1.200543629869056
 -0.7041732558978555 1.158527350053373
 -0.7226944862572509 1.115609134276371
 -0.7390473411632954 1.071851991922966
 -0.7532875500438738 1.027246261714498
 -0.7653716016862155 0.9818026667968556
 -0.7752030927500471 0.9355872963038805
 -0.7827779239653709 0.8886291472270733
 -0.7881453421034036 0.8408792325200272
 -0.7912382758439395 0.7923049272691242
 -0.7918908176579041 0.7429405642594622
 -0.7900235898784821 0.6927951836787904
 -0.7856399438524558 0.6418000483279971
 -0.7786088609382684 0.5899143649015542
 -0.7686386694296549 0.5371998947176303
 -0.7555256787466880 0.4837216043680597
 -0.7392190975255750 0.4294754542438522
 -0.7195367218408544 0.3745194850860485
 -0.6960619958421148 0.3190858861153562
 -0.6685153948182883 0.2634423876016377
 -0.6369754831684997 0.2077528874198067
 -0.6014328594354967 0.1522607065465589
 -0.5614243962778002 9.749533609304381E-02
 -0.5167919889472965 4.394351584705733E-02
 -0.4690014662133996 -8.608979287011653E-03
 -0.4161199852551083 -5.887750484845677E-02
 -0.3606029403706628 -0.1075659970265170
 -0.3014850534113508 -0.1538598254230553
 -0.2393734321350000 -0.1977192480032527
 -0.1751061696208690 -0.2393198138561624
 -0.1089936387892039 -0.2786921295756610
 -4.119682135787289E-02 -0.3158545517565353
 2.781940445383837E-02 -0.3510257625991424
 9.750146584261235E-02 -0.3845515444123122
 0.1675604888066225 -0.4167181650438393
 0.2378461510404686 -0.4477560242491023
 0.3080519241578319 -0.4779666045567828
 0.3777797167392886 -0.5077203008967965
 0.4467809624201308 -0.5373322747935774
 0.5149164291208714 -0.5670282557032442
 0.5819367726977597 -0.5970323598785915
 0.6474890069002477 -0.6275987698243959
 0.7113061704413102 -0.6589270950415606
 0.7732194245936745 -0.6911095081028896
 0.8329917375155800 -0.7241906230264431
 0.8902967490882806 -0.7582201556113747
 0.9448772263014100 -0.7932029383479344
 0.9965908449537011 -0.8290409209998097
 1.045280692986120 -0.8655739197732293
 1.090733161452339 -0.9026493989024591
 1.132806527789028 -0.9401068152966555
 1.171491553178286 -0.9777215626741316
 1.206801498892812 -1.015226422381358
 1.238706892474656 -1.052387822441935
 1.267232846676514 -1.089016007650472
 1.292524349131225 -1.124907129112253
 1.314749167208086 -1.159835966934156
 1.334015481860482 -1.193623983440553
 1.350447303789828 -1.226167602315377
 1.364257907713514 -1.257378319129208
 1.375668394621161 -1.287142989568915
 1.384817671875703 -1.315377420322348
 1.391827707578260 -1.342076100487500
 1.396889718320123 -1.367260390152073
 1.400196218257296 -1.390907983234072
 1.401844442306865 -1.412988594787645
 1.401899612105826 -1.433544263909944
 1.400497211704257 -1.452660330960354
 1.397776902307597 -1.470359341058063
 1.393769006592778 -1.486605417675500
 1.388470137669280 -1.501431580305302
 1.381978772838242 -1.514962049853307
 1.374398799955551 -1.527240330142994
 1.365658343742418 -1.538141001386545
 1.355678588257157 -1.547633215759512
 1.344818390366316 -1.556173878261325
 1.332491421659676 -1.563043254191007
 1.319312202823540 -1.568892029831514
 1.304865661112868 -1.573286513659242
 1.289168539833905 -1.576288684788084
 1.272323791616239 -1.577956581737064
 1.254289962840718 -1.578148832285872
 1.234960220723359 -1.576724842469816
 1.214314045861718 -1.573658329004508
 1.192397767836613 -1.568890856432621
 1.169213786929343 -1.562244522237988
 1.144718417427929 -1.553545083507385
 1.118915779693326 -1.542700192825070
 1.091883001748340 -1.529592513563153
 1.063699822223417 -1.514009177077884
 1.034417716490131 -1.495745841790868
 1.004120954497245 -1.474685677727310
 0.9729695150766858 -1.450711283925953
 0.9411526149399663 -1.423633292381915
 0.9088390062463767 -1.393285254515076
 0.8762078656615156 -1.359613439190292
 0.8434956949110236 -1.322599948404691
 0.8109660095934348 -1.282177705219746
 0.7788455119689875 -1.238311804092098
 0.7473267059248578 -1.191099605880133
 0.7166147214891292 -1.140698028190359
 0.6869160568798702 -1.087212467179209
 0.6583724860624114 -1.030757395177897
 0.6310447867050586 -0.9715688650560269
 0.6049644292871896 -0.9099389422078680
 0.5801506954515822 -0.8460765897651559
 0.5565550619631130 -0.7801495739383374
 0.5340316297127388 -0.7124236456571813
 0.5123922113441262 -0.6432197045284684
 0.4914530677465608 -0.5727502957499297
 0.4709925410407165 -0.5011445604213447
 0.4507025918828056 -0.4286292209563654
 0.4302369225982246 -0.3555232590695043
 0.4092853924567457 -0.2820425510555386
 0.3875482037927931 -0.2082946535791870
 0.3646627971946135 -0.1345127197907733
 0.3402364428249829 -6.110164398465542E-02
 0.3139562481229794 1.161547135463165E-02
 0.2855947320788476 8.346951467169114E-02
 0.2549052081136244 0.1541398829473910
 0.2216227186260012 0.2230261571242932
 0.1856262332254799 0.2896277659652792
 0.1470004284452945 0.3537822416343330
 0.1058482943804089 0.4151989664749490
 6.216729728996564E-02 0.4730665661610464
 1.614479363356011E-02 0.5268519763307182
 -3.137300903743931E-02 0.5777078569857943
 -8.087794831000433E-02 0.6232146636602593
 -0.1311831265155904 0.6655702410343611
 -0.1824316502676150 0.7033890963010885
 -0.2341982658399895 0.7369668072534901
 -0.2860583082917270 0.7668835331741317
 -0.3378549378371742 0.7932021388582948
 -0.3895030205955268 0.8158548614384608
 -0.4408264197913830 0.8351187357702942
 -0.4916789197440123 0.8513914263616178
 -0.5420564561286041 0.8648091394461205
 -0.5919911145853418 0.8753624063614842
 -0.6414405831180358 0.8832010156169535
 -0.6903598440476555 0.8885699361189288
 -0.7387872620541273 0.8915505265746273
 -0.7867734183069441 0.8920896156294016
 -0.8342916764092100 0.8902282128909715
 -0.8812936823444957 0.8861052267005278
 -0.9277911891575052 0.8797620080574435
 -0.9738044122779985 0.8711233580048876
 -1.019279026854196 0.8601751327548163
 -1.064130866970917 0.8470042544783510
 -1.108329609047804 0.8316452515443916
 -1.151860003475307 0.8140310308496981
 -1.194636847797427 0.7941319993470736
 -1.236539358129163 0.7720185345889992
 -1.277500580101859 0.7477401261652002
 -1.317479853495416 0.7212566253755280
 -1.356370520508806 0.6925466370342253
 -1.394022936081654 0.6616847859534469
 -1.430343494335365 0.6287479798147380
 -1.465279672794593 0.5937340120430625
 -1.498716108979283 0.5566445672861300
 -1.530483660841788 0.5175722868017180
 -1.560472786881693 0.4766298258400752
 -1.588635073615317 0.4338601460472100
 -1.614862301911367 0.3892984919142578
 -1.638976267392836 0.3430659570564101
 -1.660863489737667 0.2953168056022915
 -1.680500958757163 0.2461425161536344
 -1.697808998115395 0.1956173911352268
 -1.712610569551593 0.1438974221229165
 -1.724800302554362 9.117971573093175E-02
 -1.734411437121299 3.759901355392625E-02
 -1.741421952425443 -1.673557227722444E-02
 -1.745654500115333 -7.163233912794054E-02
 -1.747013722421049 -0.1268573462267409
 -1.745647104525280 -0.1822568395593922
 -1.741635445662396 -0.2377082509679147
 -1.734708193238555 -0.2929712342215636
 -1.724741272130022 -0.3477830923234897
 -1.712680534437751 -0.4021816597865115
 -1.697108691349047 -0.4556105657172674
 -1.679529411439762 -0.5083181013624671
 -1.659113752503228 -0.5598555018166623
 -1.636104511278211 -0.6100677746342487
 -1.610856666986134 -0.6588917322165015
 -1.583362062318179 -0.7061846502686100
 -1.553571489069362 -0.7517472067258629
 -1.521684629241047 -0.7954378822978214
 -1.487947617581979 -0.8371899399100911
 -1.452429270673895 -0.8769255257444434
 -1.415164193978567 -0.9145193630935331
 -1.376337704006109 -0.9498655422684705
 -1.336173645197754 -0.9829260931264636
 -1.294768794598967 -1.013679215671616
 -1.252180435453306 -1.042061089264466
 -1.208576204254368 -1.068002598225595
 -1.164161022344023 -1.091492477678086
 -1.119034256141066 -1.112552251309921
 -1.073248398001835 -1.131167216418943
 -1.026945236344899 -1.147297291821274
 -0.9803066664421872 -1.160947242667983
 -0.9334201850569175 -1.172166649855387
 -0.8863176170965027 -1.180976492343312
 -0.8391079317024138 -1.187354863797502
 -0.7919464658930330 -1.191308684974584
 -0.7449004408247735 -1.192898704361943
 -0.6979705602790763 -1.192166787147436
 -0.6512274881763601 -1.189095603299830
 -0.6047986078486772 -1.183676351411909
 -0.5587273835205937 -1.175959768008242
 -0.5129775835654167 -1.165989285549786
 -0.4675802501062777 -1.153732583793875
 -0.4226408196821357 -1.139139219565745
 -0.3781864540592620 -1.122220141289192
 -0.3341501058254036 -1.102993504395938
 -0.2905370566366738 -1.081384910962013
 -0.2474599933216874 -1.057267847245107
 -0.2049664337460978 -1.030578090263139
 -0.1629951740758979 -1.001284173768005
 -0.1215763955929750 -0.9692522356349829
 -8.090942102096625E-02 -0.9342605614159657
 -4.115235836876140E-02 -0.8961652331901424
 -2.327104914249792E-03 -0.8549202445416806
 3.542497262364200E-02 -0.8103968226129815
 7.169451455609069E-02 -0.7623503140658477
 0.1061098973124993 -0.7106725085344404
 0.1385684633691288 -0.6555133937216912
 0.1688547898502609 -0.5969864882151351
 0.1962787603318223 -0.5349554575274384
 0.2203397934184926 -0.4695267488241743
 0.2419563278699060 -0.4018626945094473
 0.2590494075377592 -0.3309317258291015
 0.2734563561936965 -0.2585083085271006
 0.2839890441438801 -0.1841638024040105
 0.2909166076554726 -0.1084438492183539
 0.2948101232388342 -3.198648432297828E-02
 0.2958512834419088 4.495480474547490E-02
 0.2941364764010427 0.1222497820271804
 0.2900875255667436 0.1996051922747492
 0.2842806736042959 0.2767145185320791
 0.2771082727430900 0.3534707224989928
 0.2688450161770095 0.4298588211179476
 0.2599052596278490 0.5057640942837510
 0.2508088202240606 0.5810269821791115
 0.2419529190344534 0.6555898007798825
 0.2336026595421523 0.7294448362962660
 0.2260768041873536 0.8024882084918861
 0.2197719746016655 0.8745413135589701
 0.2149945183272195 0.9454727609915785
 0.2119086785172325 1.015182418449153
 0.2106716079655896 1.083487317344253
 0.2114895418767003 1.150129679422839
 0.2144952818150680 1.214889150608366
 0.2196750758858326 1.277593449408809
 0.2269686568838303 1.338026594097997
 0.2363507294341133 1.395927326019069
 0.2477531204232746 1.451092638286469
 0.2609859345144740 1.503402226708350
 0.2758111229290403 1.552733966556992
 0.2920411426307744 1.598945547946898
 0.3094991044149600 1.641963841557167
 0.3279359761438200 1.681812485913714
 0.3470728279838249 1.718524161873715
 0.3667009512956543 1.752103288053193
 0.3866686410076570 1.782605472711881
 0.4067926126769140 1.810171164958313
 0.4268643299591485 1.834935271709739
 0.4467414256257427 1.856975993615156
 0.4663581430450016 1.876396202697582
 0.4856373722998569 1.893372177426552
 0.5044635386786388 1.908059486910755
 0.5227617971903444 1.920527196585596
 0.5405359439425618 1.930852809594168
 0.5577921438294481 1.939196328745337
 0.5744800908942319 1.945689976750530
 0.5905535538141703 1.950342075554496
 0.6060428217539666 1.953166201770324
 0.6210062345231901 1.954309749695414
 0.6354295236101899 1.953884440763851
 0.6492400099319743 1.951765319264388
 0.6624503864597624 1.947868704677078
 0.6752769160969018 1.942733828664390
 0.6873894545134716 1.935493048577625
 0.6990442522172546 1.927003898083751
 0.7100732577039225 1.916690067879341
 0.7205217748074901 1.904597047649895
 0.7303885900450335 1.890843016247533
 0.7395719982919537 1.875321387674837
 0.7480036579951979 1.857869345044575
 0.7556710668640152 1.838455976390764
 0.7625004535174682 1.817092186578677
 0.7683365497165094 1.793691103054811
 0.7730502995278480 1.768127771426198
 0.7765596675629995 1.740359586322228
 0.7787244733100139 1.710394674256047
 0.7793204978005119 1.678195656585412
 0.7781450383507658 1.643704941500577
 0.7750547822602999 1.606937093930548
 0.7698680678982720 1.567971959127213
 0.7623262894060345 1.526878719567122
 0.7522009220051349 1.483720294617104
 0.7393558448347645 1.438624990253761
 0.7236573069069386 1.391788673978100
 0.7049154600896179 1.343406018523482
 0.6829867241654018 1.293655901034689
 0.6578591641673994 1.242753715197536
 0.6295661097151044 1.190955567630676
 0.5980955874484148 1.138492989115008
 0.5634758463315292 1.085545995671713
 0.5258809253120051 1.032285248740327
 0.4855480252011591 0.9788840352525948
 0.4426484725581389 0.9254635351668572
 0.3973518188006499 0.8720656092340470
 0.3499611605394730 0.8186967805842271
 0.3008484986643112 0.7653545239895325
 0.2502897722712092 0.7119859893112812
 0.1985076497729118 0.6584637857449176
 0.1458524982111429 0.6046345046001824
 9.277371269131479E-02 0.5503577341508539
 3.961331793389319E-02 0.4954728227931949
 -1.338564042434137E-02 0.4397739164651811
 -6.583996612635920E-02 0.3830636060810147
 -0.1172026455087872 0.3252042247720146
 -0.1670374173315311 0.2660863508740348
 -0.2150840861866662 0.2055975358314470
 -0.2609416584256126 0.1436844443096624
 -0.3039576770910584 8.041782582374117E-02
 -0.3436381195800058 1.594315059944107E-02
 -0.3798846228857843 -4.958501541634477E-02
 -0.4124969997825538 -0.1159321713567868
 -0.4407713126215209 -0.1826948243427934
 -0.4643395923532199 -0.2494441867398388
 -0.4846231755968456 -0.3160237513124784
 -0.4992807565857571 -0.3816496896725582
 -0.5108091734808936 -0.4463930406275499
 -0.5179370010079141 -0.5096849917366171
 -0.5211328439074375 -0.5713050513664373
 -0.5211114673269009 -0.6311755285313022
 -0.5180057336688479 -0.6891920283901527
 -0.5117995255089768 -0.7452469414057301
 -0.5028208304577274 -0.7993262460838281
 -0.4914871439214230 -0.8515021481844138
 -0.4779184561209974 -0.9018392310157964
 -0.4620905241342513 -0.9503605472263127
 -0.4441542246134806 -0.9971043478069995
 -0.4243442156942804 -1.042154130757397
 -0.4027117737439569 -1.085583800218539
 -0.3791855604338851 -1.127410575090835
 -0.3538144093245979 -1.167631892381768
 -0.3267427955765783 -1.206275330455331
 -0.2980006536834034 -1.243371743246495
 -0.2675127517232396 -1.278901038352566
 -0.2352940032422249 -1.312809097177823
 -0.2014617680062928 -1.345066490987149
 -0.1660611102502406 -1.375664222974070
 -0.1290415504470191 -1.404555540037697
 -9.042006149397937E-02 -1.431651858163073
 -5.031798408192704E-02 -1.456883764213659
 -8.811654637115281E-03 -1.480218018800167
 3.411336652466482E-02 -1.501599334788995
 7.842227927728304E-02 -1.520924646222061
 0.1239756341074732 -1.538101669081606
 0.1706600240699740 -1.553087792139598
 0.2184510988771488 -1.565836426310599
 0.2672897183412566 -1.576248507080091
 0.3170110817558007 -1.584223873766854
 0.3674628560619889 -1.589723988273884
 0.4185836286411481 -1.592728404117432
 0.4702887673029655 -1.593161023026189
 0.5223842997119457 -1.590928062290198
 0.5746798890527784 -1.586008377132041
 0.6270848074381128 -1.578427779444626
 0.6794948689125541 -1.568154418709351
 0.7316864616782580 -1.555112971082874
 0.7834362011443508 -1.539310736332629
 0.8346440176657142 -1.520843871938285
 0.8852044069516684 -1.499747863369717
 0.9348626754749650 -1.475964973766533
 0.9833685456995603 -1.449529591263274
 1.030662605334538 -1.420646318781946
 1.076679106858579 -1.389446414591110
 1.121074628033232 -1.355815746386812
 1.163559629023862 -1.319778210458344
 1.204639801530185 -1.282134021496946
   
   
 #BODY NUMBER  2
 -1.344818390366316 1.556173878261325
 -1.332491421659676 1.563043254191007
 -1.319312202823540 1.568892029831514
 -1.304865661112868 1.573286513659242
 -1.289168539833905 1.576288684788084
 -1.272323791616239 1.577956581737064
 -1.254289962840718 1.578148832285872
 -1.234960220723359 1.576724842469816
 -1.214314045861718 1.573658329004508
 -1.192397767836613 1.568890856432621
 -1.169213786929343 1.562244522237988
 -1.144718417427929 1.553545083507385
 -1.118915779693326 1.542700192825070
 -1.091883001748340 1.529592513563153
 -1.063699822223417 1.514009177077884
 -1.034417716490131 1.495745841790868
 -1.004120954497245 1.474685677727310
 -0.9729695150766858 1.450711283925953
 -0.9411526149399663 1.423633292381915
 -0.9088390062463767 1.393285254515076
 -0.8762078656615156 1.359613439190292
 -0.8434956949110236 1.322599948404691
 -0.8109660095934348 1.282177705219746
 -0.7788455119689875 1.238311804092098
 -0.7473267059248578 1.191099605880133
 -0.7166147214891292 1.140698028190359
 -0.6869160568798702 1.087212467179209
 -0.6583724860624114 1.030757395177897
 -0.6310447867050586 0.9715688650560269
 -0.6049644292871896 0.9099389422078680
 -0.5801506954515822 0.8460765897651559
 -0.5565550619631130 0.7801495739383374
 -0.5340316297127388 0.7124236456571813
 -0.5123922113441262 0.6432197045284684
 -0.4914530677465608 0.5727502957499297
 -0.4709925410407165 0.5011445604213447
 -0.4507025918828056 0.4286292209563654
 -0.4302369225982246 0.3555232590695043
 -0.4092853924567457 0.2820425510555386
 -0.3875482037927931 0.2082946535791870
 -0.3646627971946135 0.1345127197907733
 -0.3402364428249829 6.110164398465542E-02
 -0.3139562481229794 -1.161547135463165E-02
 -0.2855947320788476 -8.346951467169114E-02
 -0.2549052081136244 -0.1541398829473910
 -0.2216227186260012 -0.2230261571242932
 -0.1856262332254799 -0.2896277659652792
 -0.1470004284452945 -0.3537822416343330
 -0.1058482943804089 -0.4151989664749490
 -6.216729728996564E-02 -0.4730665661610464
 -1.614479363356011E-02 -0.5268519763307182
 3.137300903743931E-02 -0.5777078569857943
 8.087794831000433E-02 -0.6232146636602593
 0.1311831265155904 -0.6655702410343611
 0.1824316502676150 -0.7033890963010885
 0.2341982658399895 -0.7369668072534901
 0.2860583082917270 -0.7668835331741317
 0.3378549378371742 -0.7932021388582948
 0.3895030205955268 -0.8158548614384608
 0.4408264197913830 -0.8351187357702942
 0.4916789197440123 -0.8513914263616178
 0.5420564561286041 -0.8648091394461205
 0.5919911145853418 -0.8753624063614842
 0.6414405831180358 -0.8832010156169535
 0.6903598440476555 -0.8885699361189288
 0.7387872620541273 -0.8915505265746273
 0.7867734183069441 -0.8920896156294016
 0.8342916764092100 -0.8902282128909715
 0.8812936823444957 -0.8861052267005278
 0.9277911891575052 -0.8797620080574435
 0.9738044122779985 -0.8711233580048876
 1.019279026854196 -0.8601751327548163
 1.064130866970917 -0.8470042544783510
 1.108329609047804 -0.8316452515443916
 1.151860003475307 -0.8140310308496981
 1.194636847797427 -0.7941319993470736
 1.236539358129163 -0.7720185345889992
 1.277500580101859 -0.7477401261652002
 1.317479853495416 -0.7212566253755280
 1.356370520508806 -0.6925466370342253
 1.394022936081654 -0.6616847859534469
 1.430343494335365 -0.6287479798147380
 1.465279672794593 -0.5937340120430625
 1.498716108979283 -0.5566445672861300
 1.530483660841788 -0.5175722868017180
 1.560472786881693 -0.4766298258400752
 1.588635073615317 -0.4338601460472100
 1.614862301911367 -0.3892984919142578
 1.638976267392836 -0.3430659570564101
 1.660863489737667 -0.2953168056022915
 1.680500958757163 -0.2461425161536344
 1.697808998115395 -0.1956173911352268
 1.712610569551593 -0.1438974221229165
 1.724800302554362 -9.117971573093175E-02
 1.734411437121299 -3.759901355392625E-02
 1.741421952425443 1.673557227722444E-02
 1.745654500115333 7.163233912794054E-02
 1.747013722421049 0.1268573462267409
 1.745647104525280 0.1822568395593922
 1.741635445662396 0.2377082509679147
 1.734708193238555 0.2929712342215636
 1.724741272130022 0.3477830923234897
 1.712680534437751 0.4021816597865115
 1.697108691349047 0.4556105657172674
 1.679529411439762 0.5083181013624671
 1.659113752503228 0.5598555018166623
 1.636104511278211 0.6100677746342487
 1.610856666986134 0.6588917322165015
 1.583362062318179 0.7061846502686100
 1.553571489069362 0.7517472067258629
 1.521684629241047 0.7954378822978214
 1.487947617581979 0.8371899399100911
 1.452429270673895 0.8769255257444434
 1.415164193978567 0.9145193630935331
 1.376337704006109 0.9498655422684705
 1.336173645197754 0.9829260931264636
 1.294768794598967 1.013679215671616
 1.252180435453306 1.042061089264466
 1.208576204254368 1.068002598225595
 1.164161022344023 1.091492477678086
 1.119034256141066 1.112552251309921
 1.073248398001835 1.131167216418943
 1.026945236344899 1.147297291821274
 0.9803066664421872 1.160947242667983
 0.9334201850569175 1.172166649855387
 0.8863176170965027 1.180976492343312
 0.8391079317024138 1.187354863797502
 0.7919464658930330 1.191308684974584
 0.7449004408247735 1.192898704361943
 0.6979705602790763 1.192166787147436
 0.6512274881763601 1.189095603299830
 0.6047986078486772 1.183676351411909
 0.5587273835205937 1.175959768008242
 0.5129775835654167 1.165989285549786
 0.4675802501062777 1.153732583793875
 0.4226408196821357 1.139139219565745
 0.3781864540592620 1.122220141289192
 0.3341501058254036 1.102993504395938
 0.2905370566366738 1.081384910962013
 0.2474599933216874 1.057267847245107
 0.2049664337460978 1.030578090263139
 0.1629951740758979 1.001284173768005
 0.1215763955929750 0.9692522356349829
 8.090942102096625E-02 0.9342605614159657
 4.115235836876140E-02 0.8961652331901424
 2.327104914249792E-03 0.8549202445416806
 -3.542497262364200E-02 0.8103968226129815
 -7.169451455609069E-02 0.7623503140658477
 -0.1061098973124993 0.7106725085344404
 -0.1385684633691288 0.6555133937216912
 -0.1688547898502609 0.5969864882151351
 -0.1962787603318223 0.5349554575274384
 -0.2203397934184926 0.4695267488241743
 -0.2419563278699060 0.4018626945094473
 -0.2590494075377592 0.3309317258291015
 -0.2734563561936965 0.2585083085271006
 -0.2839890441438801 0.1841638024040105
 -0.2909166076554726 0.1084438492183539
 -0.2948101232388342 3.198648432297828E-02
 -0.2958512834419088 -4.495480474547490E-02
 -0.2941364764010427 -0.1222497820271804
 -0.2900875255667436 -0.1996051922747492
 -0.2842806736042959 -0.2767145185320791
 -0.2771082727430900 -0.3534707224989928
 -0.2688450161770095 -0.4298588211179476
 -0.2599052596278490 -0.5057640942837510
 -0.2508088202240606 -0.5810269821791115
 -0.2419529190344534 -0.6555898007798825
 -0.2336026595421523 -0.7294448362962660
 -0.2260768041873536 -0.8024882084918861
 -0.2197719746016655 -0.8745413135589701
 -0.2149945183272195 -0.9454727609915785
 -0.2119086785172325 -1.015182418449153
 -0.2106716079655896 -1.083487317344253
 -0.2114895418767003 -1.150129679422839
 -0.2144952818150680 -1.214889150608366
 -0.2196750758858326 -1.277593449408809
 -0.2269686568838303 -1.338026594097997
 -0.2363507294341133 -1.395927326019069
 -0.2477531204232746 -1.451092638286469
 -0.2609859345144740 -1.503402226708350
 -0.2758111229290403 -1.552733966556992
 -0.2920411426307744 -1.598945547946898
 -0.3094991044149600 -1.641963841557167
 -0.3279359761438200 -1.681812485913714
 -0.3470728279838249 -1.718524161873715
 -0.3667009512956543 -1.752103288053193
 -0.3866686410076570 -1.782605472711881
 -0.4067926126769140 -1.810171164958313
 -0.4268643299591485 -1.834935271709739
 -0.4467414256257427 -1.856975993615156
 -0.4663581430450016 -1.876396202697582
 -0.4856373722998569 -1.893372177426552
 -0.5044635386786388 -1.908059486910755
 -0.5227617971903444 -1.920527196585596
 -0.5405359439425618 -1.930852809594168
 -0.5577921438294481 -1.939196328745337
 -0.5744800908942319 -1.945689976750530
 -0.5905535538141703 -1.950342075554496
 -0.6060428217539666 -1.953166201770324
 -0.6210062345231901 -1.954309749695414
 -0.6354295236101899 -1.953884440763851
 -0.6492400099319743 -1.951765319264388
 -0.6624503864597624 -1.947868704677078
 -0.6752769160969018 -1.942733828664390
 -0.6873894545134716 -1.935493048577625
 -0.6990442522172546 -1.927003898083751
 -0.7100732577039225 -1.916690067879341
 -0.7205217748074901 -1.904597047649895
 -0.7303885900450335 -1.890843016247533
 -0.7395719982919537 -1.875321387674837
 -0.7480036579951979 -1.857869345044575
 -0.7556710668640152 -1.838455976390764
 -0.7625004535174682 -1.817092186578677
 -0.7683365497165094 -1.793691103054811
 -0.7730502995278480 -1.768127771426198
 -0.7765596675629995 -1.740359586322228
 -0.7787244733100139 -1.710394674256047
 -0.7793204978005119 -1.678195656585412
 -0.7781450383507658 -1.643704941500577
 -0.7750547822602999 -1.606937093930548
 -0.7698680678982720 -1.567971959127213
 -0.7623262894060345 -1.526878719567122
 -0.7522009220051349 -1.483720294617104
 -0.7393558448347645 -1.438624990253761
 -0.7236573069069386 -1.391788673978100
 -0.7049154600896179 -1.343406018523482
 -0.6829867241654018 -1.293655901034689
 -0.6578591641673994 -1.242753715197536
 -0.6295661097151044 -1.190955567630676
 -0.5980955874484148 -1.138492989115008
 -0.5634758463315292 -1.085545995671713
 -0.5258809253120051 -1.032285248740327
 -0.4855480252011591 -0.9788840352525948
 -0.4426484725581389 -0.9254635351668572
 -0.3973518188006499 -0.8720656092340470
 -0.3499611605394730 -0.8186967805842271
 -0.3008484986643112 -0.7653545239895325
 -0.2502897722712092 -0.7119859893112812
 -0.1985076497729118 -0.6584637857449176
 -0.1458524982111429 -0.6046345046001824
 -9.277371269131479E-02 -0.5503577341508539
 -3.961331793389319E-02 -0.4954728227931949
 1.338564042434137E-02 -0.4397739164651811
 6.583996612635920E-02 -0.3830636060810147
 0.1172026455087872 -0.3252042247720146
 0.1670374173315311 -0.2660863508740348
 0.2150840861866662 -0.2055975358314470
 0.2609416584256126 -0.1436844443096624
 0.3039576770910584 -8.041782582374117E-02
 0.3436381195800058 -1.594315059944107E-02
 0.3798846228857843 4.958501541634477E-02
 0.4124969997825538 0.1159321713567868
 0.4407713126215209 0.1826948243427934
 0.4643395923532199 0.2494441867398388
 0.4846231755968456 0.3160237513124784
 0.4992807565857571 0.3816496896725582
 0.5108091734808936 0.4463930406275499
 0.5179370010079141 0.5096849917366171
 0.5211328439074375 0.5713050513664373
 0.5211114673269009 0.6311755285313022
 0.5180057336688479 0.6891920283901527
 0.5117995255089768 0.7452469414057301
 0.5028208304577274 0.7993262460838281
 0.4914871439214230 0.8515021481844138
 0.4779184561209974 0.9018392310157964
 0.4620905241342513 0.9503605472263127
 0.4441542246134806 0.9971043478069995
 0.4243442156942804 1.042154130757397
 0.4027117737439569 1.085583800218539
 0.3791855604338851 1.127410575090835
 0.3538144093245979 1.167631892381768
 0.3267427955765783 1.206275330455331
 0.2980006536834034 1.243371743246495
 0.2675127517232396 1.278901038352566
 0.2352940032422249 1.312809097177823
 0.2014617680062928 1.345066490987149
 0.1660611102502406 1.375664222974070
 0.1290415504470191 1.404555540037697
 9.042006149397937E-02 1.431651858163073
 5.031798408192704E-02 1.456883764213659
 8.811654637115281E-03 1.480218018800167
 -3.411336652466482E-02 1.501599334788995
 -7.842227927728304E-02 1.520924646222061
 -0.1239756341074732 1.538101669081606
 -0.1706600240699740 1.553087792139598
 -0.2184510988771488 1.565836426310599
 -0.2672897183412566 1.576248507080091
 -0.3170110817558007 1.584223873766854
 -0.3674628560619889 1.589723988273884
 -0.4185836286411481 1.592728404117432
 -0.4702887673029655 1.593161023026189
 -0.5223842997119457 1.590928062290198
 -0.5746798890527784 1.586008377132041
 -0.6270848074381128 1.578427779444626
 -0.6794948689125541 1.568154418709351
 -0.7316864616782580 1.555112971082874
 -0.7834362011443508 1.539310736332629
 -0.8346440176657142 1.520843871938285
 -0.8852044069516684 1.499747863369717
 -0.9348626754749650 1.475964973766533
 -0.9833685456995603 1.449529591263274
 -1.030662605334538 1.420646318781946
 -1.076679106858579 1.389446414591110
 -1.121074628033232 1.355815746386812
 -1.163559629023862 1.319778210458344
 -1.204639801530185 1.282134021496946
 -1.243124669818277 1.241933956833005
 -1.279981094703251 1.200356086028727
 -1.314405963273328 1.156906906527592
 -1.346386446502605 1.111874182696130
 -1.376045311936091 1.065596929357270
 -1.403254878054335 1.018139444221758
 -1.427817922783270 0.9695587727663542
 -1.449711727822933 0.9200986043221407
 -1.469001564545896 0.8700054663714809
 -1.485654417858660 0.8193778827314762
 -1.499579097681048 0.7683084609648011
 -1.510776541787031 0.7170106447214022
 -1.519325789288983 0.6656972740452779
 -1.525256349359388 0.6144630603142530
 -1.528541593324964 0.5633895225921909
 -1.529205483498335 0.5126563961808559
 -1.527340724880853 0.4624467806065442
 -1.523015640742493 0.4128359678682247
 -1.516243744347852 0.3638767690310698
 -1.507061218582761 0.3157120170594603
 -1.495563137825064 0.2684968553041809
 -1.481836188772123 0.2222822677367688
 -1.465914452189798 0.1770853260556042
 -1.447833441206855 0.1330113534725573
 -1.427676817883539 9.019141541338127E-02
 -1.405530802531372 4.865335286350936E-02
 -1.381432003357293 8.376842721619981E-03
 -1.355400744074216 -3.056825324645684E-02
 -1.327493094105928 -6.806721713553754E-02
 -1.297774724683889 -0.1041077760852758
 -1.266265133609290 -0.1387430238352872
 -1.232951851792493 -0.1719299169970196
 -1.197843912432183 -0.2035519232618651
 -1.160964378024633 -0.2335909940621184
 -1.122295447928807 -0.2621142718759111
 -1.081775332480613 -0.2890799836928887
 -1.039350810979591 -0.3143272829856447
 -0.9949900236245798 -0.3377829065843490
 -0.9486351179283538 -0.3594841254400083
 -0.9001852565312434 -0.3793378707334286
 -0.8495480904506211 -0.3970606666983354
 -0.7966780371154494 -0.4124436288220827
 -0.7415462024398247 -0.4254447902978284
 -0.6841117492172124 -0.4358773375269330
 -0.6243674812860240 -0.4432644279504916
 -0.5624054975057891 -0.4472301209328027
 -0.4984070197993709 -0.4477605063018845
 -0.4325780695852359 -0.4447257816685762
 -0.3651456359459779 -0.4374601214343946
 -0.2964521955288040 -0.4255832329771170
 -0.2270451383434937 -0.4104716737964589
 -0.1570705777173492 -0.3898092306775582
 -8.714658417696632E-02 -0.3660743055536176
 -1.749600926747075E-02 -0.3380236278270657
 5.154317552047252E-02 -0.3061630972216067
 0.1197039536179652 -0.2713062981791406
 0.1868576446527049 -0.2337373248301861
 0.2529396550431699 -0.1936047697293549
 0.3179069300205819 -0.1514205703243932
 0.3817821394469083 -0.1078370258802331
 0.4446687615497125 -6.324744254484652E-02
 0.5066911672174781 -1.789720313115475E-02
 0.5679571837856809 2.779748972696824E-02
 0.6285885369633492 7.330668128231499E-02
 0.6887338814545841 0.1182575259863051
 0.7485190886630237 0.1624165805930218
 0.8080135768851133 0.2054558486132946
 0.8672609815019132 0.2469425437345742
 0.9263006887685297 0.2865456659500180
 0.9851281031109070 0.3240729103462635
 1.043663345481169 0.3592966943178097
 1.101786290964981 0.3919095238114639
 1.159372508116478 0.4216862122604318
 1.216265920839534 0.4485525284089990
 1.272249349869950 0.4724526743247676
 1.327083890886453 0.4932779271166098
 1.380559648212303 0.5109858229898132
 1.432477487692760 0.5256806640342186
 1.482612621821852 0.5375075441756344
 1.530748035105431 0.5465577255049638
 1.576731951091474 0.5529478339066957
 1.620460325275045 0.5569053568014614
 1.661821995191910 0.5586881949395583
 1.700716433156136 0.5584793046126398
 1.737115944797485 0.5564378703965041
 1.771050520390428 0.5527928458291053
 1.802532724580310 0.5477922821408243
 1.831559097501446 0.5415985732928084
 1.858185850623262 0.5343201022100825
 1.882527090619980 0.5261117872744784
 1.904659756935934 0.5171515036766823
 1.924606239497209 0.5075386017979510
 1.942435556048388 0.4973085456842242
 1.958289355533705 0.4865359977849827
 1.972256993201829 0.4753306356924667
 1.984322560406948 0.4637366578789961
 1.994512959423247 0.4517346214650226
 2.002985007361432 0.4393476998421075
 2.009828323565741 0.4266441106208574
 2.014898353674393 0.4136243178778428
 2.018128974716920 0.4002354889175659
 2.020095306463218 0.3865599504030653
 2.019880876173148 0.3724497943866185
 2.018356455040795 0.3581118682522367
 2.014938918816791 0.3434035542200995
 2.009690314641395 0.3283083628618106
 2.002712381661273 0.3128864345104697
 1.993861961132672 0.2971725553889653
 1.982963878718557 0.2811445025747590
 1.969985112725733 0.2647976473862556
 1.954898221354081 0.2482013301460556
 1.937550336645853 0.2314465808168231
 1.917768716955777 0.2145826879188132
 1.895475447256326 0.1976593934971577
 1.870607475058354 0.1808021606928945
 1.843020320023929 0.1641864795075280
 1.812562754840897 0.1479590997097090
 1.779175736757545 0.1322514162032376
 1.742837582974958 0.1172606752012598
 1.703478904346001 0.1032454271852072
 1.661039928251512 9.043504010202826E-02
 1.615563710496280 7.901155106346905E-02
 1.567153001817962 6.918872557340923E-02
 1.515881469683053 6.122831330373645E-02
 1.461832236134389 5.534409694259136E-02
 1.405185870092257 5.165410931740267E-02
 1.346180831204234 5.025753944031643E-02
 1.285011644328285 5.128052193579970E-02
 1.221848332393941 5.478860049381577E-02
 1.156925712017064 6.071638368429995E-02
 1.090512454488349 6.894509304472686E-02
 1.022799168009721 7.938694540170141E-02
 0.9539068807637630 9.191603529570953E-02
 0.8839927902522118 0.1062731349270458
 0.8132407100084373 0.1221348194610640
 0.7417428400177700 0.1392356935613516
 0.6695001908136283 0.1573192253235730
 0.5965550900939485 0.1760052836438171
 0.5230106352895394 0.1948344750813496
 0.4488987103906388 0.2134302717376563
 0.3741625633684518 0.2314792628859941
 0.2988228310682543 0.2485508862902414
 0.2230337973161957 0.2641025807873592
 0.1469188307914482 0.2777018222286665
 7.051064589218135E-02 0.2890670505031381
 -6.036450311988201E-03 0.2978243272570534
 -8.233495846505709E-02 0.3034439829480344
 -0.1580118863545259 0.3055709165647203
 -0.2328841944404898 0.3041972262179882
 -0.3066487054021449 0.2992667951181623
 -0.3786040153315552 0.2903717418182530
 -0.4481947987196597 0.2774077895908795
 -0.5159961846342849 0.2616841056733159
 -0.5801587048957615 0.2415649739877012
 -0.6419922999964840 0.2191772004068113
 -0.7003686512755292 0.1937041045644714
 -0.7553311097474271 0.1656617558870527
 -0.8071697756186280 0.1357080046428296
 -0.8558606715060222 0.1040101104681421
 -0.9013025461045037 7.060792003273064E-02
 -0.9436472502491104 3.579248968646609E-02
 -0.9831660636654354 -1.107218227960893E-04
 -1.019974912249601 -3.703009156967596E-02
 -1.054081638719593 -7.499814086482848E-02
 -1.085594807731516 -0.1139033321900460
 -1.114704059741936 -0.1535841946384686
 -1.141499035798084 -0.1940332736439118
 -1.165958978740829 -0.2353209594614336
 -1.188106085733808 -0.2774036794907965
 -1.208036477921074 -0.3201701037548029
 -1.225791842840909 -0.3636097351890513
 -1.241317164001238 -0.4077776803476780
 -1.254573030096421 -0.4526339644230067
 -1.265592634977210 -0.4980622365087978
 -1.274390719298045 -0.5440189714296780
 -1.280901553922326 -0.5905245091879985
 -1.285056909291406 -0.6375198588159990
 -1.286857342211090 -0.6848652296246596
 -1.286312234738974 -0.7324778926349668
 -1.283366486970751 -0.7803427094134668
 -1.277948241231523 -0.8283780091878354
 -1.270047301974180 -0.8764168831281594
 -1.259683470265391 -0.9243398123248605
 -1.246828573917445 -0.9721024142675367
 -1.231426390638026 -1.019603939793961
 -1.213472579085987 -1.066651586965136
 -1.193009930819704 -1.113094162433809
 -1.170051444974169 -1.158868258070222
 -1.144573534608402 -1.203862531111931
 -1.116591967680890 -1.247862105233788
 -1.086183600684888 -1.290691571529749
 -1.053416151319050 -1.332285263290991
 -1.018314129202841 -1.372537027574124
 -0.9809241078733348 -1.411215548959957
 -0.9413641014100115 -1.448131020601698
 -0.8997674194555851 -1.483244858384359
 -0.8562175454737744 -1.516483435646942
 -0.8107918246403676 -1.547597312894474
 -0.7636451767214889 -1.576386937490015
 -0.7149844991907417 -1.602903158341338
 -0.6649563388038168 -1.627154665559025
 -0.6136335652053223 -1.648786980608375
 -0.5611816431061600 -1.667561302781834
 -0.5080407329075661 -1.684315681283457
 -0.4539840215307704 -1.697544522550272
 -0.3995483167365110 -1.708674187391193
 -0.3447077892298993 -1.716762408344254
 -0.2897180647756062 -1.721941957330378
 -0.2348113550500428 -1.724488661573772
 -0.1801071842638440 -1.724324094490367
 -0.1257535662860917 -1.721305979492217
 -7.197290141811397E-02 -1.715536486619962
 -1.894605303608277E-02 -1.707195406281572
 3.322514718476510E-02 -1.696303408475920
 8.441490370248128E-02 -1.682827824058334
 0.1344388377809226 -1.666876186989873
 0.1831521440912296 -1.648623367171742
 0.2304875547604209 -1.628142275985869
 0.2763611578716576 -1.605450611856657
 0.3206292792439664 -1.580658994406451
 0.3631797025368304 -1.553939258284630
 0.4039813846014276 -1.525388219178146
 0.4429953463460168 -1.495043985450013
 0.4801159822378620 -1.463009308880734
 0.5152564713828764 -1.429444097972163
 0.5484160037152056 -1.394448917592156
 0.5795968350932952 -1.358061818398916
 0.6087255095044415 -1.320366217270059
 0.6357303519905058 -1.281500100387965
 0.6606303617065985 -1.241552057225452
 0.6834614430782169 -1.200543629869056
 0.7041732558978555 -1.158527350053373
 0.7226944862572509 -1.115609134276371
 0.7390473411632954 -1.071851991922966
 0.7532875500438738 -1.027246261714498
 0.7653716016862155 -0.9818026667968556
 0.7752030927500471 -0.9355872963038805
 0.7827779239653709 -0.8886291472270733
 0.7881453421034036 -0.8408792325200272
 0.7912382758439395 -0.7923049272691242
 0.7918908176579041 -0.7429405642594622
 0.7900235898784821 -0.6927951836787904
 0.7856399438524558 -0.6418000483279971
 0.7786088609382684 -0.5899143649015542
 0.7686386694296549 -0.5371998947176303
 0.7555256787466880 -0.4837216043680597
 0.7392190975255750 -0.4294754542438522
 0.7195367218408544 -0.3745194850860485
 0.6960619958421148 -0.3190858861153562
 0.6685153948182883 -0.2634423876016377
 0.6369754831684997 -0.2077528874198067
 0.6014328594354967 -0.1522607065465589
 0.5614243962778002 -9.749533609304381E-02
 0.5167919889472965 -4.394351584705733E-02
 0.4690014662133996 8.608979287011653E-03
 0.4161199852551083 5.887750484845677E-02
 0.3606029403706628 0.1075659970265170
 0.3014850534113508 0.1538598254230553
 0.2393734321350000 0.1977192480032527
 0.1751061696208690 0.2393198138561624
 0.1089936387892039 0.2786921295756610
 4.119682135787289E-02 0.3158545517565353
 -2.781940445383837E-02 0.3510257625991424
 -9.750146584261235E-02 0.3845515444123122
 -0.1675604888066225 0.4167181650438393
 -0.2378461510404686 0.4477560242491023
 -0.3080519241578319 0.4779666045567828
 -0.3777797167392886 0.5077203008967965
 -0.4467809624201308 0.5373322747935774
 -0.5149164291208714 0.5670282557032442
 -0.5819367726977597 0.5970323598785915
 -0.6474890069002477 0.6275987698243959
 -0.7113061704413102 0.6589270950415606
 -0.7732194245936745 0.6911095081028896
 -0.8329917375155800 0.7241906230264431
 -0.8902967490882806 0.7582201556113747
 -0.9448772263014100 0.7932029383479344
 -0.9965908449537011 0.8290409209998097
 -1.045280692986120 0.8655739197732293
 -1.090733161452339 0.9026493989024591
 -1.132806527789028 0.9401068152966555
 -1.171491553178286 0.9777215626741316
 -1.206801498892812 1.015226422381358
 -1.238706892474656 1.052387822441935
 -1.267232846676514 1.089016007650472
 -1.292524349131225 1.124907129112253
 -1.314749167208086 1.159835966934156
 -1.334015481860482 1.193623983440553
 -1.350447303789828 1.226167602315377
 -1.364257907713514 1.257378319129208
 -1.375668394621161 1.287142989568915
 -1.384817671875703 1.315377420322348
 -1.391827707578260 1.342076100487500
 -1.396889718320123 1.367260390152073
 -1.400196218257296 1.390907983234072
 -1.401844442306865 1.412988594787645
 -1.401899612105826 1.433544263909944
 -1.400497211704257 1.452660330960354
 -1.397776902307597 1.470359341058063
 -1.393769006592778 1.486605417675500
 -1.388470137669280 1.501431580305302
 -1.381978772838242 1.514962049853307
 -1.374398799955551 1.527240330142994
 -1.365658343742418 1.538141001386545
 -1.355678588257157 1.547633215759512
 -1.344818390366316 1.556173878261325
   
   
 #BODY NUMBER  3
 0.4018626945094473 0.2419563278699060
 0.3309317258291015 0.2590494075377592
 0.2585083085271006 0.2734563561936965
 0.1841638024040105 0.2839890441438801
 0.1084438492183539 0.2909166076554726
 3.198648432297828E-02 0.2948101232388342
 -4.495480474547490E-02 0.2958512834419088
 -0.1222497820271804 0.2941364764010427
 -0.1996051922747492 0.2900875255667436
 -0.2767145185320791 0.2842806736042959
 -0.3534707224989928 0.2771082727430900
 -0.4298588211179476 0.2688450161770095
 -0.5057640942837510 0.2599052596278490
 -0.5810269821791115 0.2508088202240606
 -0.6555898007798825 0.2419529190344534
 -0.7294448362962660 0.2336026595421523
 -0.8024882084918861 0.2260768041873536
 -0.8745413135589701 0.2197719746016655
 -0.9454727609915785 0.2149945183272195
 -1.015182418449153 0.2119086785172325
 -1.083487317344253 0.2106716079655896
 -1.150129679422839 0.2114895418767003
 -1.214889150608366 0.2144952818150680
 -1.277593449408809 0.2196750758858326
 -1.338026594097997 0.2269686568838303
 -1.395927326019069 0.2363507294341133
 -1.451092638286469 0.2477531204232746
 -1.503402226708350 0.2609859345144740
 -1.552733966556992 0.2758111229290403
 -1.598945547946898 0.2920411426307744
 -1.641963841557167 0.3094991044149600
 -1.681812485913714 0.3279359761438200
 -1.718524161873715 0.3470728279838249
 -1.752103288053193 0.3667009512956543
 -1.782605472711881 0.3866686410076570
 -1.810171164958313 0.4067926126769140
 -1.834935271709739 0.4268643299591485
 -1.856975993615156 0.4467414256257427
 -1.876396202697582 0.4663581430450016
 -1.893372177426552 0.4856373722998569
 -1.908059486910755 0.5044635386786388
 -1.920527196585596 0.5227617971903444
 -1.930852809594168 0.5405359439425618
 -1.939196328745337 0.5577921438294481
 -1.945689976750530 0.5744800908942319
 -1.950342075554496 0.5905535538141703
 -1.953166201770324 0.6060428217539666
 -1.954309749695414 0.6210062345231901
 -1.953884440763851 0.6354295236101899
 -1.951765319264388 0.6492400099319743
 -1.947868704677078 0.6624503864597624
 -1.942733828664390 0.6752769160969018
 -1.935493048577625 0.6873894545134716
 -1.927003898083751 0.6990442522172546
 -1.916690067879341 0.7100732577039225
 -1.904597047649895 0.7205217748074901
 -1.890843016247533 0.7303885900450335
 -1.875321387674837 0.7395719982919537
 -1.857869345044575 0.7480036579951979
 -1.838455976390764 0.7556710668640152
 -1.817092186578677 0.7625004535174682
 -1.793691103054811 0.7683365497165094
 -1.768127771426198 0.7730502995278480
 -1.740359586322228 0.7765596675629995
 -1.710394674256047 0.7787244733100139
 -1.678195656585412 0.7793204978005119
 -1.643704941500577 0.7781450383507658
 -1.606937093930548 0.7750547822602999
 -1.567971959127213 0.7698680678982720
 -1.526878719567122 0.7623262894060345
 -1.483720294617104 0.7522009220051349
 -1.438624990253761 0.7393558448347645
 -1.391788673978100 0.7236573069069386
 -1.343406018523482 0.7049154600896179
 -1.293655901034689 0.6829867241654018
 -1.242753715197536 0.6578591641673994
 -1.190955567630676 0.6295661097151044
 -1.138492989115008 0.5980955874484148
 -1.085545995671713 0.5634758463315292
 -1.032285248740327 0.5258809253120051
 -0.9788840352525948 0.4855480252011591
 -0.9254635351668572 0.4426484725581389
 -0.8720656092340470 0.3973518188006499
 -0.8186967805842271 0.3499611605394730
 -0.7653545239895325 0.3008484986643112
 -0.7119859893112812 0.2502897722712092
 -0.6584637857449176 0.1985076497729118
 -0.6046345046001824 0.1458524982111429
 -0.5503577341508539 9.277371269131479E-02
 -0.4954728227931949 3.961331793389319E-02
 -0.4397739164651811 -1.338564042434137E-02
 -0.3830636060810147 -6.583996612635920E-02
 -0.3252042247720146 -0.1172026455087872
 -0.2660863508740348 -0.1670374173315311
 -0.2055975358314470 -0.2150840861866662
 -0.1436844443096624 -0.2609416584256126
 -8.041782582374117E-02 -0.3039576770910584
 -1.594315059944107E-02 -0.3436381195800058
 4.958501541634477E-02 -0.3798846228857843
 0.1159321713567868 -0.4124969997825538
 0.1826948243427934 -0.4407713126215209
 0.2494441867398388 -0.4643395923532199
 0.3160237513124784 -0.4846231755968456
 0.3816496896725582 -0.4992807565857571
 0.4463930406275499 -0.5108091734808936
 0.5096849917366171 -0.5179370010079141
 0.5713050513664373 -0.5211328439074375
 0.6311755285313022 -0.5211114673269009
 0.6891920283901527 -0.5180057336688479
 0.7452469414057301 -0.5117995255089768
 0.7993262460838281 -0.5028208304577274
 0.8515021481844138 -0.4914871439214230
 0.9018392310157964 -0.4779184561209974
 0.9503605472263127 -0.4620905241342513
 0.9971043478069995 -0.4441542246134806
 1.042154130757397 -0.4243442156942804
 1.085583800218539 -0.4027117737439569
 1.127410575090835 -0.3791855604338851
 1.167631892381768 -0.3538144093245979
 1.206275330455331 -0.3267427955765783
 1.243371743246495 -0.2980006536834034
 1.278901038352566 -0.2675127517232396
 1.312809097177823 -0.2352940032422249
 1.345066490987149 -0.2014617680062928
 1.375664222974070 -0.1660611102502406
 1.404555540037697 -0.1290415504470191
 1.431651858163073 -9.042006149397937E-02
 1.456883764213659 -5.031798408192704E-02
 1.480218018800167 -8.811654637115281E-03
 1.501599334788995 3.411336652466482E-02
 1.520924646222061 7.842227927728304E-02
 1.538101669081606 0.1239756341074732
 1.553087792139598 0.1706600240699740
 1.565836426310599 0.2184510988771488
 1.576248507080091 0.2672897183412566
 1.584223873766854 0.3170110817558007
 1.589723988273884 0.3674628560619889
 1.592728404117432 0.4185836286411481
 1.593161023026189 0.4702887673029655
 1.590928062290198 0.5223842997119457
 1.586008377132041 0.5746798890527784
 1.578427779444626 0.6270848074381128
 1.568154418709351 0.6794948689125541
 1.555112971082874 0.7316864616782580
 1.539310736332629 0.7834362011443508
 1.520843871938285 0.8346440176657142
 1.499747863369717 0.8852044069516684
 1.475964973766533 0.9348626754749650
 1.449529591263274 0.9833685456995603
 1.420646318781946 1.030662605334538
 1.389446414591110 1.076679106858579
 1.355815746386812 1.121074628033232
 1.319778210458344 1.163559629023862
 1.282134021496946 1.204639801530185
 1.241933956833005 1.243124669818277
 1.200356086028727 1.279981094703251
 1.156906906527592 1.314405963273328
 1.111874182696130 1.346386446502605
 1.065596929357270 1.376045311936091
 1.018139444221758 1.403254878054335
 0.9695587727663542 1.427817922783270
 0.9200986043221407 1.449711727822933
 0.8700054663714809 1.469001564545896
 0.8193778827314762 1.485654417858660
 0.7683084609648011 1.499579097681048
 0.7170106447214022 1.510776541787031
 0.6656972740452779 1.519325789288983
 0.6144630603142530 1.525256349359388
 0.5633895225921909 1.528541593324964
 0.5126563961808559 1.529205483498335
 0.4624467806065442 1.527340724880853
 0.4128359678682247 1.523015640742493
 0.3638767690310698 1.516243744347852
 0.3157120170594603 1.507061218582761
 0.2684968553041809 1.495563137825064
 0.2222822677367688 1.481836188772123
 0.1770853260556042 1.465914452189798
 0.1330113534725573 1.447833441206855
 9.019141541338127E-02 1.427676817883539
 4.865335286350936E-02 1.405530802531372
 8.376842721619981E-03 1.381432003357293
 -3.056825324645684E-02 1.355400744074216
 -6.806721713553754E-02 1.327493094105928
 -0.1041077760852758 1.297774724683889
 -0.1387430238352872 1.266265133609290
 -0.1719299169970196 1.232951851792493
 -0.2035519232618651 1.197843912432183
 -0.2335909940621184 1.160964378024633
 -0.2621142718759111 1.122295447928807
 -0.2890799836928887 1.081775332480613
 -0.3143272829856447 1.039350810979591
 -0.3377829065843490 0.9949900236245798
 -0.3594841254400083 0.9486351179283538
 -0.3793378707334286 0.9001852565312434
 -0.3970606666983354 0.8495480904506211
 -0.4124436288220827 0.7966780371154494
 -0.4254447902978284 0.7415462024398247
 -0.4358773375269330 0.6841117492172124
 -0.4432644279504916 0.6243674812860240
 -0.4472301209328027 0.5624054975057891
 -0.4477605063018845 0.4984070197993709
 -0.4447257816685762 0.4325780695852359
 -0.4374601214343946 0.3651456359459779
 -0.4255832329771170 0.2964521955288040
 -0.4104716737964589 0.2270451383434937
 -0.3898092306775582 0.1570705777173492
 -0.3660743055536176 8.714658417696632E-02
 -0.3380236278270657 1.749600926747075E-02
 -0.3061630972216067 -5.154317552047252E-02
 -0.2713062981791406 -0.1197039536179652
 -0.2337373248301861 -0.1868576446527049
 -0.1936047697293549 -0.2529396550431699
 -0.1514205703243932 -0.3179069300205819
 -0.1078370258802331 -0.3817821394469083
 -6.324744254484652E-02 -0.4446687615497125
 -1.789720313115475E-02 -0.5066911672174781
 2.779748972696824E-02 -0.5679571837856809
 7.330668128231499E-02 -0.6285885369633492
 0.1182575259863051 -0.6887338814545841
 0.1624165805930218 -0.7485190886630237
 0.2054558486132946 -0.8080135768851133
 0.2469425437345742 -0.8672609815019132
 0.2865456659500180 -0.9263006887685297
 0.3240729103462635 -0.9851281031109070
 0.3592966943178097 -1.043663345481169
 0.3919095238114639 -1.101786290964981
 0.4216862122604318 -1.159372508116478
 0.4485525284089990 -1.216265920839534
 0.4724526743247676 -1.272249349869950
 0.4932779271166098 -1.327083890886453
 0.5109858229898132 -1.380559648212303
 0.5256806640342186 -1.432477487692760
 0.5375075441756344 -1.482612621821852
 0.5465577255049638 -1.530748035105431
 0.5529478339066957 -1.576731951091474
 0.5569053568014614 -1.620460325275045
 0.5586881949395583 -1.661821995191910
 0.5584793046126398 -1.700716433156136
 0.5564378703965041 -1.737115944797485
 0.5527928458291053 -1.771050520390428
 0.5477922821408243 -1.802532724580310
 0.5415985732928084 -1.831559097501446
 0.5343201022100825 -1.858185850623262
 0.5261117872744784 -1.882527090619980
 0.5171515036766823 -1.904659756935934
 0.5075386017979510 -1.924606239497209
 0.4973085456842242 -1.942435556048388
 0.4865359977849827 -1.958289355533705
 0.4753306356924667 -1.972256993201829
 0.4637366578789961 -1.984322560406948
 0.4517346214650226 -1.994512959423247
 0.4393476998421075 -2.002985007361432
 0.4266441106208574 -2.009828323565741
 0.4136243178778428 -2.014898353674393
 0.4002354889175659 -2.018128974716920
 0.3865599504030653 -2.020095306463218
 0.3724497943866185 -2.019880876173148
 0.3581118682522367 -2.018356455040795
 0.3434035542200995 -2.014938918816791
 0.3283083628618106 -2.009690314641395
 0.3128864345104697 -2.002712381661273
 0.2971725553889653 -1.993861961132672
 0.2811445025747590 -1.982963878718557
 0.2647976473862556 -1.969985112725733
 0.2482013301460556 -1.954898221354081
 0.2314465808168231 -1.937550336645853
 0.2145826879188132 -1.917768716955777
 0.1976593934971577 -1.895475447256326
 0.1808021606928945 -1.870607475058354
 0.1641864795075280 -1.843020320023929
 0.1479590997097090 -1.812562754840897
 0.1322514162032376 -1.779175736757545
 0.1172606752012598 -1.742837582974958
 0.1032454271852072 -1.703478904346001
 9.043504010202826E-02 -1.661039928251512
 7.901155106346905E-02 -1.615563710496280
 6.918872557340923E-02 -1.567153001817962
 6.122831330373645E-02 -1.515881469683053
 5.534409694259136E-02 -1.461832236134389
 5.165410931740267E-02 -1.405185870092257
 5.025753944031643E-02 -1.346180831204234
 5.128052193579970E-02 -1.285011644328285
 5.478860049381577E-02 -1.221848332393941
 6.071638368429995E-02 -1.156925712017064
 6.894509304472686E-02 -1.090512454488349
 7.938694540170141E-02 -1.022799168009721
 9.191603529570953E-02 -0.9539068807637630
 0.1062731349270458 -0.8839927902522118
 0.1221348194610640 -0.8132407100084373
 0.1392356935613516 -0.7417428400177700
 0.1573192253235730 -0.6695001908136283
 0.1760052836438171 -0.5965550900939485
 0.1948344750813496 -0.5230106352895394
 0.2134302717376563 -0.4488987103906388
 0.2314792628859941 -0.3741625633684518
 0.2485508862902414 -0.2988228310682543
 0.2641025807873592 -0.2230337973161957
 0.2777018222286665 -0.1469188307914482
 0.2890670505031381 -7.051064589218135E-02
 0.2978243272570534 6.036450311988201E-03
 0.3034439829480344 8.233495846505709E-02
 0.3055709165647203 0.1580118863545259
 0.3041972262179882 0.2328841944404898
 0.2992667951181623 0.3066487054021449
 0.2903717418182530 0.3786040153315552
 0.2774077895908795 0.4481947987196597
 0.2616841056733159 0.5159961846342849
 0.2415649739877012 0.5801587048957615
 0.2191772004068113 0.6419922999964840
 0.1937041045644714 0.7003686512755292
 0.1656617558870527 0.7553311097474271
 0.1357080046428296 0.8071697756186280
 0.1040101104681421 0.8558606715060222
 7.060792003273064E-02 0.9013025461045037
 3.579248968646609E-02 0.9436472502491104
 -1.107218227960893E-04 0.9831660636654354
 -3.703009156967596E-02 1.019974912249601
 -7.499814086482848E-02 1.054081638719593
 -0.1139033321900460 1.085594807731516
 -0.1535841946384686 1.114704059741936
 -0.1940332736439118 1.141499035798084
 -0.2353209594614336 1.165958978740829
 -0.2774036794907965 1.188106085733808
 -0.3201701037548029 1.208036477921074
 -0.3636097351890513 1.225791842840909
 -0.4077776803476780 1.241317164001238
 -0.4526339644230067 1.254573030096421
 -0.4980622365087978 1.265592634977210
 -0.5440189714296780 1.274390719298045
 -0.5905245091879985 1.280901553922326
 -0.6375198588159990 1.285056909291406
 -0.6848652296246596 1.286857342211090
 -0.7324778926349668 1.286312234738974
 -0.7803427094134668 1.283366486970751
 -0.8283780091878354 1.277948241231523
 -0.8764168831281594 1.270047301974180
 -0.9243398123248605 1.259683470265391
 -0.9721024142675367 1.246828573917445
 -1.019603939793961 1.231426390638026
 -1.066651586965136 1.213472579085987
 -1.113094162433809 1.193009930819704
 -1.158868258070222 1.170051444974169
 -1.203862531111931 1.144573534608402
 -1.247862105233788 1.116591967680890
 -1.290691571529749 1.086183600684888
 -1.332285263290991 1.053416151319050
 -1.372537027574124 1.018314129202841
 -1.411215548959957 0.9809241078733348
 -1.448131020601698 0.9413641014100115
 -1.483244858384359 0.8997674194555851
 -1.516483435646942 0.8562175454737744
 -1.547597312894474 0.8107918246403676
 -1.576386937490015 0.7636451767214889
 -1.602903158341338 0.7149844991907417
 -1.627154665559025 0.6649563388038168
 -1.648786980608375 0.6136335652053223
 -1.667561302781834 0.5611816431061600
 -1.684315681283457 0.5080407329075661
 -1.697544522550272 0.4539840215307704
 -1.708674187391193 0.3995483167365110
 -1.716762408344254 0.3447077892298993
 -1.721941957330378 0.2897180647756062
 -1.724488661573772 0.2348113550500428
 -1.724324094490367 0.1801071842638440
 -1.721305979492217 0.1257535662860917
 -1.715536486619962 7.197290141811397E-02
 -1.707195406281572 1.894605303608277E-02
 -1.696303408475920 -3.322514718476510E-02
 -1.682827824058334 -8.441490370248128E-02
 -1.666876186989873 -0.1344388377809226
 -1.648623367171742 -0.1831521440912296
 -1.628142275985869 -0.2304875547604209
 -1.605450611856657 -0.2763611578716576
 -1.580658994406451 -0.3206292792439664
 -1.553939258284630 -0.3631797025368304
 -1.525388219178146 -0.4039813846014276
 -1.495043985450013 -0.4429953463460168
 -1.463009308880734 -0.4801159822378620
 -1.429444097972163 -0.5152564713828764
 -1.394448917592156 -0.5484160037152056
 -1.358061818398916 -0.5795968350932952
 -1.320366217270059 -0.6087255095044415
 -1.281500100387965 -0.6357303519905058
 -1.241552057225452 -0.6606303617065985
 -1.200543629869056 -0.6834614430782169
 -1.158527350053373 -0.7041732558978555
 -1.115609134276371 -0.7226944862572509
 -1.071851991922966 -0.7390473411632954
 -1.027246261714498 -0.7532875500438738
 -0.9818026667968556 -0.7653716016862155
 -0.9355872963038805 -0.7752030927500471
 -0.8886291472270733 -0.7827779239653709
 -0.8408792325200272 -0.7881453421034036
 -0.7923049272691242 -0.7912382758439395
 -0.7429405642594622 -0.7918908176579041
 -0.6927951836787904 -0.7900235898784821
 -0.6418000483279971 -0.7856399438524558
 -0.5899143649015542 -0.7786088609382684
 -0.5371998947176303 -0.7686386694296549
 -0.4837216043680597 -0.7555256787466880
 -0.4294754542438522 -0.7392190975255750
 -0.3745194850860485 -0.7195367218408544
 -0.3190858861153562 -0.6960619958421148
 -0.2634423876016377 -0.6685153948182883
 -0.2077528874198067 -0.6369754831684997
 -0.1522607065465589 -0.6014328594354967
 -9.749533609304381E-02 -0.5614243962778002
 -4.394351584705733E-02 -0.5167919889472965
 8.608979287011653E-03 -0.4690014662133996
 5.887750484845677E-02 -0.4161199852551083
 0.1075659970265170 -0.3606029403706628
 0.1538598254230553 -0.3014850534113508
 0.1977192480032527 -0.2393734321350000
 0.2393198138561624 -0.1751061696208690
 0.2786921295756610 -0.1089936387892039
 0.3158545517565353 -4.119682135787289E-02
 0.3510257625991424 2.781940445383837E-02
 0.3845515444123122 9.750146584261235E-02
 0.4167181650438393 0.1675604888066225
 0.4477560242491023 0.2378461510404686
 0.4779666045567828 0.3080519241578319
 0.5077203008967965 0.3777797167392886
 0.5373322747935774 0.4467809624201308
 0.5670282557032442 0.5149164291208714
 0.5970323598785915 0.5819367726977597
 0.6275987698243959 0.6474890069002477
 0.6589270950415606 0.7113061704413102
 0.6911095081028896 0.7732194245936745
 0.7241906230264431 0.8329917375155800
 0.7582201556113747 0.8902967490882806
 0.7932029383479344 0.9448772263014100
 0.8290409209998097 0.9965908449537011
 0.8655739197732293 1.045280692986120
 0.9026493989024591 1.090733161452339
 0.9401068152966555 1.132806527789028
 0.9777215626741316 1.171491553178286
 1.015226422381358 1.206801498892812
 1.052387822441935 1.238706892474656
 1.089016007650472 1.267232846676514
 1.124907129112253 1.292524349131225
 1.159835966934156 1.314749167208086
 1.193623983440553 1.334015481860482
 1.226167602315377 1.350447303789828
 1.257378319129208 1.364257907713514
 1.287142989568915 1.375668394621161
 1.315377420322348 1.384817671875703
 1.342076100487500 1.391827707578260
 1.367260390152073 1.396889718320123
 1.390907983234072 1.400196218257296
 1.412988594787645 1.401844442306865
 1.433544263909944 1.401899612105826
 1.452660330960354 1.400497211704257
 1.470359341058063 1.397776902307597
 1.486605417675500 1.393769006592778
 1.501431580305302 1.388470137669280
 1.514962049853307 1.381978772838242
 1.527240330142994 1.374398799955551
 1.538141001386545 1.365658343742418
 1.547633215759512 1.355678588257157
 1.556173878261325 1.344818390366316
 1.563043254191007 1.332491421659676
 1.568892029831514 1.319312202823540
 1.573286513659242 1.304865661112868
 1.576288684788084 1.289168539833905
 1.577956581737064 1.272323791616239
 1.578148832285872 1.254289962840718
 1.576724842469816 1.234960220723359
 1.573658329004508 1.214314045861718
 1.568890856432621 1.192397767836613
 1.562244522237988 1.169213786929343
 1.553545083507385 1.144718417427929
 1.542700192825070 1.118915779693326
 1.529592513563153 1.091883001748340
 1.514009177077884 1.063699822223417
 1.495745841790868 1.034417716490131
 1.474685677727310 1.004120954497245
 1.450711283925953 0.9729695150766858
 1.423633292381915 0.9411526149399663
 1.393285254515076 0.9088390062463767
 1.359613439190292 0.8762078656615156
 1.322599948404691 0.8434956949110236
 1.282177705219746 0.8109660095934348
 1.238311804092098 0.7788455119689875
 1.191099605880133 0.7473267059248578
 1.140698028190359 0.7166147214891292
 1.087212467179209 0.6869160568798702
 1.030757395177897 0.6583724860624114
 0.9715688650560269 0.6310447867050586
 0.9099389422078680 0.6049644292871896
 0.8460765897651559 0.5801506954515822
 0.7801495739383374 0.5565550619631130
 0.7124236456571813 0.5340316297127388
 0.6432197045284684 0.5123922113441262
 0.5727502957499297 0.4914530677465608
 0.5011445604213447 0.4709925410407165
 0.4286292209563654 0.4507025918828056
 0.3555232590695043 0.4302369225982246
 0.2820425510555386 0.4092853924567457
 0.2082946535791870 0.3875482037927931
 0.1345127197907733 0.3646627971946135
 6.110164398465542E-02 0.3402364428249829
 -1.161547135463165E-02 0.3139562481229794
 -8.346951467169114E-02 0.2855947320788476
 -0.1541398829473910 0.2549052081136244
 -0.2230261571242932 0.2216227186260012
 -0.2896277659652792 0.1856262332254799
 -0.3537822416343330 0.1470004284452945
 -0.4151989664749490 0.1058482943804089
 -0.4730665661610464 6.216729728996564E-02
 -0.5268519763307182 1.614479363356011E-02
 -0.5777078569857943 -3.137300903743931E-02
 -0.6232146636602593 -8.087794831000433E-02
 -0.6655702410343611 -0.1311831265155904
 -0.7033890963010885 -0.1824316502676150
 -0.7369668072534901 -0.2341982658399895
 -0.7668835331741317 -0.2860583082917270
 -0.7932021388582948 -0.3378549378371742
 -0.8158548614384608 -0.3895030205955268
 -0.8351187357702942 -0.4408264197913830
 -0.8513914263616178 -0.4916789197440123
 -0.8648091394461205 -0.5420564561286041
 -0.8753624063614842 -0.5919911145853418
 -0.8832010156169535 -0.6414405831180358
 -0.8885699361189288 -0.6903598440476555
 -0.8915505265746273 -0.7387872620541273
 -0.8920896156294016 -0.7867734183069441
 -0.8902282128909715 -0.8342916764092100
 -0.8861052267005278 -0.8812936823444957
 -0.8797620080574435 -0.9277911891575052
 -0.8711233580048876 -0.9738044122779985
 -0.8601751327548163 -1.019279026854196
 -0.8470042544783510 -1.064130866970917
 -0.8316452515443916 -1.108329609047804
 -0.8140310308496981 -1.151860003475307
 -0.7941319993470736 -1.194636847797427
 -0.7720185345889992 -1.236539358129163
 -0.7477401261652002 -1.277500580101859
 -0.7212566253755280 -1.317479853495416
 -0.6925466370342253 -1.356370520508806
 -0.6616847859534469 -1.394022936081654
 -0.6287479798147380 -1.430343494335365
 -0.5937340120430625 -1.465279672794593
 -0.5566445672861300 -1.498716108979283
 -0.5175722868017180 -1.530483660841788
 -0.4766298258400752 -1.560472786881693
 -0.4338601460472100 -1.588635073615317
 -0.3892984919142578 -1.614862301911367
 -0.3430659570564101 -1.638976267392836
 -0.2953168056022915 -1.660863489737667
 -0.2461425161536344 -1.680500958757163
 -0.1956173911352268 -1.697808998115395
 -0.1438974221229165 -1.712610569551593
 -9.117971573093175E-02 -1.724800302554362
 -3.759901355392625E-02 -1.734411437121299
 1.673557227722444E-02 -1.741421952425443
 7.163233912794054E-02 -1.745654500115333
 0.1268573462267409 -1.747013722421049
 0.1822568395593922 -1.745647104525280
 0.2377082509679147 -1.741635445662396
 0.2929712342215636 -1.734708193238555
 0.3477830923234897 -1.724741272130022
 0.4021816597865115 -1.712680534437751
 0.4556105657172674 -1.697108691349047
 0.5083181013624671 -1.679529411439762
 0.5598555018166623 -1.659113752503228
 0.6100677746342487 -1.636104511278211
 0.6588917322165015 -1.610856666986134
 0.7061846502686100 -1.583362062318179
 0.7517472067258629 -1.553571489069362
 0.7954378822978214 -1.521684629241047
 0.8371899399100911 -1.487947617581979
 0.8769255257444434 -1.452429270673895
 0.9145193630935331 -1.415164193978567
 0.9498655422684705 -1.376337704006109
 0.9829260931264636 -1.336173645197754
 1.013679215671616 -1.294768794598967
 1.042061089264466 -1.252180435453306
 1.068002598225595 -1.208576204254368
 1.091492477678086 -1.164161022344023
 1.112552251309921 -1.119034256141066
 1.131167216418943 -1.073248398001835
 1.147297291821274 -1.026945236344899
 1.160947242667983 -0.9803066664421872
 1.172166649855387 -0.9334201850569175
 1.180976492343312 -0.8863176170965027
 1.187354863797502 -0.8391079317024138
 1.191308684974584 -0.7919464658930330
 1.192898704361943 -0.7449004408247735
 1.192166787147436 -0.6979705602790763
 1.189095603299830 -0.6512274881763601
 1.183676351411909 -0.6047986078486772
 1.175959768008242 -0.5587273835205937
 1.165989285549786 -0.5129775835654167
 1.153732583793875 -0.4675802501062777
 1.139139219565745 -0.4226408196821357
 1.122220141289192 -0.3781864540592620
 1.102993504395938 -0.3341501058254036
 1.081384910962013 -0.2905370566366738
 1.057267847245107 -0.2474599933216874
 1.030578090263139 -0.2049664337460978
 1.001284173768005 -0.1629951740758979
 0.9692522356349829 -0.1215763955929750
 0.9342605614159657 -8.090942102096625E-02
 0.8961652331901424 -4.115235836876140E-02
 0.8549202445416806 -2.327104914249792E-03
 0.8103968226129815 3.542497262364200E-02
 0.7623503140658477 7.169451455609069E-02
 0.7106725085344404 0.1061098973124993
 0.6555133937216912 0.1385684633691288
 0.5969864882151351 0.1688547898502609
 0.5349554575274384 0.1962787603318223
 0.4695267488241743 0.2203397934184926
 0.4018626945094473 0.2419563278699060
   
   
 #BODY NUMBER  4
 -0.2616841056733159 -0.5159961846342849
 -0.2415649739877012 -0.5801587048957615
 -0.2191772004068113 -0.6419922999964840
 -0.1937041045644714 -0.7003686512755292
 -0.1656617558870527 -0.7553311097474271
 -0.1357080046428296 -0.8071697756186280
 -0.1040101104681421 -0.8558606715060222
 -7.060792003273064E-02 -0.9013025461045037
 -3.579248968646609E-02 -0.9436472502491104
 1.107218227960893E-04 -0.9831660636654354
 3.703009156967596E-02 -1.019974912249601
 7.499814086482848E-02 -1.054081638719593
 0.1139033321900460 -1.085594807731516
 0.1535841946384686 -1.114704059741936
 0.1940332736439118 -1.141499035798084
 0.2353209594614336 -1.165958978740829
 0.2774036794907965 -1.188106085733808
 0.3201701037548029 -1.208036477921074
 0.3636097351890513 -1.225791842840909
 0.4077776803476780 -1.241317164001238
 0.4526339644230067 -1.254573030096421
 0.4980622365087978 -1.265592634977210
 0.5440189714296780 -1.274390719298045
 0.5905245091879985 -1.280901553922326
 0.6375198588159990 -1.285056909291406
 0.6848652296246596 -1.286857342211090
 0.7324778926349668 -1.286312234738974
 0.7803427094134668 -1.283366486970751
 0.8283780091878354 -1.277948241231523
 0.8764168831281594 -1.270047301974180
 0.9243398123248605 -1.259683470265391
 0.9721024142675367 -1.246828573917445
 1.019603939793961 -1.231426390638026
 1.066651586965136 -1.213472579085987
 1.113094162433809 -1.193009930819704
 1.158868258070222 -1.170051444974169
 1.203862531111931 -1.144573534608402
 1.247862105233788 -1.116591967680890
 1.290691571529749 -1.086183600684888
 1.332285263290991 -1.053416151319050
 1.372537027574124 -1.018314129202841
 1.411215548959957 -0.9809241078733348
 1.448131020601698 -0.9413641014100115
 1.483244858384359 -0.8997674194555851
 1.516483435646942 -0.8562175454737744
 1.547597312894474 -0.8107918246403676
 1.576386937490015 -0.7636451767214889
 1.602903158341338 -0.7149844991907417
 1.627154665559025 -0.6649563388038168
 1.648786980608375 -0.6136335652053223
 1.667561302781834 -0.5611816431061600
 1.684315681283457 -0.5080407329075661
 1.697544522550272 -0.4539840215307704
 1.708674187391193 -0.3995483167365110
 1.716762408344254 -0.3447077892298993
 1.721941957330378 -0.2897180647756062
 1.724488661573772 -0.2348113550500428
 1.724324094490367 -0.1801071842638440
 1.721305979492217 -0.1257535662860917
 1.715536486619962 -7.197290141811397E-02
 1.707195406281572 -1.894605303608277E-02
 1.696303408475920 3.322514718476510E-02
 1.682827824058334 8.441490370248128E-02
 1.666876186989873 0.1344388377809226
 1.648623367171742 0.1831521440912296
 1.628142275985869 0.2304875547604209
 1.605450611856657 0.2763611578716576
 1.580658994406451 0.3206292792439664
 1.553939258284630 0.3631797025368304
 1.525388219178146 0.4039813846014276
 1.495043985450013 0.4429953463460168
 1.463009308880734 0.4801159822378620
 1.429444097972163 0.5152564713828764
 1.394448917592156 0.5484160037152056
 1.358061818398916 0.5795968350932952
 1.320366217270059 0.6087255095044415
 1.281500100387965 0.6357303519905058
 1.241552057225452 0.6606303617065985
 1.200543629869056 0.6834614430782169
 1.158527350053373 0.7041732558978555
 1.115609134276371 0.7226944862572509
 1.071851991922966 0.7390473411632954
 1.027246261714498 0.7532875500438738
 0.9818026667968556 0.7653716016862155
 0.9355872963038805 0.7752030927500471
 0.8886291472270733 0.7827779239653709
 0.8408792325200272 0.7881453421034036
 0.7923049272691242 0.7912382758439395
 0.7429405642594622 0.7918908176579041
 0.6927951836787904 0.7900235898784821
 0.6418000483279971 0.7856399438524558
 0.5899143649015542 0.7786088609382684
 0.5371998947176303 0.7686386694296549
 0.4837216043680597 0.7555256787466880
 0.4294754542438522 0.7392190975255750
 0.3745194850860485 0.7195367218408544
 0.3190858861153562 0.6960619958421148
 0.2634423876016377 0.6685153948182883
 0.2077528874198067 0.6369754831684997
 0.1522607065465589 0.6014328594354967
 9.749533609304381E-02 0.5614243962778002
 4.394351584705733E-02 0.5167919889472965
 -8.608979287011653E-03 0.4690014662133996
 -5.887750484845677E-02 0.4161199852551083
 -0.1075659970265170 0.3606029403706628
 -0.1538598254230553 0.3014850534113508
 -0.1977192480032527 0.2393734321350000
 -0.2393198138561624 0.1751061696208690
 -0.2786921295756610 0.1089936387892039
 -0.3158545517565353 4.119682135787289E-02
 -0.3510257625991424 -2.781940445383837E-02
 -0.3845515444123122 -9.750146584261235E-02
 -0.4167181650438393 -0.1675604888066225
 -0.4477560242491023 -0.2378461510404686
 -0.4779666045567828 -0.3080519241578319
 -0.5077203008967965 -0.3777797167392886
 -0.5373322747935774 -0.4467809624201308
 -0.5670282557032442 -0.5149164291208714
 -0.5970323598785915 -0.5819367726977597
 -0.6275987698243959 -0.6474890069002477
 -0.6589270950415606 -0.7113061704413102
 -0.6911095081028896 -0.7732194245936745
 -0.7241906230264431 -0.8329917375155800
 -0.7582201556113747 -0.8902967490882806
 -0.7932029383479344 -0.9448772263014100
 -0.8290409209998097 -0.9965908449537011
 -0.8655739197732293 -1.045280692986120
 -0.9026493989024591 -1.090733161452339
 -0.9401068152966555 -1.132806527789028
 -0.9777215626741316 -1.171491553178286
 -1.015226422381358 -1.206801498892812
 -1.052387822441935 -1.238706892474656
 -1.089016007650472 -1.267232846676514
 -1.124907129112253 -1.292524349131225
 -1.159835966934156 -1.314749167208086
 -1.193623983440553 -1.334015481860482
 -1.226167602315377 -1.350447303789828
 -1.257378319129208 -1.364257907713514
 -1.287142989568915 -1.375668394621161
 -1.315377420322348 -1.384817671875703
 -1.342076100487500 -1.391827707578260
 -1.367260390152073 -1.396889718320123
 -1.390907983234072 -1.400196218257296
 -1.412988594787645 -1.401844442306865
 -1.433544263909944 -1.401899612105826
 -1.452660330960354 -1.400497211704257
 -1.470359341058063 -1.397776902307597
 -1.486605417675500 -1.393769006592778
 -1.501431580305302 -1.388470137669280
 -1.514962049853307 -1.381978772838242
 -1.527240330142994 -1.374398799955551
 -1.538141001386545 -1.365658343742418
 -1.547633215759512 -1.355678588257157
 -1.556173878261325 -1.344818390366316
 -1.563043254191007 -1.332491421659676
 -1.568892029831514 -1.319312202823540
 -1.573286513659242 -1.304865661112868
 -1.576288684788084 -1.289168539833905
 -1.577956581737064 -1.272323791616239
 -1.578148832285872 -1.254289962840718
 -1.576724842469816 -1.234960220723359
 -1.573658329004508 -1.214314045861718
 -1.568890856432621 -1.192397767836613
 -1.562244522237988 -1.169213786929343
 -1.553545083507385 -1.144718417427929
 -1.542700192825070 -1.118915779693326
 -1.529592513563153 -1.091883001748340
 -1.514009177077884 -1.063699822223417
 -1.495745841790868 -1.034417716490131
 -1.474685677727310 -1.004120954497245
 -1.450711283925953 -0.9729695150766858
 -1.423633292381915 -0.9411526149399663
 -1.393285254515076 -0.9088390062463767
 -1.359613439190292 -0.8762078656615156
 -1.322599948404691 -0.8434956949110236
 -1.282177705219746 -0.8109660095934348
 -1.238311804092098 -0.7788455119689875
 -1.191099605880133 -0.7473267059248578
 -1.140698028190359 -0.7166147214891292
 -1.087212467179209 -0.6869160568798702
 -1.030757395177897 -0.6583724860624114
 -0.9715688650560269 -0.6310447867050586
 -0.9099389422078680 -0.6049644292871896
 -0.8460765897651559 -0.5801506954515822
 -0.7801495739383374 -0.5565550619631130
 -0.7124236456571813 -0.5340316297127388
 -0.6432197045284684 -0.5123922113441262
 -0.5727502957499297 -0.4914530677465608
 -0.5011445604213447 -0.4709925410407165
 -0.4286292209563654 -0.4507025918828056
 -0.3555232590695043 -0.4302369225982246
 -0.2820425510555386 -0.4092853924567457
 -0.2082946535791870 -0.3875482037927931
 -0.1345127197907733 -0.3646627971946135
 -6.110164398465542E-02 -0.3402364428249829
 1.161547135463165E-02 -0.3139562481229794
 8.346951467169114E-02 -0.2855947320788476
 0.1541398829473910 -0.2549052081136244
 0.2230261571242932 -0.2216227186260012
 0.2896277659652792 -0.1856262332254799
 0.3537822416343330 -0.1470004284452945
 0.4151989664749490 -0.1058482943804089
 0.4730665661610464 -6.216729728996564E-02
 0.5268519763307182 -1.614479363356011E-02
 0.5777078569857943 3.137300903743931E-02
 0.6232146636602593 8.087794831000433E-02
 0.6655702410343611 0.1311831265155904
 0.7033890963010885 0.1824316502676150
 0.7369668072534901 0.2341982658399895
 0.7668835331741317 0.2860583082917270
 0.7932021388582948 0.3378549378371742
 0.8158548614384608 0.3895030205955268
 0.8351187357702942 0.4408264197913830
 0.8513914263616178 0.4916789197440123
 0.8648091394461205 0.5420564561286041
 0.8753624063614842 0.5919911145853418
 0.8832010156169535 0.6414405831180358
 0.8885699361189288 0.6903598440476555
 0.8915505265746273 0.7387872620541273
 0.8920896156294016 0.7867734183069441
 0.8902282128909715 0.8342916764092100
 0.8861052267005278 0.8812936823444957
 0.8797620080574435 0.9277911891575052
 0.8711233580048876 0.9738044122779985
 0.8601751327548163 1.019279026854196
 0.8470042544783510 1.064130866970917
 0.8316452515443916 1.108329609047804
 0.8140310308496981 1.151860003475307
 0.7941319993470736 1.194636847797427
 0.7720185345889992 1.236539358129163
 0.7477401261652002 1.277500580101859
 0.7212566253755280 1.317479853495416
 0.6925466370342253 1.356370520508806
 0.6616847859534469 1.394022936081654
 0.6287479798147380 1.430343494335365
 0.5937340120430625 1.465279672794593
 0.5566445672861300 1.498716108979283
 0.5175722868017180 1.530483660841788
 0.4766298258400752 1.560472786881693
 0.4338601460472100 1.588635073615317
 0.3892984919142578 1.614862301911367
 0.3430659570564101 1.638976267392836
 0.2953168056022915 1.660863489737667
 0.2461425161536344 1.680500958757163
 0.1956173911352268 1.697808998115395
 0.1438974221229165 1.712610569551593
 9.117971573093175E-02 1.724800302554362
 3.759901355392625E-02 1.734411437121299
 -1.673557227722444E-02 1.741421952425443
 -7.163233912794054E-02 1.745654500115333
 -0.1268573462267409 1.747013722421049
 -0.1822568395593922 1.745647104525280
 -0.2377082509679147 1.741635445662396
 -0.2929712342215636 1.734708193238555
 -0.3477830923234897 1.724741272130022
 -0.4021816597865115 1.712680534437751
 -0.4556105657172674 1.697108691349047
 -0.5083181013624671 1.679529411439762
 -0.5598555018166623 1.659113752503228
 -0.6100677746342487 1.636104511278211
 -0.6588917322165015 1.610856666986134
 -0.7061846502686100 1.583362062318179
 -0.7517472067258629 1.553571489069362
 -0.7954378822978214 1.521684629241047
 -0.8371899399100911 1.487947617581979
 -0.8769255257444434 1.452429270673895
 -0.9145193630935331 1.415164193978567
 -0.9498655422684705 1.376337704006109
 -0.9829260931264636 1.336173645197754
 -1.013679215671616 1.294768794598967
 -1.042061089264466 1.252180435453306
 -1.068002598225595 1.208576204254368
 -1.091492477678086 1.164161022344023
 -1.112552251309921 1.119034256141066
 -1.131167216418943 1.073248398001835
 -1.147297291821274 1.026945236344899
 -1.160947242667983 0.9803066664421872
 -1.172166649855387 0.9334201850569175
 -1.180976492343312 0.8863176170965027
 -1.187354863797502 0.8391079317024138
 -1.191308684974584 0.7919464658930330
 -1.192898704361943 0.7449004408247735
 -1.192166787147436 0.6979705602790763
 -1.189095603299830 0.6512274881763601
 -1.183676351411909 0.6047986078486772
 -1.175959768008242 0.5587273835205937
 -1.165989285549786 0.5129775835654167
 -1.153732583793875 0.4675802501062777
 -1.139139219565745 0.4226408196821357
 -1.122220141289192 0.3781864540592620
 -1.102993504395938 0.3341501058254036
 -1.081384910962013 0.2905370566366738
 -1.057267847245107 0.2474599933216874
 -1.030578090263139 0.2049664337460978
 -1.001284173768005 0.1629951740758979
 -0.9692522356349829 0.1215763955929750
 -0.9342605614159657 8.090942102096625E-02
 -0.8961652331901424 4.115235836876140E-02
 -0.8549202445416806 2.327104914249792E-03
 -0.8103968226129815 -3.542497262364200E-02
 -0.7623503140658477 -7.169451455609069E-02
 -0.7106725085344404 -0.1061098973124993
 -0.6555133937216912 -0.1385684633691288
 -0.5969864882151351 -0.1688547898502609
 -0.5349554575274384 -0.1962787603318223
 -0.4695267488241743 -0.2203397934184926
 -0.4018626945094473 -0.2419563278699060
 -0.3309317258291015 -0.2590494075377592
 -0.2585083085271006 -0.2734563561936965
 -0.1841638024040105 -0.2839890441438801
 -0.1084438492183539 -0.2909166076554726
 -3.198648432297828E-02 -0.2948101232388342
 4.495480474547490E-02 -0.2958512834419088
 0.1222497820271804 -0.2941364764010427
 0.1996051922747492 -0.2900875255667436
 0.2767145185320791 -0.2842806736042959
 0.3534707224989928 -0.2771082727430900
 0.4298588211179476 -0.2688450161770095
 0.5057640942837510 -0.2599052596278490
 0.5810269821791115 -0.2508088202240606
 0.6555898007798825 -0.2419529190344534
 0.7294448362962660 -0.2336026595421523
 0.8024882084918861 -0.2260768041873536
 0.8745413135589701 -0.2197719746016655
 0.9454727609915785 -0.2149945183272195
 1.015182418449153 -0.2119086785172325
 1.083487317344253 -0.2106716079655896
 1.150129679422839 -0.2114895418767003
 1.214889150608366 -0.2144952818150680
 1.277593449408809 -0.2196750758858326
 1.338026594097997 -0.2269686568838303
 1.395927326019069 -0.2363507294341133
 1.451092638286469 -0.2477531204232746
 1.503402226708350 -0.2609859345144740
 1.552733966556992 -0.2758111229290403
 1.598945547946898 -0.2920411426307744
 1.641963841557167 -0.3094991044149600
 1.681812485913714 -0.3279359761438200
 1.718524161873715 -0.3470728279838249
 1.752103288053193 -0.3667009512956543
 1.782605472711881 -0.3866686410076570
 1.810171164958313 -0.4067926126769140
 1.834935271709739 -0.4268643299591485
 1.856975993615156 -0.4467414256257427
 1.876396202697582 -0.4663581430450016
 1.893372177426552 -0.4856373722998569
 1.908059486910755 -0.5044635386786388
 1.920527196585596 -0.5227617971903444
 1.930852809594168 -0.5405359439425618
 1.939196328745337 -0.5577921438294481
 1.945689976750530 -0.5744800908942319
 1.950342075554496 -0.5905535538141703
 1.953166201770324 -0.6060428217539666
 1.954309749695414 -0.6210062345231901
 1.953884440763851 -0.6354295236101899
 1.951765319264388 -0.6492400099319743
 1.947868704677078 -0.6624503864597624
 1.942733828664390 -0.6752769160969018
 1.935493048577625 -0.6873894545134716
 1.927003898083751 -0.6990442522172546
 1.916690067879341 -0.7100732577039225
 1.904597047649895 -0.7205217748074901
 1.890843016247533 -0.7303885900450335
 1.875321387674837 -0.7395719982919537
 1.857869345044575 -0.7480036579951979
 1.838455976390764 -0.7556710668640152
 1.817092186578677 -0.7625004535174682
 1.793691103054811 -0.7683365497165094
 1.768127771426198 -0.7730502995278480
 1.740359586322228 -0.7765596675629995
 1.710394674256047 -0.7787244733100139
 1.678195656585412 -0.7793204978005119
 1.643704941500577 -0.7781450383507658
 1.606937093930548 -0.7750547822602999
 1.567971959127213 -0.7698680678982720
 1.526878719567122 -0.7623262894060345
 1.483720294617104 -0.7522009220051349
 1.438624990253761 -0.7393558448347645
 1.391788673978100 -0.7236573069069386
 1.343406018523482 -0.7049154600896179
 1.293655901034689 -0.6829867241654018
 1.242753715197536 -0.6578591641673994
 1.190955567630676 -0.6295661097151044
 1.138492989115008 -0.5980955874484148
 1.085545995671713 -0.5634758463315292
 1.032285248740327 -0.5258809253120051
 0.9788840352525948 -0.4855480252011591
 0.9254635351668572 -0.4426484725581389
 0.8720656092340470 -0.3973518188006499
 0.8186967805842271 -0.3499611605394730
 0.7653545239895325 -0.3008484986643112
 0.7119859893112812 -0.2502897722712092
 0.6584637857449176 -0.1985076497729118
 0.6046345046001824 -0.1458524982111429
 0.5503577341508539 -9.277371269131479E-02
 0.4954728227931949 -3.961331793389319E-02
 0.4397739164651811 1.338564042434137E-02
 0.3830636060810147 6.583996612635920E-02
 0.3252042247720146 0.1172026455087872
 0.2660863508740348 0.1670374173315311
 0.2055975358314470 0.2150840861866662
 0.1436844443096624 0.2609416584256126
 8.041782582374117E-02 0.3039576770910584
 1.594315059944107E-02 0.3436381195800058
 -4.958501541634477E-02 0.3798846228857843
 -0.1159321713567868 0.4124969997825538
 -0.1826948243427934 0.4407713126215209
 -0.2494441867398388 0.4643395923532199
 -0.3160237513124784 0.4846231755968456
 -0.3816496896725582 0.4992807565857571
 -0.4463930406275499 0.5108091734808936
 -0.5096849917366171 0.5179370010079141
 -0.5713050513664373 0.5211328439074375
 -0.6311755285313022 0.5211114673269009
 -0.6891920283901527 0.5180057336688479
 -0.7452469414057301 0.5117995255089768
 -0.7993262460838281 0.5028208304577274
 -0.8515021481844138 0.4914871439214230
 -0.9018392310157964 0.4779184561209974
 -0.9503605472263127 0.4620905241342513
 -0.9971043478069995 0.4441542246134806
 -1.042154130757397 0.4243442156942804
 -1.085583800218539 0.4027117737439569
 -1.127410575090835 0.3791855604338851
 -1.167631892381768 0.3538144093245979
 -1.206275330455331 0.3267427955765783
 -1.243371743246495 0.2980006536834034
 -1.278901038352566 0.2675127517232396
 -1.312809097177823 0.2352940032422249
 -1.345066490987149 0.2014617680062928
 -1.375664222974070 0.1660611102502406
 -1.404555540037697 0.1290415504470191
 -1.431651858163073 9.042006149397937E-02
 -1.456883764213659 5.031798408192704E-02
 -1.480218018800167 8.811654637115281E-03
 -1.501599334788995 -3.411336652466482E-02
 -1.520924646222061 -7.842227927728304E-02
 -1.538101669081606 -0.1239756341074732
 -1.553087792139598 -0.1706600240699740
 -1.565836426310599 -0.2184510988771488
 -1.576248507080091 -0.2672897183412566
 -1.584223873766854 -0.3170110817558007
 -1.589723988273884 -0.3674628560619889
 -1.592728404117432 -0.4185836286411481
 -1.593161023026189 -0.4702887673029655
 -1.590928062290198 -0.5223842997119457
 -1.586008377132041 -0.5746798890527784
 -1.578427779444626 -0.6270848074381128
 -1.568154418709351 -0.6794948689125541
 -1.555112971082874 -0.7316864616782580
 -1.539310736332629 -0.7834362011443508
 -1.520843871938285 -0.8346440176657142
 -1.499747863369717 -0.8852044069516684
 -1.475964973766533 -0.9348626754749650
 -1.449529591263274 -0.9833685456995603
 -1.420646318781946 -1.030662605334538
 -1.389446414591110 -1.076679106858579
 -1.355815746386812 -1.121074628033232
 -1.319778210458344 -1.163559629023862
 -1.282134021496946 -1.204639801530185
 -1.241933956833005 -1.243124669818277
 -1.200356086028727 -1.279981094703251
 -1.156906906527592 -1.314405963273328
 -1.111874182696130 -1.346386446502605
 -1.065596929357270 -1.376045311936091
 -1.018139444221758 -1.403254878054335
 -0.9695587727663542 -1.427817922783270
 -0.9200986043221407 -1.449711727822933
 -0.8700054663714809 -1.469001564545896
 -0.8193778827314762 -1.485654417858660
 -0.7683084609648011 -1.499579097681048
 -0.7170106447214022 -1.510776541787031
 -0.6656972740452779 -1.519325789288983
 -0.6144630603142530 -1.525256349359388
 -0.5633895225921909 -1.528541593324964
 -0.5126563961808559 -1.529205483498335
 -0.4624467806065442 -1.527340724880853
 -0.4128359678682247 -1.523015640742493
 -0.3638767690310698 -1.516243744347852
 -0.3157120170594603 -1.507061218582761
 -0.2684968553041809 -1.495563137825064
 -0.2222822677367688 -1.481836188772123
 -0.1770853260556042 -1.465914452189798
 -0.1330113534725573 -1.447833441206855
 -9.019141541338127E-02 -1.427676817883539
 -4.865335286350936E-02 -1.405530802531372
 -8.376842721619981E-03 -1.381432003357293
 3.056825324645684E-02 -1.355400744074216
 6.806721713553754E-02 -1.327493094105928
 0.1041077760852758 -1.297774724683889
 0.1387430238352872 -1.266265133609290
 0.1719299169970196 -1.232951851792493
 0.2035519232618651 -1.197843912432183
 0.2335909940621184 -1.160964378024633
 0.2621142718759111 -1.122295447928807
 0.2890799836928887 -1.081775332480613
 0.3143272829856447 -1.039350810979591
 0.3377829065843490 -0.9949900236245798
 0.3594841254400083 -0.9486351179283538
 0.3793378707334286 -0.9001852565312434
 0.3970606666983354 -0.8495480904506211
 0.4124436288220827 -0.7966780371154494
 0.4254447902978284 -0.7415462024398247
 0.4358773375269330 -0.6841117492172124
 0.4432644279504916 -0.6243674812860240
 0.4472301209328027 -0.5624054975057891
 0.4477605063018845 -0.4984070197993709
 0.4447257816685762 -0.4325780695852359
 0.4374601214343946 -0.3651456359459779
 0.4255832329771170 -0.2964521955288040
 0.4104716737964589 -0.2270451383434937
 0.3898092306775582 -0.1570705777173492
 0.3660743055536176 -8.714658417696632E-02
 0.3380236278270657 -1.749600926747075E-02
 0.3061630972216067 5.154317552047252E-02
 0.2713062981791406 0.1197039536179652
 0.2337373248301861 0.1868576446527049
 0.1936047697293549 0.2529396550431699
 0.1514205703243932 0.3179069300205819
 0.1078370258802331 0.3817821394469083
 6.324744254484652E-02 0.4446687615497125
 1.789720313115475E-02 0.5066911672174781
 -2.779748972696824E-02 0.5679571837856809
 -7.330668128231499E-02 0.6285885369633492
 -0.1182575259863051 0.6887338814545841
 -0.1624165805930218 0.7485190886630237
 -0.2054558486132946 0.8080135768851133
 -0.2469425437345742 0.8672609815019132
 -0.2865456659500180 0.9263006887685297
 -0.3240729103462635 0.9851281031109070
 -0.3592966943178097 1.043663345481169
 -0.3919095238114639 1.101786290964981
 -0.4216862122604318 1.159372508116478
 -0.4485525284089990 1.216265920839534
 -0.4724526743247676 1.272249349869950
 -0.4932779271166098 1.327083890886453
 -0.5109858229898132 1.380559648212303
 -0.5256806640342186 1.432477487692760
 -0.5375075441756344 1.482612621821852
 -0.5465577255049638 1.530748035105431
 -0.5529478339066957 1.576731951091474
 -0.5569053568014614 1.620460325275045
 -0.5586881949395583 1.661821995191910
 -0.5584793046126398 1.700716433156136
 -0.5564378703965041 1.737115944797485
 -0.5527928458291053 1.771050520390428
 -0.5477922821408243 1.802532724580310
 -0.5415985732928084 1.831559097501446
 -0.5343201022100825 1.858185850623262
 -0.5261117872744784 1.882527090619980
 -0.5171515036766823 1.904659756935934
 -0.5075386017979510 1.924606239497209
 -0.4973085456842242 1.942435556048388
 -0.4865359977849827 1.958289355533705
 -0.4753306356924667 1.972256993201829
 -0.4637366578789961 1.984322560406948
 -0.4517346214650226 1.994512959423247
 -0.4393476998421075 2.002985007361432
 -0.4266441106208574 2.009828323565741
 -0.4136243178778428 2.014898353674393
 -0.4002354889175659 2.018128974716920
 -0.3865599504030653 2.020095306463218
 -0.3724497943866185 2.019880876173148
 -0.3581118682522367 2.018356455040795
 -0.3434035542200995 2.014938918816791
 -0.3283083628618106 2.009690314641395
 -0.3128864345104697 2.002712381661273
 -0.2971725553889653 1.993861961132672
 -0.2811445025747590 1.982963878718557
 -0.2647976473862556 1.969985112725733
 -0.2482013301460556 1.954898221354081
 -0.2314465808168231 1.937550336645853
 -0.2145826879188132 1.917768716955777
 -0.1976593934971577 1.895475447256326
 -0.1808021606928945 1.870607475058354
 -0.1641864795075280 1.843020320023929
 -0.1479590997097090 1.812562754840897
 -0.1322514162032376 1.779175736757545
 -0.1172606752012598 1.742837582974958
 -0.1032454271852072 1.703478904346001
 -9.043504010202826E-02 1.661039928251512
 -7.901155106346905E-02 1.615563710496280
 -6.918872557340923E-02 1.567153001817962
 -6.122831330373645E-02 1.515881469683053
 -5.534409694259136E-02 1.461832236134389
 -5.165410931740267E-02 1.405185870092257
 -5.025753944031643E-02 1.346180831204234
 -5.128052193579970E-02 1.285011644328285
 -5.478860049381577E-02 1.221848332393941
 -6.071638368429995E-02 1.156925712017064
 -6.894509304472686E-02 1.090512454488349
 -7.938694540170141E-02 1.022799168009721
 -9.191603529570953E-02 0.9539068807637630
 -0.1062731349270458 0.8839927902522118
 -0.1221348194610640 0.8132407100084373
 -0.1392356935613516 0.7417428400177700
 -0.1573192253235730 0.6695001908136283
 -0.1760052836438171 0.5965550900939485
 -0.1948344750813496 0.5230106352895394
 -0.2134302717376563 0.4488987103906388
 -0.2314792628859941 0.3741625633684518
 -0.2485508862902414 0.2988228310682543
 -0.2641025807873592 0.2230337973161957
 -0.2777018222286665 0.1469188307914482
 -0.2890670505031381 7.051064589218135E-02
 -0.2978243272570534 -6.036450311988201E-03
 -0.3034439829480344 -8.233495846505709E-02
 -0.3055709165647203 -0.1580118863545259
 -0.3041972262179882 -0.2328841944404898
 -0.2992667951181623 -0.3066487054021449
 -0.2903717418182530 -0.3786040153315552
 -0.2774077895908795 -0.4481947987196597
 -0.2616841056733159 -0.5159961846342849
   
   
