 # action(x) =  14.13022395241975
 # |grad_action(x)| =  3.625102627935282E-11
 # PRINTSTEPS = 50
 #
 #BODY NUMBER  1
 -0.2756147554687565 -1.843435518080903
 -0.2995342428037621 -1.859749204470682
 -0.3222844126978945 -1.875226333385029
 -0.3418433535063016 -1.887647690027819
 -0.3572450122198415 -1.895901825116053
 -0.3699857173928486 -1.901932628007357
 -0.3816871938972657 -1.907749356752302
 -0.3915844108411834 -1.912276641435748
 -0.3982342845442514 -1.913716811197022
 -0.4024216081436903 -1.913180169105385
 -0.4059740812277812 -1.912870659147128
 -0.4086057092291955 -1.912144813531255
 -0.4086018093118606 -1.908827290370659
 -0.4061585542532233 -1.903418761514911
 -0.4032135894391815 -1.898300324621706
 -0.3999902094839541 -1.893315737533364
 -0.3946357752733615 -1.886037659252858
 -0.3867357943730416 -1.876362305443150
 -0.3782296534021055 -1.866801241518206
 -0.3698999659095019 -1.857749231474619
 -0.3598772748759068 -1.846607715195645
 -0.3470804698977880 -1.832623024753668
 -0.3333182273906194 -1.818385784771421
 -0.3199905842904748 -1.804921272697233
 -0.3053484365784049 -1.789524525709361
 -0.2875636697760435 -1.770711032770649
 -0.2681410804353880 -1.751104167341381
 -0.2491715996575155 -1.732474844287039
 -0.2292012678239979 -1.712058768138029
 -0.2055251929229321 -1.687497680506183
 -0.1790796901634630 -1.661417140170987
 -0.1527445775556385 -1.636529429769679
 -0.1256035281054596 -1.610016071487752
 -9.380473267025813E-02 -1.578359298401768
 -5.720279510201454E-02 -1.544217698614720
 -1.959518059358079E-02 -1.511672229518325
 1.903742807481024E-02 -1.477738796336526
 6.449790080923290E-02 -1.437072961333498
 0.1194851896750622 -1.392775593727768
 0.1793070187545244 -1.351798452212924
 0.2429316070155397 -1.310688113671232
 0.3229782963731420 -1.261168529987311
 0.4332611430615342 -1.215398696154642
 0.5641612940388300 -1.209781451262612
 0.6793737394677417 -1.268922862754144
 0.7442983621276212 -1.373311471489409
 0.7556605823189954 -1.477122335847175
 0.7394784111409810 -1.553834039994189
 0.7227613383472773 -1.610173087052100
 0.7124244207781283 -1.659385714955039
 0.7006376485654606 -1.701365177000625
 0.6830283791466725 -1.734269366630969
 0.6704703386639466 -1.760357177141392
 0.6585066780523898 -1.785135848905930
 0.6477788167625881 -1.805672529712256
 0.6385676566003612 -1.820521649741705
 0.6305492837040616 -1.832114830837294
 0.6233238721619220 -1.843003003949548
 0.6170162732034467 -1.851872355967536
 0.6119773985252688 -1.856444516418096
 0.6080827488684700 -1.858073432533717
 0.6048514619522579 -1.859581625589187
 0.6022094824417864 -1.860268838847323
 0.6005540982889732 -1.857393829553936
 0.5999657548098035 -1.851488278638438
 0.5999569507054131 -1.845583099854235
 0.6002561860885184 -1.839654630830741
 0.6012542229975312 -1.830674413043795
 0.6032581302417659 -1.818345320403825
 0.6058441324482960 -1.805812125672148
 0.6085318484006831 -1.793808011272789
 0.6116409953105717 -1.779147829621721
 0.6157310082879094 -1.760638329945849
 0.6205308399210359 -1.741427397187863
 0.6253406613812396 -1.723102966131981
 0.6303227597719202 -1.702447918248808
 0.6363180731537915 -1.677262572028784
 0.6433350962154378 -1.650571233808127
 0.6504484869385050 -1.624953026398823
 0.6575352635538314 -1.597287019891424
 0.6657588020641343 -1.564178456607137
 0.6756210091020880 -1.528369294752697
 0.6859840304313343 -1.493648348999223
 0.6962321895995950 -1.457116582462346
 0.7079423677132325 -1.413801615050444
 0.7225697755815395 -1.365933153524897
 0.7388661905733775 -1.318944143255120
 0.7553562945037676 -1.270240623747865
 0.7743933012583134 -1.212292741201925
 0.7998650064984898 -1.146436451101670
 0.8311836594247328 -1.081038291035614
 0.8657289998932512 -1.013623399369823
 0.9102916745238158 -0.9307148372359166
 0.9829145044412937 -0.8359355750656373
 1.093468738100835 -0.7656208228012130
 1.222816348420167 -0.7592325648540923
 1.331237025342374 -0.8171734405546064
 1.392982428850379 -0.9013951761815652
 1.417324109595338 -0.9759205463294832
 1.431016223408032 -1.033070128703492
 1.446670504147793 -1.080857973439003
 1.457452591005795 -1.123106640114019
 1.458654611162212 -1.160407138934231
 1.460822934337630 -1.189278865806735
 1.462851436208035 -1.216719655332640
 1.463829176205954 -1.239868873265231
 1.463276637521863 -1.257334168515692
 1.462129113444446 -1.271383344303295
 1.461315810052282 -1.284425484590380
 1.460287945126352 -1.295260368232302
 1.458210231873844 -1.301739412671754
 1.455651824390027 -1.305097420236915
 1.453607544361406 -1.308019197194870
 1.451663129618127 -1.309935331089468
 1.448792020242076 -1.308273192081686
 1.445329724385215 -1.303453006705107
 1.442369510415054 -1.298343373916293
 1.439664421346787 -1.293059551444846
 1.436038637770434 -1.284783436255327
 1.431609526030783 -1.273104175201384
 1.427582472270043 -1.260957109069910
 1.423908045363287 -1.249217383073936
 1.419270554745814 -1.234966719885073
 1.413557860048060 -1.216892016465758
 1.408109169797243 -1.197854944850385
 1.403112381841507 -1.179580611315993
 1.397099481670403 -1.159201765937441
 1.389698902252740 -1.134392959616858
 1.382430153372739 -1.107769071125943
 1.375781426741308 -1.082026357348534
 1.368085752067426 -1.054523504584198
 1.358653263684205 -1.021738878442048
 1.349289604589234 -0.9857961310688986
 1.340903771443585 -0.9505453993383451
 1.331513054356886 -0.9137838818881565
 1.319996882380186 -0.8704169306885359
 1.308730358422883 -0.8216479230331810
 1.299348962661540 -0.7728060389449473
 1.289278051822675 -0.7223825018327583
 1.276790642011158 -0.6626796600751843
 1.265921640776732 -0.5929105872292779
 1.260345309790139 -0.5206147927881911
 1.256555006385363 -0.4449591137779809
 1.253693133609059 -0.3508768554634950
 1.269196718127171 -0.2324841917133486
 1.329782116840043 -0.1163127131617770
 1.438606304321834 -4.610651433397688E-02
 1.561471802682228 -4.207444614703498E-02
 1.657055758500561 -8.413990699679545E-02
 1.715398957470464 -0.1365099303988517
 1.755831467050769 -0.1791568636440677
 1.793282394217131 -0.2127152108072463
 1.823744288679479 -0.2439125859948298
 1.843435518080903 -0.2756147554687565
 1.859749204470682 -0.2995342428037621
 1.875226333385029 -0.3222844126978945
 1.887647690027819 -0.3418433535063016
 1.895901825116053 -0.3572450122198415
 1.901932628007357 -0.3699857173928486
 1.907749356752302 -0.3816871938972657
 1.912276641435748 -0.3915844108411834
 1.913716811197022 -0.3982342845442514
 1.913180169105385 -0.4024216081436903
 1.912870659147128 -0.4059740812277812
 1.912144813531255 -0.4086057092291955
 1.908827290370659 -0.4086018093118606
 1.903418761514911 -0.4061585542532233
 1.898300324621706 -0.4032135894391815
 1.893315737533364 -0.3999902094839541
 1.886037659252858 -0.3946357752733615
 1.876362305443150 -0.3867357943730416
 1.866801241518206 -0.3782296534021055
 1.857749231474619 -0.3698999659095019
 1.846607715195645 -0.3598772748759068
 1.832623024753668 -0.3470804698977880
 1.818385784771421 -0.3333182273906194
 1.804921272697233 -0.3199905842904748
 1.789524525709361 -0.3053484365784049
 1.770711032770649 -0.2875636697760435
 1.751104167341381 -0.2681410804353880
 1.732474844287039 -0.2491715996575155
 1.712058768138029 -0.2292012678239979
 1.687497680506183 -0.2055251929229321
 1.661417140170987 -0.1790796901634630
 1.636529429769679 -0.1527445775556385
 1.610016071487752 -0.1256035281054596
 1.578359298401768 -9.380473267025813E-02
 1.544217698614720 -5.720279510201454E-02
 1.511672229518325 -1.959518059358079E-02
 1.477738796336526 1.903742807481024E-02
 1.437072961333498 6.449790080923290E-02
 1.392775593727768 0.1194851896750622
 1.351798452212924 0.1793070187545244
 1.310688113671232 0.2429316070155397
 1.261168529987311 0.3229782963731420
 1.215398696154642 0.4332611430615342
 1.209781451262612 0.5641612940388300
 1.268922862754144 0.6793737394677417
 1.373311471489409 0.7442983621276212
 1.477122335847175 0.7556605823189954
 1.553834039994189 0.7394784111409810
 1.610173087052100 0.7227613383472773
 1.659385714955039 0.7124244207781283
 1.701365177000625 0.7006376485654606
 1.734269366630969 0.6830283791466725
 1.760357177141392 0.6704703386639466
 1.785135848905930 0.6585066780523898
 1.805672529712256 0.6477788167625881
 1.820521649741705 0.6385676566003612
 1.832114830837294 0.6305492837040616
 1.843003003949548 0.6233238721619220
 1.851872355967536 0.6170162732034467
 1.856444516418096 0.6119773985252688
 1.858073432533717 0.6080827488684700
 1.859581625589187 0.6048514619522579
 1.860268838847323 0.6022094824417864
 1.857393829553936 0.6005540982889732
 1.851488278638438 0.5999657548098035
 1.845583099854235 0.5999569507054131
 1.839654630830741 0.6002561860885184
 1.830674413043795 0.6012542229975312
 1.818345320403825 0.6032581302417659
 1.805812125672148 0.6058441324482960
 1.793808011272789 0.6085318484006831
 1.779147829621721 0.6116409953105717
 1.760638329945849 0.6157310082879094
 1.741427397187863 0.6205308399210359
 1.723102966131981 0.6253406613812396
 1.702447918248808 0.6303227597719202
 1.677262572028784 0.6363180731537915
 1.650571233808127 0.6433350962154378
 1.624953026398823 0.6504484869385050
 1.597287019891424 0.6575352635538314
 1.564178456607137 0.6657588020641343
 1.528369294752697 0.6756210091020880
 1.493648348999223 0.6859840304313343
 1.457116582462346 0.6962321895995950
 1.413801615050444 0.7079423677132325
 1.365933153524897 0.7225697755815395
 1.318944143255120 0.7388661905733775
 1.270240623747865 0.7553562945037676
 1.212292741201925 0.7743933012583134
 1.146436451101670 0.7998650064984898
 1.081038291035614 0.8311836594247328
 1.013623399369823 0.8657289998932512
 0.9307148372359166 0.9102916745238158
 0.8359355750656373 0.9829145044412937
 0.7656208228012130 1.093468738100835
 0.7592325648540923 1.222816348420167
 0.8171734405546064 1.331237025342374
 0.9013951761815652 1.392982428850379
 0.9759205463294832 1.417324109595338
 1.033070128703492 1.431016223408032
 1.080857973439003 1.446670504147793
 1.123106640114019 1.457452591005795
 1.160407138934231 1.458654611162212
 1.189278865806735 1.460822934337630
 1.216719655332640 1.462851436208035
 1.239868873265231 1.463829176205954
 1.257334168515692 1.463276637521863
 1.271383344303295 1.462129113444446
 1.284425484590380 1.461315810052282
 1.295260368232302 1.460287945126352
 1.301739412671754 1.458210231873844
 1.305097420236915 1.455651824390027
 1.308019197194870 1.453607544361406
 1.309935331089468 1.451663129618127
 1.308273192081686 1.448792020242076
 1.303453006705107 1.445329724385215
 1.298343373916293 1.442369510415054
 1.293059551444846 1.439664421346787
 1.284783436255327 1.436038637770434
 1.273104175201384 1.431609526030783
 1.260957109069910 1.427582472270043
 1.249217383073936 1.423908045363287
 1.234966719885073 1.419270554745814
 1.216892016465758 1.413557860048060
 1.197854944850385 1.408109169797243
 1.179580611315993 1.403112381841507
 1.159201765937441 1.397099481670403
 1.134392959616858 1.389698902252740
 1.107769071125943 1.382430153372739
 1.082026357348534 1.375781426741308
 1.054523504584198 1.368085752067426
 1.021738878442048 1.358653263684205
 0.9857961310688986 1.349289604589234
 0.9505453993383451 1.340903771443585
 0.9137838818881565 1.331513054356886
 0.8704169306885359 1.319996882380186
 0.8216479230331810 1.308730358422883
 0.7728060389449473 1.299348962661540
 0.7223825018327583 1.289278051822675
 0.6626796600751843 1.276790642011158
 0.5929105872292779 1.265921640776732
 0.5206147927881911 1.260345309790139
 0.4449591137779809 1.256555006385363
 0.3508768554634950 1.253693133609059
 0.2324841917133486 1.269196718127171
 0.1163127131617770 1.329782116840043
 4.610651433397688E-02 1.438606304321834
 4.207444614703498E-02 1.561471802682228
 8.413990699679545E-02 1.657055758500561
 0.1365099303988517 1.715398957470464
 0.1791568636440677 1.755831467050769
 0.2127152108072463 1.793282394217131
 0.2439125859948298 1.823744288679479
 0.2756147554687565 1.843435518080903
 0.2995342428037621 1.859749204470682
 0.3222844126978945 1.875226333385029
 0.3418433535063016 1.887647690027819
 0.3572450122198415 1.895901825116053
 0.3699857173928486 1.901932628007357
 0.3816871938972657 1.907749356752302
 0.3915844108411834 1.912276641435748
 0.3982342845442514 1.913716811197022
 0.4024216081436903 1.913180169105385
 0.4059740812277812 1.912870659147128
 0.4086057092291955 1.912144813531255
 0.4086018093118606 1.908827290370659
 0.4061585542532233 1.903418761514911
 0.4032135894391815 1.898300324621706
 0.3999902094839541 1.893315737533364
 0.3946357752733615 1.886037659252858
 0.3867357943730416 1.876362305443150
 0.3782296534021055 1.866801241518206
 0.3698999659095019 1.857749231474619
 0.3598772748759068 1.846607715195645
 0.3470804698977880 1.832623024753668
 0.3333182273906194 1.818385784771421
 0.3199905842904748 1.804921272697233
 0.3053484365784049 1.789524525709361
 0.2875636697760435 1.770711032770649
 0.2681410804353880 1.751104167341381
 0.2491715996575155 1.732474844287039
 0.2292012678239979 1.712058768138029
 0.2055251929229321 1.687497680506183
 0.1790796901634630 1.661417140170987
 0.1527445775556385 1.636529429769679
 0.1256035281054596 1.610016071487752
 9.380473267025813E-02 1.578359298401768
 5.720279510201454E-02 1.544217698614720
 1.959518059358079E-02 1.511672229518325
 -1.903742807481024E-02 1.477738796336526
 -6.449790080923290E-02 1.437072961333498
 -0.1194851896750622 1.392775593727768
 -0.1793070187545244 1.351798452212924
 -0.2429316070155397 1.310688113671232
 -0.3229782963731420 1.261168529987311
 -0.4332611430615342 1.215398696154642
 -0.5641612940388300 1.209781451262612
 -0.6793737394677417 1.268922862754144
 -0.7442983621276212 1.373311471489409
 -0.7556605823189954 1.477122335847175
 -0.7394784111409810 1.553834039994189
 -0.7227613383472773 1.610173087052100
 -0.7124244207781283 1.659385714955039
 -0.7006376485654606 1.701365177000625
 -0.6830283791466725 1.734269366630969
 -0.6704703386639466 1.760357177141392
 -0.6585066780523898 1.785135848905930
 -0.6477788167625881 1.805672529712256
 -0.6385676566003612 1.820521649741705
 -0.6305492837040616 1.832114830837294
 -0.6233238721619220 1.843003003949548
 -0.6170162732034467 1.851872355967536
 -0.6119773985252688 1.856444516418096
 -0.6080827488684700 1.858073432533717
 -0.6048514619522579 1.859581625589187
 -0.6022094824417864 1.860268838847323
 -0.6005540982889732 1.857393829553936
 -0.5999657548098035 1.851488278638438
 -0.5999569507054131 1.845583099854235
 -0.6002561860885184 1.839654630830741
 -0.6012542229975312 1.830674413043795
 -0.6032581302417659 1.818345320403825
 -0.6058441324482960 1.805812125672148
 -0.6085318484006831 1.793808011272789
 -0.6116409953105717 1.779147829621721
 -0.6157310082879094 1.760638329945849
 -0.6205308399210359 1.741427397187863
 -0.6253406613812396 1.723102966131981
 -0.6303227597719202 1.702447918248808
 -0.6363180731537915 1.677262572028784
 -0.6433350962154378 1.650571233808127
 -0.6504484869385050 1.624953026398823
 -0.6575352635538314 1.597287019891424
 -0.6657588020641343 1.564178456607137
 -0.6756210091020880 1.528369294752697
 -0.6859840304313343 1.493648348999223
 -0.6962321895995950 1.457116582462346
 -0.7079423677132325 1.413801615050444
 -0.7225697755815395 1.365933153524897
 -0.7388661905733775 1.318944143255120
 -0.7553562945037676 1.270240623747865
 -0.7743933012583134 1.212292741201925
 -0.7998650064984898 1.146436451101670
 -0.8311836594247328 1.081038291035614
 -0.8657289998932512 1.013623399369823
 -0.9102916745238158 0.9307148372359166
 -0.9829145044412937 0.8359355750656373
 -1.093468738100835 0.7656208228012130
 -1.222816348420167 0.7592325648540923
 -1.331237025342374 0.8171734405546064
 -1.392982428850379 0.9013951761815652
 -1.417324109595338 0.9759205463294832
 -1.431016223408032 1.033070128703492
 -1.446670504147793 1.080857973439003
 -1.457452591005795 1.123106640114019
 -1.458654611162212 1.160407138934231
 -1.460822934337630 1.189278865806735
 -1.462851436208035 1.216719655332640
 -1.463829176205954 1.239868873265231
 -1.463276637521863 1.257334168515692
 -1.462129113444446 1.271383344303295
 -1.461315810052282 1.284425484590380
 -1.460287945126352 1.295260368232302
 -1.458210231873844 1.301739412671754
 -1.455651824390027 1.305097420236915
 -1.453607544361406 1.308019197194870
 -1.451663129618127 1.309935331089468
 -1.448792020242076 1.308273192081686
 -1.445329724385215 1.303453006705107
 -1.442369510415054 1.298343373916293
 -1.439664421346787 1.293059551444846
 -1.436038637770434 1.284783436255327
 -1.431609526030783 1.273104175201384
 -1.427582472270043 1.260957109069910
 -1.423908045363287 1.249217383073936
 -1.419270554745814 1.234966719885073
 -1.413557860048060 1.216892016465758
 -1.408109169797243 1.197854944850385
 -1.403112381841507 1.179580611315993
 -1.397099481670403 1.159201765937441
 -1.389698902252740 1.134392959616858
 -1.382430153372739 1.107769071125943
 -1.375781426741308 1.082026357348534
 -1.368085752067426 1.054523504584198
 -1.358653263684205 1.021738878442048
 -1.349289604589234 0.9857961310688986
 -1.340903771443585 0.9505453993383451
 -1.331513054356886 0.9137838818881565
 -1.319996882380186 0.8704169306885359
 -1.308730358422883 0.8216479230331810
 -1.299348962661540 0.7728060389449473
 -1.289278051822675 0.7223825018327583
 -1.276790642011158 0.6626796600751843
 -1.265921640776732 0.5929105872292779
 -1.260345309790139 0.5206147927881911
 -1.256555006385363 0.4449591137779809
 -1.253693133609059 0.3508768554634950
 -1.269196718127171 0.2324841917133486
 -1.329782116840043 0.1163127131617770
 -1.438606304321834 4.610651433397688E-02
 -1.561471802682228 4.207444614703498E-02
 -1.657055758500561 8.413990699679545E-02
 -1.715398957470464 0.1365099303988517
 -1.755831467050769 0.1791568636440677
 -1.793282394217131 0.2127152108072463
 -1.823744288679479 0.2439125859948298
 -1.843435518080903 0.2756147554687565
 -1.859749204470682 0.2995342428037621
 -1.875226333385029 0.3222844126978945
 -1.887647690027819 0.3418433535063016
 -1.895901825116053 0.3572450122198415
 -1.901932628007357 0.3699857173928486
 -1.907749356752302 0.3816871938972657
 -1.912276641435748 0.3915844108411834
 -1.913716811197022 0.3982342845442514
 -1.913180169105385 0.4024216081436903
 -1.912870659147128 0.4059740812277812
 -1.912144813531255 0.4086057092291955
 -1.908827290370659 0.4086018093118606
 -1.903418761514911 0.4061585542532233
 -1.898300324621706 0.4032135894391815
 -1.893315737533364 0.3999902094839541
 -1.886037659252858 0.3946357752733615
 -1.876362305443150 0.3867357943730416
 -1.866801241518206 0.3782296534021055
 -1.857749231474619 0.3698999659095019
 -1.846607715195645 0.3598772748759068
 -1.832623024753668 0.3470804698977880
 -1.818385784771421 0.3333182273906194
 -1.804921272697233 0.3199905842904748
 -1.789524525709361 0.3053484365784049
 -1.770711032770649 0.2875636697760435
 -1.751104167341381 0.2681410804353880
 -1.732474844287039 0.2491715996575155
 -1.712058768138029 0.2292012678239979
 -1.687497680506183 0.2055251929229321
 -1.661417140170987 0.1790796901634630
 -1.636529429769679 0.1527445775556385
 -1.610016071487752 0.1256035281054596
 -1.578359298401768 9.380473267025813E-02
 -1.544217698614720 5.720279510201454E-02
 -1.511672229518325 1.959518059358079E-02
 -1.477738796336526 -1.903742807481024E-02
 -1.437072961333498 -6.449790080923290E-02
 -1.392775593727768 -0.1194851896750622
 -1.351798452212924 -0.1793070187545244
 -1.310688113671232 -0.2429316070155397
 -1.261168529987311 -0.3229782963731420
 -1.215398696154642 -0.4332611430615342
 -1.209781451262612 -0.5641612940388300
 -1.268922862754144 -0.6793737394677417
 -1.373311471489409 -0.7442983621276212
 -1.477122335847175 -0.7556605823189954
 -1.553834039994189 -0.7394784111409810
 -1.610173087052100 -0.7227613383472773
 -1.659385714955039 -0.7124244207781283
 -1.701365177000625 -0.7006376485654606
 -1.734269366630969 -0.6830283791466725
 -1.760357177141392 -0.6704703386639466
 -1.785135848905930 -0.6585066780523898
 -1.805672529712256 -0.6477788167625881
 -1.820521649741705 -0.6385676566003612
 -1.832114830837294 -0.6305492837040616
 -1.843003003949548 -0.6233238721619220
 -1.851872355967536 -0.6170162732034467
 -1.856444516418096 -0.6119773985252688
 -1.858073432533717 -0.6080827488684700
 -1.859581625589187 -0.6048514619522579
 -1.860268838847323 -0.6022094824417864
 -1.857393829553936 -0.6005540982889732
 -1.851488278638438 -0.5999657548098035
 -1.845583099854235 -0.5999569507054131
 -1.839654630830741 -0.6002561860885184
 -1.830674413043795 -0.6012542229975312
 -1.818345320403825 -0.6032581302417659
 -1.805812125672148 -0.6058441324482960
 -1.793808011272789 -0.6085318484006831
 -1.779147829621721 -0.6116409953105717
 -1.760638329945849 -0.6157310082879094
 -1.741427397187863 -0.6205308399210359
 -1.723102966131981 -0.6253406613812396
 -1.702447918248808 -0.6303227597719202
 -1.677262572028784 -0.6363180731537915
 -1.650571233808127 -0.6433350962154378
 -1.624953026398823 -0.6504484869385050
 -1.597287019891424 -0.6575352635538314
 -1.564178456607137 -0.6657588020641343
 -1.528369294752697 -0.6756210091020880
 -1.493648348999223 -0.6859840304313343
 -1.457116582462346 -0.6962321895995950
 -1.413801615050444 -0.7079423677132325
 -1.365933153524897 -0.7225697755815395
 -1.318944143255120 -0.7388661905733775
 -1.270240623747865 -0.7553562945037676
 -1.212292741201925 -0.7743933012583134
 -1.146436451101670 -0.7998650064984898
 -1.081038291035614 -0.8311836594247328
 -1.013623399369823 -0.8657289998932512
 -0.9307148372359166 -0.9102916745238158
 -0.8359355750656373 -0.9829145044412937
 -0.7656208228012130 -1.093468738100835
 -0.7592325648540923 -1.222816348420167
 -0.8171734405546064 -1.331237025342374
 -0.9013951761815652 -1.392982428850379
 -0.9759205463294832 -1.417324109595338
 -1.033070128703492 -1.431016223408032
 -1.080857973439003 -1.446670504147793
 -1.123106640114019 -1.457452591005795
 -1.160407138934231 -1.458654611162212
 -1.189278865806735 -1.460822934337630
 -1.216719655332640 -1.462851436208035
 -1.239868873265231 -1.463829176205954
 -1.257334168515692 -1.463276637521863
 -1.271383344303295 -1.462129113444446
 -1.284425484590380 -1.461315810052282
 -1.295260368232302 -1.460287945126352
 -1.301739412671754 -1.458210231873844
 -1.305097420236915 -1.455651824390027
 -1.308019197194870 -1.453607544361406
 -1.309935331089468 -1.451663129618127
 -1.308273192081686 -1.448792020242076
 -1.303453006705107 -1.445329724385215
 -1.298343373916293 -1.442369510415054
 -1.293059551444846 -1.439664421346787
 -1.284783436255327 -1.436038637770434
 -1.273104175201384 -1.431609526030783
 -1.260957109069910 -1.427582472270043
 -1.249217383073936 -1.423908045363287
 -1.234966719885073 -1.419270554745814
 -1.216892016465758 -1.413557860048060
 -1.197854944850385 -1.408109169797243
 -1.179580611315993 -1.403112381841507
 -1.159201765937441 -1.397099481670403
 -1.134392959616858 -1.389698902252740
 -1.107769071125943 -1.382430153372739
 -1.082026357348534 -1.375781426741308
 -1.054523504584198 -1.368085752067426
 -1.021738878442048 -1.358653263684205
 -0.9857961310688986 -1.349289604589234
 -0.9505453993383451 -1.340903771443585
 -0.9137838818881565 -1.331513054356886
 -0.8704169306885359 -1.319996882380186
 -0.8216479230331810 -1.308730358422883
 -0.7728060389449473 -1.299348962661540
 -0.7223825018327583 -1.289278051822675
 -0.6626796600751843 -1.276790642011158
 -0.5929105872292779 -1.265921640776732
 -0.5206147927881911 -1.260345309790139
 -0.4449591137779809 -1.256555006385363
 -0.3508768554634950 -1.253693133609059
 -0.2324841917133486 -1.269196718127171
 -0.1163127131617770 -1.329782116840043
 -4.610651433397688E-02 -1.438606304321834
 -4.207444614703498E-02 -1.561471802682228
 -8.413990699679545E-02 -1.657055758500561
 -0.1365099303988517 -1.715398957470464
 -0.1791568636440677 -1.755831467050769
 -0.2127152108072463 -1.793282394217131
 -0.2439125859948298 -1.823744288679479
 -0.2756147554687565 -1.843435518080903
   
   
 #BODY NUMBER  2
 -1.704766980783939 3.472985786375363
 -1.740360144514924 3.455213851002255
 -1.775813731520711 3.437172321276364
 -1.811058299092201 3.418737857521245
 -1.846095128625018 3.399928171208062
 -1.880941490664027 3.380785378991630
 -1.915591757875390 3.361304152077302
 -1.950028162479769 3.341461768342737
 -1.984245966099644 3.321263774944455
 -2.018251757619650 3.300731283313452
 -2.052044339238078 3.279866210490693
 -2.085611908803164 3.258655532745555
 -2.118947225335932 3.237099365598390
 -2.152053260741887 3.215211871674517
 -2.184931116297442 3.192998017874284
 -2.217572459401222 3.170449174358750
 -2.249969034646946 3.147562541108347
 -2.282121653019530 3.124348140762046
 -2.314033060112507 3.100812734228130
 -2.345697954628378 3.076950994561630
 -2.377107912272539 3.052758720866297
 -2.408262059093655 3.028243143006916
 -2.439164246403073 3.003412459988619
 -2.469811880006620 2.978264521007582
 -2.500196594590030 2.952794750114357
 -2.530315579042334 2.927008200743818
 -2.560172921247617 2.900914073254296
 -2.589768224601275 2.874513181158721
 -2.619093110537231 2.847801016332017
 -2.648142333946018 2.820780459086409
 -2.676919382128389 2.793461047849869
 -2.705425783320462 2.765846294196532
 -2.733653282073082 2.737932045967295
 -2.761593812438084 2.709718870565077
 -2.789249617423654 2.681216070239929
 -2.816624260105607 2.652429868669768
 -2.843710050388951 2.623356975915370
 -2.870495705050541 2.593995570507642
 -2.896981609828789 2.564354320846626
 -2.923173959452697 2.534442666311005
 -2.949066516774830 2.504259119538096
 -2.974644150344557 2.473799398978902
 -2.999904767381625 2.443071304912603
 -3.024859316295044 2.412088981650536
 -3.049505597049855 2.380854251179329
 -3.073823352125635 2.349358544371055
 -3.097806258371926 2.317605948176165
 -3.121474346852875 2.285616809370196
 -3.144831816106359 2.253397816559585
 -3.167838694879218 2.220927757815721
 -3.190477834606415 2.188204072161614
 -3.212864406079470 2.155310427591370
 -3.234803022385008 2.122122898218350
 -3.256485964524356 2.088771681649703
 -3.277791423509104 2.055184683946883
 -3.298729364795998 2.021376602996042
 -3.319335803443033 1.987375277617739
 -3.339603201638829 1.953178906607361
 -3.359504810973937 1.918776695919399
 -3.379039301471315 1.884175818721079
 -3.398222934987936 1.849391263605635
 -3.417055632717574 1.814425289680100
 -3.435520661831672 1.779272519138782
 -3.453611809218661 1.743936672514731
 -3.471338729936869 1.708428529048501
 -3.488704861169818 1.672751839563769
 -3.505698671753568 1.636903296701466
 -3.522311612286778 1.600884603276657
 -3.538549396422472 1.564704033656847
 -3.554417782368539 1.528366070163592
 -3.569909515594189 1.491868750175977
 -3.585015199998158 1.455212647758432
 -3.599737693648783 1.418404461133195
 -3.614084431382097 1.381449365191322
 -3.628052091158127 1.344346794379149
 -3.641631140427487 1.307096968465342
 -3.654821671414103 1.269705669408362
 -3.667631824508601 1.232178821010204
 -3.680061662997788 1.194517326096035
 -3.692101676768055 1.156721469798054
 -3.703748763577471 1.118796369094553
 -3.715010712731063 1.080748540856090
 -3.725890603507200 1.042580262077014
 -3.736379210397644 1.004292064606640
 -3.746469831787838 0.9658884728043924
 -3.756169061304876 0.9273764211510334
 -3.765483096501888 0.8887595179718376
 -3.774403632591643 0.8500387591433567
 -3.782919987281712 0.8112182088386550
 -3.791036828831383 0.7723051812431752
 -3.798764241722681 0.7333047537341490
 -3.806096080746139 0.6942187567914277
 -3.813017100906614 0.6550510482101266
 -3.819529389942836 0.6158094296202998
 -3.825649501610804 0.5765006761503793
 -3.831376441617671 0.5371274657045484
 -3.836688381872168 0.4976925059605464
 -3.841581889840591 0.4582024978965169
 -3.846084486321127 0.4186650468048867
 -3.850203151657452 0.3790838459198074
 -3.853892663764605 0.3394605107988191
 -3.857136891061129 0.2998013978533072
 -3.860077408375309 0.2601213802958924
 -3.862483042733275 0.2204108286172461
 -3.864585413170415 0.1806863567520070
 -3.866242983039084 0.1409464340121409
 -3.867471731621060 0.1011988064120646
 -3.868316768281766 6.144957554859700E-02
 -3.868770664482751 2.170095043847384E-02
 -3.868804858399168 -1.804304263120001E-02
 -3.868421784820723 -5.777552652686006E-02
 -3.867643021225286 -9.749165167448499E-02
 -3.866469628918178 -0.1371894222268811
 -3.864884427941947 -0.1768651290861168
 -3.862883897850662 -0.2165124436202708
 -3.860481789790388 -0.2561268582623518
 -3.857682955861210 -0.2957068432955338
 -3.854475756102687 -0.3352494973948184
 -3.850853637923603 -0.3747490711784318
 -3.846825686676377 -0.4142012556604256
 -3.842399130276099 -0.4536050481404091
 -3.837566704804356 -0.4929585210325582
 -3.832320560030971 -0.5322564791318608
 -3.826666520226849 -0.5714945506418677
 -3.820613611594395 -0.6106719713934777
 -3.814158674385768 -0.6497875701505451
 -3.807293563055372 -0.6888363903131308
 -3.800021248450696 -0.7278134706702841
 -3.792351742257821 -0.7667177512543053
 -3.784285550697311 -0.8055484818390674
 -3.775814580335285 -0.8443006604360386
 -3.766938703040571 -0.8829683044910613
 -3.757667922984479 -0.9215496648811937
 -3.748006045397476 -0.9600443093106684
 -3.737945346679722 -0.9984471644303489
 -3.727482285242476 -1.036750961222760
 -3.716626038574688 -1.074952991064947
 -3.705383778077445 -1.113053227832121
 -3.693748809532308 -1.151046656676273
 -3.681713913889196 -1.188924416774071
 -3.669286791071964 -1.226682507984757
 -3.656478713186846 -1.264321575411676
 -3.643285273566258 -1.301836961208042
 -3.629695198554683 -1.339217701927712
 -3.615714197001925 -1.376458085030233
 -3.601359992445423 -1.413560519960268
 -3.586633062754403 -1.450522190438342
 -3.571515858086182 -1.487329837501113
 -3.556008756268443 -1.523975941664426
 -3.540139393657762 -1.560467676950930
 -3.523915662026167 -1.596805335097867
 -3.507299205678037 -1.632964905948884
 -3.490279232459722 -1.668932818899515
 -3.472985786375363 -1.704766980783939
 -3.455213851002255 -1.740360144514924
 -3.437172321276364 -1.775813731520711
 -3.418737857521245 -1.811058299092201
 -3.399928171208062 -1.846095128625018
 -3.380785378991630 -1.880941490664027
 -3.361304152077302 -1.915591757875390
 -3.341461768342737 -1.950028162479769
 -3.321263774944455 -1.984245966099644
 -3.300731283313452 -2.018251757619650
 -3.279866210490693 -2.052044339238078
 -3.258655532745555 -2.085611908803164
 -3.237099365598390 -2.118947225335932
 -3.215211871674517 -2.152053260741887
 -3.192998017874284 -2.184931116297442
 -3.170449174358750 -2.217572459401222
 -3.147562541108347 -2.249969034646946
 -3.124348140762046 -2.282121653019530
 -3.100812734228130 -2.314033060112507
 -3.076950994561630 -2.345697954628378
 -3.052758720866297 -2.377107912272539
 -3.028243143006916 -2.408262059093655
 -3.003412459988619 -2.439164246403073
 -2.978264521007582 -2.469811880006620
 -2.952794750114357 -2.500196594590030
 -2.927008200743818 -2.530315579042334
 -2.900914073254296 -2.560172921247617
 -2.874513181158721 -2.589768224601275
 -2.847801016332017 -2.619093110537231
 -2.820780459086409 -2.648142333946018
 -2.793461047849869 -2.676919382128389
 -2.765846294196532 -2.705425783320462
 -2.737932045967295 -2.733653282073082
 -2.709718870565077 -2.761593812438084
 -2.681216070239929 -2.789249617423654
 -2.652429868669768 -2.816624260105607
 -2.623356975915370 -2.843710050388951
 -2.593995570507642 -2.870495705050541
 -2.564354320846626 -2.896981609828789
 -2.534442666311005 -2.923173959452697
 -2.504259119538096 -2.949066516774830
 -2.473799398978902 -2.974644150344557
 -2.443071304912603 -2.999904767381625
 -2.412088981650536 -3.024859316295044
 -2.380854251179329 -3.049505597049855
 -2.349358544371055 -3.073823352125635
 -2.317605948176165 -3.097806258371926
 -2.285616809370196 -3.121474346852875
 -2.253397816559585 -3.144831816106359
 -2.220927757815721 -3.167838694879218
 -2.188204072161614 -3.190477834606415
 -2.155310427591370 -3.212864406079470
 -2.122122898218350 -3.234803022385008
 -2.088771681649703 -3.256485964524356
 -2.055184683946883 -3.277791423509104
 -2.021376602996042 -3.298729364795998
 -1.987375277617739 -3.319335803443033
 -1.953178906607361 -3.339603201638829
 -1.918776695919399 -3.359504810973937
 -1.884175818721079 -3.379039301471315
 -1.849391263605635 -3.398222934987936
 -1.814425289680100 -3.417055632717574
 -1.779272519138782 -3.435520661831672
 -1.743936672514731 -3.453611809218661
 -1.708428529048501 -3.471338729936869
 -1.672751839563769 -3.488704861169818
 -1.636903296701466 -3.505698671753568
 -1.600884603276657 -3.522311612286778
 -1.564704033656847 -3.538549396422472
 -1.528366070163592 -3.554417782368539
 -1.491868750175977 -3.569909515594189
 -1.455212647758432 -3.585015199998158
 -1.418404461133195 -3.599737693648783
 -1.381449365191322 -3.614084431382097
 -1.344346794379149 -3.628052091158127
 -1.307096968465342 -3.641631140427487
 -1.269705669408362 -3.654821671414103
 -1.232178821010204 -3.667631824508601
 -1.194517326096035 -3.680061662997788
 -1.156721469798054 -3.692101676768055
 -1.118796369094553 -3.703748763577471
 -1.080748540856090 -3.715010712731063
 -1.042580262077014 -3.725890603507200
 -1.004292064606640 -3.736379210397644
 -0.9658884728043924 -3.746469831787838
 -0.9273764211510334 -3.756169061304876
 -0.8887595179718376 -3.765483096501888
 -0.8500387591433567 -3.774403632591643
 -0.8112182088386550 -3.782919987281712
 -0.7723051812431752 -3.791036828831383
 -0.7333047537341490 -3.798764241722681
 -0.6942187567914277 -3.806096080746139
 -0.6550510482101266 -3.813017100906614
 -0.6158094296202998 -3.819529389942836
 -0.5765006761503793 -3.825649501610804
 -0.5371274657045484 -3.831376441617671
 -0.4976925059605464 -3.836688381872168
 -0.4582024978965169 -3.841581889840591
 -0.4186650468048867 -3.846084486321127
 -0.3790838459198074 -3.850203151657452
 -0.3394605107988191 -3.853892663764605
 -0.2998013978533072 -3.857136891061129
 -0.2601213802958924 -3.860077408375309
 -0.2204108286172461 -3.862483042733275
 -0.1806863567520070 -3.864585413170415
 -0.1409464340121409 -3.866242983039084
 -0.1011988064120646 -3.867471731621060
 -6.144957554859700E-02 -3.868316768281766
 -2.170095043847384E-02 -3.868770664482751
 1.804304263120001E-02 -3.868804858399168
 5.777552652686006E-02 -3.868421784820723
 9.749165167448499E-02 -3.867643021225286
 0.1371894222268811 -3.866469628918178
 0.1768651290861168 -3.864884427941947
 0.2165124436202708 -3.862883897850662
 0.2561268582623518 -3.860481789790388
 0.2957068432955338 -3.857682955861210
 0.3352494973948184 -3.854475756102687
 0.3747490711784318 -3.850853637923603
 0.4142012556604256 -3.846825686676377
 0.4536050481404091 -3.842399130276099
 0.4929585210325582 -3.837566704804356
 0.5322564791318608 -3.832320560030971
 0.5714945506418677 -3.826666520226849
 0.6106719713934777 -3.820613611594395
 0.6497875701505451 -3.814158674385768
 0.6888363903131308 -3.807293563055372
 0.7278134706702841 -3.800021248450696
 0.7667177512543053 -3.792351742257821
 0.8055484818390674 -3.784285550697311
 0.8443006604360386 -3.775814580335285
 0.8829683044910613 -3.766938703040571
 0.9215496648811937 -3.757667922984479
 0.9600443093106684 -3.748006045397476
 0.9984471644303489 -3.737945346679722
 1.036750961222760 -3.727482285242476
 1.074952991064947 -3.716626038574688
 1.113053227832121 -3.705383778077445
 1.151046656676273 -3.693748809532308
 1.188924416774071 -3.681713913889196
 1.226682507984757 -3.669286791071964
 1.264321575411676 -3.656478713186846
 1.301836961208042 -3.643285273566258
 1.339217701927712 -3.629695198554683
 1.376458085030233 -3.615714197001925
 1.413560519960268 -3.601359992445423
 1.450522190438342 -3.586633062754403
 1.487329837501113 -3.571515858086182
 1.523975941664426 -3.556008756268443
 1.560467676950930 -3.540139393657762
 1.596805335097867 -3.523915662026167
 1.632964905948884 -3.507299205678037
 1.668932818899515 -3.490279232459722
 1.704766980783939 -3.472985786375363
 1.740360144514924 -3.455213851002255
 1.775813731520711 -3.437172321276364
 1.811058299092201 -3.418737857521245
 1.846095128625018 -3.399928171208062
 1.880941490664027 -3.380785378991630
 1.915591757875390 -3.361304152077302
 1.950028162479769 -3.341461768342737
 1.984245966099644 -3.321263774944455
 2.018251757619650 -3.300731283313452
 2.052044339238078 -3.279866210490693
 2.085611908803164 -3.258655532745555
 2.118947225335932 -3.237099365598390
 2.152053260741887 -3.215211871674517
 2.184931116297442 -3.192998017874284
 2.217572459401222 -3.170449174358750
 2.249969034646946 -3.147562541108347
 2.282121653019530 -3.124348140762046
 2.314033060112507 -3.100812734228130
 2.345697954628378 -3.076950994561630
 2.377107912272539 -3.052758720866297
 2.408262059093655 -3.028243143006916
 2.439164246403073 -3.003412459988619
 2.469811880006620 -2.978264521007582
 2.500196594590030 -2.952794750114357
 2.530315579042334 -2.927008200743818
 2.560172921247617 -2.900914073254296
 2.589768224601275 -2.874513181158721
 2.619093110537231 -2.847801016332017
 2.648142333946018 -2.820780459086409
 2.676919382128389 -2.793461047849869
 2.705425783320462 -2.765846294196532
 2.733653282073082 -2.737932045967295
 2.761593812438084 -2.709718870565077
 2.789249617423654 -2.681216070239929
 2.816624260105607 -2.652429868669768
 2.843710050388951 -2.623356975915370
 2.870495705050541 -2.593995570507642
 2.896981609828789 -2.564354320846626
 2.923173959452697 -2.534442666311005
 2.949066516774830 -2.504259119538096
 2.974644150344557 -2.473799398978902
 2.999904767381625 -2.443071304912603
 3.024859316295044 -2.412088981650536
 3.049505597049855 -2.380854251179329
 3.073823352125635 -2.349358544371055
 3.097806258371926 -2.317605948176165
 3.121474346852875 -2.285616809370196
 3.144831816106359 -2.253397816559585
 3.167838694879218 -2.220927757815721
 3.190477834606415 -2.188204072161614
 3.212864406079470 -2.155310427591370
 3.234803022385008 -2.122122898218350
 3.256485964524356 -2.088771681649703
 3.277791423509104 -2.055184683946883
 3.298729364795998 -2.021376602996042
 3.319335803443033 -1.987375277617739
 3.339603201638829 -1.953178906607361
 3.359504810973937 -1.918776695919399
 3.379039301471315 -1.884175818721079
 3.398222934987936 -1.849391263605635
 3.417055632717574 -1.814425289680100
 3.435520661831672 -1.779272519138782
 3.453611809218661 -1.743936672514731
 3.471338729936869 -1.708428529048501
 3.488704861169818 -1.672751839563769
 3.505698671753568 -1.636903296701466
 3.522311612286778 -1.600884603276657
 3.538549396422472 -1.564704033656847
 3.554417782368539 -1.528366070163592
 3.569909515594189 -1.491868750175977
 3.585015199998158 -1.455212647758432
 3.599737693648783 -1.418404461133195
 3.614084431382097 -1.381449365191322
 3.628052091158127 -1.344346794379149
 3.641631140427487 -1.307096968465342
 3.654821671414103 -1.269705669408362
 3.667631824508601 -1.232178821010204
 3.680061662997788 -1.194517326096035
 3.692101676768055 -1.156721469798054
 3.703748763577471 -1.118796369094553
 3.715010712731063 -1.080748540856090
 3.725890603507200 -1.042580262077014
 3.736379210397644 -1.004292064606640
 3.746469831787838 -0.9658884728043924
 3.756169061304876 -0.9273764211510334
 3.765483096501888 -0.8887595179718376
 3.774403632591643 -0.8500387591433567
 3.782919987281712 -0.8112182088386550
 3.791036828831383 -0.7723051812431752
 3.798764241722681 -0.7333047537341490
 3.806096080746139 -0.6942187567914277
 3.813017100906614 -0.6550510482101266
 3.819529389942836 -0.6158094296202998
 3.825649501610804 -0.5765006761503793
 3.831376441617671 -0.5371274657045484
 3.836688381872168 -0.4976925059605464
 3.841581889840591 -0.4582024978965169
 3.846084486321127 -0.4186650468048867
 3.850203151657452 -0.3790838459198074
 3.853892663764605 -0.3394605107988191
 3.857136891061129 -0.2998013978533072
 3.860077408375309 -0.2601213802958924
 3.862483042733275 -0.2204108286172461
 3.864585413170415 -0.1806863567520070
 3.866242983039084 -0.1409464340121409
 3.867471731621060 -0.1011988064120646
 3.868316768281766 -6.144957554859700E-02
 3.868770664482751 -2.170095043847384E-02
 3.868804858399168 1.804304263120001E-02
 3.868421784820723 5.777552652686006E-02
 3.867643021225286 9.749165167448499E-02
 3.866469628918178 0.1371894222268811
 3.864884427941947 0.1768651290861168
 3.862883897850662 0.2165124436202708
 3.860481789790388 0.2561268582623518
 3.857682955861210 0.2957068432955338
 3.854475756102687 0.3352494973948184
 3.850853637923603 0.3747490711784318
 3.846825686676377 0.4142012556604256
 3.842399130276099 0.4536050481404091
 3.837566704804356 0.4929585210325582
 3.832320560030971 0.5322564791318608
 3.826666520226849 0.5714945506418677
 3.820613611594395 0.6106719713934777
 3.814158674385768 0.6497875701505451
 3.807293563055372 0.6888363903131308
 3.800021248450696 0.7278134706702841
 3.792351742257821 0.7667177512543053
 3.784285550697311 0.8055484818390674
 3.775814580335285 0.8443006604360386
 3.766938703040571 0.8829683044910613
 3.757667922984479 0.9215496648811937
 3.748006045397476 0.9600443093106684
 3.737945346679722 0.9984471644303489
 3.727482285242476 1.036750961222760
 3.716626038574688 1.074952991064947
 3.705383778077445 1.113053227832121
 3.693748809532308 1.151046656676273
 3.681713913889196 1.188924416774071
 3.669286791071964 1.226682507984757
 3.656478713186846 1.264321575411676
 3.643285273566258 1.301836961208042
 3.629695198554683 1.339217701927712
 3.615714197001925 1.376458085030233
 3.601359992445423 1.413560519960268
 3.586633062754403 1.450522190438342
 3.571515858086182 1.487329837501113
 3.556008756268443 1.523975941664426
 3.540139393657762 1.560467676950930
 3.523915662026167 1.596805335097867
 3.507299205678037 1.632964905948884
 3.490279232459722 1.668932818899515
 3.472985786375363 1.704766980783939
 3.455213851002255 1.740360144514924
 3.437172321276364 1.775813731520711
 3.418737857521245 1.811058299092201
 3.399928171208062 1.846095128625018
 3.380785378991630 1.880941490664027
 3.361304152077302 1.915591757875390
 3.341461768342737 1.950028162479769
 3.321263774944455 1.984245966099644
 3.300731283313452 2.018251757619650
 3.279866210490693 2.052044339238078
 3.258655532745555 2.085611908803164
 3.237099365598390 2.118947225335932
 3.215211871674517 2.152053260741887
 3.192998017874284 2.184931116297442
 3.170449174358750 2.217572459401222
 3.147562541108347 2.249969034646946
 3.124348140762046 2.282121653019530
 3.100812734228130 2.314033060112507
 3.076950994561630 2.345697954628378
 3.052758720866297 2.377107912272539
 3.028243143006916 2.408262059093655
 3.003412459988619 2.439164246403073
 2.978264521007582 2.469811880006620
 2.952794750114357 2.500196594590030
 2.927008200743818 2.530315579042334
 2.900914073254296 2.560172921247617
 2.874513181158721 2.589768224601275
 2.847801016332017 2.619093110537231
 2.820780459086409 2.648142333946018
 2.793461047849869 2.676919382128389
 2.765846294196532 2.705425783320462
 2.737932045967295 2.733653282073082
 2.709718870565077 2.761593812438084
 2.681216070239929 2.789249617423654
 2.652429868669768 2.816624260105607
 2.623356975915370 2.843710050388951
 2.593995570507642 2.870495705050541
 2.564354320846626 2.896981609828789
 2.534442666311005 2.923173959452697
 2.504259119538096 2.949066516774830
 2.473799398978902 2.974644150344557
 2.443071304912603 2.999904767381625
 2.412088981650536 3.024859316295044
 2.380854251179329 3.049505597049855
 2.349358544371055 3.073823352125635
 2.317605948176165 3.097806258371926
 2.285616809370196 3.121474346852875
 2.253397816559585 3.144831816106359
 2.220927757815721 3.167838694879218
 2.188204072161614 3.190477834606415
 2.155310427591370 3.212864406079470
 2.122122898218350 3.234803022385008
 2.088771681649703 3.256485964524356
 2.055184683946883 3.277791423509104
 2.021376602996042 3.298729364795998
 1.987375277617739 3.319335803443033
 1.953178906607361 3.339603201638829
 1.918776695919399 3.359504810973937
 1.884175818721079 3.379039301471315
 1.849391263605635 3.398222934987936
 1.814425289680100 3.417055632717574
 1.779272519138782 3.435520661831672
 1.743936672514731 3.453611809218661
 1.708428529048501 3.471338729936869
 1.672751839563769 3.488704861169818
 1.636903296701466 3.505698671753568
 1.600884603276657 3.522311612286778
 1.564704033656847 3.538549396422472
 1.528366070163592 3.554417782368539
 1.491868750175977 3.569909515594189
 1.455212647758432 3.585015199998158
 1.418404461133195 3.599737693648783
 1.381449365191322 3.614084431382097
 1.344346794379149 3.628052091158127
 1.307096968465342 3.641631140427487
 1.269705669408362 3.654821671414103
 1.232178821010204 3.667631824508601
 1.194517326096035 3.680061662997788
 1.156721469798054 3.692101676768055
 1.118796369094553 3.703748763577471
 1.080748540856090 3.715010712731063
 1.042580262077014 3.725890603507200
 1.004292064606640 3.736379210397644
 0.9658884728043924 3.746469831787838
 0.9273764211510334 3.756169061304876
 0.8887595179718376 3.765483096501888
 0.8500387591433567 3.774403632591643
 0.8112182088386550 3.782919987281712
 0.7723051812431752 3.791036828831383
 0.7333047537341490 3.798764241722681
 0.6942187567914277 3.806096080746139
 0.6550510482101266 3.813017100906614
 0.6158094296202998 3.819529389942836
 0.5765006761503793 3.825649501610804
 0.5371274657045484 3.831376441617671
 0.4976925059605464 3.836688381872168
 0.4582024978965169 3.841581889840591
 0.4186650468048867 3.846084486321127
 0.3790838459198074 3.850203151657452
 0.3394605107988191 3.853892663764605
 0.2998013978533072 3.857136891061129
 0.2601213802958924 3.860077408375309
 0.2204108286172461 3.862483042733275
 0.1806863567520070 3.864585413170415
 0.1409464340121409 3.866242983039084
 0.1011988064120646 3.867471731621060
 6.144957554859700E-02 3.868316768281766
 2.170095043847384E-02 3.868770664482751
 -1.804304263120001E-02 3.868804858399168
 -5.777552652686006E-02 3.868421784820723
 -9.749165167448499E-02 3.867643021225286
 -0.1371894222268811 3.866469628918178
 -0.1768651290861168 3.864884427941947
 -0.2165124436202708 3.862883897850662
 -0.2561268582623518 3.860481789790388
 -0.2957068432955338 3.857682955861210
 -0.3352494973948184 3.854475756102687
 -0.3747490711784318 3.850853637923603
 -0.4142012556604256 3.846825686676377
 -0.4536050481404091 3.842399130276099
 -0.4929585210325582 3.837566704804356
 -0.5322564791318608 3.832320560030971
 -0.5714945506418677 3.826666520226849
 -0.6106719713934777 3.820613611594395
 -0.6497875701505451 3.814158674385768
 -0.6888363903131308 3.807293563055372
 -0.7278134706702841 3.800021248450696
 -0.7667177512543053 3.792351742257821
 -0.8055484818390674 3.784285550697311
 -0.8443006604360386 3.775814580335285
 -0.8829683044910613 3.766938703040571
 -0.9215496648811937 3.757667922984479
 -0.9600443093106684 3.748006045397476
 -0.9984471644303489 3.737945346679722
 -1.036750961222760 3.727482285242476
 -1.074952991064947 3.716626038574688
 -1.113053227832121 3.705383778077445
 -1.151046656676273 3.693748809532308
 -1.188924416774071 3.681713913889196
 -1.226682507984757 3.669286791071964
 -1.264321575411676 3.656478713186846
 -1.301836961208042 3.643285273566258
 -1.339217701927712 3.629695198554683
 -1.376458085030233 3.615714197001925
 -1.413560519960268 3.601359992445423
 -1.450522190438342 3.586633062754403
 -1.487329837501113 3.571515858086182
 -1.523975941664426 3.556008756268443
 -1.560467676950930 3.540139393657762
 -1.596805335097867 3.523915662026167
 -1.632964905948884 3.507299205678037
 -1.668932818899515 3.490279232459722
 -1.704766980783939 3.472985786375363
   
   
 #BODY NUMBER  3
 1.679670939601338 -0.4585100621990403
 1.663827082744294 -0.4276814006521802
 1.647623052090757 -0.3961866283353460
 1.629222773108972 -0.3658958659850978
 1.607264468597096 -0.3386560145657175
 1.582790662379740 -0.3133869633632426
 1.557225826472321 -0.2885039310756402
 1.529728408731278 -0.2653443245383177
 1.498703930515698 -0.2462040667955034
 1.464778807917982 -0.2306103324546525
 1.429778523403567 -0.2168438252616163
 1.393561467371561 -0.2059067603898478
 1.354594516536044 -0.2004340272366445
 1.313303599951032 -0.2004817557560901
 1.272010898269333 -0.2041018954885406
 1.231489560956610 -0.2116812848172679
 1.190501228473265 -0.2257980702486650
 1.149255462328093 -0.2466602957011009
 1.110352615411351 -0.2716649563678090
 1.075249754348846 -0.3000489446713556
 1.042648073719060 -0.3338867141197337
 1.011851646324154 -0.3733766407814964
 0.9848996237787080 -0.4153107871318146
 0.9633128272358674 -0.4579449675497593
 0.9453252596820378 -0.5032732988750169
 0.9289268518487082 -0.5522104060654749
 0.9153380146035192 -0.6016784116855700
 0.9063528170478082 -0.6494694893389393
 0.9002178167430595 -0.6979524267034262
 0.8938874123783493 -0.7492325559150458
 0.8879350715806067 -0.8005583091073138
 0.8849231863257117 -0.8490967952844730
 0.8836765315255204 -0.8975235044113286
 0.8800913476763497 -0.9492885408047237
 0.8737605609906753 -1.001770894277549
 0.8682600953940025 -1.050922938727965
 0.8634152564755559 -1.099691464424125
 0.8532872813955168 -1.153401932377466
 0.8350226818290346 -1.209031464288019
 0.8131782224066120 -1.259717419252381
 0.7887144749730681 -1.308904069095093
 0.7489736508235257 -1.364823035176524
 0.6800794085414821 -1.415361013983059
 0.5915822891562805 -1.424196377557958
 0.5197696622579686 -1.366675368370487
 0.4992515051252067 -1.262163217167643
 0.5332541660021954 -1.156463670868783
 0.5956619739091653 -1.076233268606745
 0.6594506354971625 -1.014741356484975
 0.7178188239582425 -0.9584469821280935
 0.7786325289699167 -0.9073048738616083
 0.8459432921400383 -0.8637951690059178
 0.9095754622338570 -0.8232963047582064
 0.9730025533328446 -0.7843396740110388
 1.036116363817465 -0.7472484257063114
 1.098901840507593 -0.7112024757945810
 1.161356115563693 -0.6752547064828832
 1.223430238784834 -0.6389370824907936
 1.285032712649296 -0.6019736185172955
 1.346044192970110 -0.5638642912008849
 1.406299361310079 -0.5239928287500051
 1.465557735081613 -0.4819406644623432
 1.523498166716067 -0.4374639286686766
 1.579727434164050 -0.3902591418590605
 1.633777816809868 -0.3399697569054979
 1.685103210928227 -0.2864167623905681
 1.733100598972644 -0.2296720761915464
 1.777154047070483 -0.1699139395086477
 1.816676692515996 -0.1073723622349338
 1.851147599631613 -4.246149866460525E-02
 1.880159592178748 2.416439238649393E-02
 1.903471128580102 9.176552141756056E-02
 1.921029134392299 0.1596617017470490
 1.932950103525055 0.2271979122290493
 1.939485565824334 0.2936917335682311
 1.940996041494291 0.3585357818146098
 1.937924143269087 0.4213217165828890
 1.930751548754118 0.4817921949245376
 1.919953867034820 0.5397163685293108
 1.905978701623656 0.5949011738800031
 1.889244476313025 0.6472928080881835
 1.870136220175357 0.6969570510039528
 1.848992215677693 0.7439458887476612
 1.826098943563163 0.7882644074067889
 1.801701728933641 0.8299754602662271
 1.776014995941693 0.8692354950947382
 1.749220136861021 0.9061805399444947
 1.721462059752924 0.9408549808829337
 1.692857257419986 0.9733062658784578
 1.663505234988727 1.003671890992099
 1.633488874263358 1.032091712760493
 1.602868274646157 1.058591580045034
 1.571683700416185 1.083148383747079
 1.539968334122391 1.105825034810028
 1.507757283892698 1.126719245015659
 1.475088677380401 1.145795855755856
 1.442005261629925 1.162920591820930
 1.408555971124034 1.178092512810121
 1.374785340948695 1.191469863581414
 1.340715247124596 1.203052758021772
 1.306349331690257 1.212527485364520
 1.271716312823659 1.219738047517340
 1.236916831555821 1.225382672593716
 1.202296499063046 1.227075820835022
 1.166919210823492 1.228790104803774
 1.131486501637287 1.228000376943951
 1.096916946056852 1.222603853122323
 1.062796402677301 1.214043440812032
 1.028464646639340 1.204345159616428
 0.9946591301658448 1.192111500582873
 0.9625709416177956 1.174813643180430
 0.9321038102398952 1.153230492354733
 0.9026815230321371 1.129802610422085
 0.8751012189943443 1.103906252283967
 0.8508782176377784 1.072896249528992
 0.8302740934555973 1.037113402561105
 0.8127628755882992 0.9995428040476354
 0.7990661506357882 0.9606606018751354
 0.7907974791974798 0.9181052719700972
 0.7882418133461816 0.8719542779636080
 0.7904450612381894 0.8257610939208185
 0.7974748856385286 0.7811691303434003
 0.8104784132733320 0.7360163619877496
 0.8292794792585496 0.6896009101870760
 0.8521195040112168 0.6452927008041900
 0.8782483890512658 0.6052808964027916
 0.9085100917131820 0.5670390402862577
 0.9426916658111758 0.5283690489257474
 0.9787377967301352 0.4918667678534741
 1.015633485274332 0.4601898196855219
 1.054553440529693 0.4306352848871408
 1.095798132953949 0.3995129292852642
 1.137271368687952 0.3686951743463024
 1.177800988151164 0.3418175621137000
 1.219116421076605 0.3165245728235567
 1.262153665696526 0.2875371943362396
 1.304439323711550 0.2558133955040927
 1.344256010055216 0.2264738303395237
 1.384068372753982 0.1978938139108253
 1.425519014910705 0.1622674962259455
 1.464563302962640 0.1186351230561453
 1.497536397865640 7.437428878220753E-02
 1.527901412439707 2.859473711163612E-02
 1.556458245544815 -3.378130920991292E-02
 1.565778297906173 -0.1187144626039105
 1.529181387521106 -0.1997728979406889
 1.443460418864282 -0.2332039525533851
 1.342691162352077 -0.1987171222677757
 1.268154000527270 -0.1164201810026063
 1.229876337965985 -2.225823282965176E-02
 1.208517110735251 6.373032463984725E-02
 1.188948846682580 0.1424258457984610
 1.175065334226547 0.2206631133700666
 1.171040206095417 0.3007107966513551
 1.167783245879390 0.3760673045743902
 1.165759359555987 0.4504750921278472
 1.165194301508327 0.5236788794895286
 1.165370331526291 0.5960756722477607
 1.165465787621028 0.6681365456771325
 1.165050864249358 0.7400531253003313
 1.163840802368668 0.8118841645896713
 1.161342896951928 0.8837763201281963
 1.156940781753413 0.9558945578453568
 1.150151726081948 1.028239897062290
 1.140603958824451 1.100656150660796
 1.127838047991086 1.172954518111746
 1.111311354403516 1.244908215044076
 1.090595797764037 1.316133807467288
 1.065452152008116 1.386073107928564
 1.035726811606823 1.454103581447040
 1.001325539617796 1.519601985064477
 0.9623465363421135 1.581910098103259
 0.9191528184156545 1.640348166189032
 0.8722642915509186 1.694337113429384
 0.8222434774717507 1.743490882667286
 0.7697158880853833 1.787582850014983
 0.7153982807605879 1.826489637061225
 0.6599969255299785 1.860219771486395
 0.6040867619076939 1.888952396969668
 0.5481314942273452 1.912975987079484
 0.4925688475327425 1.932587007210980
 0.4377898214905617 1.948076561618168
 0.3840502226651800 1.959780114490599
 0.3314855985715685 1.968064000711244
 0.2802200691423797 1.973247174550388
 0.2303924700682156 1.975580278653019
 0.1820710313585858 1.975307197431992
 0.1352274773476595 1.972691851534992
 8.983470042347863E-02 1.967959345305184
 4.592671515471880E-02 1.961257365838584
 3.520676796677447E-03 1.952710522845790
 -3.745273716916031E-02 1.942473738324690
 -7.707320515429994E-02 1.930688718291559
 -0.1153330632282290 1.917420434786221
 -0.1521921661849335 1.902692203147887
 -0.1876884052250996 1.886564215778607
 -0.2218888471700348 1.869115733099932
 -0.2547439799453011 1.850362195324143
 -0.2861161442859966 1.830273484872806
 -0.3159800585397922 1.808891510050734
 -0.3444504992307366 1.786333961802727
 -0.3715166269774898 1.762619842261917
 -0.3969049392674100 1.737595450142846
 -0.4204659787006177 1.711207657071036
 -0.4427541080455168 1.683892734792756
 -0.4615305836812486 1.654757221487202
 -0.4807038412672653 1.624976733139120
 -0.4977362714716848 1.593896242929049
 -0.5103475225402437 1.561259867688040
 -0.5199942597024387 1.527430404175275
 -0.5287611798329813 1.492849090692068
 -0.5350692785654334 1.457455825121191
 -0.5361329888979018 1.421017709975934
 -0.5326749976780869 1.383840824809385
 -0.5270970003714301 1.346646435683701
 -0.5184602483772169 1.309813012673815
 -0.5037162988982660 1.273330276765636
 -0.4830295064954350 1.237595158317195
 -0.4592480226810338 1.203644699536176
 -0.4324234103208218 1.172341886692403
 -0.3997037492757853 1.143903342218762
 -0.3610136489819114 1.118614573664709
 -0.3199075541731619 1.097426050288627
 -0.2777748687103177 1.081218075014756
 -0.2321696604457283 1.069903076107483
 -0.1825721670656041 1.062977550968572
 -0.1327801197674912 1.060603487936004
 -8.506443818460163E-02 1.063225863952551
 -3.681516796885592E-02 1.070312339161275
 1.376481396246770E-02 1.080579454991222
 6.339978212661601E-02 1.093545179539044
 0.1092806682265240 1.109659309024461
 0.1543356237866337 1.128587711590567
 0.2019107205755998 1.148745485200310
 0.2493362971073456 1.169253483453616
 0.2928778018254528 1.190914357398173
 0.3354398895510851 1.214048077234885
 0.3820623180201765 1.236825735140963
 0.4306787627208750 1.257584289781642
 0.4759959146612136 1.277396769067489
 0.5206531162784258 1.297585278334951
 0.5722317335151883 1.315669428603411
 0.6295406211336051 1.327666587344164
 0.6843581754590284 1.334091708034589
 0.7391869374666391 1.337498806206730
 0.8074845947212893 1.331041725966611
 0.8856988893646904 1.296646551379149
 0.9375990983648257 1.224423479617270
 0.9236907566063133 1.133471415817102
 0.8434396572268708 1.063446094899867
 0.7348998345250746 1.040043489866177
 0.6342143640568196 1.053975035777093
 0.5490664752380885 1.078471681124822
 0.4711300227243377 1.100872827926554
 0.3964328052566302 1.127967987231675
 0.3250969139553783 1.164505965657273
 0.2582077836455335 1.199363609332597
 0.1927568062231426 1.234814766138886
 0.1290779376908620 1.270927305195840
 6.646849101869783E-02 1.307278148042342
 4.109672057335204E-03 1.343391252160016
 -5.837937453547627E-02 1.378990207791125
 -0.1211919102806275 1.413857783106967
 -0.1847012960181826 1.447640611329081
 -0.2493585795566662 1.479887386595362
 -0.3154060089996651 1.510180561524633
 -0.3828942078916163 1.538120079329473
 -0.4518893861729635 1.563213659970807
 -0.5224664624063531 1.584877971949574
 -0.5945074131641901 1.602550569857856
 -0.6676484469645277 1.615745184120110
 -0.7414272354636602 1.624017520955688
 -0.8153511528982005 1.626974347299411
 -0.8888010632894994 1.624371596767865
 -0.9610067737630928 1.616183773802538
 -1.031206837029184 1.602571592011824
 -1.098785656920548 1.583829180920237
 -1.163234215439671 1.560384937785933
 -1.224087285063746 1.532797903492994
 -1.280999115964312 1.501683989671785
 -1.333837381361393 1.467630680386778
 -1.382620054526773 1.431183792154946
 -1.427385019502077 1.392870638681669
 -1.468188880133094 1.353175387738165
 -1.505194253647845 1.312487306402416
 -1.538650621603788 1.271106949707291
 -1.568772146535313 1.229301285802727
 -1.595706473494947 1.187315871246230
 -1.619630697575055 1.145331737165764
 -1.640787518594034 1.103456356440254
 -1.659385436437542 1.061778805360689
 -1.675535344598205 1.020402384955650
 -1.689336580623309 0.9794042569673322
 -1.700957972157887 0.9388018473325903
 -1.710562079417657 0.8985970055310659
 -1.718201337874386 0.8588288547411874
 -1.723875866601119 0.8195438194008082
 -1.727656739347491 0.7807391809685793
 -1.729646131062733 0.7423964880842732
 -1.729832657325702 0.7045663395682874
 -1.728121405915922 0.6673528930518761
 -1.724536029663826 0.6307989972406129
 -1.719235840179431 0.5948640982213137
 -1.712231874102085 0.5595670842401455
 -1.703254270957667 0.5250679647783264
 -1.692182291524276 0.4914696095536966
 -1.679670939601338 0.4585100621990403
 -1.663827082744294 0.4276814006521802
 -1.647623052090757 0.3961866283353460
 -1.629222773108972 0.3658958659850978
 -1.607264468597096 0.3386560145657175
 -1.582790662379740 0.3133869633632426
 -1.557225826472321 0.2885039310756402
 -1.529728408731278 0.2653443245383177
 -1.498703930515698 0.2462040667955034
 -1.464778807917982 0.2306103324546525
 -1.429778523403567 0.2168438252616163
 -1.393561467371561 0.2059067603898478
 -1.354594516536044 0.2004340272366445
 -1.313303599951032 0.2004817557560901
 -1.272010898269333 0.2041018954885406
 -1.231489560956610 0.2116812848172679
 -1.190501228473265 0.2257980702486650
 -1.149255462328093 0.2466602957011009
 -1.110352615411351 0.2716649563678090
 -1.075249754348846 0.3000489446713556
 -1.042648073719060 0.3338867141197337
 -1.011851646324154 0.3733766407814964
 -0.9848996237787080 0.4153107871318146
 -0.9633128272358674 0.4579449675497593
 -0.9453252596820378 0.5032732988750169
 -0.9289268518487082 0.5522104060654749
 -0.9153380146035192 0.6016784116855700
 -0.9063528170478082 0.6494694893389393
 -0.9002178167430595 0.6979524267034262
 -0.8938874123783493 0.7492325559150458
 -0.8879350715806067 0.8005583091073138
 -0.8849231863257117 0.8490967952844730
 -0.8836765315255204 0.8975235044113286
 -0.8800913476763497 0.9492885408047237
 -0.8737605609906753 1.001770894277549
 -0.8682600953940025 1.050922938727965
 -0.8634152564755559 1.099691464424125
 -0.8532872813955168 1.153401932377466
 -0.8350226818290346 1.209031464288019
 -0.8131782224066120 1.259717419252381
 -0.7887144749730681 1.308904069095093
 -0.7489736508235257 1.364823035176524
 -0.6800794085414821 1.415361013983059
 -0.5915822891562805 1.424196377557958
 -0.5197696622579686 1.366675368370487
 -0.4992515051252067 1.262163217167643
 -0.5332541660021954 1.156463670868783
 -0.5956619739091653 1.076233268606745
 -0.6594506354971625 1.014741356484975
 -0.7178188239582425 0.9584469821280935
 -0.7786325289699167 0.9073048738616083
 -0.8459432921400383 0.8637951690059178
 -0.9095754622338570 0.8232963047582064
 -0.9730025533328446 0.7843396740110388
 -1.036116363817465 0.7472484257063114
 -1.098901840507593 0.7112024757945810
 -1.161356115563693 0.6752547064828832
 -1.223430238784834 0.6389370824907936
 -1.285032712649296 0.6019736185172955
 -1.346044192970110 0.5638642912008849
 -1.406299361310079 0.5239928287500051
 -1.465557735081613 0.4819406644623432
 -1.523498166716067 0.4374639286686766
 -1.579727434164050 0.3902591418590605
 -1.633777816809868 0.3399697569054979
 -1.685103210928227 0.2864167623905681
 -1.733100598972644 0.2296720761915464
 -1.777154047070483 0.1699139395086477
 -1.816676692515996 0.1073723622349338
 -1.851147599631613 4.246149866460525E-02
 -1.880159592178748 -2.416439238649393E-02
 -1.903471128580102 -9.176552141756056E-02
 -1.921029134392299 -0.1596617017470490
 -1.932950103525055 -0.2271979122290493
 -1.939485565824334 -0.2936917335682311
 -1.940996041494291 -0.3585357818146098
 -1.937924143269087 -0.4213217165828890
 -1.930751548754118 -0.4817921949245376
 -1.919953867034820 -0.5397163685293108
 -1.905978701623656 -0.5949011738800031
 -1.889244476313025 -0.6472928080881835
 -1.870136220175357 -0.6969570510039528
 -1.848992215677693 -0.7439458887476612
 -1.826098943563163 -0.7882644074067889
 -1.801701728933641 -0.8299754602662271
 -1.776014995941693 -0.8692354950947382
 -1.749220136861021 -0.9061805399444947
 -1.721462059752924 -0.9408549808829337
 -1.692857257419986 -0.9733062658784578
 -1.663505234988727 -1.003671890992099
 -1.633488874263358 -1.032091712760493
 -1.602868274646157 -1.058591580045034
 -1.571683700416185 -1.083148383747079
 -1.539968334122391 -1.105825034810028
 -1.507757283892698 -1.126719245015659
 -1.475088677380401 -1.145795855755856
 -1.442005261629925 -1.162920591820930
 -1.408555971124034 -1.178092512810121
 -1.374785340948695 -1.191469863581414
 -1.340715247124596 -1.203052758021772
 -1.306349331690257 -1.212527485364520
 -1.271716312823659 -1.219738047517340
 -1.236916831555821 -1.225382672593716
 -1.202296499063046 -1.227075820835022
 -1.166919210823492 -1.228790104803774
 -1.131486501637287 -1.228000376943951
 -1.096916946056852 -1.222603853122323
 -1.062796402677301 -1.214043440812032
 -1.028464646639340 -1.204345159616428
 -0.9946591301658448 -1.192111500582873
 -0.9625709416177956 -1.174813643180430
 -0.9321038102398952 -1.153230492354733
 -0.9026815230321371 -1.129802610422085
 -0.8751012189943443 -1.103906252283967
 -0.8508782176377784 -1.072896249528992
 -0.8302740934555973 -1.037113402561105
 -0.8127628755882992 -0.9995428040476354
 -0.7990661506357882 -0.9606606018751354
 -0.7907974791974798 -0.9181052719700972
 -0.7882418133461816 -0.8719542779636080
 -0.7904450612381894 -0.8257610939208185
 -0.7974748856385286 -0.7811691303434003
 -0.8104784132733320 -0.7360163619877496
 -0.8292794792585496 -0.6896009101870760
 -0.8521195040112168 -0.6452927008041900
 -0.8782483890512658 -0.6052808964027916
 -0.9085100917131820 -0.5670390402862577
 -0.9426916658111758 -0.5283690489257474
 -0.9787377967301352 -0.4918667678534741
 -1.015633485274332 -0.4601898196855219
 -1.054553440529693 -0.4306352848871408
 -1.095798132953949 -0.3995129292852642
 -1.137271368687952 -0.3686951743463024
 -1.177800988151164 -0.3418175621137000
 -1.219116421076605 -0.3165245728235567
 -1.262153665696526 -0.2875371943362396
 -1.304439323711550 -0.2558133955040927
 -1.344256010055216 -0.2264738303395237
 -1.384068372753982 -0.1978938139108253
 -1.425519014910705 -0.1622674962259455
 -1.464563302962640 -0.1186351230561453
 -1.497536397865640 -7.437428878220753E-02
 -1.527901412439707 -2.859473711163612E-02
 -1.556458245544815 3.378130920991292E-02
 -1.565778297906173 0.1187144626039105
 -1.529181387521106 0.1997728979406889
 -1.443460418864282 0.2332039525533851
 -1.342691162352077 0.1987171222677757
 -1.268154000527270 0.1164201810026063
 -1.229876337965985 2.225823282965176E-02
 -1.208517110735251 -6.373032463984725E-02
 -1.188948846682580 -0.1424258457984610
 -1.175065334226547 -0.2206631133700666
 -1.171040206095417 -0.3007107966513551
 -1.167783245879390 -0.3760673045743902
 -1.165759359555987 -0.4504750921278472
 -1.165194301508327 -0.5236788794895286
 -1.165370331526291 -0.5960756722477607
 -1.165465787621028 -0.6681365456771325
 -1.165050864249358 -0.7400531253003313
 -1.163840802368668 -0.8118841645896713
 -1.161342896951928 -0.8837763201281963
 -1.156940781753413 -0.9558945578453568
 -1.150151726081948 -1.028239897062290
 -1.140603958824451 -1.100656150660796
 -1.127838047991086 -1.172954518111746
 -1.111311354403516 -1.244908215044076
 -1.090595797764037 -1.316133807467288
 -1.065452152008116 -1.386073107928564
 -1.035726811606823 -1.454103581447040
 -1.001325539617796 -1.519601985064477
 -0.9623465363421135 -1.581910098103259
 -0.9191528184156545 -1.640348166189032
 -0.8722642915509186 -1.694337113429384
 -0.8222434774717507 -1.743490882667286
 -0.7697158880853833 -1.787582850014983
 -0.7153982807605879 -1.826489637061225
 -0.6599969255299785 -1.860219771486395
 -0.6040867619076939 -1.888952396969668
 -0.5481314942273452 -1.912975987079484
 -0.4925688475327425 -1.932587007210980
 -0.4377898214905617 -1.948076561618168
 -0.3840502226651800 -1.959780114490599
 -0.3314855985715685 -1.968064000711244
 -0.2802200691423797 -1.973247174550388
 -0.2303924700682156 -1.975580278653019
 -0.1820710313585858 -1.975307197431992
 -0.1352274773476595 -1.972691851534992
 -8.983470042347863E-02 -1.967959345305184
 -4.592671515471880E-02 -1.961257365838584
 -3.520676796677447E-03 -1.952710522845790
 3.745273716916031E-02 -1.942473738324690
 7.707320515429994E-02 -1.930688718291559
 0.1153330632282290 -1.917420434786221
 0.1521921661849335 -1.902692203147887
 0.1876884052250996 -1.886564215778607
 0.2218888471700348 -1.869115733099932
 0.2547439799453011 -1.850362195324143
 0.2861161442859966 -1.830273484872806
 0.3159800585397922 -1.808891510050734
 0.3444504992307366 -1.786333961802727
 0.3715166269774898 -1.762619842261917
 0.3969049392674100 -1.737595450142846
 0.4204659787006177 -1.711207657071036
 0.4427541080455168 -1.683892734792756
 0.4615305836812486 -1.654757221487202
 0.4807038412672653 -1.624976733139120
 0.4977362714716848 -1.593896242929049
 0.5103475225402437 -1.561259867688040
 0.5199942597024387 -1.527430404175275
 0.5287611798329813 -1.492849090692068
 0.5350692785654334 -1.457455825121191
 0.5361329888979018 -1.421017709975934
 0.5326749976780869 -1.383840824809385
 0.5270970003714301 -1.346646435683701
 0.5184602483772169 -1.309813012673815
 0.5037162988982660 -1.273330276765636
 0.4830295064954350 -1.237595158317195
 0.4592480226810338 -1.203644699536176
 0.4324234103208218 -1.172341886692403
 0.3997037492757853 -1.143903342218762
 0.3610136489819114 -1.118614573664709
 0.3199075541731619 -1.097426050288627
 0.2777748687103177 -1.081218075014756
 0.2321696604457283 -1.069903076107483
 0.1825721670656041 -1.062977550968572
 0.1327801197674912 -1.060603487936004
 8.506443818460163E-02 -1.063225863952551
 3.681516796885592E-02 -1.070312339161275
 -1.376481396246770E-02 -1.080579454991222
 -6.339978212661601E-02 -1.093545179539044
 -0.1092806682265240 -1.109659309024461
 -0.1543356237866337 -1.128587711590567
 -0.2019107205755998 -1.148745485200310
 -0.2493362971073456 -1.169253483453616
 -0.2928778018254528 -1.190914357398173
 -0.3354398895510851 -1.214048077234885
 -0.3820623180201765 -1.236825735140963
 -0.4306787627208750 -1.257584289781642
 -0.4759959146612136 -1.277396769067489
 -0.5206531162784258 -1.297585278334951
 -0.5722317335151883 -1.315669428603411
 -0.6295406211336051 -1.327666587344164
 -0.6843581754590284 -1.334091708034589
 -0.7391869374666391 -1.337498806206730
 -0.8074845947212893 -1.331041725966611
 -0.8856988893646904 -1.296646551379149
 -0.9375990983648257 -1.224423479617270
 -0.9236907566063133 -1.133471415817102
 -0.8434396572268708 -1.063446094899867
 -0.7348998345250746 -1.040043489866177
 -0.6342143640568196 -1.053975035777093
 -0.5490664752380885 -1.078471681124822
 -0.4711300227243377 -1.100872827926554
 -0.3964328052566302 -1.127967987231675
 -0.3250969139553783 -1.164505965657273
 -0.2582077836455335 -1.199363609332597
 -0.1927568062231426 -1.234814766138886
 -0.1290779376908620 -1.270927305195840
 -6.646849101869783E-02 -1.307278148042342
 -4.109672057335204E-03 -1.343391252160016
 5.837937453547627E-02 -1.378990207791125
 0.1211919102806275 -1.413857783106967
 0.1847012960181826 -1.447640611329081
 0.2493585795566662 -1.479887386595362
 0.3154060089996651 -1.510180561524633
 0.3828942078916163 -1.538120079329473
 0.4518893861729635 -1.563213659970807
 0.5224664624063531 -1.584877971949574
 0.5945074131641901 -1.602550569857856
 0.6676484469645277 -1.615745184120110
 0.7414272354636602 -1.624017520955688
 0.8153511528982005 -1.626974347299411
 0.8888010632894994 -1.624371596767865
 0.9610067737630928 -1.616183773802538
 1.031206837029184 -1.602571592011824
 1.098785656920548 -1.583829180920237
 1.163234215439671 -1.560384937785933
 1.224087285063746 -1.532797903492994
 1.280999115964312 -1.501683989671785
 1.333837381361393 -1.467630680386778
 1.382620054526773 -1.431183792154946
 1.427385019502077 -1.392870638681669
 1.468188880133094 -1.353175387738165
 1.505194253647845 -1.312487306402416
 1.538650621603788 -1.271106949707291
 1.568772146535313 -1.229301285802727
 1.595706473494947 -1.187315871246230
 1.619630697575055 -1.145331737165764
 1.640787518594034 -1.103456356440254
 1.659385436437542 -1.061778805360689
 1.675535344598205 -1.020402384955650
 1.689336580623309 -0.9794042569673322
 1.700957972157887 -0.9388018473325903
 1.710562079417657 -0.8985970055310659
 1.718201337874386 -0.8588288547411874
 1.723875866601119 -0.8195438194008082
 1.727656739347491 -0.7807391809685793
 1.729646131062733 -0.7423964880842732
 1.729832657325702 -0.7045663395682874
 1.728121405915922 -0.6673528930518761
 1.724536029663826 -0.6307989972406129
 1.719235840179431 -0.5948640982213137
 1.712231874102085 -0.5595670842401455
 1.703254270957667 -0.5250679647783264
 1.692182291524276 -0.4914696095536966
 1.679670939601338 -0.4585100621990403
   
   
 #BODY NUMBER  4
 0.3007107966513551 -1.171040206095417
 0.3760673045743902 -1.167783245879390
 0.4504750921278472 -1.165759359555987
 0.5236788794895286 -1.165194301508327
 0.5960756722477607 -1.165370331526291
 0.6681365456771325 -1.165465787621028
 0.7400531253003313 -1.165050864249358
 0.8118841645896713 -1.163840802368668
 0.8837763201281963 -1.161342896951928
 0.9558945578453568 -1.156940781753413
 1.028239897062290 -1.150151726081948
 1.100656150660796 -1.140603958824451
 1.172954518111746 -1.127838047991086
 1.244908215044076 -1.111311354403516
 1.316133807467288 -1.090595797764037
 1.386073107928564 -1.065452152008116
 1.454103581447040 -1.035726811606823
 1.519601985064477 -1.001325539617796
 1.581910098103259 -0.9623465363421135
 1.640348166189032 -0.9191528184156545
 1.694337113429384 -0.8722642915509186
 1.743490882667286 -0.8222434774717507
 1.787582850014983 -0.7697158880853833
 1.826489637061225 -0.7153982807605879
 1.860219771486395 -0.6599969255299785
 1.888952396969668 -0.6040867619076939
 1.912975987079484 -0.5481314942273452
 1.932587007210980 -0.4925688475327425
 1.948076561618168 -0.4377898214905617
 1.959780114490599 -0.3840502226651800
 1.968064000711244 -0.3314855985715685
 1.973247174550388 -0.2802200691423797
 1.975580278653019 -0.2303924700682156
 1.975307197431992 -0.1820710313585858
 1.972691851534992 -0.1352274773476595
 1.967959345305184 -8.983470042347863E-02
 1.961257365838584 -4.592671515471880E-02
 1.952710522845790 -3.520676796677447E-03
 1.942473738324690 3.745273716916031E-02
 1.930688718291559 7.707320515429994E-02
 1.917420434786221 0.1153330632282290
 1.902692203147887 0.1521921661849335
 1.886564215778607 0.1876884052250996
 1.869115733099932 0.2218888471700348
 1.850362195324143 0.2547439799453011
 1.830273484872806 0.2861161442859966
 1.808891510050734 0.3159800585397922
 1.786333961802727 0.3444504992307366
 1.762619842261917 0.3715166269774898
 1.737595450142846 0.3969049392674100
 1.711207657071036 0.4204659787006177
 1.683892734792756 0.4427541080455168
 1.654757221487202 0.4615305836812486
 1.624976733139120 0.4807038412672653
 1.593896242929049 0.4977362714716848
 1.561259867688040 0.5103475225402437
 1.527430404175275 0.5199942597024387
 1.492849090692068 0.5287611798329813
 1.457455825121191 0.5350692785654334
 1.421017709975934 0.5361329888979018
 1.383840824809385 0.5326749976780869
 1.346646435683701 0.5270970003714301
 1.309813012673815 0.5184602483772169
 1.273330276765636 0.5037162988982660
 1.237595158317195 0.4830295064954350
 1.203644699536176 0.4592480226810338
 1.172341886692403 0.4324234103208218
 1.143903342218762 0.3997037492757853
 1.118614573664709 0.3610136489819114
 1.097426050288627 0.3199075541731619
 1.081218075014756 0.2777748687103177
 1.069903076107483 0.2321696604457283
 1.062977550968572 0.1825721670656041
 1.060603487936004 0.1327801197674912
 1.063225863952551 8.506443818460163E-02
 1.070312339161275 3.681516796885592E-02
 1.080579454991222 -1.376481396246770E-02
 1.093545179539044 -6.339978212661601E-02
 1.109659309024461 -0.1092806682265240
 1.128587711590567 -0.1543356237866337
 1.148745485200310 -0.2019107205755998
 1.169253483453616 -0.2493362971073456
 1.190914357398173 -0.2928778018254528
 1.214048077234885 -0.3354398895510851
 1.236825735140963 -0.3820623180201765
 1.257584289781642 -0.4306787627208750
 1.277396769067489 -0.4759959146612136
 1.297585278334951 -0.5206531162784258
 1.315669428603411 -0.5722317335151883
 1.327666587344164 -0.6295406211336051
 1.334091708034589 -0.6843581754590284
 1.337498806206730 -0.7391869374666391
 1.331041725966611 -0.8074845947212893
 1.296646551379149 -0.8856988893646904
 1.224423479617270 -0.9375990983648257
 1.133471415817102 -0.9236907566063133
 1.063446094899867 -0.8434396572268708
 1.040043489866177 -0.7348998345250746
 1.053975035777093 -0.6342143640568196
 1.078471681124822 -0.5490664752380885
 1.100872827926554 -0.4711300227243377
 1.127967987231675 -0.3964328052566302
 1.164505965657273 -0.3250969139553783
 1.199363609332597 -0.2582077836455335
 1.234814766138886 -0.1927568062231426
 1.270927305195840 -0.1290779376908620
 1.307278148042342 -6.646849101869783E-02
 1.343391252160016 -4.109672057335204E-03
 1.378990207791125 5.837937453547627E-02
 1.413857783106967 0.1211919102806275
 1.447640611329081 0.1847012960181826
 1.479887386595362 0.2493585795566662
 1.510180561524633 0.3154060089996651
 1.538120079329473 0.3828942078916163
 1.563213659970807 0.4518893861729635
 1.584877971949574 0.5224664624063531
 1.602550569857856 0.5945074131641901
 1.615745184120110 0.6676484469645277
 1.624017520955688 0.7414272354636602
 1.626974347299411 0.8153511528982005
 1.624371596767865 0.8888010632894994
 1.616183773802538 0.9610067737630928
 1.602571592011824 1.031206837029184
 1.583829180920237 1.098785656920548
 1.560384937785933 1.163234215439671
 1.532797903492994 1.224087285063746
 1.501683989671785 1.280999115964312
 1.467630680386778 1.333837381361393
 1.431183792154946 1.382620054526773
 1.392870638681669 1.427385019502077
 1.353175387738165 1.468188880133094
 1.312487306402416 1.505194253647845
 1.271106949707291 1.538650621603788
 1.229301285802727 1.568772146535313
 1.187315871246230 1.595706473494947
 1.145331737165764 1.619630697575055
 1.103456356440254 1.640787518594034
 1.061778805360689 1.659385436437542
 1.020402384955650 1.675535344598205
 0.9794042569673322 1.689336580623309
 0.9388018473325903 1.700957972157887
 0.8985970055310659 1.710562079417657
 0.8588288547411874 1.718201337874386
 0.8195438194008082 1.723875866601119
 0.7807391809685793 1.727656739347491
 0.7423964880842732 1.729646131062733
 0.7045663395682874 1.729832657325702
 0.6673528930518761 1.728121405915922
 0.6307989972406129 1.724536029663826
 0.5948640982213137 1.719235840179431
 0.5595670842401455 1.712231874102085
 0.5250679647783264 1.703254270957667
 0.4914696095536966 1.692182291524276
 0.4585100621990403 1.679670939601338
 0.4276814006521802 1.663827082744294
 0.3961866283353460 1.647623052090757
 0.3658958659850978 1.629222773108972
 0.3386560145657175 1.607264468597096
 0.3133869633632426 1.582790662379740
 0.2885039310756402 1.557225826472321
 0.2653443245383177 1.529728408731278
 0.2462040667955034 1.498703930515698
 0.2306103324546525 1.464778807917982
 0.2168438252616163 1.429778523403567
 0.2059067603898478 1.393561467371561
 0.2004340272366445 1.354594516536044
 0.2004817557560901 1.313303599951032
 0.2041018954885406 1.272010898269333
 0.2116812848172679 1.231489560956610
 0.2257980702486650 1.190501228473265
 0.2466602957011009 1.149255462328093
 0.2716649563678090 1.110352615411351
 0.3000489446713556 1.075249754348846
 0.3338867141197337 1.042648073719060
 0.3733766407814964 1.011851646324154
 0.4153107871318146 0.9848996237787080
 0.4579449675497593 0.9633128272358674
 0.5032732988750169 0.9453252596820378
 0.5522104060654749 0.9289268518487082
 0.6016784116855700 0.9153380146035192
 0.6494694893389393 0.9063528170478082
 0.6979524267034262 0.9002178167430595
 0.7492325559150458 0.8938874123783493
 0.8005583091073138 0.8879350715806067
 0.8490967952844730 0.8849231863257117
 0.8975235044113286 0.8836765315255204
 0.9492885408047237 0.8800913476763497
 1.001770894277549 0.8737605609906753
 1.050922938727965 0.8682600953940025
 1.099691464424125 0.8634152564755559
 1.153401932377466 0.8532872813955168
 1.209031464288019 0.8350226818290346
 1.259717419252381 0.8131782224066120
 1.308904069095093 0.7887144749730681
 1.364823035176524 0.7489736508235257
 1.415361013983059 0.6800794085414821
 1.424196377557958 0.5915822891562805
 1.366675368370487 0.5197696622579686
 1.262163217167643 0.4992515051252067
 1.156463670868783 0.5332541660021954
 1.076233268606745 0.5956619739091653
 1.014741356484975 0.6594506354971625
 0.9584469821280935 0.7178188239582425
 0.9073048738616083 0.7786325289699167
 0.8637951690059178 0.8459432921400383
 0.8232963047582064 0.9095754622338570
 0.7843396740110388 0.9730025533328446
 0.7472484257063114 1.036116363817465
 0.7112024757945810 1.098901840507593
 0.6752547064828832 1.161356115563693
 0.6389370824907936 1.223430238784834
 0.6019736185172955 1.285032712649296
 0.5638642912008849 1.346044192970110
 0.5239928287500051 1.406299361310079
 0.4819406644623432 1.465557735081613
 0.4374639286686766 1.523498166716067
 0.3902591418590605 1.579727434164050
 0.3399697569054979 1.633777816809868
 0.2864167623905681 1.685103210928227
 0.2296720761915464 1.733100598972644
 0.1699139395086477 1.777154047070483
 0.1073723622349338 1.816676692515996
 4.246149866460525E-02 1.851147599631613
 -2.416439238649393E-02 1.880159592178748
 -9.176552141756056E-02 1.903471128580102
 -0.1596617017470490 1.921029134392299
 -0.2271979122290493 1.932950103525055
 -0.2936917335682311 1.939485565824334
 -0.3585357818146098 1.940996041494291
 -0.4213217165828890 1.937924143269087
 -0.4817921949245376 1.930751548754118
 -0.5397163685293108 1.919953867034820
 -0.5949011738800031 1.905978701623656
 -0.6472928080881835 1.889244476313025
 -0.6969570510039528 1.870136220175357
 -0.7439458887476612 1.848992215677693
 -0.7882644074067889 1.826098943563163
 -0.8299754602662271 1.801701728933641
 -0.8692354950947382 1.776014995941693
 -0.9061805399444947 1.749220136861021
 -0.9408549808829337 1.721462059752924
 -0.9733062658784578 1.692857257419986
 -1.003671890992099 1.663505234988727
 -1.032091712760493 1.633488874263358
 -1.058591580045034 1.602868274646157
 -1.083148383747079 1.571683700416185
 -1.105825034810028 1.539968334122391
 -1.126719245015659 1.507757283892698
 -1.145795855755856 1.475088677380401
 -1.162920591820930 1.442005261629925
 -1.178092512810121 1.408555971124034
 -1.191469863581414 1.374785340948695
 -1.203052758021772 1.340715247124596
 -1.212527485364520 1.306349331690257
 -1.219738047517340 1.271716312823659
 -1.225382672593716 1.236916831555821
 -1.227075820835022 1.202296499063046
 -1.228790104803774 1.166919210823492
 -1.228000376943951 1.131486501637287
 -1.222603853122323 1.096916946056852
 -1.214043440812032 1.062796402677301
 -1.204345159616428 1.028464646639340
 -1.192111500582873 0.9946591301658448
 -1.174813643180430 0.9625709416177956
 -1.153230492354733 0.9321038102398952
 -1.129802610422085 0.9026815230321371
 -1.103906252283967 0.8751012189943443
 -1.072896249528992 0.8508782176377784
 -1.037113402561105 0.8302740934555973
 -0.9995428040476354 0.8127628755882992
 -0.9606606018751354 0.7990661506357882
 -0.9181052719700972 0.7907974791974798
 -0.8719542779636080 0.7882418133461816
 -0.8257610939208185 0.7904450612381894
 -0.7811691303434003 0.7974748856385286
 -0.7360163619877496 0.8104784132733320
 -0.6896009101870760 0.8292794792585496
 -0.6452927008041900 0.8521195040112168
 -0.6052808964027916 0.8782483890512658
 -0.5670390402862577 0.9085100917131820
 -0.5283690489257474 0.9426916658111758
 -0.4918667678534741 0.9787377967301352
 -0.4601898196855219 1.015633485274332
 -0.4306352848871408 1.054553440529693
 -0.3995129292852642 1.095798132953949
 -0.3686951743463024 1.137271368687952
 -0.3418175621137000 1.177800988151164
 -0.3165245728235567 1.219116421076605
 -0.2875371943362396 1.262153665696526
 -0.2558133955040927 1.304439323711550
 -0.2264738303395237 1.344256010055216
 -0.1978938139108253 1.384068372753982
 -0.1622674962259455 1.425519014910705
 -0.1186351230561453 1.464563302962640
 -7.437428878220753E-02 1.497536397865640
 -2.859473711163612E-02 1.527901412439707
 3.378130920991292E-02 1.556458245544815
 0.1187144626039105 1.565778297906173
 0.1997728979406889 1.529181387521106
 0.2332039525533851 1.443460418864282
 0.1987171222677757 1.342691162352077
 0.1164201810026063 1.268154000527270
 2.225823282965176E-02 1.229876337965985
 -6.373032463984725E-02 1.208517110735251
 -0.1424258457984610 1.188948846682580
 -0.2206631133700666 1.175065334226547
 -0.3007107966513551 1.171040206095417
 -0.3760673045743902 1.167783245879390
 -0.4504750921278472 1.165759359555987
 -0.5236788794895286 1.165194301508327
 -0.5960756722477607 1.165370331526291
 -0.6681365456771325 1.165465787621028
 -0.7400531253003313 1.165050864249358
 -0.8118841645896713 1.163840802368668
 -0.8837763201281963 1.161342896951928
 -0.9558945578453568 1.156940781753413
 -1.028239897062290 1.150151726081948
 -1.100656150660796 1.140603958824451
 -1.172954518111746 1.127838047991086
 -1.244908215044076 1.111311354403516
 -1.316133807467288 1.090595797764037
 -1.386073107928564 1.065452152008116
 -1.454103581447040 1.035726811606823
 -1.519601985064477 1.001325539617796
 -1.581910098103259 0.9623465363421135
 -1.640348166189032 0.9191528184156545
 -1.694337113429384 0.8722642915509186
 -1.743490882667286 0.8222434774717507
 -1.787582850014983 0.7697158880853833
 -1.826489637061225 0.7153982807605879
 -1.860219771486395 0.6599969255299785
 -1.888952396969668 0.6040867619076939
 -1.912975987079484 0.5481314942273452
 -1.932587007210980 0.4925688475327425
 -1.948076561618168 0.4377898214905617
 -1.959780114490599 0.3840502226651800
 -1.968064000711244 0.3314855985715685
 -1.973247174550388 0.2802200691423797
 -1.975580278653019 0.2303924700682156
 -1.975307197431992 0.1820710313585858
 -1.972691851534992 0.1352274773476595
 -1.967959345305184 8.983470042347863E-02
 -1.961257365838584 4.592671515471880E-02
 -1.952710522845790 3.520676796677447E-03
 -1.942473738324690 -3.745273716916031E-02
 -1.930688718291559 -7.707320515429994E-02
 -1.917420434786221 -0.1153330632282290
 -1.902692203147887 -0.1521921661849335
 -1.886564215778607 -0.1876884052250996
 -1.869115733099932 -0.2218888471700348
 -1.850362195324143 -0.2547439799453011
 -1.830273484872806 -0.2861161442859966
 -1.808891510050734 -0.3159800585397922
 -1.786333961802727 -0.3444504992307366
 -1.762619842261917 -0.3715166269774898
 -1.737595450142846 -0.3969049392674100
 -1.711207657071036 -0.4204659787006177
 -1.683892734792756 -0.4427541080455168
 -1.654757221487202 -0.4615305836812486
 -1.624976733139120 -0.4807038412672653
 -1.593896242929049 -0.4977362714716848
 -1.561259867688040 -0.5103475225402437
 -1.527430404175275 -0.5199942597024387
 -1.492849090692068 -0.5287611798329813
 -1.457455825121191 -0.5350692785654334
 -1.421017709975934 -0.5361329888979018
 -1.383840824809385 -0.5326749976780869
 -1.346646435683701 -0.5270970003714301
 -1.309813012673815 -0.5184602483772169
 -1.273330276765636 -0.5037162988982660
 -1.237595158317195 -0.4830295064954350
 -1.203644699536176 -0.4592480226810338
 -1.172341886692403 -0.4324234103208218
 -1.143903342218762 -0.3997037492757853
 -1.118614573664709 -0.3610136489819114
 -1.097426050288627 -0.3199075541731619
 -1.081218075014756 -0.2777748687103177
 -1.069903076107483 -0.2321696604457283
 -1.062977550968572 -0.1825721670656041
 -1.060603487936004 -0.1327801197674912
 -1.063225863952551 -8.506443818460163E-02
 -1.070312339161275 -3.681516796885592E-02
 -1.080579454991222 1.376481396246770E-02
 -1.093545179539044 6.339978212661601E-02
 -1.109659309024461 0.1092806682265240
 -1.128587711590567 0.1543356237866337
 -1.148745485200310 0.2019107205755998
 -1.169253483453616 0.2493362971073456
 -1.190914357398173 0.2928778018254528
 -1.214048077234885 0.3354398895510851
 -1.236825735140963 0.3820623180201765
 -1.257584289781642 0.4306787627208750
 -1.277396769067489 0.4759959146612136
 -1.297585278334951 0.5206531162784258
 -1.315669428603411 0.5722317335151883
 -1.327666587344164 0.6295406211336051
 -1.334091708034589 0.6843581754590284
 -1.337498806206730 0.7391869374666391
 -1.331041725966611 0.8074845947212893
 -1.296646551379149 0.8856988893646904
 -1.224423479617270 0.9375990983648257
 -1.133471415817102 0.9236907566063133
 -1.063446094899867 0.8434396572268708
 -1.040043489866177 0.7348998345250746
 -1.053975035777093 0.6342143640568196
 -1.078471681124822 0.5490664752380885
 -1.100872827926554 0.4711300227243377
 -1.127967987231675 0.3964328052566302
 -1.164505965657273 0.3250969139553783
 -1.199363609332597 0.2582077836455335
 -1.234814766138886 0.1927568062231426
 -1.270927305195840 0.1290779376908620
 -1.307278148042342 6.646849101869783E-02
 -1.343391252160016 4.109672057335204E-03
 -1.378990207791125 -5.837937453547627E-02
 -1.413857783106967 -0.1211919102806275
 -1.447640611329081 -0.1847012960181826
 -1.479887386595362 -0.2493585795566662
 -1.510180561524633 -0.3154060089996651
 -1.538120079329473 -0.3828942078916163
 -1.563213659970807 -0.4518893861729635
 -1.584877971949574 -0.5224664624063531
 -1.602550569857856 -0.5945074131641901
 -1.615745184120110 -0.6676484469645277
 -1.624017520955688 -0.7414272354636602
 -1.626974347299411 -0.8153511528982005
 -1.624371596767865 -0.8888010632894994
 -1.616183773802538 -0.9610067737630928
 -1.602571592011824 -1.031206837029184
 -1.583829180920237 -1.098785656920548
 -1.560384937785933 -1.163234215439671
 -1.532797903492994 -1.224087285063746
 -1.501683989671785 -1.280999115964312
 -1.467630680386778 -1.333837381361393
 -1.431183792154946 -1.382620054526773
 -1.392870638681669 -1.427385019502077
 -1.353175387738165 -1.468188880133094
 -1.312487306402416 -1.505194253647845
 -1.271106949707291 -1.538650621603788
 -1.229301285802727 -1.568772146535313
 -1.187315871246230 -1.595706473494947
 -1.145331737165764 -1.619630697575055
 -1.103456356440254 -1.640787518594034
 -1.061778805360689 -1.659385436437542
 -1.020402384955650 -1.675535344598205
 -0.9794042569673322 -1.689336580623309
 -0.9388018473325903 -1.700957972157887
 -0.8985970055310659 -1.710562079417657
 -0.8588288547411874 -1.718201337874386
 -0.8195438194008082 -1.723875866601119
 -0.7807391809685793 -1.727656739347491
 -0.7423964880842732 -1.729646131062733
 -0.7045663395682874 -1.729832657325702
 -0.6673528930518761 -1.728121405915922
 -0.6307989972406129 -1.724536029663826
 -0.5948640982213137 -1.719235840179431
 -0.5595670842401455 -1.712231874102085
 -0.5250679647783264 -1.703254270957667
 -0.4914696095536966 -1.692182291524276
 -0.4585100621990403 -1.679670939601338
 -0.4276814006521802 -1.663827082744294
 -0.3961866283353460 -1.647623052090757
 -0.3658958659850978 -1.629222773108972
 -0.3386560145657175 -1.607264468597096
 -0.3133869633632426 -1.582790662379740
 -0.2885039310756402 -1.557225826472321
 -0.2653443245383177 -1.529728408731278
 -0.2462040667955034 -1.498703930515698
 -0.2306103324546525 -1.464778807917982
 -0.2168438252616163 -1.429778523403567
 -0.2059067603898478 -1.393561467371561
 -0.2004340272366445 -1.354594516536044
 -0.2004817557560901 -1.313303599951032
 -0.2041018954885406 -1.272010898269333
 -0.2116812848172679 -1.231489560956610
 -0.2257980702486650 -1.190501228473265
 -0.2466602957011009 -1.149255462328093
 -0.2716649563678090 -1.110352615411351
 -0.3000489446713556 -1.075249754348846
 -0.3338867141197337 -1.042648073719060
 -0.3733766407814964 -1.011851646324154
 -0.4153107871318146 -0.9848996237787080
 -0.4579449675497593 -0.9633128272358674
 -0.5032732988750169 -0.9453252596820378
 -0.5522104060654749 -0.9289268518487082
 -0.6016784116855700 -0.9153380146035192
 -0.6494694893389393 -0.9063528170478082
 -0.6979524267034262 -0.9002178167430595
 -0.7492325559150458 -0.8938874123783493
 -0.8005583091073138 -0.8879350715806067
 -0.8490967952844730 -0.8849231863257117
 -0.8975235044113286 -0.8836765315255204
 -0.9492885408047237 -0.8800913476763497
 -1.001770894277549 -0.8737605609906753
 -1.050922938727965 -0.8682600953940025
 -1.099691464424125 -0.8634152564755559
 -1.153401932377466 -0.8532872813955168
 -1.209031464288019 -0.8350226818290346
 -1.259717419252381 -0.8131782224066120
 -1.308904069095093 -0.7887144749730681
 -1.364823035176524 -0.7489736508235257
 -1.415361013983059 -0.6800794085414821
 -1.424196377557958 -0.5915822891562805
 -1.366675368370487 -0.5197696622579686
 -1.262163217167643 -0.4992515051252067
 -1.156463670868783 -0.5332541660021954
 -1.076233268606745 -0.5956619739091653
 -1.014741356484975 -0.6594506354971625
 -0.9584469821280935 -0.7178188239582425
 -0.9073048738616083 -0.7786325289699167
 -0.8637951690059178 -0.8459432921400383
 -0.8232963047582064 -0.9095754622338570
 -0.7843396740110388 -0.9730025533328446
 -0.7472484257063114 -1.036116363817465
 -0.7112024757945810 -1.098901840507593
 -0.6752547064828832 -1.161356115563693
 -0.6389370824907936 -1.223430238784834
 -0.6019736185172955 -1.285032712649296
 -0.5638642912008849 -1.346044192970110
 -0.5239928287500051 -1.406299361310079
 -0.4819406644623432 -1.465557735081613
 -0.4374639286686766 -1.523498166716067
 -0.3902591418590605 -1.579727434164050
 -0.3399697569054979 -1.633777816809868
 -0.2864167623905681 -1.685103210928227
 -0.2296720761915464 -1.733100598972644
 -0.1699139395086477 -1.777154047070483
 -0.1073723622349338 -1.816676692515996
 -4.246149866460525E-02 -1.851147599631613
 2.416439238649393E-02 -1.880159592178748
 9.176552141756056E-02 -1.903471128580102
 0.1596617017470490 -1.921029134392299
 0.2271979122290493 -1.932950103525055
 0.2936917335682311 -1.939485565824334
 0.3585357818146098 -1.940996041494291
 0.4213217165828890 -1.937924143269087
 0.4817921949245376 -1.930751548754118
 0.5397163685293108 -1.919953867034820
 0.5949011738800031 -1.905978701623656
 0.6472928080881835 -1.889244476313025
 0.6969570510039528 -1.870136220175357
 0.7439458887476612 -1.848992215677693
 0.7882644074067889 -1.826098943563163
 0.8299754602662271 -1.801701728933641
 0.8692354950947382 -1.776014995941693
 0.9061805399444947 -1.749220136861021
 0.9408549808829337 -1.721462059752924
 0.9733062658784578 -1.692857257419986
 1.003671890992099 -1.663505234988727
 1.032091712760493 -1.633488874263358
 1.058591580045034 -1.602868274646157
 1.083148383747079 -1.571683700416185
 1.105825034810028 -1.539968334122391
 1.126719245015659 -1.507757283892698
 1.145795855755856 -1.475088677380401
 1.162920591820930 -1.442005261629925
 1.178092512810121 -1.408555971124034
 1.191469863581414 -1.374785340948695
 1.203052758021772 -1.340715247124596
 1.212527485364520 -1.306349331690257
 1.219738047517340 -1.271716312823659
 1.225382672593716 -1.236916831555821
 1.227075820835022 -1.202296499063046
 1.228790104803774 -1.166919210823492
 1.228000376943951 -1.131486501637287
 1.222603853122323 -1.096916946056852
 1.214043440812032 -1.062796402677301
 1.204345159616428 -1.028464646639340
 1.192111500582873 -0.9946591301658448
 1.174813643180430 -0.9625709416177956
 1.153230492354733 -0.9321038102398952
 1.129802610422085 -0.9026815230321371
 1.103906252283967 -0.8751012189943443
 1.072896249528992 -0.8508782176377784
 1.037113402561105 -0.8302740934555973
 0.9995428040476354 -0.8127628755882992
 0.9606606018751354 -0.7990661506357882
 0.9181052719700972 -0.7907974791974798
 0.8719542779636080 -0.7882418133461816
 0.8257610939208185 -0.7904450612381894
 0.7811691303434003 -0.7974748856385286
 0.7360163619877496 -0.8104784132733320
 0.6896009101870760 -0.8292794792585496
 0.6452927008041900 -0.8521195040112168
 0.6052808964027916 -0.8782483890512658
 0.5670390402862577 -0.9085100917131820
 0.5283690489257474 -0.9426916658111758
 0.4918667678534741 -0.9787377967301352
 0.4601898196855219 -1.015633485274332
 0.4306352848871408 -1.054553440529693
 0.3995129292852642 -1.095798132953949
 0.3686951743463024 -1.137271368687952
 0.3418175621137000 -1.177800988151164
 0.3165245728235567 -1.219116421076605
 0.2875371943362396 -1.262153665696526
 0.2558133955040927 -1.304439323711550
 0.2264738303395237 -1.344256010055216
 0.1978938139108253 -1.384068372753982
 0.1622674962259455 -1.425519014910705
 0.1186351230561453 -1.464563302962640
 7.437428878220753E-02 -1.497536397865640
 2.859473711163612E-02 -1.527901412439707
 -3.378130920991292E-02 -1.556458245544815
 -0.1187144626039105 -1.565778297906173
 -0.1997728979406889 -1.529181387521106
 -0.2332039525533851 -1.443460418864282
 -0.1987171222677757 -1.342691162352077
 -0.1164201810026063 -1.268154000527270
 -2.225823282965176E-02 -1.229876337965985
 6.373032463984725E-02 -1.208517110735251
 0.1424258457984610 -1.188948846682580
 0.2206631133700666 -1.175065334226547
 0.3007107966513551 -1.171040206095417
   
   
