 # action(x) =  14.69781626869769
 # |grad_action(x)| =  6.795880578057370E-12
 # PRINTSTEPS = 50
 #
 #BODY NUMBER  1
 0.6019629143934844 -2.104758475720976
 0.5850635150125310 -2.114565971693756
 0.5678196999267882 -2.123099724830225
 0.5500642313979125 -2.129727268394368
 0.5318228421466279 -2.134497869076760
 0.5131780152333727 -2.137644407509949
 0.4941462377431829 -2.139157473649031
 0.4746944882507349 -2.138840497378199
 0.4548341719683319 -2.136603160653050
 0.4346427538025498 -2.132516882429517
 0.4141920316192409 -2.126601707607807
 0.3935074553058689 -2.118727301268847
 0.3726211108866549 -2.108779638223608
 0.3516212950992597 -2.096792211071105
 0.3306124391215276 -2.082820233404109
 0.3096577550452502 -2.066788991570972
 0.2888059359473046 -2.048585202614078
 0.2681522574549517 -2.028225317299373
 0.2478224539348056 -2.005799010420454
 0.2279071441321624 -1.981291320698679
 0.2084651331367587 -1.954607469835677
 0.1895891988842543 -1.925758263328437
 0.1714121531343138 -1.894868305144831
 0.1540383292406859 -1.861987983023789
 0.1375241669562093 -1.827053038271227
 0.1219441758675065 -1.790072112778389
 0.1074195127076413 -1.751199487328033
 9.405113603465276E-02 -1.710550425101132
 8.187718765090268E-02 -1.668093778662661
 7.093517052918241E-02 -1.623827899438488
 6.131497091821880E-02 -1.577920605195781
 5.309876812986214E-02 -1.530541842815892
 4.629337484370233E-02 -1.481684999030108
 4.088370603956826E-02 -1.431316228224213
 3.691364598540958E-02 -1.379588182876627
 3.443926150836574E-02 -1.326707149139135
 3.343213390505473E-02 -1.272674095176447
 3.381629595065172E-02 -1.217387347919796
 3.558223851773257E-02 -1.160943161031458
 3.876316094269583E-02 -1.103562499968320
 4.330132003683362E-02 -1.045232306796017
 4.905417460772743E-02 -0.9857267358018146
 5.595129199447685E-02 -0.9250218400024566
 6.401152139423527E-02 -0.8633284913561690
 7.315321549819653E-02 -0.8005844174973313
 8.313542869740292E-02 -0.7363111424319058
 9.378105019867208E-02 -0.6702135456603122
 0.1050807048656866 -0.6024444623077555
 0.1168695411266393 -0.5327620538745919
 0.1285336783258020 -0.4598546790032518
 0.1393857822039758 -0.3825072853007290
 0.1494245777588162 -0.3017159403576055
 0.1575362007361646 -0.2159846029586139
 0.1550079344999746 -0.1106029601596818
 0.1215132589696036 5.410914299867994E-03
 4.294332324608162E-02 0.1003133614691191
 -6.758691495773747E-02 0.1513015579544284
 -0.1786504226904062 0.1635964530257757
 -0.2712393715197058 0.1587593690407985
 -0.3508691857224832 0.1520850703548509
 -0.4293608373082041 0.1454351977757083
 -0.5070950303793240 0.1362866181255076
 -0.5784417338681527 0.1255806577427835
 -0.6444520518036092 0.1159594024801314
 -0.7108458490984301 0.1077069471638546
 -0.7781483528953536 9.955455743507707E-02
 -0.8422285145816962 9.152843311625497E-02
 -0.9026148388895295 8.479132986273114E-02
 -0.9631068248694421 7.964172560371469E-02
 -1.024727307039120 7.541373559451014E-02
 -1.084352152258975 7.196104986050472E-02
 -1.140779948897614 6.990633392814910E-02
 -1.196704638262700 6.953026329350948E-02
 -1.253505081790184 7.045340235723890E-02
 -1.308828554854321 7.247808963569380E-02
 -1.361057474982863 7.593638253116430E-02
 -1.412079651324665 8.105194809853822E-02
 -1.463506033107572 8.758740932323383E-02
 -1.513639474771800 9.532533520267150E-02
 -1.560634755660773 0.1044101557345464
 -1.605730427398772 0.1149903897166540
 -1.650677049586587 0.1268982002757180
 -1.694371045007664 0.1399114221860526
 -1.734878958883632 0.1540480324682629
 -1.772891624395509 0.1693816489431008
 -1.810223764219354 0.1857799772896092
 -1.846323788410815 0.2030320070005284
 -1.879279850749003 0.2210782112975840
 -1.909305806242114 0.2399309105380055
 -1.938208996414897 0.2594809916792203
 -1.965951148440631 0.2795464175038261
 -1.990728864565410 0.3000328067662801
 -2.012327099736961 0.3209100917932642
 -2.032470844110065 0.3420887306989034
 -2.051595023539286 0.3634313524302880
 -2.068076318413140 0.3848437847511103
 -2.081298116265673 0.4062693436904279
 -2.092820599602927 0.4276337846082182
 -2.103525469550337 0.4488578946654653
 -2.112042453367112 0.4698763550902118
 -2.117318713406910 0.4906044022024573
 -2.120647131295265 0.5109719349547888
 -2.123755766001720 0.5310640618596132
 -2.123799606971184 0.5506031190186079
 -2.122568146434121 0.5698035775092571
 -2.119430033260919 0.5884940360934302
 -2.114440800017539 0.6066768429265589
 -2.107843368778037 0.6243970058991961
 -2.099637833746993 0.6416355417544144
 -2.089637449497832 0.6583227628275092
 -2.077769700915832 0.6744036328926897
 -2.064135171084430 0.6898467748509249
 -2.048787118329348 0.7046000323765533
 -2.031625394243401 0.7185761977609714
 -2.012567293128330 0.7316904710975828
 -1.991685968794549 0.7438831314680089
 -1.969081453204956 0.7550913456156754
 -1.944720648485109 0.7652230134374404
 -1.918529795254335 0.7741793240129318
 -1.890570778107487 0.7818859916115534
 -1.860984124877204 0.7882789644744866
 -1.829802188088759 0.7932722838269255
 -1.796972289872902 0.7967676338181006
 -1.762550177032356 0.7986900691473140
 -1.726710165648544 0.7989868734407113
 -1.689548059460293 0.7975928852329495
 -1.651036428682529 0.7944270969172439
 -1.611220012205921 0.7894293022443765
 -1.570292999474183 0.7825717167970541
 -1.528405690609178 0.7738245394897708
 -1.485550182042092 0.7631391648352233
 -1.441743797552245 0.7504822900191910
 -1.397176814713571 0.7358599801504090
 -1.352037501498543 0.7192860392978261
 -1.306323536988246 0.7007512608734925
 -1.259998067510878 0.6802517860809852
 -1.213215236124676 0.6578259362686436
 -1.166181725291104 0.6335282992157474
 -1.118884164113705 0.6073839703237229
 -1.071196517519634 0.5794079026047408
 -1.023197389061917 0.5496564580358556
 -0.9750947401077770 0.5182113678768008
 -0.9268483905599773 0.4851161102287103
 -0.8781914816977469 0.4503812065289378
 -0.8290680584947903 0.4140556797594505
 -0.7796701660224541 0.3762286420157857
 -0.7299030511757543 0.3369396657587100
 -0.6792318687842740 0.2961581780094921
 -0.6273124816016082 0.2538900009645224
 -0.5742725611606163 0.2102196712926181
 -0.5198202433910899 0.1651690353929961
 -0.4625126732288556 0.1186139088296241
 -0.4009539173050413 7.054201433535652E-02
 -0.3360059579558050 2.145248988990475E-02
 -0.2658162533565376 -2.843805037389646E-02
 -0.1732889404820299 -7.893932898529143E-02
 -5.607064024341560E-02 -0.1079390263142480
 6.540225774822746E-02 -8.734668958859307E-02
 0.1648244502995672 -1.711879366039507E-02
 0.2310038956345524 7.291757793383183E-02
 0.2731093324379731 0.1555205017221914
 0.3071441273248861 0.2278190930634053
 0.3406309945322796 0.2991197936112080
 0.3715751886822203 0.3710138693785825
 0.3979769067632857 0.4381549072675459
 0.4226498142572626 0.5001321471428649
 0.4486998769571814 0.5617570899120328
 0.4752909522489704 0.6241189628028558
 0.5003802055381098 0.6836270728612539
 0.5247388651265560 0.7392917153797653
 0.5505251700087674 0.7942541140932500
 0.5776738643386883 0.8497330120502390
 0.6044961733916832 0.9030959855743517
 0.6309306355160222 0.9529912489091732
 0.6585672934753499 1.001611485915411
 0.6877669771195070 1.050340543424570
 0.7171821442694368 1.097239732884470
 0.7462915738349127 1.140742158080281
 0.7762328717418845 1.182370876164963
 0.8076059380793723 1.223639698601330
 0.8393738992956805 1.263187569721978
 0.8707392251095932 1.299344266563877
 0.9024498123850810 1.333108146898653
 0.9352355899265907 1.366079158248071
 0.9683523683965631 1.397412657320397
 1.000848988962342 1.425425234650193
 1.033134623117377 1.450678360411620
 1.066002061956975 1.474809777703448
 1.098992770049205 1.497447300875026
 1.131099272581433 1.516964985920073
 1.162439166800101 1.533541876529797
 1.193821628800832 1.548797732899233
 1.225069873315560 1.562790428396865
 1.255200464911051 1.574005365377457
 1.284079841692244 1.582271343199438
 1.312492953188657 1.589127018101067
 1.340538295506008 1.595017732447611
 1.367322653289582 1.598584736335220
 1.392488630547578 1.599322369689557
 1.416752020788663 1.598618912515407
 1.440485074244661 1.597277546805449
 1.462946086829317 1.594144240942024
 1.483535232219261 1.588349592617339
 1.502838241939369 1.581048320686899
 1.521792851608236 1.573694413861363
 1.538736091958653 1.563962852675148
 1.554748446507332 1.553296147320968
 1.569365801863006 1.541233232300938
 1.582617957870911 1.527821026150201
 1.594665353544664 1.513247401610753
 1.605491596003810 1.497521931894616
 1.614942961247097 1.480517734550689
 1.622935528947500 1.462199527760360
 1.629492417281880 1.442670107578592
 1.634595086710107 1.422001675231253
 1.638117938937532 1.400151103507875
 1.639946182241675 1.377089167126025
 1.640064673695290 1.352909079603096
 1.638469014083428 1.327728887788433
 1.635062893439859 1.301565978133531
 1.629723859307031 1.274405878601146
 1.622418520652535 1.246339325687820
 1.613161670942398 1.217520045945967
 1.601895043956596 1.188019036871754
 1.588507156736143 1.157839836017577
 1.572960978148102 1.127068194181123
 1.555298012514230 1.095881431704119
 1.535509730219607 1.064395097790840
 1.513512261726320 1.032625941353983
 1.489275836338414 1.000642810534012
 1.462873486766541 0.9686277705309794
 1.434354554574525 0.9367258856113614
 1.403672994391190 0.9049546138274375
 1.370808627023063 0.8733456094192974
 1.335861843795353 0.8420606250453719
 1.298938733368681 0.8112558035180661
 1.260030162144544 0.7809337381566157
 1.219114361471310 0.7510644421432280
 1.176301590139266 0.7217622466079837
 1.131742463782738 0.6931788499233880
 1.085452030208650 0.6652901248527237
 1.037380221568982 0.6379794453150551
 0.9876151505441849 0.6112867029956026
 0.9363315791650811 0.5853511320915193
 0.8835470705231436 0.5601161965673063
 0.8291373070900194 0.5353455292728767
 0.7731167665003134 0.5109661602430060
 0.7156586446282188 0.4870998493403833
 0.6567498356775577 0.4636447517386213
 0.5960964400868711 0.4401529644224136
 0.5335314314029361 0.4163235446957898
 0.4691918562949297 0.3922247910151374
 0.4029507022644506 0.3675930184815957
 0.3339789949030536 0.3412407701736276
 0.2615681351010654 0.3119652709653725
 0.1865813801969889 0.2802634504677008
 0.1082800526203729 0.2444226533325103
 1.828100598205532E-02 0.1895422891449733
 -6.544261872618796E-02 0.1025281120143800
 -0.1083455809943091 -1.296667188052608E-02
 -9.723753534182974E-02 -0.1341827642940333
 -5.235347294414622E-02 -0.2365140309596075
 -1.869960918267264E-03 -0.3142798707629899
 4.372505839759708E-02 -0.3799041634182562
 8.872984277592458E-02 -0.4445549913869163
 0.1355198416971037 -0.5073004875040901
 0.1804648271048669 -0.5637355650103294
 0.2218022375463466 -0.6160915496229963
 0.2621459721412487 -0.6694640370758873
 0.3028574006463831 -0.7236735202379330
 0.3418483090435864 -0.7751555059775089
 0.3778759737629735 -0.8240830452424964
 0.4125816548606746 -0.8738958396969646
 0.4470534427004313 -0.9251467476447491
 0.4798559788672919 -0.9750570354348564
 0.5098493133815921 -1.022897582837322
 0.5381373447873503 -1.071141749208920
 0.5657381046706765 -1.120793945781809
 0.5916464105848841 -1.169717822520164
 0.6147659011479506 -1.216678540611445
 0.6358467795827808 -1.263422824263502
 0.6559000950281995 -1.311227107924564
 0.6742655754761196 -1.358512904924650
 0.6898955305511800 -1.403754422298423
 0.7032806150136905 -1.448098536615307
 0.7154414596599965 -1.492977358523789
 0.7260186766111008 -1.537324079506450
 0.7340299699212903 -1.579473267118455
 0.7397570012781316 -1.620060009354720
 0.7442217022623795 -1.660589754993057
 0.7473310183616101 -1.700479307875555
 0.7481805781675699 -1.738043197217657
 0.7468666394420127 -1.773472787067803
 0.7443873676140652 -1.808278724578453
 0.7408812751250712 -1.842336845900691
 0.7355283996543591 -1.874038172143737
 0.7282472580447178 -1.903181434992703
 0.7199778909214088 -1.931215748799970
 0.7110567280332785 -1.958449084877899
 0.7007536651235584 -1.983428521086330
 0.6888094857180950 -2.005591713379985
 0.6760685788142640 -2.026252697123625
 0.6630403953056758 -2.046135441470914
 0.6490963665377953 -2.064020596032236
 0.6337834811876492 -2.078953994819797
 0.6178088893558956 -2.092020255641688
 0.6019629143934844 -2.104758475720976
   
   
 #BODY NUMBER  2
 -0.6019629143934844 2.104758475720976
 -0.5850635150125310 2.114565971693756
 -0.5678196999267882 2.123099724830225
 -0.5500642313979125 2.129727268394368
 -0.5318228421466279 2.134497869076760
 -0.5131780152333727 2.137644407509949
 -0.4941462377431829 2.139157473649031
 -0.4746944882507349 2.138840497378199
 -0.4548341719683319 2.136603160653050
 -0.4346427538025498 2.132516882429517
 -0.4141920316192409 2.126601707607807
 -0.3935074553058689 2.118727301268847
 -0.3726211108866549 2.108779638223608
 -0.3516212950992597 2.096792211071105
 -0.3306124391215276 2.082820233404109
 -0.3096577550452502 2.066788991570972
 -0.2888059359473046 2.048585202614078
 -0.2681522574549517 2.028225317299373
 -0.2478224539348056 2.005799010420454
 -0.2279071441321624 1.981291320698679
 -0.2084651331367587 1.954607469835677
 -0.1895891988842543 1.925758263328437
 -0.1714121531343138 1.894868305144831
 -0.1540383292406859 1.861987983023789
 -0.1375241669562093 1.827053038271227
 -0.1219441758675065 1.790072112778389
 -0.1074195127076413 1.751199487328033
 -9.405113603465276E-02 1.710550425101132
 -8.187718765090268E-02 1.668093778662661
 -7.093517052918241E-02 1.623827899438488
 -6.131497091821880E-02 1.577920605195781
 -5.309876812986214E-02 1.530541842815892
 -4.629337484370233E-02 1.481684999030108
 -4.088370603956826E-02 1.431316228224213
 -3.691364598540958E-02 1.379588182876627
 -3.443926150836574E-02 1.326707149139135
 -3.343213390505473E-02 1.272674095176447
 -3.381629595065172E-02 1.217387347919796
 -3.558223851773257E-02 1.160943161031458
 -3.876316094269583E-02 1.103562499968320
 -4.330132003683362E-02 1.045232306796017
 -4.905417460772743E-02 0.9857267358018146
 -5.595129199447685E-02 0.9250218400024566
 -6.401152139423527E-02 0.8633284913561690
 -7.315321549819653E-02 0.8005844174973313
 -8.313542869740292E-02 0.7363111424319058
 -9.378105019867208E-02 0.6702135456603122
 -0.1050807048656866 0.6024444623077555
 -0.1168695411266393 0.5327620538745919
 -0.1285336783258020 0.4598546790032518
 -0.1393857822039758 0.3825072853007290
 -0.1494245777588162 0.3017159403576055
 -0.1575362007361646 0.2159846029586139
 -0.1550079344999746 0.1106029601596818
 -0.1215132589696036 -5.410914299867994E-03
 -4.294332324608162E-02 -0.1003133614691191
 6.758691495773747E-02 -0.1513015579544284
 0.1786504226904062 -0.1635964530257757
 0.2712393715197058 -0.1587593690407985
 0.3508691857224832 -0.1520850703548509
 0.4293608373082041 -0.1454351977757083
 0.5070950303793240 -0.1362866181255076
 0.5784417338681527 -0.1255806577427835
 0.6444520518036092 -0.1159594024801314
 0.7108458490984301 -0.1077069471638546
 0.7781483528953536 -9.955455743507707E-02
 0.8422285145816962 -9.152843311625497E-02
 0.9026148388895295 -8.479132986273114E-02
 0.9631068248694421 -7.964172560371469E-02
 1.024727307039120 -7.541373559451014E-02
 1.084352152258975 -7.196104986050472E-02
 1.140779948897614 -6.990633392814910E-02
 1.196704638262700 -6.953026329350948E-02
 1.253505081790184 -7.045340235723890E-02
 1.308828554854321 -7.247808963569380E-02
 1.361057474982863 -7.593638253116430E-02
 1.412079651324665 -8.105194809853822E-02
 1.463506033107572 -8.758740932323383E-02
 1.513639474771800 -9.532533520267150E-02
 1.560634755660773 -0.1044101557345464
 1.605730427398772 -0.1149903897166540
 1.650677049586587 -0.1268982002757180
 1.694371045007664 -0.1399114221860526
 1.734878958883632 -0.1540480324682629
 1.772891624395509 -0.1693816489431008
 1.810223764219354 -0.1857799772896092
 1.846323788410815 -0.2030320070005284
 1.879279850749003 -0.2210782112975840
 1.909305806242114 -0.2399309105380055
 1.938208996414897 -0.2594809916792203
 1.965951148440631 -0.2795464175038261
 1.990728864565410 -0.3000328067662801
 2.012327099736961 -0.3209100917932642
 2.032470844110065 -0.3420887306989034
 2.051595023539286 -0.3634313524302880
 2.068076318413140 -0.3848437847511103
 2.081298116265673 -0.4062693436904279
 2.092820599602927 -0.4276337846082182
 2.103525469550337 -0.4488578946654653
 2.112042453367112 -0.4698763550902118
 2.117318713406910 -0.4906044022024573
 2.120647131295265 -0.5109719349547888
 2.123755766001720 -0.5310640618596132
 2.123799606971184 -0.5506031190186079
 2.122568146434121 -0.5698035775092571
 2.119430033260919 -0.5884940360934302
 2.114440800017539 -0.6066768429265589
 2.107843368778037 -0.6243970058991961
 2.099637833746993 -0.6416355417544144
 2.089637449497832 -0.6583227628275092
 2.077769700915832 -0.6744036328926897
 2.064135171084430 -0.6898467748509249
 2.048787118329348 -0.7046000323765533
 2.031625394243401 -0.7185761977609714
 2.012567293128330 -0.7316904710975828
 1.991685968794549 -0.7438831314680089
 1.969081453204956 -0.7550913456156754
 1.944720648485109 -0.7652230134374404
 1.918529795254335 -0.7741793240129318
 1.890570778107487 -0.7818859916115534
 1.860984124877204 -0.7882789644744866
 1.829802188088759 -0.7932722838269255
 1.796972289872902 -0.7967676338181006
 1.762550177032356 -0.7986900691473140
 1.726710165648544 -0.7989868734407113
 1.689548059460293 -0.7975928852329495
 1.651036428682529 -0.7944270969172439
 1.611220012205921 -0.7894293022443765
 1.570292999474183 -0.7825717167970541
 1.528405690609178 -0.7738245394897708
 1.485550182042092 -0.7631391648352233
 1.441743797552245 -0.7504822900191910
 1.397176814713571 -0.7358599801504090
 1.352037501498543 -0.7192860392978261
 1.306323536988246 -0.7007512608734925
 1.259998067510878 -0.6802517860809852
 1.213215236124676 -0.6578259362686436
 1.166181725291104 -0.6335282992157474
 1.118884164113705 -0.6073839703237229
 1.071196517519634 -0.5794079026047408
 1.023197389061917 -0.5496564580358556
 0.9750947401077770 -0.5182113678768008
 0.9268483905599773 -0.4851161102287103
 0.8781914816977469 -0.4503812065289378
 0.8290680584947903 -0.4140556797594505
 0.7796701660224541 -0.3762286420157857
 0.7299030511757543 -0.3369396657587100
 0.6792318687842740 -0.2961581780094921
 0.6273124816016082 -0.2538900009645224
 0.5742725611606163 -0.2102196712926181
 0.5198202433910899 -0.1651690353929961
 0.4625126732288556 -0.1186139088296241
 0.4009539173050413 -7.054201433535652E-02
 0.3360059579558050 -2.145248988990475E-02
 0.2658162533565376 2.843805037389646E-02
 0.1732889404820299 7.893932898529143E-02
 5.607064024341560E-02 0.1079390263142480
 -6.540225774822746E-02 8.734668958859307E-02
 -0.1648244502995672 1.711879366039507E-02
 -0.2310038956345524 -7.291757793383183E-02
 -0.2731093324379731 -0.1555205017221914
 -0.3071441273248861 -0.2278190930634053
 -0.3406309945322796 -0.2991197936112080
 -0.3715751886822203 -0.3710138693785825
 -0.3979769067632857 -0.4381549072675459
 -0.4226498142572626 -0.5001321471428649
 -0.4486998769571814 -0.5617570899120328
 -0.4752909522489704 -0.6241189628028558
 -0.5003802055381098 -0.6836270728612539
 -0.5247388651265560 -0.7392917153797653
 -0.5505251700087674 -0.7942541140932500
 -0.5776738643386883 -0.8497330120502390
 -0.6044961733916832 -0.9030959855743517
 -0.6309306355160222 -0.9529912489091732
 -0.6585672934753499 -1.001611485915411
 -0.6877669771195070 -1.050340543424570
 -0.7171821442694368 -1.097239732884470
 -0.7462915738349127 -1.140742158080281
 -0.7762328717418845 -1.182370876164963
 -0.8076059380793723 -1.223639698601330
 -0.8393738992956805 -1.263187569721978
 -0.8707392251095932 -1.299344266563877
 -0.9024498123850810 -1.333108146898653
 -0.9352355899265907 -1.366079158248071
 -0.9683523683965631 -1.397412657320397
 -1.000848988962342 -1.425425234650193
 -1.033134623117377 -1.450678360411620
 -1.066002061956975 -1.474809777703448
 -1.098992770049205 -1.497447300875026
 -1.131099272581433 -1.516964985920073
 -1.162439166800101 -1.533541876529797
 -1.193821628800832 -1.548797732899233
 -1.225069873315560 -1.562790428396865
 -1.255200464911051 -1.574005365377457
 -1.284079841692244 -1.582271343199438
 -1.312492953188657 -1.589127018101067
 -1.340538295506008 -1.595017732447611
 -1.367322653289582 -1.598584736335220
 -1.392488630547578 -1.599322369689557
 -1.416752020788663 -1.598618912515407
 -1.440485074244661 -1.597277546805449
 -1.462946086829317 -1.594144240942024
 -1.483535232219261 -1.588349592617339
 -1.502838241939369 -1.581048320686899
 -1.521792851608236 -1.573694413861363
 -1.538736091958653 -1.563962852675148
 -1.554748446507332 -1.553296147320968
 -1.569365801863006 -1.541233232300938
 -1.582617957870911 -1.527821026150201
 -1.594665353544664 -1.513247401610753
 -1.605491596003810 -1.497521931894616
 -1.614942961247097 -1.480517734550689
 -1.622935528947500 -1.462199527760360
 -1.629492417281880 -1.442670107578592
 -1.634595086710107 -1.422001675231253
 -1.638117938937532 -1.400151103507875
 -1.639946182241675 -1.377089167126025
 -1.640064673695290 -1.352909079603096
 -1.638469014083428 -1.327728887788433
 -1.635062893439859 -1.301565978133531
 -1.629723859307031 -1.274405878601146
 -1.622418520652535 -1.246339325687820
 -1.613161670942398 -1.217520045945967
 -1.601895043956596 -1.188019036871754
 -1.588507156736143 -1.157839836017577
 -1.572960978148102 -1.127068194181123
 -1.555298012514230 -1.095881431704119
 -1.535509730219607 -1.064395097790840
 -1.513512261726320 -1.032625941353983
 -1.489275836338414 -1.000642810534012
 -1.462873486766541 -0.9686277705309794
 -1.434354554574525 -0.9367258856113614
 -1.403672994391190 -0.9049546138274375
 -1.370808627023063 -0.8733456094192974
 -1.335861843795353 -0.8420606250453719
 -1.298938733368681 -0.8112558035180661
 -1.260030162144544 -0.7809337381566157
 -1.219114361471310 -0.7510644421432280
 -1.176301590139266 -0.7217622466079837
 -1.131742463782738 -0.6931788499233880
 -1.085452030208650 -0.6652901248527237
 -1.037380221568982 -0.6379794453150551
 -0.9876151505441849 -0.6112867029956026
 -0.9363315791650811 -0.5853511320915193
 -0.8835470705231436 -0.5601161965673063
 -0.8291373070900194 -0.5353455292728767
 -0.7731167665003134 -0.5109661602430060
 -0.7156586446282188 -0.4870998493403833
 -0.6567498356775577 -0.4636447517386213
 -0.5960964400868711 -0.4401529644224136
 -0.5335314314029361 -0.4163235446957898
 -0.4691918562949297 -0.3922247910151374
 -0.4029507022644506 -0.3675930184815957
 -0.3339789949030536 -0.3412407701736276
 -0.2615681351010654 -0.3119652709653725
 -0.1865813801969889 -0.2802634504677008
 -0.1082800526203729 -0.2444226533325103
 -1.828100598205532E-02 -0.1895422891449733
 6.544261872618796E-02 -0.1025281120143800
 0.1083455809943091 1.296667188052608E-02
 9.723753534182974E-02 0.1341827642940333
 5.235347294414622E-02 0.2365140309596075
 1.869960918267264E-03 0.3142798707629899
 -4.372505839759708E-02 0.3799041634182562
 -8.872984277592458E-02 0.4445549913869163
 -0.1355198416971037 0.5073004875040901
 -0.1804648271048669 0.5637355650103294
 -0.2218022375463466 0.6160915496229963
 -0.2621459721412487 0.6694640370758873
 -0.3028574006463831 0.7236735202379330
 -0.3418483090435864 0.7751555059775089
 -0.3778759737629735 0.8240830452424964
 -0.4125816548606746 0.8738958396969646
 -0.4470534427004313 0.9251467476447491
 -0.4798559788672919 0.9750570354348564
 -0.5098493133815921 1.022897582837322
 -0.5381373447873503 1.071141749208920
 -0.5657381046706765 1.120793945781809
 -0.5916464105848841 1.169717822520164
 -0.6147659011479506 1.216678540611445
 -0.6358467795827808 1.263422824263502
 -0.6559000950281995 1.311227107924564
 -0.6742655754761196 1.358512904924650
 -0.6898955305511800 1.403754422298423
 -0.7032806150136905 1.448098536615307
 -0.7154414596599965 1.492977358523789
 -0.7260186766111008 1.537324079506450
 -0.7340299699212903 1.579473267118455
 -0.7397570012781316 1.620060009354720
 -0.7442217022623795 1.660589754993057
 -0.7473310183616101 1.700479307875555
 -0.7481805781675699 1.738043197217657
 -0.7468666394420127 1.773472787067803
 -0.7443873676140652 1.808278724578453
 -0.7408812751250712 1.842336845900691
 -0.7355283996543591 1.874038172143737
 -0.7282472580447178 1.903181434992703
 -0.7199778909214088 1.931215748799970
 -0.7110567280332785 1.958449084877899
 -0.7007536651235584 1.983428521086330
 -0.6888094857180950 2.005591713379985
 -0.6760685788142640 2.026252697123625
 -0.6630403953056758 2.046135441470914
 -0.6490963665377953 2.064020596032236
 -0.6337834811876492 2.078953994819797
 -0.6178088893558956 2.092020255641688
 -0.6019629143934844 2.104758475720976
   
   
 #BODY NUMBER  3
 2.145248988990475E-02 0.3360059579558050
 -2.843805037389646E-02 0.2658162533565376
 -7.893932898529143E-02 0.1732889404820299
 -0.1079390263142480 5.607064024341560E-02
 -8.734668958859307E-02 -6.540225774822746E-02
 -1.711879366039507E-02 -0.1648244502995672
 7.291757793383183E-02 -0.2310038956345524
 0.1555205017221914 -0.2731093324379731
 0.2278190930634053 -0.3071441273248861
 0.2991197936112080 -0.3406309945322796
 0.3710138693785825 -0.3715751886822203
 0.4381549072675459 -0.3979769067632857
 0.5001321471428649 -0.4226498142572626
 0.5617570899120328 -0.4486998769571814
 0.6241189628028558 -0.4752909522489704
 0.6836270728612539 -0.5003802055381098
 0.7392917153797653 -0.5247388651265560
 0.7942541140932500 -0.5505251700087674
 0.8497330120502390 -0.5776738643386883
 0.9030959855743517 -0.6044961733916832
 0.9529912489091732 -0.6309306355160222
 1.001611485915411 -0.6585672934753499
 1.050340543424570 -0.6877669771195070
 1.097239732884470 -0.7171821442694368
 1.140742158080281 -0.7462915738349127
 1.182370876164963 -0.7762328717418845
 1.223639698601330 -0.8076059380793723
 1.263187569721978 -0.8393738992956805
 1.299344266563877 -0.8707392251095932
 1.333108146898653 -0.9024498123850810
 1.366079158248071 -0.9352355899265907
 1.397412657320397 -0.9683523683965631
 1.425425234650193 -1.000848988962342
 1.450678360411620 -1.033134623117377
 1.474809777703448 -1.066002061956975
 1.497447300875026 -1.098992770049205
 1.516964985920073 -1.131099272581433
 1.533541876529797 -1.162439166800101
 1.548797732899233 -1.193821628800832
 1.562790428396865 -1.225069873315560
 1.574005365377457 -1.255200464911051
 1.582271343199438 -1.284079841692244
 1.589127018101067 -1.312492953188657
 1.595017732447611 -1.340538295506008
 1.598584736335220 -1.367322653289582
 1.599322369689557 -1.392488630547578
 1.598618912515407 -1.416752020788663
 1.597277546805449 -1.440485074244661
 1.594144240942024 -1.462946086829317
 1.588349592617339 -1.483535232219261
 1.581048320686899 -1.502838241939369
 1.573694413861363 -1.521792851608236
 1.563962852675148 -1.538736091958653
 1.553296147320968 -1.554748446507332
 1.541233232300938 -1.569365801863006
 1.527821026150201 -1.582617957870911
 1.513247401610753 -1.594665353544664
 1.497521931894616 -1.605491596003810
 1.480517734550689 -1.614942961247097
 1.462199527760360 -1.622935528947500
 1.442670107578592 -1.629492417281880
 1.422001675231253 -1.634595086710107
 1.400151103507875 -1.638117938937532
 1.377089167126025 -1.639946182241675
 1.352909079603096 -1.640064673695290
 1.327728887788433 -1.638469014083428
 1.301565978133531 -1.635062893439859
 1.274405878601146 -1.629723859307031
 1.246339325687820 -1.622418520652535
 1.217520045945967 -1.613161670942398
 1.188019036871754 -1.601895043956596
 1.157839836017577 -1.588507156736143
 1.127068194181123 -1.572960978148102
 1.095881431704119 -1.555298012514230
 1.064395097790840 -1.535509730219607
 1.032625941353983 -1.513512261726320
 1.000642810534012 -1.489275836338414
 0.9686277705309794 -1.462873486766541
 0.9367258856113614 -1.434354554574525
 0.9049546138274375 -1.403672994391190
 0.8733456094192974 -1.370808627023063
 0.8420606250453719 -1.335861843795353
 0.8112558035180661 -1.298938733368681
 0.7809337381566157 -1.260030162144544
 0.7510644421432280 -1.219114361471310
 0.7217622466079837 -1.176301590139266
 0.6931788499233880 -1.131742463782738
 0.6652901248527237 -1.085452030208650
 0.6379794453150551 -1.037380221568982
 0.6112867029956026 -0.9876151505441849
 0.5853511320915193 -0.9363315791650811
 0.5601161965673063 -0.8835470705231436
 0.5353455292728767 -0.8291373070900194
 0.5109661602430060 -0.7731167665003134
 0.4870998493403833 -0.7156586446282188
 0.4636447517386213 -0.6567498356775577
 0.4401529644224136 -0.5960964400868711
 0.4163235446957898 -0.5335314314029361
 0.3922247910151374 -0.4691918562949297
 0.3675930184815957 -0.4029507022644506
 0.3412407701736276 -0.3339789949030536
 0.3119652709653725 -0.2615681351010654
 0.2802634504677008 -0.1865813801969889
 0.2444226533325103 -0.1082800526203729
 0.1895422891449733 -1.828100598205532E-02
 0.1025281120143800 6.544261872618796E-02
 -1.296667188052608E-02 0.1083455809943091
 -0.1341827642940333 9.723753534182974E-02
 -0.2365140309596075 5.235347294414622E-02
 -0.3142798707629899 1.869960918267264E-03
 -0.3799041634182562 -4.372505839759708E-02
 -0.4445549913869163 -8.872984277592458E-02
 -0.5073004875040901 -0.1355198416971037
 -0.5637355650103294 -0.1804648271048669
 -0.6160915496229963 -0.2218022375463466
 -0.6694640370758873 -0.2621459721412487
 -0.7236735202379330 -0.3028574006463831
 -0.7751555059775089 -0.3418483090435864
 -0.8240830452424964 -0.3778759737629735
 -0.8738958396969646 -0.4125816548606746
 -0.9251467476447491 -0.4470534427004313
 -0.9750570354348564 -0.4798559788672919
 -1.022897582837322 -0.5098493133815921
 -1.071141749208920 -0.5381373447873503
 -1.120793945781809 -0.5657381046706765
 -1.169717822520164 -0.5916464105848841
 -1.216678540611445 -0.6147659011479506
 -1.263422824263502 -0.6358467795827808
 -1.311227107924564 -0.6559000950281995
 -1.358512904924650 -0.6742655754761196
 -1.403754422298423 -0.6898955305511800
 -1.448098536615307 -0.7032806150136905
 -1.492977358523789 -0.7154414596599965
 -1.537324079506450 -0.7260186766111008
 -1.579473267118455 -0.7340299699212903
 -1.620060009354720 -0.7397570012781316
 -1.660589754993057 -0.7442217022623795
 -1.700479307875555 -0.7473310183616101
 -1.738043197217657 -0.7481805781675699
 -1.773472787067803 -0.7468666394420127
 -1.808278724578453 -0.7443873676140652
 -1.842336845900691 -0.7408812751250712
 -1.874038172143737 -0.7355283996543591
 -1.903181434992703 -0.7282472580447178
 -1.931215748799970 -0.7199778909214088
 -1.958449084877899 -0.7110567280332785
 -1.983428521086330 -0.7007536651235584
 -2.005591713379985 -0.6888094857180950
 -2.026252697123625 -0.6760685788142640
 -2.046135441470914 -0.6630403953056758
 -2.064020596032236 -0.6490963665377953
 -2.078953994819797 -0.6337834811876492
 -2.092020255641688 -0.6178088893558956
 -2.104758475720976 -0.6019629143934844
 -2.114565971693756 -0.5850635150125310
 -2.123099724830225 -0.5678196999267882
 -2.129727268394368 -0.5500642313979125
 -2.134497869076760 -0.5318228421466279
 -2.137644407509949 -0.5131780152333727
 -2.139157473649031 -0.4941462377431829
 -2.138840497378199 -0.4746944882507349
 -2.136603160653050 -0.4548341719683319
 -2.132516882429517 -0.4346427538025498
 -2.126601707607807 -0.4141920316192409
 -2.118727301268847 -0.3935074553058689
 -2.108779638223608 -0.3726211108866549
 -2.096792211071105 -0.3516212950992597
 -2.082820233404109 -0.3306124391215276
 -2.066788991570972 -0.3096577550452502
 -2.048585202614078 -0.2888059359473046
 -2.028225317299373 -0.2681522574549517
 -2.005799010420454 -0.2478224539348056
 -1.981291320698679 -0.2279071441321624
 -1.954607469835677 -0.2084651331367587
 -1.925758263328437 -0.1895891988842543
 -1.894868305144831 -0.1714121531343138
 -1.861987983023789 -0.1540383292406859
 -1.827053038271227 -0.1375241669562093
 -1.790072112778389 -0.1219441758675065
 -1.751199487328033 -0.1074195127076413
 -1.710550425101132 -9.405113603465276E-02
 -1.668093778662661 -8.187718765090268E-02
 -1.623827899438488 -7.093517052918241E-02
 -1.577920605195781 -6.131497091821880E-02
 -1.530541842815892 -5.309876812986214E-02
 -1.481684999030108 -4.629337484370233E-02
 -1.431316228224213 -4.088370603956826E-02
 -1.379588182876627 -3.691364598540958E-02
 -1.326707149139135 -3.443926150836574E-02
 -1.272674095176447 -3.343213390505473E-02
 -1.217387347919796 -3.381629595065172E-02
 -1.160943161031458 -3.558223851773257E-02
 -1.103562499968320 -3.876316094269583E-02
 -1.045232306796017 -4.330132003683362E-02
 -0.9857267358018146 -4.905417460772743E-02
 -0.9250218400024566 -5.595129199447685E-02
 -0.8633284913561690 -6.401152139423527E-02
 -0.8005844174973313 -7.315321549819653E-02
 -0.7363111424319058 -8.313542869740292E-02
 -0.6702135456603122 -9.378105019867208E-02
 -0.6024444623077555 -0.1050807048656866
 -0.5327620538745919 -0.1168695411266393
 -0.4598546790032518 -0.1285336783258020
 -0.3825072853007290 -0.1393857822039758
 -0.3017159403576055 -0.1494245777588162
 -0.2159846029586139 -0.1575362007361646
 -0.1106029601596818 -0.1550079344999746
 5.410914299867994E-03 -0.1215132589696036
 0.1003133614691191 -4.294332324608162E-02
 0.1513015579544284 6.758691495773747E-02
 0.1635964530257757 0.1786504226904062
 0.1587593690407985 0.2712393715197058
 0.1520850703548509 0.3508691857224832
 0.1454351977757083 0.4293608373082041
 0.1362866181255076 0.5070950303793240
 0.1255806577427835 0.5784417338681527
 0.1159594024801314 0.6444520518036092
 0.1077069471638546 0.7108458490984301
 9.955455743507707E-02 0.7781483528953536
 9.152843311625497E-02 0.8422285145816962
 8.479132986273114E-02 0.9026148388895295
 7.964172560371469E-02 0.9631068248694421
 7.541373559451014E-02 1.024727307039120
 7.196104986050472E-02 1.084352152258975
 6.990633392814910E-02 1.140779948897614
 6.953026329350948E-02 1.196704638262700
 7.045340235723890E-02 1.253505081790184
 7.247808963569380E-02 1.308828554854321
 7.593638253116430E-02 1.361057474982863
 8.105194809853822E-02 1.412079651324665
 8.758740932323383E-02 1.463506033107572
 9.532533520267150E-02 1.513639474771800
 0.1044101557345464 1.560634755660773
 0.1149903897166540 1.605730427398772
 0.1268982002757180 1.650677049586587
 0.1399114221860526 1.694371045007664
 0.1540480324682629 1.734878958883632
 0.1693816489431008 1.772891624395509
 0.1857799772896092 1.810223764219354
 0.2030320070005284 1.846323788410815
 0.2210782112975840 1.879279850749003
 0.2399309105380055 1.909305806242114
 0.2594809916792203 1.938208996414897
 0.2795464175038261 1.965951148440631
 0.3000328067662801 1.990728864565410
 0.3209100917932642 2.012327099736961
 0.3420887306989034 2.032470844110065
 0.3634313524302880 2.051595023539286
 0.3848437847511103 2.068076318413140
 0.4062693436904279 2.081298116265673
 0.4276337846082182 2.092820599602927
 0.4488578946654653 2.103525469550337
 0.4698763550902118 2.112042453367112
 0.4906044022024573 2.117318713406910
 0.5109719349547888 2.120647131295265
 0.5310640618596132 2.123755766001720
 0.5506031190186079 2.123799606971184
 0.5698035775092571 2.122568146434121
 0.5884940360934302 2.119430033260919
 0.6066768429265589 2.114440800017539
 0.6243970058991961 2.107843368778037
 0.6416355417544144 2.099637833746993
 0.6583227628275092 2.089637449497832
 0.6744036328926897 2.077769700915832
 0.6898467748509249 2.064135171084430
 0.7046000323765533 2.048787118329348
 0.7185761977609714 2.031625394243401
 0.7316904710975828 2.012567293128330
 0.7438831314680089 1.991685968794549
 0.7550913456156754 1.969081453204956
 0.7652230134374404 1.944720648485109
 0.7741793240129318 1.918529795254335
 0.7818859916115534 1.890570778107487
 0.7882789644744866 1.860984124877204
 0.7932722838269255 1.829802188088759
 0.7967676338181006 1.796972289872902
 0.7986900691473140 1.762550177032356
 0.7989868734407113 1.726710165648544
 0.7975928852329495 1.689548059460293
 0.7944270969172439 1.651036428682529
 0.7894293022443765 1.611220012205921
 0.7825717167970541 1.570292999474183
 0.7738245394897708 1.528405690609178
 0.7631391648352233 1.485550182042092
 0.7504822900191910 1.441743797552245
 0.7358599801504090 1.397176814713571
 0.7192860392978261 1.352037501498543
 0.7007512608734925 1.306323536988246
 0.6802517860809852 1.259998067510878
 0.6578259362686436 1.213215236124676
 0.6335282992157474 1.166181725291104
 0.6073839703237229 1.118884164113705
 0.5794079026047408 1.071196517519634
 0.5496564580358556 1.023197389061917
 0.5182113678768008 0.9750947401077770
 0.4851161102287103 0.9268483905599773
 0.4503812065289378 0.8781914816977469
 0.4140556797594505 0.8290680584947903
 0.3762286420157857 0.7796701660224541
 0.3369396657587100 0.7299030511757543
 0.2961581780094921 0.6792318687842740
 0.2538900009645224 0.6273124816016082
 0.2102196712926181 0.5742725611606163
 0.1651690353929961 0.5198202433910899
 0.1186139088296241 0.4625126732288556
 7.054201433535652E-02 0.4009539173050413
 2.145248988990475E-02 0.3360059579558050
   
   
 #BODY NUMBER  4
 -2.145248988990475E-02 -0.3360059579558050
 2.843805037389646E-02 -0.2658162533565376
 7.893932898529143E-02 -0.1732889404820299
 0.1079390263142480 -5.607064024341560E-02
 8.734668958859307E-02 6.540225774822746E-02
 1.711879366039507E-02 0.1648244502995672
 -7.291757793383183E-02 0.2310038956345524
 -0.1555205017221914 0.2731093324379731
 -0.2278190930634053 0.3071441273248861
 -0.2991197936112080 0.3406309945322796
 -0.3710138693785825 0.3715751886822203
 -0.4381549072675459 0.3979769067632857
 -0.5001321471428649 0.4226498142572626
 -0.5617570899120328 0.4486998769571814
 -0.6241189628028558 0.4752909522489704
 -0.6836270728612539 0.5003802055381098
 -0.7392917153797653 0.5247388651265560
 -0.7942541140932500 0.5505251700087674
 -0.8497330120502390 0.5776738643386883
 -0.9030959855743517 0.6044961733916832
 -0.9529912489091732 0.6309306355160222
 -1.001611485915411 0.6585672934753499
 -1.050340543424570 0.6877669771195070
 -1.097239732884470 0.7171821442694368
 -1.140742158080281 0.7462915738349127
 -1.182370876164963 0.7762328717418845
 -1.223639698601330 0.8076059380793723
 -1.263187569721978 0.8393738992956805
 -1.299344266563877 0.8707392251095932
 -1.333108146898653 0.9024498123850810
 -1.366079158248071 0.9352355899265907
 -1.397412657320397 0.9683523683965631
 -1.425425234650193 1.000848988962342
 -1.450678360411620 1.033134623117377
 -1.474809777703448 1.066002061956975
 -1.497447300875026 1.098992770049205
 -1.516964985920073 1.131099272581433
 -1.533541876529797 1.162439166800101
 -1.548797732899233 1.193821628800832
 -1.562790428396865 1.225069873315560
 -1.574005365377457 1.255200464911051
 -1.582271343199438 1.284079841692244
 -1.589127018101067 1.312492953188657
 -1.595017732447611 1.340538295506008
 -1.598584736335220 1.367322653289582
 -1.599322369689557 1.392488630547578
 -1.598618912515407 1.416752020788663
 -1.597277546805449 1.440485074244661
 -1.594144240942024 1.462946086829317
 -1.588349592617339 1.483535232219261
 -1.581048320686899 1.502838241939369
 -1.573694413861363 1.521792851608236
 -1.563962852675148 1.538736091958653
 -1.553296147320968 1.554748446507332
 -1.541233232300938 1.569365801863006
 -1.527821026150201 1.582617957870911
 -1.513247401610753 1.594665353544664
 -1.497521931894616 1.605491596003810
 -1.480517734550689 1.614942961247097
 -1.462199527760360 1.622935528947500
 -1.442670107578592 1.629492417281880
 -1.422001675231253 1.634595086710107
 -1.400151103507875 1.638117938937532
 -1.377089167126025 1.639946182241675
 -1.352909079603096 1.640064673695290
 -1.327728887788433 1.638469014083428
 -1.301565978133531 1.635062893439859
 -1.274405878601146 1.629723859307031
 -1.246339325687820 1.622418520652535
 -1.217520045945967 1.613161670942398
 -1.188019036871754 1.601895043956596
 -1.157839836017577 1.588507156736143
 -1.127068194181123 1.572960978148102
 -1.095881431704119 1.555298012514230
 -1.064395097790840 1.535509730219607
 -1.032625941353983 1.513512261726320
 -1.000642810534012 1.489275836338414
 -0.9686277705309794 1.462873486766541
 -0.9367258856113614 1.434354554574525
 -0.9049546138274375 1.403672994391190
 -0.8733456094192974 1.370808627023063
 -0.8420606250453719 1.335861843795353
 -0.8112558035180661 1.298938733368681
 -0.7809337381566157 1.260030162144544
 -0.7510644421432280 1.219114361471310
 -0.7217622466079837 1.176301590139266
 -0.6931788499233880 1.131742463782738
 -0.6652901248527237 1.085452030208650
 -0.6379794453150551 1.037380221568982
 -0.6112867029956026 0.9876151505441849
 -0.5853511320915193 0.9363315791650811
 -0.5601161965673063 0.8835470705231436
 -0.5353455292728767 0.8291373070900194
 -0.5109661602430060 0.7731167665003134
 -0.4870998493403833 0.7156586446282188
 -0.4636447517386213 0.6567498356775577
 -0.4401529644224136 0.5960964400868711
 -0.4163235446957898 0.5335314314029361
 -0.3922247910151374 0.4691918562949297
 -0.3675930184815957 0.4029507022644506
 -0.3412407701736276 0.3339789949030536
 -0.3119652709653725 0.2615681351010654
 -0.2802634504677008 0.1865813801969889
 -0.2444226533325103 0.1082800526203729
 -0.1895422891449733 1.828100598205532E-02
 -0.1025281120143800 -6.544261872618796E-02
 1.296667188052608E-02 -0.1083455809943091
 0.1341827642940333 -9.723753534182974E-02
 0.2365140309596075 -5.235347294414622E-02
 0.3142798707629899 -1.869960918267264E-03
 0.3799041634182562 4.372505839759708E-02
 0.4445549913869163 8.872984277592458E-02
 0.5073004875040901 0.1355198416971037
 0.5637355650103294 0.1804648271048669
 0.6160915496229963 0.2218022375463466
 0.6694640370758873 0.2621459721412487
 0.7236735202379330 0.3028574006463831
 0.7751555059775089 0.3418483090435864
 0.8240830452424964 0.3778759737629735
 0.8738958396969646 0.4125816548606746
 0.9251467476447491 0.4470534427004313
 0.9750570354348564 0.4798559788672919
 1.022897582837322 0.5098493133815921
 1.071141749208920 0.5381373447873503
 1.120793945781809 0.5657381046706765
 1.169717822520164 0.5916464105848841
 1.216678540611445 0.6147659011479506
 1.263422824263502 0.6358467795827808
 1.311227107924564 0.6559000950281995
 1.358512904924650 0.6742655754761196
 1.403754422298423 0.6898955305511800
 1.448098536615307 0.7032806150136905
 1.492977358523789 0.7154414596599965
 1.537324079506450 0.7260186766111008
 1.579473267118455 0.7340299699212903
 1.620060009354720 0.7397570012781316
 1.660589754993057 0.7442217022623795
 1.700479307875555 0.7473310183616101
 1.738043197217657 0.7481805781675699
 1.773472787067803 0.7468666394420127
 1.808278724578453 0.7443873676140652
 1.842336845900691 0.7408812751250712
 1.874038172143737 0.7355283996543591
 1.903181434992703 0.7282472580447178
 1.931215748799970 0.7199778909214088
 1.958449084877899 0.7110567280332785
 1.983428521086330 0.7007536651235584
 2.005591713379985 0.6888094857180950
 2.026252697123625 0.6760685788142640
 2.046135441470914 0.6630403953056758
 2.064020596032236 0.6490963665377953
 2.078953994819797 0.6337834811876492
 2.092020255641688 0.6178088893558956
 2.104758475720976 0.6019629143934844
 2.114565971693756 0.5850635150125310
 2.123099724830225 0.5678196999267882
 2.129727268394368 0.5500642313979125
 2.134497869076760 0.5318228421466279
 2.137644407509949 0.5131780152333727
 2.139157473649031 0.4941462377431829
 2.138840497378199 0.4746944882507349
 2.136603160653050 0.4548341719683319
 2.132516882429517 0.4346427538025498
 2.126601707607807 0.4141920316192409
 2.118727301268847 0.3935074553058689
 2.108779638223608 0.3726211108866549
 2.096792211071105 0.3516212950992597
 2.082820233404109 0.3306124391215276
 2.066788991570972 0.3096577550452502
 2.048585202614078 0.2888059359473046
 2.028225317299373 0.2681522574549517
 2.005799010420454 0.2478224539348056
 1.981291320698679 0.2279071441321624
 1.954607469835677 0.2084651331367587
 1.925758263328437 0.1895891988842543
 1.894868305144831 0.1714121531343138
 1.861987983023789 0.1540383292406859
 1.827053038271227 0.1375241669562093
 1.790072112778389 0.1219441758675065
 1.751199487328033 0.1074195127076413
 1.710550425101132 9.405113603465276E-02
 1.668093778662661 8.187718765090268E-02
 1.623827899438488 7.093517052918241E-02
 1.577920605195781 6.131497091821880E-02
 1.530541842815892 5.309876812986214E-02
 1.481684999030108 4.629337484370233E-02
 1.431316228224213 4.088370603956826E-02
 1.379588182876627 3.691364598540958E-02
 1.326707149139135 3.443926150836574E-02
 1.272674095176447 3.343213390505473E-02
 1.217387347919796 3.381629595065172E-02
 1.160943161031458 3.558223851773257E-02
 1.103562499968320 3.876316094269583E-02
 1.045232306796017 4.330132003683362E-02
 0.9857267358018146 4.905417460772743E-02
 0.9250218400024566 5.595129199447685E-02
 0.8633284913561690 6.401152139423527E-02
 0.8005844174973313 7.315321549819653E-02
 0.7363111424319058 8.313542869740292E-02
 0.6702135456603122 9.378105019867208E-02
 0.6024444623077555 0.1050807048656866
 0.5327620538745919 0.1168695411266393
 0.4598546790032518 0.1285336783258020
 0.3825072853007290 0.1393857822039758
 0.3017159403576055 0.1494245777588162
 0.2159846029586139 0.1575362007361646
 0.1106029601596818 0.1550079344999746
 -5.410914299867994E-03 0.1215132589696036
 -0.1003133614691191 4.294332324608162E-02
 -0.1513015579544284 -6.758691495773747E-02
 -0.1635964530257757 -0.1786504226904062
 -0.1587593690407985 -0.2712393715197058
 -0.1520850703548509 -0.3508691857224832
 -0.1454351977757083 -0.4293608373082041
 -0.1362866181255076 -0.5070950303793240
 -0.1255806577427835 -0.5784417338681527
 -0.1159594024801314 -0.6444520518036092
 -0.1077069471638546 -0.7108458490984301
 -9.955455743507707E-02 -0.7781483528953536
 -9.152843311625497E-02 -0.8422285145816962
 -8.479132986273114E-02 -0.9026148388895295
 -7.964172560371469E-02 -0.9631068248694421
 -7.541373559451014E-02 -1.024727307039120
 -7.196104986050472E-02 -1.084352152258975
 -6.990633392814910E-02 -1.140779948897614
 -6.953026329350948E-02 -1.196704638262700
 -7.045340235723890E-02 -1.253505081790184
 -7.247808963569380E-02 -1.308828554854321
 -7.593638253116430E-02 -1.361057474982863
 -8.105194809853822E-02 -1.412079651324665
 -8.758740932323383E-02 -1.463506033107572
 -9.532533520267150E-02 -1.513639474771800
 -0.1044101557345464 -1.560634755660773
 -0.1149903897166540 -1.605730427398772
 -0.1268982002757180 -1.650677049586587
 -0.1399114221860526 -1.694371045007664
 -0.1540480324682629 -1.734878958883632
 -0.1693816489431008 -1.772891624395509
 -0.1857799772896092 -1.810223764219354
 -0.2030320070005284 -1.846323788410815
 -0.2210782112975840 -1.879279850749003
 -0.2399309105380055 -1.909305806242114
 -0.2594809916792203 -1.938208996414897
 -0.2795464175038261 -1.965951148440631
 -0.3000328067662801 -1.990728864565410
 -0.3209100917932642 -2.012327099736961
 -0.3420887306989034 -2.032470844110065
 -0.3634313524302880 -2.051595023539286
 -0.3848437847511103 -2.068076318413140
 -0.4062693436904279 -2.081298116265673
 -0.4276337846082182 -2.092820599602927
 -0.4488578946654653 -2.103525469550337
 -0.4698763550902118 -2.112042453367112
 -0.4906044022024573 -2.117318713406910
 -0.5109719349547888 -2.120647131295265
 -0.5310640618596132 -2.123755766001720
 -0.5506031190186079 -2.123799606971184
 -0.5698035775092571 -2.122568146434121
 -0.5884940360934302 -2.119430033260919
 -0.6066768429265589 -2.114440800017539
 -0.6243970058991961 -2.107843368778037
 -0.6416355417544144 -2.099637833746993
 -0.6583227628275092 -2.089637449497832
 -0.6744036328926897 -2.077769700915832
 -0.6898467748509249 -2.064135171084430
 -0.7046000323765533 -2.048787118329348
 -0.7185761977609714 -2.031625394243401
 -0.7316904710975828 -2.012567293128330
 -0.7438831314680089 -1.991685968794549
 -0.7550913456156754 -1.969081453204956
 -0.7652230134374404 -1.944720648485109
 -0.7741793240129318 -1.918529795254335
 -0.7818859916115534 -1.890570778107487
 -0.7882789644744866 -1.860984124877204
 -0.7932722838269255 -1.829802188088759
 -0.7967676338181006 -1.796972289872902
 -0.7986900691473140 -1.762550177032356
 -0.7989868734407113 -1.726710165648544
 -0.7975928852329495 -1.689548059460293
 -0.7944270969172439 -1.651036428682529
 -0.7894293022443765 -1.611220012205921
 -0.7825717167970541 -1.570292999474183
 -0.7738245394897708 -1.528405690609178
 -0.7631391648352233 -1.485550182042092
 -0.7504822900191910 -1.441743797552245
 -0.7358599801504090 -1.397176814713571
 -0.7192860392978261 -1.352037501498543
 -0.7007512608734925 -1.306323536988246
 -0.6802517860809852 -1.259998067510878
 -0.6578259362686436 -1.213215236124676
 -0.6335282992157474 -1.166181725291104
 -0.6073839703237229 -1.118884164113705
 -0.5794079026047408 -1.071196517519634
 -0.5496564580358556 -1.023197389061917
 -0.5182113678768008 -0.9750947401077770
 -0.4851161102287103 -0.9268483905599773
 -0.4503812065289378 -0.8781914816977469
 -0.4140556797594505 -0.8290680584947903
 -0.3762286420157857 -0.7796701660224541
 -0.3369396657587100 -0.7299030511757543
 -0.2961581780094921 -0.6792318687842740
 -0.2538900009645224 -0.6273124816016082
 -0.2102196712926181 -0.5742725611606163
 -0.1651690353929961 -0.5198202433910899
 -0.1186139088296241 -0.4625126732288556
 -7.054201433535652E-02 -0.4009539173050413
 -2.145248988990475E-02 -0.3360059579558050
   
   
