 # action(x) =  9.325225138309733
 # |grad_action(x)| =  8.534862716906176E-07
 # PRINTSTEPS = 50
 #
 #BODY NUMBER  1
 1.880578834994904 -2.046428949801597
 1.892331633900219 -2.008264122335974
 1.903148763652266 -1.970316592100293
 1.912625372257129 -1.932712947604499
 1.920844549025348 -1.895483967230619
 1.927945438867432 -1.858633774163205
 1.933898505516154 -1.822196467917496
 1.938643684246063 -1.786227405545968
 1.942229693467094 -1.750766002498898
 1.944733004935544 -1.715831719038991
 1.946151628768981 -1.681452278184449
 1.946459476844591 -1.647674223230733
 1.945694556172334 -1.614540906348860
 1.943920659523332 -1.582077795793162
 1.941150840073874 -1.550309452374967
 1.937375159970058 -1.519277054347506
 1.932629445808163 -1.489025812106642
 1.926975507043829 -1.459585325416103
 1.920438252832153 -1.430977934528281
 1.913019596833522 -1.403239695330613
 1.904757284215969 -1.376415888885392
 1.895716058223437 -1.350538939776973
 1.885932140185395 -1.325628789053170
 1.875418059003849 -1.301715274128530
 1.864216003440986 -1.278841448595047
 1.852396797380622 -1.257040839117960
 1.840008294527044 -1.236329853960624
 1.827073133881997 -1.216729887152691
 1.813639402380439 -1.198278614634073
 1.799786152266448 -1.181008240687501
 1.785573199500093 -1.164929601194999
 1.771032370472147 -1.150052293010960
 1.756217787388314 -1.136404484347343
 1.741217868395254 -1.124014001860393
 1.726104089267729 -1.112883398546034
 1.710915099965514 -1.103006077950571
 1.695709243637316 -1.094395713423310
 1.680584307983707 -1.087072640037243
 1.665622075445187 -1.081028434161523
 1.650863015290214 -1.076235093704153
 1.636365038524043 -1.072686326695094
 1.622234707950565 -1.070393267987790
 1.608562037847625 -1.069335313080976
 1.595379664312449 -1.069456825770496
 1.582736177224765 -1.070725742675666
 1.570749402393034 -1.073147477768817
 1.559517625811393 -1.076692671294622
 1.549042999705865 -1.081265689285879
 1.539346772959584 -1.086799722070502
 1.530593186692449 -1.093325128078853
 1.522901221219945 -1.100819585508654
 1.515970108234552 -1.108956869594832
 1.510420958218164 -1.118098401462541
 1.505718116792371 -1.127765062265189
 1.502264734930735 -1.138142156812888
 1.500045288998735 -1.149109625515228
 1.498980113073524 -1.160520658200817
 1.499126107256555 -1.172334455390325
 1.500573545600739 -1.184519477481866
 1.503320006285730 -1.196973225079202
 1.507323912479834 -1.209585378673753
 1.512600696485308 -1.222299913092271
 1.519193202069423 -1.235068692062684
 1.527093281984541 -1.247799822455523
 1.536257455234162 -1.260395490694212
 1.546673812708683 -1.272798788050565
 1.558356539843175 -1.284962679369168
 1.571288505195034 -1.296806868613808
 1.585420255327907 -1.308244725525163
 1.600720812045844 -1.319225088083273
 1.617184604542424 -1.329709249724493
 1.634787295303662 -1.339630085016865
 1.653475258331530 -1.348912157995785
 1.673205075097938 -1.357512765088836
 1.693957904284606 -1.365404657450018
 1.715705161979373 -1.372534317817829
 1.738391991938006 -1.378836524049398
 1.761967820702013 -1.384277204010496
 1.786405425153989 -1.388841448706364
 1.811674622791087 -1.392488794261675
 1.837721862746103 -1.395162203045416
 1.864493285287224 -1.396834826734927
 1.891956739139629 -1.397503939661612
 1.920082260043713 -1.397141191444532
 1.948819231032457 -1.395694941306934
 1.978113041381398 -1.393143213177087
 2.007928866370927 -1.389495265637361
 2.038237922084093 -1.384734215840278
 2.068993185339724 -1.378810301750489
 2.100140695872881 -1.371703315262627
 2.131644364421485 -1.363435346825440
 2.163476910223288 -1.354001453729245
 2.195594631155129 -1.343348678602805
 2.227944655882103 -1.331454136621487
 2.260490706786349 -1.318356925880086
 2.293207076013801 -1.304067377618259
 2.326051888032976 -1.288518587544177
 2.358972723295867 -1.271676239638828
 2.391935283014776 -1.253614480642491
 2.424916192622800 -1.234371817738538
 2.457868980294641 -1.213816937840205
 2.490738909871340 -1.191880127641014
 2.523529351456842 -1.168985717275710
 2.556128683445819 -1.144445763210280
 2.588595829846832 -1.118946012833046
 2.620830780645473 -1.092059694784683
 2.652786045782009 -1.063854028000960
 2.684448935658956 -1.034458026505731
 2.715794063989765 -1.003830897411920
 2.746764169108264 -0.9718959284154680
 2.777303474340716 -0.9386847164621858
 2.807385888267492 -0.9042615864535097
 2.836989835114907 -0.8686136597064815
 2.866064732433732 -0.8316989966914990
 2.894549245292083 -0.7935374014063399
 2.922408341220725 -0.7541788378813713
 2.949621336896744 -0.7136253196109623
 2.976142218451133 -0.6718515480228326
 3.001905350467401 -0.6288742214541601
 3.026866944760955 -0.5847396395365717
 3.051005577405892 -0.5394613413338226
 3.074279596528883 -0.4930265002128555
 3.096620305253292 -0.4454531949533440
 3.117975118536659 -0.3967891983832055
 3.138320957249151 -0.3470591987464030
 3.157621311240811 -0.2962621419881688
 3.175806270382220 -0.2444207871588477
 3.192814869212828 -0.1915881269383431
 3.208622220742639 -0.1378009175926656
 3.223198843713448 -8.307041556947160E-02
 3.236476515555555 -2.742681012582936E-02
 3.248387066700083 2.906845868769661E-02
 3.258904546892849 8.636513287491468E-02
 3.268009846270225 0.1444389171731884
 3.275640793168112 0.2032501469218870
 3.281723994871114 0.2627262282247512
 3.286234053273741 0.3228021150709858
 3.289167455581464 0.3834405419991339
 3.290474257923144 0.4445916719570833
 3.290078113668056 0.5061698932169794
 3.287956107899653 0.5680948902061008
 3.284128037466234 0.6303185631159368
 3.278564529497993 0.6927826002379593
 3.271186904212883 0.7553874262505631
 3.261975165104773 0.8180380808907531
 3.250984584024201 0.8806818376280053
 3.238218087203730 0.9432575682543716
 3.223586832455018 1.005649658023697
 3.207067287396018 1.067748799947468
 3.188779592467884 1.129514444207218
 3.168781660109692 1.190896266552392
 3.146910707984026 1.251738742725131
 3.123110089942066 1.311911224243281
 3.097992459109097 1.371581992589828
 3.070647280440866 1.430263151935452
 3.042047095476270 1.488303397050884
 3.011656441672698 1.545360979194175
 2.979610315754426 1.601390443406653
 2.946133332703534 1.656408448005291
 2.911224093757495 1.710338414583087
 2.874832186829192 1.763064132961536
 2.837054499816606 1.814529917115778
 2.798036387513738 1.864724332931713
 2.757821251501365 1.913604378554268
 2.716411124974937 1.961093823407178
 2.673889799903593 2.007143965427987
 2.630383837088923 2.051746559892882
 2.585956130765477 2.094884433806784
 2.540629001642785 2.136510749062725
 2.494477271475704 2.176588741610924
 2.447615518887028 2.215117742960080
 2.400114096703911 2.252101472023855
 2.352002882187465 2.287517595894109
 2.303347003635801 2.321341368807481
 2.254249374525319 2.353578592498393
 2.204780984555678 2.384248817847063
 2.154972544248681 2.413349924155995
 2.104878582037515 2.440867430970224
 2.054590235444518 2.466810682265902
 2.004175532163535 2.491210018224905
 1.953662486056415 2.514079710264112
 1.903094919208523 2.535413496246638
 1.852552890820496 2.555220992583414
 1.802100073388470 2.573538735140629
 1.751760097906452 2.590394436049073
 1.701566656956112 2.605788555698213
 1.651590344893886 2.619727962909615
 1.601890579515165 2.632251409146372
 1.552485749119943 2.643398303517734
 1.503400205855701 2.653175343263224
 1.454697579314996 2.661583843088651
 1.406434239618564 2.668661199557495
 1.358622292893447 2.674458424148413
 1.311277086265713 2.678989396489138
 1.264459117049976 2.682246473197671
 1.218224197901125 2.684261777805533
 1.172575201572538 2.685100886206383
 1.127517069790285 2.684788342089792
 1.083114962889823 2.683300237990968
 1.039429723287649 2.680656669734889
 0.9964429730330118 2.676951519586842
 0.9541415573069595 2.672230907130525
 0.9126295794109366 2.666417583596804
 0.8719887263537021 2.659501607573166
 0.8319700400706409 2.651843519825730
 0.7930419305017039 2.642939328510490
 0.7547698404307027 2.633333472553955
 0.7174658247200340 2.622738634099592
 0.6811149935751527 2.611242159792124
 0.6456513453233690 2.598966614251137
 0.6111191791447509 2.585903468076498
 0.5775964680157459 2.572028382216333
 0.5450929875126285 2.557403255776415
 0.5135873548391174 2.542104045371725
 0.4831045737744615 2.526142889222625
 0.4536979960563112 2.509520465999750
 0.4253861622610982 2.492291366824760
 0.3981592321585018 2.474523571985187
 0.3720319494469263 2.456240666268962
 0.3470449444667022 2.437454632368763
 0.3232194572710247 2.418219102225031
 0.3005502172794072 2.398602404278407
 0.2790441171404002 2.378637280616188
 0.2587314253382860 2.358343416460601
 0.2396324838393042 2.337776140617182
 0.2217430015352420 2.317007734672083
 0.2050621372153512 2.296079537740692
 0.1896094663876074 2.275017318877702
 0.1754011801753086 2.253879141418916
 0.1624309015803498 2.232743103979534
 0.1506889137234841 2.211658853214812
 0.1401824248770056 2.190656692090202
 0.1309200198945111 2.169797103082924
 0.1228900623809190 2.149164649585942
 0.1160720285052979 2.128816551681239
 0.1104583161919631 2.108785170258932
 0.1060462587251971 2.089131460630050
 0.1028157456228822 2.069945908483876
 0.1007332499569636 2.051291690155073
 9.977373405107615E-02 2.033198979263812
 9.991986779872286E-02 2.015725139133667
 0.1011403680394160 1.998965023934002
 0.1033870484745989 1.982985247520454
 0.1066154239470156 1.967806856261581
 0.1107910899481434 1.953476856574070
 0.1158704081419881 1.940093101979914
 0.1217905273680990 1.927723244879797
 0.1284869472116938 1.916367730860919
 0.1359076050307046 1.906052608303149
 0.1439982765584755 1.896882624336001
 0.1526843925039739 1.888928217249572
 0.1618820553091307 1.882143433942669
 0.1715227816591305 1.876513271651847
 0.1815507421659374 1.872195146574466
 0.1918871154239785 1.869280937785144
 0.2023997666531159 1.867347059906383
 0.2130911404882506 1.867112120956635
 0.2238141350260076 1.867872671213253
 0.2345276534526056 1.870070502065956
 0.2451354829300431 1.873632139857688
 0.2555503150817832 1.878415186789751
 0.2657083664715383 1.884448520055815
 0.2755371859763955 1.891794549478060
 0.2849492174255130 1.900399928000426
 0.2938697097377727 1.910173489276165
 0.3022424275387643 1.921100585484448
 0.3100042617103932 1.933194252280089
 0.3170797040919249 1.946401487374927
 0.3234057861394599 1.960635728333126
 0.3289391780034928 1.975858207199137
 0.3336320533270301 1.992057691342391
 0.3374234394241897 2.009179196480281
 0.3402630390078381 2.027136579550961
 0.3421220335669560 2.045877431639793
 0.3429696876373454 2.065377575005077
 0.3427600376466815 2.085582370025457
 0.3414545671322727 2.106407657242035
 0.3390380029796203 2.127794483320282
 0.3354961676550022 2.149712906776927
 0.3307970058064981 2.172111414587147
 0.3249114615236083 2.194909888778446
 0.3178353142017771 2.218047495383896
 0.3095692638314990 2.241493203994877
 0.3000933589202294 2.265200643859509
 0.2893849788641420 2.289094919750893
 0.2774478021996695 2.313115963611706
 0.2642955440659769 2.337234568786893
 0.2499186344427656 2.361410610275960
 0.2342976595890078 2.385574432111230
 0.2174408930305378 2.409667751982132
 0.1993737652946977 2.433665040087993
 0.1800960473651587 2.457532927401771
 0.1595881556457494 2.481205809636331
 0.1378595695363294 2.504626851778757
 0.1149474645577350 2.527775844835660
 9.086120057894240E-02 2.550626691619056
 6.557676623272216E-02 2.573115066294469
 3.910077834703317E-02 2.595183738530424
 1.148523567413758E-02 2.616820840035662
 -1.724806074293379E-02 2.638009272775313
 -4.713611395478735E-02 2.658679319329403
 -7.818243273164091E-02 2.678768425028195
 -0.1103056547189557 2.698283959620363
 -0.1434607444342514 2.717224933728853
 -0.1777381864338662 2.735485445029015
 -0.2131709861327122 2.752983233963446
 -0.2493933479064827 2.769933384195149
 -0.2869452375293362 2.785895256811290
 -0.3252622423466898 2.801262755194339
 -0.3646639521901212 2.815735882451523
 -0.4050684087237720 2.829307120452569
 -0.4463575377267983 2.842029986695620
 -0.4885539737324294 2.853862099568078
 -0.5316955207116743 2.864715512860346
 -0.5757269265699123 2.874557721028935
 -0.6205794385985880 2.883398290692344
 -0.6662534221774689 2.891212097340976
 -0.7127599067799981 2.897934365524011
 -0.7600510741750619 2.903521879631188
 -0.8080661380084693 2.907969282669375
 -0.8567930128814892 2.911259669102679
 -0.9062306010658929 2.913340540465474
 -0.9563316236692370 2.914163403988278
 -1.007034089942051 2.913713487806662
 -1.058315562748227 2.911979007788423
 -1.110166324341175 2.908917479036615
 -1.162536369600108 2.904478447700745
 -1.215358033521210 2.898640260212145
 -1.268598395893118 2.891395273580064
 -1.322240114479059 2.882711342059756
 -1.376228524298559 2.872539301228338
 -1.430487249614331 2.860852849788170
 -1.484972015071265 2.847648813106699
 -1.539658331670631 2.832907287889210
 -1.594485943464037 2.816584286285767
 -1.649367557022445 2.798651491743239
 -1.704246672517319 2.779111559680365
 -1.759092694702210 2.757960088101099
 -1.813840187141330 2.735163067095250
 -1.868389585318660 2.710693233654962
 -1.922671858683692 2.684561115381071
 -1.976652978002856 2.656782302835005
 -2.030264811187404 2.627338461881650
 -2.083395042990789 2.596206280263233
 -2.135962660628441 2.563406070866258
 -2.187935906868423 2.528979028168523
 -2.239249595854909 2.492928870372858
 -2.289778152938773 2.455237246450048
 -2.339429341866848 2.415934319049295
 -2.388185136049515 2.375094318262541
 -2.435994060022085 2.332750342385497
 -2.482711567383164 2.288883259199208
 -2.528231229312865 2.243527342557267
 -2.572577998858853 2.196806912042968
 -2.615737250161262 2.148797283425024
 -2.657492904093171 2.099435245192875
 -2.697703492675657 2.048737064583691
 -2.736821078510619 1.997149174026188
 -2.773967863893337 1.944126974955663
 -2.809932098122878 1.890338365665674
 -2.844150086835699 1.835490496362516
 -2.876649963245001 1.779723005118180
 -2.907558461367504 1.723222085054727
 -2.936808562976102 1.666024814011778
 -2.964274421060471 1.608145638930484
 -2.989956254057438 1.549696310204246
 -3.013916837130724 1.490808425834281
 -3.036140630371812 1.431541073619642
 -3.056562632762839 1.371934129647372
 -3.075182563065068 1.312084510922607
 -3.092056561539028 1.252105944676555
 -3.107201203051994 1.192061485411625
 -3.120587084968232 1.131993882482786
 -3.132219779564115 1.071986315455389
 -3.142155997220591 1.012138346573157
 -3.150434135024943 0.9525090437147996
 -3.157049790741936 0.8931354478015084
 -3.162014098060921 0.8340863344756309
 -3.165383538169491 0.7754479285549114
 -3.167210537476412 0.7172719334825516
 -3.167508614664680 0.6595860056993459
 -3.166292493509031 0.6024446084411434
 -3.163615834891353 0.5459219971294529
 -3.159538928026829 0.4900619153843651
 -3.154088139255950 0.4348814882134615
 -3.147279956451771 0.3804217977243558
 -3.139162737270773 0.3267473690131422
 -3.129799958949292 0.2738950761459016
 -3.119227436393587 0.2218715280983665
 -3.107462414603470 0.1707056733074475
 -3.094546139331128 0.1204552138684007
 -3.080541879225727 7.115223136992377E-02
 -3.065492957727017 2.279294599231885E-02
 -3.049417350888301 -2.460490130581938E-02
 -3.032348012074485 -7.098686303381041E-02
 -3.014345512719926 -0.1163228195168211
 -2.995460083124547 -0.1606277922806192
 -2.975711416961592 -0.2038954301380229
 -2.955123143525387 -0.2460695191867146
 -2.933750988937734 -0.2871177860154706
 -2.911653179965106 -0.3270705306937143
 -2.888853442929209 -0.3659357454059173
 -2.865363653525920 -0.4036450459138579
 -2.841231636458430 -0.4401557890517107
 -2.816529507178068 -0.4755308317243403
 -2.791290629006449 -0.5098046261309896
 -2.765500154197818 -0.5428483917834230
 -2.739190316740765 -0.5745864149506394
 -2.712548875065545 -0.6054145700241325
 -2.685373564401922 -0.6346752061745162
 -2.657918604082969 -0.6630168804536620
 -2.630091196977163 -0.6900256864950933
 -2.601959542600500 -0.7157581925615052
 -2.573596784190801 -0.7403328400879320
 -2.545017684660905 -0.7637070001590015
 -2.516240152261809 -0.7858009766703645
 -2.487322680979722 -0.8066372532775176
 -2.458320359774662 -0.8262723263327341
 -2.429256202543443 -0.8446906110381751
 -2.400157472900902 -0.8618462427690177
 -2.371080718433432 -0.8777504604758998
 -2.342079891681834 -0.8924457761920249
 -2.313182789520800 -0.9059312138939949
 -2.284420104436760 -0.9181775780212580
 -2.255848903079188 -0.9291932901183894
 -2.227525724323236 -0.9390170788623042
 -2.199482369972553 -0.9476593460879066
 -2.171751022171808 -0.9551037211299883
 -2.144389768055273 -0.9613602517317895
 -2.117459059758679 -0.9664687948951102
 -2.090994277400746 -0.9704507486875217
 -2.065027525391456 -0.9733020447491711
 -2.039617183616295 -0.9750376928238693
 -2.014827698960972 -0.9757022648615742
 -1.990697208250528 -0.9753289992541871
 -1.967255558759003 -0.9739268049375105
 -1.944559422274950 -0.9715184884488516
 -1.922676214647367 -0.9681564088984410
 -1.901645228005390 -0.9638869504862402
 -1.881490686664110 -0.9587328772479723
 -1.862264046113511 -0.9527269762827070
 -1.844033614018137 -0.9459319066234834
 -1.826837339224692 -0.9384082916090383
 -1.810688834016590 -0.9301929013132418
 -1.795629111436039 -0.9213294257103570
 -1.781724676023123 -0.9118923838967594
 -1.769009123919786 -0.9019568133589312
 -1.757478439237230 -0.8915717625574271
 -1.747156128472187 -0.8807905298789761
 -1.738105116092553 -0.8696998339921240
 -1.730352565215724 -0.8583879317988209
 -1.723866611524143 -0.8469109050904225
 -1.718643782255469 -0.8353268656274826
 -1.714747678951509 -0.8237351465671837
 -1.712202018315367 -0.8122355459549504
 -1.710925055014995 -0.8008777446567898
 -1.710869554618714 -0.7897135495813450
 -1.712143928858386 -0.7788700184956123
 -1.714788336643923 -0.7684613522764902
 -1.718369874887668 -0.7583901903115506
 -1.723512098706415 -0.7490137194940940
 -1.729532251818379 -0.7401076089480633
 -1.736792388383341 -0.7319283452530686
 -1.745180771928778 -0.7245225143424603
 -1.754530428155308 -0.7178945285889338
 -1.764834473728094 -0.7121140646654897
 -1.776110731577135 -0.7072750719961942
 -1.788269223711243 -0.7034267029212231
 -1.801193622217607 -0.7005881106024121
 -1.814843124024072 -0.6988006723921765
 -1.829197463779816 -0.6981255602174044
 -1.844172986076466 -0.6986016649194040
 -1.859663241373622 -0.7002402376389134
 -1.875612990712176 -0.7030594191485724
 -1.891988593170205 -0.7070950119732227
 -1.908711944619224 -0.7123723278664724
 -1.925683294335745 -0.7188918540257971
 -1.942842845612800 -0.7266523435565201
 -1.960154292179769 -0.7356683252805838
 -1.977547332950343 -0.7459522850085918
 -1.994929825463803 -0.7574954992462504
 -2.012243078077558 -0.7702817182314455
 -2.029454071939608 -0.7843082493269085
 -2.046502167785871 -0.7995770967693177
 -2.063303453461614 -0.8160733647290477
 -2.079803134903790 -0.8337702913734003
 -2.095974688985488 -0.8526517552885133
 -2.111767981711317 -0.8727118495978345
 -2.127106841610245 -0.8939327167054768
 -2.141941087486893 -0.9162811368767790
 -2.156252283205605 -0.9397306291252808
 -2.170000894486479 -0.9642694188314286
 -2.183116890621465 -0.9898794908042956
 -2.195553934411936 -1.016524538805046
 -2.207302631665625 -1.044169774450632
 -2.218333969449251 -1.072798711561493
 -2.228581340985473 -1.102395507885842
 -2.238000265409211 -1.132923536516130
 -2.246591828979220 -1.164340498010220
 -2.254338110802231 -1.196625237889810
 -2.261171397387851 -1.229766387691664
 -2.267045434229136 -1.263729601908937
 -2.271975942460487 -1.298463914155576
 -2.275959015270867 -1.333941895157054
 -2.278915774078189 -1.370160731785225
 -2.280790290564227 -1.407092185389366
 -2.281629628295820 -1.444669478977872
 -2.281455448188549 -1.482853115990315
 -2.280130793860774 -1.521668507188811
 -2.277567923738627 -1.561103106322432
 -2.274136003550359 -1.600947666919439
 -2.269183445916482 -1.641449493601010
 -2.263333587500142 -1.682316742361293
 -2.256166828455352 -1.723676187666840
 -2.247717637058237 -1.765453092451609
 -2.238091397932157 -1.807571960189888
 -2.227240090257336 -1.850031202156158
 -2.215068648396589 -1.892819584444878
 -2.201576547770804 -1.935873004566750
 -2.186806449668904 -1.979136704238834
 -2.170736412937438 -2.022598437634495
 -2.153304825653734 -2.066235368832512
 -2.134498171117021 -2.109984478224848
 -2.114342203212256 -2.153790444788004
 -2.092828324015255 -2.197634349491717
 -2.069911617385241 -2.241488992442641
 -2.045573726798164 -2.285289182534117
 -2.019832854818904 -2.328973848270090
 -1.992690014657664 -2.372517666454600
 -1.964113272187708 -2.415890978823759
 -1.934083935653184 -2.459025252747402
 -1.902617085015449 -2.501851061828940
 -1.869722561356033 -2.544336074833661
 -1.835381196761752 -2.586449200071587
 -1.799577746083661 -2.628118514069490
 -1.762327619598497 -2.669264722849828
 -1.723650205671374 -2.709847895514033
 -1.683540512042817 -2.749836872319739
 -1.641990572091518 -2.789157476159938
 -1.599019509677638 -2.827719950430935
 -1.554657874375530 -2.865476692555280
 -1.508917151568015 -2.902399005274287
 -1.461800606026782 -2.938413214017137
 -1.413334409552454 -2.973419461879713
 -1.363562194590049 -3.007363230452057
 -1.312514477578608 -3.040222844834139
 -1.260209446735741 -3.071930133838734
 -1.206683070677267 -3.102376173480212
 -1.151993447271212 -3.131500961072359
 -1.096192130597811 -3.159297591284460
 -1.039314933643084 -3.185711470610817
 -0.9814087512741098 -3.210624672700611
 -0.9225458232379246 -3.233972399940048
 -0.8627994479746858 -3.255776155890546
 -0.8022240271816453 -3.276007910639869
 -0.7408752650718541 -3.294532917222905
 -0.6788360580831533 -3.311276142504735
 -0.6162015936090306 -3.326321356250186
 -0.5530444099484302 -3.339693549977416
 -0.4894178038908559 -3.351173987918005
 -0.4254065972664083 -3.360648288826972
 -0.3611713805984778 -3.368731166616016
 -0.2966794165475291 -3.374390126891115
 -0.2321149973533916 -3.378641762716557
 -0.1675063548369984 -3.380851475556691
 -0.1029603525094256 -3.381113448524832
 -3.857487133602990E-02 -3.379630533060017
 2.558446921860699E-02 -3.376363228594865
 8.944223423127916E-02 -3.371209771892020
 0.1529017542408327 -3.364226227320024
 0.2158804496169859 -3.355532758765994
 0.2783193788704464 -3.345145452173910
 0.3401515077879014 -3.333027953054551
 0.4012927631614754 -3.319228476350594
 0.4616727244501043 -3.303852504569437
 0.5212450722865166 -3.286945919218410
 0.5799580833254474 -3.268504631545511
 0.6377425080884112 -3.248575057066313
 0.6945404783335634 -3.227256089533237
 0.7503200383210329 -3.204610515738655
 0.8050469085544713 -3.180653043695617
 0.8586670944251200 -3.155427703283112
 0.9111341636441719 -3.129026521053304
 0.9624295529207345 -3.101520751329615
 1.012536070415999 -3.072935929855341
 1.061413911471516 -3.043312039411367
 1.109025599446835 -3.012732679395355
 1.155363395863295 -2.981271933609270
 1.200425653199534 -2.948961198477573
 1.244185037243249 -2.915835293970994
 1.286609846450277 -2.881968361596556
 1.327699885560822 -2.847433811286531
 1.367467338487135 -2.812265964147439
 1.405895757647359 -2.776494229005661
 1.442955794437242 -2.740183176778016
 1.478651299710561 -2.703403640516295
 1.513007208607074 -2.666191249510053
 1.546017145032599 -2.628570441957404
 1.577650432759489 -2.590596980054841
 1.607911273101362 -2.552338380040674
 1.636837790231100 -2.513830631867794
 1.664434330695879 -2.475093966351115
 1.690664026475411 -2.436176954010956
 1.715526791036609 -2.397143991790062
 1.739077978392568 -2.358030355512668
 1.761336373138923 -2.318852596683875
 1.782248690636097 -2.279655192077110
 1.801801913170781 -2.240500880683178
 1.820086534145056 -2.201420687862502
 1.837149071699490 -2.162426280999535
 1.852870574786881 -2.123569191813381
 1.867201590387063 -2.084915192622526
 1.880578834994904 -2.046428949801597
   
   
 #BODY NUMBER  2
 0.2493933479064827 -2.769933384195149
 0.2869452375293362 -2.785895256811290
 0.3252622423466898 -2.801262755194339
 0.3646639521901212 -2.815735882451523
 0.4050684087237720 -2.829307120452569
 0.4463575377267983 -2.842029986695620
 0.4885539737324294 -2.853862099568078
 0.5316955207116743 -2.864715512860346
 0.5757269265699123 -2.874557721028935
 0.6205794385985880 -2.883398290692344
 0.6662534221774689 -2.891212097340976
 0.7127599067799981 -2.897934365524011
 0.7600510741750619 -2.903521879631188
 0.8080661380084693 -2.907969282669375
 0.8567930128814892 -2.911259669102679
 0.9062306010658929 -2.913340540465474
 0.9563316236692370 -2.914163403988278
 1.007034089942051 -2.913713487806662
 1.058315562748227 -2.911979007788423
 1.110166324341175 -2.908917479036615
 1.162536369600108 -2.904478447700745
 1.215358033521210 -2.898640260212145
 1.268598395893118 -2.891395273580064
 1.322240114479059 -2.882711342059756
 1.376228524298559 -2.872539301228338
 1.430487249614331 -2.860852849788170
 1.484972015071265 -2.847648813106699
 1.539658331670631 -2.832907287889210
 1.594485943464037 -2.816584286285767
 1.649367557022445 -2.798651491743239
 1.704246672517319 -2.779111559680365
 1.759092694702210 -2.757960088101099
 1.813840187141330 -2.735163067095250
 1.868389585318660 -2.710693233654962
 1.922671858683692 -2.684561115381071
 1.976652978002856 -2.656782302835005
 2.030264811187404 -2.627338461881650
 2.083395042990789 -2.596206280263233
 2.135962660628441 -2.563406070866258
 2.187935906868423 -2.528979028168523
 2.239249595854909 -2.492928870372858
 2.289778152938773 -2.455237246450048
 2.339429341866848 -2.415934319049295
 2.388185136049515 -2.375094318262541
 2.435994060022085 -2.332750342385497
 2.482711567383164 -2.288883259199208
 2.528231229312865 -2.243527342557267
 2.572577998858853 -2.196806912042968
 2.615737250161262 -2.148797283425024
 2.657492904093171 -2.099435245192875
 2.697703492675657 -2.048737064583691
 2.736821078510619 -1.997149174026188
 2.773967863893337 -1.944126974955663
 2.809932098122878 -1.890338365665674
 2.844150086835699 -1.835490496362516
 2.876649963245001 -1.779723005118180
 2.907558461367504 -1.723222085054727
 2.936808562976102 -1.666024814011778
 2.964274421060471 -1.608145638930484
 2.989956254057438 -1.549696310204246
 3.013916837130724 -1.490808425834281
 3.036140630371812 -1.431541073619642
 3.056562632762839 -1.371934129647372
 3.075182563065068 -1.312084510922607
 3.092056561539028 -1.252105944676555
 3.107201203051994 -1.192061485411625
 3.120587084968232 -1.131993882482786
 3.132219779564115 -1.071986315455389
 3.142155997220591 -1.012138346573157
 3.150434135024943 -0.9525090437147996
 3.157049790741936 -0.8931354478015084
 3.162014098060921 -0.8340863344756309
 3.165383538169491 -0.7754479285549114
 3.167210537476412 -0.7172719334825516
 3.167508614664680 -0.6595860056993459
 3.166292493509031 -0.6024446084411434
 3.163615834891353 -0.5459219971294529
 3.159538928026829 -0.4900619153843651
 3.154088139255950 -0.4348814882134615
 3.147279956451771 -0.3804217977243558
 3.139162737270773 -0.3267473690131422
 3.129799958949292 -0.2738950761459016
 3.119227436393587 -0.2218715280983665
 3.107462414603470 -0.1707056733074475
 3.094546139331128 -0.1204552138684007
 3.080541879225727 -7.115223136992377E-02
 3.065492957727017 -2.279294599231885E-02
 3.049417350888301 2.460490130581938E-02
 3.032348012074485 7.098686303381041E-02
 3.014345512719926 0.1163228195168211
 2.995460083124547 0.1606277922806192
 2.975711416961592 0.2038954301380229
 2.955123143525387 0.2460695191867146
 2.933750988937734 0.2871177860154706
 2.911653179965106 0.3270705306937143
 2.888853442929209 0.3659357454059173
 2.865363653525920 0.4036450459138579
 2.841231636458430 0.4401557890517107
 2.816529507178068 0.4755308317243403
 2.791290629006449 0.5098046261309896
 2.765500154197818 0.5428483917834230
 2.739190316740765 0.5745864149506394
 2.712548875065545 0.6054145700241325
 2.685373564401922 0.6346752061745162
 2.657918604082969 0.6630168804536620
 2.630091196977163 0.6900256864950933
 2.601959542600500 0.7157581925615052
 2.573596784190801 0.7403328400879320
 2.545017684660905 0.7637070001590015
 2.516240152261809 0.7858009766703645
 2.487322680979722 0.8066372532775176
 2.458320359774662 0.8262723263327341
 2.429256202543443 0.8446906110381751
 2.400157472900902 0.8618462427690177
 2.371080718433432 0.8777504604758998
 2.342079891681834 0.8924457761920249
 2.313182789520800 0.9059312138939949
 2.284420104436760 0.9181775780212580
 2.255848903079188 0.9291932901183894
 2.227525724323236 0.9390170788623042
 2.199482369972553 0.9476593460879066
 2.171751022171808 0.9551037211299883
 2.144389768055273 0.9613602517317895
 2.117459059758679 0.9664687948951102
 2.090994277400746 0.9704507486875217
 2.065027525391456 0.9733020447491711
 2.039617183616295 0.9750376928238693
 2.014827698960972 0.9757022648615742
 1.990697208250528 0.9753289992541871
 1.967255558759003 0.9739268049375105
 1.944559422274950 0.9715184884488516
 1.922676214647367 0.9681564088984410
 1.901645228005390 0.9638869504862402
 1.881490686664110 0.9587328772479723
 1.862264046113511 0.9527269762827070
 1.844033614018137 0.9459319066234834
 1.826837339224692 0.9384082916090383
 1.810688834016590 0.9301929013132418
 1.795629111436039 0.9213294257103570
 1.781724676023123 0.9118923838967594
 1.769009123919786 0.9019568133589312
 1.757478439237230 0.8915717625574271
 1.747156128472187 0.8807905298789761
 1.738105116092553 0.8696998339921240
 1.730352565215724 0.8583879317988209
 1.723866611524143 0.8469109050904225
 1.718643782255469 0.8353268656274826
 1.714747678951509 0.8237351465671837
 1.712202018315367 0.8122355459549504
 1.710925055014995 0.8008777446567898
 1.710869554618714 0.7897135495813450
 1.712143928858386 0.7788700184956123
 1.714788336643923 0.7684613522764902
 1.718369874887668 0.7583901903115506
 1.723512098706415 0.7490137194940940
 1.729532251818379 0.7401076089480633
 1.736792388383341 0.7319283452530686
 1.745180771928778 0.7245225143424603
 1.754530428155308 0.7178945285889338
 1.764834473728094 0.7121140646654897
 1.776110731577135 0.7072750719961942
 1.788269223711243 0.7034267029212231
 1.801193622217607 0.7005881106024121
 1.814843124024072 0.6988006723921765
 1.829197463779816 0.6981255602174044
 1.844172986076466 0.6986016649194040
 1.859663241373622 0.7002402376389134
 1.875612990712176 0.7030594191485724
 1.891988593170205 0.7070950119732227
 1.908711944619224 0.7123723278664724
 1.925683294335745 0.7188918540257971
 1.942842845612800 0.7266523435565201
 1.960154292179769 0.7356683252805838
 1.977547332950343 0.7459522850085918
 1.994929825463803 0.7574954992462504
 2.012243078077558 0.7702817182314455
 2.029454071939608 0.7843082493269085
 2.046502167785871 0.7995770967693177
 2.063303453461614 0.8160733647290477
 2.079803134903790 0.8337702913734003
 2.095974688985488 0.8526517552885133
 2.111767981711317 0.8727118495978345
 2.127106841610245 0.8939327167054768
 2.141941087486893 0.9162811368767790
 2.156252283205605 0.9397306291252808
 2.170000894486479 0.9642694188314286
 2.183116890621465 0.9898794908042956
 2.195553934411936 1.016524538805046
 2.207302631665625 1.044169774450632
 2.218333969449251 1.072798711561493
 2.228581340985473 1.102395507885842
 2.238000265409211 1.132923536516130
 2.246591828979220 1.164340498010220
 2.254338110802231 1.196625237889810
 2.261171397387851 1.229766387691664
 2.267045434229136 1.263729601908937
 2.271975942460487 1.298463914155576
 2.275959015270867 1.333941895157054
 2.278915774078189 1.370160731785225
 2.280790290564227 1.407092185389366
 2.281629628295820 1.444669478977872
 2.281455448188549 1.482853115990315
 2.280130793860774 1.521668507188811
 2.277567923738627 1.561103106322432
 2.274136003550359 1.600947666919439
 2.269183445916482 1.641449493601010
 2.263333587500142 1.682316742361293
 2.256166828455352 1.723676187666840
 2.247717637058237 1.765453092451609
 2.238091397932157 1.807571960189888
 2.227240090257336 1.850031202156158
 2.215068648396589 1.892819584444878
 2.201576547770804 1.935873004566750
 2.186806449668904 1.979136704238834
 2.170736412937438 2.022598437634495
 2.153304825653734 2.066235368832512
 2.134498171117021 2.109984478224848
 2.114342203212256 2.153790444788004
 2.092828324015255 2.197634349491717
 2.069911617385241 2.241488992442641
 2.045573726798164 2.285289182534117
 2.019832854818904 2.328973848270090
 1.992690014657664 2.372517666454600
 1.964113272187708 2.415890978823759
 1.934083935653184 2.459025252747402
 1.902617085015449 2.501851061828940
 1.869722561356033 2.544336074833661
 1.835381196761752 2.586449200071587
 1.799577746083661 2.628118514069490
 1.762327619598497 2.669264722849828
 1.723650205671374 2.709847895514033
 1.683540512042817 2.749836872319739
 1.641990572091518 2.789157476159938
 1.599019509677638 2.827719950430935
 1.554657874375530 2.865476692555280
 1.508917151568015 2.902399005274287
 1.461800606026782 2.938413214017137
 1.413334409552454 2.973419461879713
 1.363562194590049 3.007363230452057
 1.312514477578608 3.040222844834139
 1.260209446735741 3.071930133838734
 1.206683070677267 3.102376173480212
 1.151993447271212 3.131500961072359
 1.096192130597811 3.159297591284460
 1.039314933643084 3.185711470610817
 0.9814087512741098 3.210624672700611
 0.9225458232379246 3.233972399940048
 0.8627994479746858 3.255776155890546
 0.8022240271816453 3.276007910639869
 0.7408752650718541 3.294532917222905
 0.6788360580831533 3.311276142504735
 0.6162015936090306 3.326321356250186
 0.5530444099484302 3.339693549977416
 0.4894178038908559 3.351173987918005
 0.4254065972664083 3.360648288826972
 0.3611713805984778 3.368731166616016
 0.2966794165475291 3.374390126891115
 0.2321149973533916 3.378641762716557
 0.1675063548369984 3.380851475556691
 0.1029603525094256 3.381113448524832
 3.857487133602990E-02 3.379630533060017
 -2.558446921860699E-02 3.376363228594865
 -8.944223423127916E-02 3.371209771892020
 -0.1529017542408327 3.364226227320024
 -0.2158804496169859 3.355532758765994
 -0.2783193788704464 3.345145452173910
 -0.3401515077879014 3.333027953054551
 -0.4012927631614754 3.319228476350594
 -0.4616727244501043 3.303852504569437
 -0.5212450722865166 3.286945919218410
 -0.5799580833254474 3.268504631545511
 -0.6377425080884112 3.248575057066313
 -0.6945404783335634 3.227256089533237
 -0.7503200383210329 3.204610515738655
 -0.8050469085544713 3.180653043695617
 -0.8586670944251200 3.155427703283112
 -0.9111341636441719 3.129026521053304
 -0.9624295529207345 3.101520751329615
 -1.012536070415999 3.072935929855341
 -1.061413911471516 3.043312039411367
 -1.109025599446835 3.012732679395355
 -1.155363395863295 2.981271933609270
 -1.200425653199534 2.948961198477573
 -1.244185037243249 2.915835293970994
 -1.286609846450277 2.881968361596556
 -1.327699885560822 2.847433811286531
 -1.367467338487135 2.812265964147439
 -1.405895757647359 2.776494229005661
 -1.442955794437242 2.740183176778016
 -1.478651299710561 2.703403640516295
 -1.513007208607074 2.666191249510053
 -1.546017145032599 2.628570441957404
 -1.577650432759489 2.590596980054841
 -1.607911273101362 2.552338380040674
 -1.636837790231100 2.513830631867794
 -1.664434330695879 2.475093966351115
 -1.690664026475411 2.436176954010956
 -1.715526791036609 2.397143991790062
 -1.739077978392568 2.358030355512668
 -1.761336373138923 2.318852596683875
 -1.782248690636097 2.279655192077110
 -1.801801913170781 2.240500880683178
 -1.820086534145056 2.201420687862502
 -1.837149071699490 2.162426280999535
 -1.852870574786881 2.123569191813381
 -1.867201590387063 2.084915192622526
 -1.880578834994904 2.046428949801597
 -1.892331633900219 2.008264122335974
 -1.903148763652266 1.970316592100293
 -1.912625372257129 1.932712947604499
 -1.920844549025348 1.895483967230619
 -1.927945438867432 1.858633774163205
 -1.933898505516154 1.822196467917496
 -1.938643684246063 1.786227405545968
 -1.942229693467094 1.750766002498898
 -1.944733004935544 1.715831719038991
 -1.946151628768981 1.681452278184449
 -1.946459476844591 1.647674223230733
 -1.945694556172334 1.614540906348860
 -1.943920659523332 1.582077795793162
 -1.941150840073874 1.550309452374967
 -1.937375159970058 1.519277054347506
 -1.932629445808163 1.489025812106642
 -1.926975507043829 1.459585325416103
 -1.920438252832153 1.430977934528281
 -1.913019596833522 1.403239695330613
 -1.904757284215969 1.376415888885392
 -1.895716058223437 1.350538939776973
 -1.885932140185395 1.325628789053170
 -1.875418059003849 1.301715274128530
 -1.864216003440986 1.278841448595047
 -1.852396797380622 1.257040839117960
 -1.840008294527044 1.236329853960624
 -1.827073133881997 1.216729887152691
 -1.813639402380439 1.198278614634073
 -1.799786152266448 1.181008240687501
 -1.785573199500093 1.164929601194999
 -1.771032370472147 1.150052293010960
 -1.756217787388314 1.136404484347343
 -1.741217868395254 1.124014001860393
 -1.726104089267729 1.112883398546034
 -1.710915099965514 1.103006077950571
 -1.695709243637316 1.094395713423310
 -1.680584307983707 1.087072640037243
 -1.665622075445187 1.081028434161523
 -1.650863015290214 1.076235093704153
 -1.636365038524043 1.072686326695094
 -1.622234707950565 1.070393267987790
 -1.608562037847625 1.069335313080976
 -1.595379664312449 1.069456825770496
 -1.582736177224765 1.070725742675666
 -1.570749402393034 1.073147477768817
 -1.559517625811393 1.076692671294622
 -1.549042999705865 1.081265689285879
 -1.539346772959584 1.086799722070502
 -1.530593186692449 1.093325128078853
 -1.522901221219945 1.100819585508654
 -1.515970108234552 1.108956869594832
 -1.510420958218164 1.118098401462541
 -1.505718116792371 1.127765062265189
 -1.502264734930735 1.138142156812888
 -1.500045288998735 1.149109625515228
 -1.498980113073524 1.160520658200817
 -1.499126107256555 1.172334455390325
 -1.500573545600739 1.184519477481866
 -1.503320006285730 1.196973225079202
 -1.507323912479834 1.209585378673753
 -1.512600696485308 1.222299913092271
 -1.519193202069423 1.235068692062684
 -1.527093281984541 1.247799822455523
 -1.536257455234162 1.260395490694212
 -1.546673812708683 1.272798788050565
 -1.558356539843175 1.284962679369168
 -1.571288505195034 1.296806868613808
 -1.585420255327907 1.308244725525163
 -1.600720812045844 1.319225088083273
 -1.617184604542424 1.329709249724493
 -1.634787295303662 1.339630085016865
 -1.653475258331530 1.348912157995785
 -1.673205075097938 1.357512765088836
 -1.693957904284606 1.365404657450018
 -1.715705161979373 1.372534317817829
 -1.738391991938006 1.378836524049398
 -1.761967820702013 1.384277204010496
 -1.786405425153989 1.388841448706364
 -1.811674622791087 1.392488794261675
 -1.837721862746103 1.395162203045416
 -1.864493285287224 1.396834826734927
 -1.891956739139629 1.397503939661612
 -1.920082260043713 1.397141191444532
 -1.948819231032457 1.395694941306934
 -1.978113041381398 1.393143213177087
 -2.007928866370927 1.389495265637361
 -2.038237922084093 1.384734215840278
 -2.068993185339724 1.378810301750489
 -2.100140695872881 1.371703315262627
 -2.131644364421485 1.363435346825440
 -2.163476910223288 1.354001453729245
 -2.195594631155129 1.343348678602805
 -2.227944655882103 1.331454136621487
 -2.260490706786349 1.318356925880086
 -2.293207076013801 1.304067377618259
 -2.326051888032976 1.288518587544177
 -2.358972723295867 1.271676239638828
 -2.391935283014776 1.253614480642491
 -2.424916192622800 1.234371817738538
 -2.457868980294641 1.213816937840205
 -2.490738909871340 1.191880127641014
 -2.523529351456842 1.168985717275710
 -2.556128683445819 1.144445763210280
 -2.588595829846832 1.118946012833046
 -2.620830780645473 1.092059694784683
 -2.652786045782009 1.063854028000960
 -2.684448935658956 1.034458026505731
 -2.715794063989765 1.003830897411920
 -2.746764169108264 0.9718959284154680
 -2.777303474340716 0.9386847164621858
 -2.807385888267492 0.9042615864535097
 -2.836989835114907 0.8686136597064815
 -2.866064732433732 0.8316989966914990
 -2.894549245292083 0.7935374014063399
 -2.922408341220725 0.7541788378813713
 -2.949621336896744 0.7136253196109623
 -2.976142218451133 0.6718515480228326
 -3.001905350467401 0.6288742214541601
 -3.026866944760955 0.5847396395365717
 -3.051005577405892 0.5394613413338226
 -3.074279596528883 0.4930265002128555
 -3.096620305253292 0.4454531949533440
 -3.117975118536659 0.3967891983832055
 -3.138320957249151 0.3470591987464030
 -3.157621311240811 0.2962621419881688
 -3.175806270382220 0.2444207871588477
 -3.192814869212828 0.1915881269383431
 -3.208622220742639 0.1378009175926656
 -3.223198843713448 8.307041556947160E-02
 -3.236476515555555 2.742681012582936E-02
 -3.248387066700083 -2.906845868769661E-02
 -3.258904546892849 -8.636513287491468E-02
 -3.268009846270225 -0.1444389171731884
 -3.275640793168112 -0.2032501469218870
 -3.281723994871114 -0.2627262282247512
 -3.286234053273741 -0.3228021150709858
 -3.289167455581464 -0.3834405419991339
 -3.290474257923144 -0.4445916719570833
 -3.290078113668056 -0.5061698932169794
 -3.287956107899653 -0.5680948902061008
 -3.284128037466234 -0.6303185631159368
 -3.278564529497993 -0.6927826002379593
 -3.271186904212883 -0.7553874262505631
 -3.261975165104773 -0.8180380808907531
 -3.250984584024201 -0.8806818376280053
 -3.238218087203730 -0.9432575682543716
 -3.223586832455018 -1.005649658023697
 -3.207067287396018 -1.067748799947468
 -3.188779592467884 -1.129514444207218
 -3.168781660109692 -1.190896266552392
 -3.146910707984026 -1.251738742725131
 -3.123110089942066 -1.311911224243281
 -3.097992459109097 -1.371581992589828
 -3.070647280440866 -1.430263151935452
 -3.042047095476270 -1.488303397050884
 -3.011656441672698 -1.545360979194175
 -2.979610315754426 -1.601390443406653
 -2.946133332703534 -1.656408448005291
 -2.911224093757495 -1.710338414583087
 -2.874832186829192 -1.763064132961536
 -2.837054499816606 -1.814529917115778
 -2.798036387513738 -1.864724332931713
 -2.757821251501365 -1.913604378554268
 -2.716411124974937 -1.961093823407178
 -2.673889799903593 -2.007143965427987
 -2.630383837088923 -2.051746559892882
 -2.585956130765477 -2.094884433806784
 -2.540629001642785 -2.136510749062725
 -2.494477271475704 -2.176588741610924
 -2.447615518887028 -2.215117742960080
 -2.400114096703911 -2.252101472023855
 -2.352002882187465 -2.287517595894109
 -2.303347003635801 -2.321341368807481
 -2.254249374525319 -2.353578592498393
 -2.204780984555678 -2.384248817847063
 -2.154972544248681 -2.413349924155995
 -2.104878582037515 -2.440867430970224
 -2.054590235444518 -2.466810682265902
 -2.004175532163535 -2.491210018224905
 -1.953662486056415 -2.514079710264112
 -1.903094919208523 -2.535413496246638
 -1.852552890820496 -2.555220992583414
 -1.802100073388470 -2.573538735140629
 -1.751760097906452 -2.590394436049073
 -1.701566656956112 -2.605788555698213
 -1.651590344893886 -2.619727962909615
 -1.601890579515165 -2.632251409146372
 -1.552485749119943 -2.643398303517734
 -1.503400205855701 -2.653175343263224
 -1.454697579314996 -2.661583843088651
 -1.406434239618564 -2.668661199557495
 -1.358622292893447 -2.674458424148413
 -1.311277086265713 -2.678989396489138
 -1.264459117049976 -2.682246473197671
 -1.218224197901125 -2.684261777805533
 -1.172575201572538 -2.685100886206383
 -1.127517069790285 -2.684788342089792
 -1.083114962889823 -2.683300237990968
 -1.039429723287649 -2.680656669734889
 -0.9964429730330118 -2.676951519586842
 -0.9541415573069595 -2.672230907130525
 -0.9126295794109366 -2.666417583596804
 -0.8719887263537021 -2.659501607573166
 -0.8319700400706409 -2.651843519825730
 -0.7930419305017039 -2.642939328510490
 -0.7547698404307027 -2.633333472553955
 -0.7174658247200340 -2.622738634099592
 -0.6811149935751527 -2.611242159792124
 -0.6456513453233690 -2.598966614251137
 -0.6111191791447509 -2.585903468076498
 -0.5775964680157459 -2.572028382216333
 -0.5450929875126285 -2.557403255776415
 -0.5135873548391174 -2.542104045371725
 -0.4831045737744615 -2.526142889222625
 -0.4536979960563112 -2.509520465999750
 -0.4253861622610982 -2.492291366824760
 -0.3981592321585018 -2.474523571985187
 -0.3720319494469263 -2.456240666268962
 -0.3470449444667022 -2.437454632368763
 -0.3232194572710247 -2.418219102225031
 -0.3005502172794072 -2.398602404278407
 -0.2790441171404002 -2.378637280616188
 -0.2587314253382860 -2.358343416460601
 -0.2396324838393042 -2.337776140617182
 -0.2217430015352420 -2.317007734672083
 -0.2050621372153512 -2.296079537740692
 -0.1896094663876074 -2.275017318877702
 -0.1754011801753086 -2.253879141418916
 -0.1624309015803498 -2.232743103979534
 -0.1506889137234841 -2.211658853214812
 -0.1401824248770056 -2.190656692090202
 -0.1309200198945111 -2.169797103082924
 -0.1228900623809190 -2.149164649585942
 -0.1160720285052979 -2.128816551681239
 -0.1104583161919631 -2.108785170258932
 -0.1060462587251971 -2.089131460630050
 -0.1028157456228822 -2.069945908483876
 -0.1007332499569636 -2.051291690155073
 -9.977373405107615E-02 -2.033198979263812
 -9.991986779872286E-02 -2.015725139133667
 -0.1011403680394160 -1.998965023934002
 -0.1033870484745989 -1.982985247520454
 -0.1066154239470156 -1.967806856261581
 -0.1107910899481434 -1.953476856574070
 -0.1158704081419881 -1.940093101979914
 -0.1217905273680990 -1.927723244879797
 -0.1284869472116938 -1.916367730860919
 -0.1359076050307046 -1.906052608303149
 -0.1439982765584755 -1.896882624336001
 -0.1526843925039739 -1.888928217249572
 -0.1618820553091307 -1.882143433942669
 -0.1715227816591305 -1.876513271651847
 -0.1815507421659374 -1.872195146574466
 -0.1918871154239785 -1.869280937785144
 -0.2023997666531159 -1.867347059906383
 -0.2130911404882506 -1.867112120956635
 -0.2238141350260076 -1.867872671213253
 -0.2345276534526056 -1.870070502065956
 -0.2451354829300431 -1.873632139857688
 -0.2555503150817832 -1.878415186789751
 -0.2657083664715383 -1.884448520055815
 -0.2755371859763955 -1.891794549478060
 -0.2849492174255130 -1.900399928000426
 -0.2938697097377727 -1.910173489276165
 -0.3022424275387643 -1.921100585484448
 -0.3100042617103932 -1.933194252280089
 -0.3170797040919249 -1.946401487374927
 -0.3234057861394599 -1.960635728333126
 -0.3289391780034928 -1.975858207199137
 -0.3336320533270301 -1.992057691342391
 -0.3374234394241897 -2.009179196480281
 -0.3402630390078381 -2.027136579550961
 -0.3421220335669560 -2.045877431639793
 -0.3429696876373454 -2.065377575005077
 -0.3427600376466815 -2.085582370025457
 -0.3414545671322727 -2.106407657242035
 -0.3390380029796203 -2.127794483320282
 -0.3354961676550022 -2.149712906776927
 -0.3307970058064981 -2.172111414587147
 -0.3249114615236083 -2.194909888778446
 -0.3178353142017771 -2.218047495383896
 -0.3095692638314990 -2.241493203994877
 -0.3000933589202294 -2.265200643859509
 -0.2893849788641420 -2.289094919750893
 -0.2774478021996695 -2.313115963611706
 -0.2642955440659769 -2.337234568786893
 -0.2499186344427656 -2.361410610275960
 -0.2342976595890078 -2.385574432111230
 -0.2174408930305378 -2.409667751982132
 -0.1993737652946977 -2.433665040087993
 -0.1800960473651587 -2.457532927401771
 -0.1595881556457494 -2.481205809636331
 -0.1378595695363294 -2.504626851778757
 -0.1149474645577350 -2.527775844835660
 -9.086120057894240E-02 -2.550626691619056
 -6.557676623272216E-02 -2.573115066294469
 -3.910077834703317E-02 -2.595183738530424
 -1.148523567413758E-02 -2.616820840035662
 1.724806074293379E-02 -2.638009272775313
 4.713611395478735E-02 -2.658679319329403
 7.818243273164091E-02 -2.678768425028195
 0.1103056547189557 -2.698283959620363
 0.1434607444342514 -2.717224933728853
 0.1777381864338662 -2.735485445029015
 0.2131709861327122 -2.752983233963446
 0.2493933479064827 -2.769933384195149
   
   
 #BODY NUMBER  3
 -0.7583901903115506 1.718369874887668
 -0.7490137194940940 1.723512098706415
 -0.7401076089480633 1.729532251818379
 -0.7319283452530686 1.736792388383341
 -0.7245225143424603 1.745180771928778
 -0.7178945285889338 1.754530428155308
 -0.7121140646654897 1.764834473728094
 -0.7072750719961942 1.776110731577135
 -0.7034267029212231 1.788269223711243
 -0.7005881106024121 1.801193622217607
 -0.6988006723921765 1.814843124024072
 -0.6981255602174044 1.829197463779816
 -0.6986016649194040 1.844172986076466
 -0.7002402376389134 1.859663241373622
 -0.7030594191485724 1.875612990712176
 -0.7070950119732227 1.891988593170205
 -0.7123723278664724 1.908711944619224
 -0.7188918540257971 1.925683294335745
 -0.7266523435565201 1.942842845612800
 -0.7356683252805838 1.960154292179769
 -0.7459522850085918 1.977547332950343
 -0.7574954992462504 1.994929825463803
 -0.7702817182314455 2.012243078077558
 -0.7843082493269085 2.029454071939608
 -0.7995770967693177 2.046502167785871
 -0.8160733647290477 2.063303453461614
 -0.8337702913734003 2.079803134903790
 -0.8526517552885133 2.095974688985488
 -0.8727118495978345 2.111767981711317
 -0.8939327167054768 2.127106841610245
 -0.9162811368767790 2.141941087486893
 -0.9397306291252808 2.156252283205605
 -0.9642694188314286 2.170000894486479
 -0.9898794908042956 2.183116890621465
 -1.016524538805046 2.195553934411936
 -1.044169774450632 2.207302631665625
 -1.072798711561493 2.218333969449251
 -1.102395507885842 2.228581340985473
 -1.132923536516130 2.238000265409211
 -1.164340498010220 2.246591828979220
 -1.196625237889810 2.254338110802231
 -1.229766387691664 2.261171397387851
 -1.263729601908937 2.267045434229136
 -1.298463914155576 2.271975942460487
 -1.333941895157054 2.275959015270867
 -1.370160731785225 2.278915774078189
 -1.407092185389366 2.280790290564227
 -1.444669478977872 2.281629628295820
 -1.482853115990315 2.281455448188549
 -1.521668507188811 2.280130793860774
 -1.561103106322432 2.277567923738627
 -1.600947666919439 2.274136003550359
 -1.641449493601010 2.269183445916482
 -1.682316742361293 2.263333587500142
 -1.723676187666840 2.256166828455352
 -1.765453092451609 2.247717637058237
 -1.807571960189888 2.238091397932157
 -1.850031202156158 2.227240090257336
 -1.892819584444878 2.215068648396589
 -1.935873004566750 2.201576547770804
 -1.979136704238834 2.186806449668904
 -2.022598437634495 2.170736412937438
 -2.066235368832512 2.153304825653734
 -2.109984478224848 2.134498171117021
 -2.153790444788004 2.114342203212256
 -2.197634349491717 2.092828324015255
 -2.241488992442641 2.069911617385241
 -2.285289182534117 2.045573726798164
 -2.328973848270090 2.019832854818904
 -2.372517666454600 1.992690014657664
 -2.415890978823759 1.964113272187708
 -2.459025252747402 1.934083935653184
 -2.501851061828940 1.902617085015449
 -2.544336074833661 1.869722561356033
 -2.586449200071587 1.835381196761752
 -2.628118514069490 1.799577746083661
 -2.669264722849828 1.762327619598497
 -2.709847895514033 1.723650205671374
 -2.749836872319739 1.683540512042817
 -2.789157476159938 1.641990572091518
 -2.827719950430935 1.599019509677638
 -2.865476692555280 1.554657874375530
 -2.902399005274287 1.508917151568015
 -2.938413214017137 1.461800606026782
 -2.973419461879713 1.413334409552454
 -3.007363230452057 1.363562194590049
 -3.040222844834139 1.312514477578608
 -3.071930133838734 1.260209446735741
 -3.102376173480212 1.206683070677267
 -3.131500961072359 1.151993447271212
 -3.159297591284460 1.096192130597811
 -3.185711470610817 1.039314933643084
 -3.210624672700611 0.9814087512741098
 -3.233972399940048 0.9225458232379246
 -3.255776155890546 0.8627994479746858
 -3.276007910639869 0.8022240271816453
 -3.294532917222905 0.7408752650718541
 -3.311276142504735 0.6788360580831533
 -3.326321356250186 0.6162015936090306
 -3.339693549977416 0.5530444099484302
 -3.351173987918005 0.4894178038908559
 -3.360648288826972 0.4254065972664083
 -3.368731166616016 0.3611713805984778
 -3.374390126891115 0.2966794165475291
 -3.378641762716557 0.2321149973533916
 -3.380851475556691 0.1675063548369984
 -3.381113448524832 0.1029603525094256
 -3.379630533060017 3.857487133602990E-02
 -3.376363228594865 -2.558446921860699E-02
 -3.371209771892020 -8.944223423127916E-02
 -3.364226227320024 -0.1529017542408327
 -3.355532758765994 -0.2158804496169859
 -3.345145452173910 -0.2783193788704464
 -3.333027953054551 -0.3401515077879014
 -3.319228476350594 -0.4012927631614754
 -3.303852504569437 -0.4616727244501043
 -3.286945919218410 -0.5212450722865166
 -3.268504631545511 -0.5799580833254474
 -3.248575057066313 -0.6377425080884112
 -3.227256089533237 -0.6945404783335634
 -3.204610515738655 -0.7503200383210329
 -3.180653043695617 -0.8050469085544713
 -3.155427703283112 -0.8586670944251200
 -3.129026521053304 -0.9111341636441719
 -3.101520751329615 -0.9624295529207345
 -3.072935929855341 -1.012536070415999
 -3.043312039411367 -1.061413911471516
 -3.012732679395355 -1.109025599446835
 -2.981271933609270 -1.155363395863295
 -2.948961198477573 -1.200425653199534
 -2.915835293970994 -1.244185037243249
 -2.881968361596556 -1.286609846450277
 -2.847433811286531 -1.327699885560822
 -2.812265964147439 -1.367467338487135
 -2.776494229005661 -1.405895757647359
 -2.740183176778016 -1.442955794437242
 -2.703403640516295 -1.478651299710561
 -2.666191249510053 -1.513007208607074
 -2.628570441957404 -1.546017145032599
 -2.590596980054841 -1.577650432759489
 -2.552338380040674 -1.607911273101362
 -2.513830631867794 -1.636837790231100
 -2.475093966351115 -1.664434330695879
 -2.436176954010956 -1.690664026475411
 -2.397143991790062 -1.715526791036609
 -2.358030355512668 -1.739077978392568
 -2.318852596683875 -1.761336373138923
 -2.279655192077110 -1.782248690636097
 -2.240500880683178 -1.801801913170781
 -2.201420687862502 -1.820086534145056
 -2.162426280999535 -1.837149071699490
 -2.123569191813381 -1.852870574786881
 -2.084915192622526 -1.867201590387063
 -2.046428949801597 -1.880578834994904
 -2.008264122335974 -1.892331633900219
 -1.970316592100293 -1.903148763652266
 -1.932712947604499 -1.912625372257129
 -1.895483967230619 -1.920844549025348
 -1.858633774163205 -1.927945438867432
 -1.822196467917496 -1.933898505516154
 -1.786227405545968 -1.938643684246063
 -1.750766002498898 -1.942229693467094
 -1.715831719038991 -1.944733004935544
 -1.681452278184449 -1.946151628768981
 -1.647674223230733 -1.946459476844591
 -1.614540906348860 -1.945694556172334
 -1.582077795793162 -1.943920659523332
 -1.550309452374967 -1.941150840073874
 -1.519277054347506 -1.937375159970058
 -1.489025812106642 -1.932629445808163
 -1.459585325416103 -1.926975507043829
 -1.430977934528281 -1.920438252832153
 -1.403239695330613 -1.913019596833522
 -1.376415888885392 -1.904757284215969
 -1.350538939776973 -1.895716058223437
 -1.325628789053170 -1.885932140185395
 -1.301715274128530 -1.875418059003849
 -1.278841448595047 -1.864216003440986
 -1.257040839117960 -1.852396797380622
 -1.236329853960624 -1.840008294527044
 -1.216729887152691 -1.827073133881997
 -1.198278614634073 -1.813639402380439
 -1.181008240687501 -1.799786152266448
 -1.164929601194999 -1.785573199500093
 -1.150052293010960 -1.771032370472147
 -1.136404484347343 -1.756217787388314
 -1.124014001860393 -1.741217868395254
 -1.112883398546034 -1.726104089267729
 -1.103006077950571 -1.710915099965514
 -1.094395713423310 -1.695709243637316
 -1.087072640037243 -1.680584307983707
 -1.081028434161523 -1.665622075445187
 -1.076235093704153 -1.650863015290214
 -1.072686326695094 -1.636365038524043
 -1.070393267987790 -1.622234707950565
 -1.069335313080976 -1.608562037847625
 -1.069456825770496 -1.595379664312449
 -1.070725742675666 -1.582736177224765
 -1.073147477768817 -1.570749402393034
 -1.076692671294622 -1.559517625811393
 -1.081265689285879 -1.549042999705865
 -1.086799722070502 -1.539346772959584
 -1.093325128078853 -1.530593186692449
 -1.100819585508654 -1.522901221219945
 -1.108956869594832 -1.515970108234552
 -1.118098401462541 -1.510420958218164
 -1.127765062265189 -1.505718116792371
 -1.138142156812888 -1.502264734930735
 -1.149109625515228 -1.500045288998735
 -1.160520658200817 -1.498980113073524
 -1.172334455390325 -1.499126107256555
 -1.184519477481866 -1.500573545600739
 -1.196973225079202 -1.503320006285730
 -1.209585378673753 -1.507323912479834
 -1.222299913092271 -1.512600696485308
 -1.235068692062684 -1.519193202069423
 -1.247799822455523 -1.527093281984541
 -1.260395490694212 -1.536257455234162
 -1.272798788050565 -1.546673812708683
 -1.284962679369168 -1.558356539843175
 -1.296806868613808 -1.571288505195034
 -1.308244725525163 -1.585420255327907
 -1.319225088083273 -1.600720812045844
 -1.329709249724493 -1.617184604542424
 -1.339630085016865 -1.634787295303662
 -1.348912157995785 -1.653475258331530
 -1.357512765088836 -1.673205075097938
 -1.365404657450018 -1.693957904284606
 -1.372534317817829 -1.715705161979373
 -1.378836524049398 -1.738391991938006
 -1.384277204010496 -1.761967820702013
 -1.388841448706364 -1.786405425153989
 -1.392488794261675 -1.811674622791087
 -1.395162203045416 -1.837721862746103
 -1.396834826734927 -1.864493285287224
 -1.397503939661612 -1.891956739139629
 -1.397141191444532 -1.920082260043713
 -1.395694941306934 -1.948819231032457
 -1.393143213177087 -1.978113041381398
 -1.389495265637361 -2.007928866370927
 -1.384734215840278 -2.038237922084093
 -1.378810301750489 -2.068993185339724
 -1.371703315262627 -2.100140695872881
 -1.363435346825440 -2.131644364421485
 -1.354001453729245 -2.163476910223288
 -1.343348678602805 -2.195594631155129
 -1.331454136621487 -2.227944655882103
 -1.318356925880086 -2.260490706786349
 -1.304067377618259 -2.293207076013801
 -1.288518587544177 -2.326051888032976
 -1.271676239638828 -2.358972723295867
 -1.253614480642491 -2.391935283014776
 -1.234371817738538 -2.424916192622800
 -1.213816937840205 -2.457868980294641
 -1.191880127641014 -2.490738909871340
 -1.168985717275710 -2.523529351456842
 -1.144445763210280 -2.556128683445819
 -1.118946012833046 -2.588595829846832
 -1.092059694784683 -2.620830780645473
 -1.063854028000960 -2.652786045782009
 -1.034458026505731 -2.684448935658956
 -1.003830897411920 -2.715794063989765
 -0.9718959284154680 -2.746764169108264
 -0.9386847164621858 -2.777303474340716
 -0.9042615864535097 -2.807385888267492
 -0.8686136597064815 -2.836989835114907
 -0.8316989966914990 -2.866064732433732
 -0.7935374014063399 -2.894549245292083
 -0.7541788378813713 -2.922408341220725
 -0.7136253196109623 -2.949621336896744
 -0.6718515480228326 -2.976142218451133
 -0.6288742214541601 -3.001905350467401
 -0.5847396395365717 -3.026866944760955
 -0.5394613413338226 -3.051005577405892
 -0.4930265002128555 -3.074279596528883
 -0.4454531949533440 -3.096620305253292
 -0.3967891983832055 -3.117975118536659
 -0.3470591987464030 -3.138320957249151
 -0.2962621419881688 -3.157621311240811
 -0.2444207871588477 -3.175806270382220
 -0.1915881269383431 -3.192814869212828
 -0.1378009175926656 -3.208622220742639
 -8.307041556947160E-02 -3.223198843713448
 -2.742681012582936E-02 -3.236476515555555
 2.906845868769661E-02 -3.248387066700083
 8.636513287491468E-02 -3.258904546892849
 0.1444389171731884 -3.268009846270225
 0.2032501469218870 -3.275640793168112
 0.2627262282247512 -3.281723994871114
 0.3228021150709858 -3.286234053273741
 0.3834405419991339 -3.289167455581464
 0.4445916719570833 -3.290474257923144
 0.5061698932169794 -3.290078113668056
 0.5680948902061008 -3.287956107899653
 0.6303185631159368 -3.284128037466234
 0.6927826002379593 -3.278564529497993
 0.7553874262505631 -3.271186904212883
 0.8180380808907531 -3.261975165104773
 0.8806818376280053 -3.250984584024201
 0.9432575682543716 -3.238218087203730
 1.005649658023697 -3.223586832455018
 1.067748799947468 -3.207067287396018
 1.129514444207218 -3.188779592467884
 1.190896266552392 -3.168781660109692
 1.251738742725131 -3.146910707984026
 1.311911224243281 -3.123110089942066
 1.371581992589828 -3.097992459109097
 1.430263151935452 -3.070647280440866
 1.488303397050884 -3.042047095476270
 1.545360979194175 -3.011656441672698
 1.601390443406653 -2.979610315754426
 1.656408448005291 -2.946133332703534
 1.710338414583087 -2.911224093757495
 1.763064132961536 -2.874832186829192
 1.814529917115778 -2.837054499816606
 1.864724332931713 -2.798036387513738
 1.913604378554268 -2.757821251501365
 1.961093823407178 -2.716411124974937
 2.007143965427987 -2.673889799903593
 2.051746559892882 -2.630383837088923
 2.094884433806784 -2.585956130765477
 2.136510749062725 -2.540629001642785
 2.176588741610924 -2.494477271475704
 2.215117742960080 -2.447615518887028
 2.252101472023855 -2.400114096703911
 2.287517595894109 -2.352002882187465
 2.321341368807481 -2.303347003635801
 2.353578592498393 -2.254249374525319
 2.384248817847063 -2.204780984555678
 2.413349924155995 -2.154972544248681
 2.440867430970224 -2.104878582037515
 2.466810682265902 -2.054590235444518
 2.491210018224905 -2.004175532163535
 2.514079710264112 -1.953662486056415
 2.535413496246638 -1.903094919208523
 2.555220992583414 -1.852552890820496
 2.573538735140629 -1.802100073388470
 2.590394436049073 -1.751760097906452
 2.605788555698213 -1.701566656956112
 2.619727962909615 -1.651590344893886
 2.632251409146372 -1.601890579515165
 2.643398303517734 -1.552485749119943
 2.653175343263224 -1.503400205855701
 2.661583843088651 -1.454697579314996
 2.668661199557495 -1.406434239618564
 2.674458424148413 -1.358622292893447
 2.678989396489138 -1.311277086265713
 2.682246473197671 -1.264459117049976
 2.684261777805533 -1.218224197901125
 2.685100886206383 -1.172575201572538
 2.684788342089792 -1.127517069790285
 2.683300237990968 -1.083114962889823
 2.680656669734889 -1.039429723287649
 2.676951519586842 -0.9964429730330118
 2.672230907130525 -0.9541415573069595
 2.666417583596804 -0.9126295794109366
 2.659501607573166 -0.8719887263537021
 2.651843519825730 -0.8319700400706409
 2.642939328510490 -0.7930419305017039
 2.633333472553955 -0.7547698404307027
 2.622738634099592 -0.7174658247200340
 2.611242159792124 -0.6811149935751527
 2.598966614251137 -0.6456513453233690
 2.585903468076498 -0.6111191791447509
 2.572028382216333 -0.5775964680157459
 2.557403255776415 -0.5450929875126285
 2.542104045371725 -0.5135873548391174
 2.526142889222625 -0.4831045737744615
 2.509520465999750 -0.4536979960563112
 2.492291366824760 -0.4253861622610982
 2.474523571985187 -0.3981592321585018
 2.456240666268962 -0.3720319494469263
 2.437454632368763 -0.3470449444667022
 2.418219102225031 -0.3232194572710247
 2.398602404278407 -0.3005502172794072
 2.378637280616188 -0.2790441171404002
 2.358343416460601 -0.2587314253382860
 2.337776140617182 -0.2396324838393042
 2.317007734672083 -0.2217430015352420
 2.296079537740692 -0.2050621372153512
 2.275017318877702 -0.1896094663876074
 2.253879141418916 -0.1754011801753086
 2.232743103979534 -0.1624309015803498
 2.211658853214812 -0.1506889137234841
 2.190656692090202 -0.1401824248770056
 2.169797103082924 -0.1309200198945111
 2.149164649585942 -0.1228900623809190
 2.128816551681239 -0.1160720285052979
 2.108785170258932 -0.1104583161919631
 2.089131460630050 -0.1060462587251971
 2.069945908483876 -0.1028157456228822
 2.051291690155073 -0.1007332499569636
 2.033198979263812 -9.977373405107615E-02
 2.015725139133667 -9.991986779872286E-02
 1.998965023934002 -0.1011403680394160
 1.982985247520454 -0.1033870484745989
 1.967806856261581 -0.1066154239470156
 1.953476856574070 -0.1107910899481434
 1.940093101979914 -0.1158704081419881
 1.927723244879797 -0.1217905273680990
 1.916367730860919 -0.1284869472116938
 1.906052608303149 -0.1359076050307046
 1.896882624336001 -0.1439982765584755
 1.888928217249572 -0.1526843925039739
 1.882143433942669 -0.1618820553091307
 1.876513271651847 -0.1715227816591305
 1.872195146574466 -0.1815507421659374
 1.869280937785144 -0.1918871154239785
 1.867347059906383 -0.2023997666531159
 1.867112120956635 -0.2130911404882506
 1.867872671213253 -0.2238141350260076
 1.870070502065956 -0.2345276534526056
 1.873632139857688 -0.2451354829300431
 1.878415186789751 -0.2555503150817832
 1.884448520055815 -0.2657083664715383
 1.891794549478060 -0.2755371859763955
 1.900399928000426 -0.2849492174255130
 1.910173489276165 -0.2938697097377727
 1.921100585484448 -0.3022424275387643
 1.933194252280089 -0.3100042617103932
 1.946401487374927 -0.3170797040919249
 1.960635728333126 -0.3234057861394599
 1.975858207199137 -0.3289391780034928
 1.992057691342391 -0.3336320533270301
 2.009179196480281 -0.3374234394241897
 2.027136579550961 -0.3402630390078381
 2.045877431639793 -0.3421220335669560
 2.065377575005077 -0.3429696876373454
 2.085582370025457 -0.3427600376466815
 2.106407657242035 -0.3414545671322727
 2.127794483320282 -0.3390380029796203
 2.149712906776927 -0.3354961676550022
 2.172111414587147 -0.3307970058064981
 2.194909888778446 -0.3249114615236083
 2.218047495383896 -0.3178353142017771
 2.241493203994877 -0.3095692638314990
 2.265200643859509 -0.3000933589202294
 2.289094919750893 -0.2893849788641420
 2.313115963611706 -0.2774478021996695
 2.337234568786893 -0.2642955440659769
 2.361410610275960 -0.2499186344427656
 2.385574432111230 -0.2342976595890078
 2.409667751982132 -0.2174408930305378
 2.433665040087993 -0.1993737652946977
 2.457532927401771 -0.1800960473651587
 2.481205809636331 -0.1595881556457494
 2.504626851778757 -0.1378595695363294
 2.527775844835660 -0.1149474645577350
 2.550626691619056 -9.086120057894240E-02
 2.573115066294469 -6.557676623272216E-02
 2.595183738530424 -3.910077834703317E-02
 2.616820840035662 -1.148523567413758E-02
 2.638009272775313 1.724806074293379E-02
 2.658679319329403 4.713611395478735E-02
 2.678768425028195 7.818243273164091E-02
 2.698283959620363 0.1103056547189557
 2.717224933728853 0.1434607444342514
 2.735485445029015 0.1777381864338662
 2.752983233963446 0.2131709861327122
 2.769933384195149 0.2493933479064827
 2.785895256811290 0.2869452375293362
 2.801262755194339 0.3252622423466898
 2.815735882451523 0.3646639521901212
 2.829307120452569 0.4050684087237720
 2.842029986695620 0.4463575377267983
 2.853862099568078 0.4885539737324294
 2.864715512860346 0.5316955207116743
 2.874557721028935 0.5757269265699123
 2.883398290692344 0.6205794385985880
 2.891212097340976 0.6662534221774689
 2.897934365524011 0.7127599067799981
 2.903521879631188 0.7600510741750619
 2.907969282669375 0.8080661380084693
 2.911259669102679 0.8567930128814892
 2.913340540465474 0.9062306010658929
 2.914163403988278 0.9563316236692370
 2.913713487806662 1.007034089942051
 2.911979007788423 1.058315562748227
 2.908917479036615 1.110166324341175
 2.904478447700745 1.162536369600108
 2.898640260212145 1.215358033521210
 2.891395273580064 1.268598395893118
 2.882711342059756 1.322240114479059
 2.872539301228338 1.376228524298559
 2.860852849788170 1.430487249614331
 2.847648813106699 1.484972015071265
 2.832907287889210 1.539658331670631
 2.816584286285767 1.594485943464037
 2.798651491743239 1.649367557022445
 2.779111559680365 1.704246672517319
 2.757960088101099 1.759092694702210
 2.735163067095250 1.813840187141330
 2.710693233654962 1.868389585318660
 2.684561115381071 1.922671858683692
 2.656782302835005 1.976652978002856
 2.627338461881650 2.030264811187404
 2.596206280263233 2.083395042990789
 2.563406070866258 2.135962660628441
 2.528979028168523 2.187935906868423
 2.492928870372858 2.239249595854909
 2.455237246450048 2.289778152938773
 2.415934319049295 2.339429341866848
 2.375094318262541 2.388185136049515
 2.332750342385497 2.435994060022085
 2.288883259199208 2.482711567383164
 2.243527342557267 2.528231229312865
 2.196806912042968 2.572577998858853
 2.148797283425024 2.615737250161262
 2.099435245192875 2.657492904093171
 2.048737064583691 2.697703492675657
 1.997149174026188 2.736821078510619
 1.944126974955663 2.773967863893337
 1.890338365665674 2.809932098122878
 1.835490496362516 2.844150086835699
 1.779723005118180 2.876649963245001
 1.723222085054727 2.907558461367504
 1.666024814011778 2.936808562976102
 1.608145638930484 2.964274421060471
 1.549696310204246 2.989956254057438
 1.490808425834281 3.013916837130724
 1.431541073619642 3.036140630371812
 1.371934129647372 3.056562632762839
 1.312084510922607 3.075182563065068
 1.252105944676555 3.092056561539028
 1.192061485411625 3.107201203051994
 1.131993882482786 3.120587084968232
 1.071986315455389 3.132219779564115
 1.012138346573157 3.142155997220591
 0.9525090437147996 3.150434135024943
 0.8931354478015084 3.157049790741936
 0.8340863344756309 3.162014098060921
 0.7754479285549114 3.165383538169491
 0.7172719334825516 3.167210537476412
 0.6595860056993459 3.167508614664680
 0.6024446084411434 3.166292493509031
 0.5459219971294529 3.163615834891353
 0.4900619153843651 3.159538928026829
 0.4348814882134615 3.154088139255950
 0.3804217977243558 3.147279956451771
 0.3267473690131422 3.139162737270773
 0.2738950761459016 3.129799958949292
 0.2218715280983665 3.119227436393587
 0.1707056733074475 3.107462414603470
 0.1204552138684007 3.094546139331128
 7.115223136992377E-02 3.080541879225727
 2.279294599231885E-02 3.065492957727017
 -2.460490130581938E-02 3.049417350888301
 -7.098686303381041E-02 3.032348012074485
 -0.1163228195168211 3.014345512719926
 -0.1606277922806192 2.995460083124547
 -0.2038954301380229 2.975711416961592
 -0.2460695191867146 2.955123143525387
 -0.2871177860154706 2.933750988937734
 -0.3270705306937143 2.911653179965106
 -0.3659357454059173 2.888853442929209
 -0.4036450459138579 2.865363653525920
 -0.4401557890517107 2.841231636458430
 -0.4755308317243403 2.816529507178068
 -0.5098046261309896 2.791290629006449
 -0.5428483917834230 2.765500154197818
 -0.5745864149506394 2.739190316740765
 -0.6054145700241325 2.712548875065545
 -0.6346752061745162 2.685373564401922
 -0.6630168804536620 2.657918604082969
 -0.6900256864950933 2.630091196977163
 -0.7157581925615052 2.601959542600500
 -0.7403328400879320 2.573596784190801
 -0.7637070001590015 2.545017684660905
 -0.7858009766703645 2.516240152261809
 -0.8066372532775176 2.487322680979722
 -0.8262723263327341 2.458320359774662
 -0.8446906110381751 2.429256202543443
 -0.8618462427690177 2.400157472900902
 -0.8777504604758998 2.371080718433432
 -0.8924457761920249 2.342079891681834
 -0.9059312138939949 2.313182789520800
 -0.9181775780212580 2.284420104436760
 -0.9291932901183894 2.255848903079188
 -0.9390170788623042 2.227525724323236
 -0.9476593460879066 2.199482369972553
 -0.9551037211299883 2.171751022171808
 -0.9613602517317895 2.144389768055273
 -0.9664687948951102 2.117459059758679
 -0.9704507486875217 2.090994277400746
 -0.9733020447491711 2.065027525391456
 -0.9750376928238693 2.039617183616295
 -0.9757022648615742 2.014827698960972
 -0.9753289992541871 1.990697208250528
 -0.9739268049375105 1.967255558759003
 -0.9715184884488516 1.944559422274950
 -0.9681564088984410 1.922676214647367
 -0.9638869504862402 1.901645228005390
 -0.9587328772479723 1.881490686664110
 -0.9527269762827070 1.862264046113511
 -0.9459319066234834 1.844033614018137
 -0.9384082916090383 1.826837339224692
 -0.9301929013132418 1.810688834016590
 -0.9213294257103570 1.795629111436039
 -0.9118923838967594 1.781724676023123
 -0.9019568133589312 1.769009123919786
 -0.8915717625574271 1.757478439237230
 -0.8807905298789761 1.747156128472187
 -0.8696998339921240 1.738105116092553
 -0.8583879317988209 1.730352565215724
 -0.8469109050904225 1.723866611524143
 -0.8353268656274826 1.718643782255469
 -0.8237351465671837 1.714747678951509
 -0.8122355459549504 1.712202018315367
 -0.8008777446567898 1.710925055014995
 -0.7897135495813450 1.710869554618714
 -0.7788700184956123 1.712143928858386
 -0.7684613522764902 1.714788336643923
 -0.7583901903115506 1.718369874887668
   
   
 #BODY NUMBER  4
 -1.371581992589828 3.097992459109097
 -1.430263151935452 3.070647280440866
 -1.488303397050884 3.042047095476270
 -1.545360979194175 3.011656441672698
 -1.601390443406653 2.979610315754426
 -1.656408448005291 2.946133332703534
 -1.710338414583087 2.911224093757495
 -1.763064132961536 2.874832186829192
 -1.814529917115778 2.837054499816606
 -1.864724332931713 2.798036387513738
 -1.913604378554268 2.757821251501365
 -1.961093823407178 2.716411124974937
 -2.007143965427987 2.673889799903593
 -2.051746559892882 2.630383837088923
 -2.094884433806784 2.585956130765477
 -2.136510749062725 2.540629001642785
 -2.176588741610924 2.494477271475704
 -2.215117742960080 2.447615518887028
 -2.252101472023855 2.400114096703911
 -2.287517595894109 2.352002882187465
 -2.321341368807481 2.303347003635801
 -2.353578592498393 2.254249374525319
 -2.384248817847063 2.204780984555678
 -2.413349924155995 2.154972544248681
 -2.440867430970224 2.104878582037515
 -2.466810682265902 2.054590235444518
 -2.491210018224905 2.004175532163535
 -2.514079710264112 1.953662486056415
 -2.535413496246638 1.903094919208523
 -2.555220992583414 1.852552890820496
 -2.573538735140629 1.802100073388470
 -2.590394436049073 1.751760097906452
 -2.605788555698213 1.701566656956112
 -2.619727962909615 1.651590344893886
 -2.632251409146372 1.601890579515165
 -2.643398303517734 1.552485749119943
 -2.653175343263224 1.503400205855701
 -2.661583843088651 1.454697579314996
 -2.668661199557495 1.406434239618564
 -2.674458424148413 1.358622292893447
 -2.678989396489138 1.311277086265713
 -2.682246473197671 1.264459117049976
 -2.684261777805533 1.218224197901125
 -2.685100886206383 1.172575201572538
 -2.684788342089792 1.127517069790285
 -2.683300237990968 1.083114962889823
 -2.680656669734889 1.039429723287649
 -2.676951519586842 0.9964429730330118
 -2.672230907130525 0.9541415573069595
 -2.666417583596804 0.9126295794109366
 -2.659501607573166 0.8719887263537021
 -2.651843519825730 0.8319700400706409
 -2.642939328510490 0.7930419305017039
 -2.633333472553955 0.7547698404307027
 -2.622738634099592 0.7174658247200340
 -2.611242159792124 0.6811149935751527
 -2.598966614251137 0.6456513453233690
 -2.585903468076498 0.6111191791447509
 -2.572028382216333 0.5775964680157459
 -2.557403255776415 0.5450929875126285
 -2.542104045371725 0.5135873548391174
 -2.526142889222625 0.4831045737744615
 -2.509520465999750 0.4536979960563112
 -2.492291366824760 0.4253861622610982
 -2.474523571985187 0.3981592321585018
 -2.456240666268962 0.3720319494469263
 -2.437454632368763 0.3470449444667022
 -2.418219102225031 0.3232194572710247
 -2.398602404278407 0.3005502172794072
 -2.378637280616188 0.2790441171404002
 -2.358343416460601 0.2587314253382860
 -2.337776140617182 0.2396324838393042
 -2.317007734672083 0.2217430015352420
 -2.296079537740692 0.2050621372153512
 -2.275017318877702 0.1896094663876074
 -2.253879141418916 0.1754011801753086
 -2.232743103979534 0.1624309015803498
 -2.211658853214812 0.1506889137234841
 -2.190656692090202 0.1401824248770056
 -2.169797103082924 0.1309200198945111
 -2.149164649585942 0.1228900623809190
 -2.128816551681239 0.1160720285052979
 -2.108785170258932 0.1104583161919631
 -2.089131460630050 0.1060462587251971
 -2.069945908483876 0.1028157456228822
 -2.051291690155073 0.1007332499569636
 -2.033198979263812 9.977373405107615E-02
 -2.015725139133667 9.991986779872286E-02
 -1.998965023934002 0.1011403680394160
 -1.982985247520454 0.1033870484745989
 -1.967806856261581 0.1066154239470156
 -1.953476856574070 0.1107910899481434
 -1.940093101979914 0.1158704081419881
 -1.927723244879797 0.1217905273680990
 -1.916367730860919 0.1284869472116938
 -1.906052608303149 0.1359076050307046
 -1.896882624336001 0.1439982765584755
 -1.888928217249572 0.1526843925039739
 -1.882143433942669 0.1618820553091307
 -1.876513271651847 0.1715227816591305
 -1.872195146574466 0.1815507421659374
 -1.869280937785144 0.1918871154239785
 -1.867347059906383 0.2023997666531159
 -1.867112120956635 0.2130911404882506
 -1.867872671213253 0.2238141350260076
 -1.870070502065956 0.2345276534526056
 -1.873632139857688 0.2451354829300431
 -1.878415186789751 0.2555503150817832
 -1.884448520055815 0.2657083664715383
 -1.891794549478060 0.2755371859763955
 -1.900399928000426 0.2849492174255130
 -1.910173489276165 0.2938697097377727
 -1.921100585484448 0.3022424275387643
 -1.933194252280089 0.3100042617103932
 -1.946401487374927 0.3170797040919249
 -1.960635728333126 0.3234057861394599
 -1.975858207199137 0.3289391780034928
 -1.992057691342391 0.3336320533270301
 -2.009179196480281 0.3374234394241897
 -2.027136579550961 0.3402630390078381
 -2.045877431639793 0.3421220335669560
 -2.065377575005077 0.3429696876373454
 -2.085582370025457 0.3427600376466815
 -2.106407657242035 0.3414545671322727
 -2.127794483320282 0.3390380029796203
 -2.149712906776927 0.3354961676550022
 -2.172111414587147 0.3307970058064981
 -2.194909888778446 0.3249114615236083
 -2.218047495383896 0.3178353142017771
 -2.241493203994877 0.3095692638314990
 -2.265200643859509 0.3000933589202294
 -2.289094919750893 0.2893849788641420
 -2.313115963611706 0.2774478021996695
 -2.337234568786893 0.2642955440659769
 -2.361410610275960 0.2499186344427656
 -2.385574432111230 0.2342976595890078
 -2.409667751982132 0.2174408930305378
 -2.433665040087993 0.1993737652946977
 -2.457532927401771 0.1800960473651587
 -2.481205809636331 0.1595881556457494
 -2.504626851778757 0.1378595695363294
 -2.527775844835660 0.1149474645577350
 -2.550626691619056 9.086120057894240E-02
 -2.573115066294469 6.557676623272216E-02
 -2.595183738530424 3.910077834703317E-02
 -2.616820840035662 1.148523567413758E-02
 -2.638009272775313 -1.724806074293379E-02
 -2.658679319329403 -4.713611395478735E-02
 -2.678768425028195 -7.818243273164091E-02
 -2.698283959620363 -0.1103056547189557
 -2.717224933728853 -0.1434607444342514
 -2.735485445029015 -0.1777381864338662
 -2.752983233963446 -0.2131709861327122
 -2.769933384195149 -0.2493933479064827
 -2.785895256811290 -0.2869452375293362
 -2.801262755194339 -0.3252622423466898
 -2.815735882451523 -0.3646639521901212
 -2.829307120452569 -0.4050684087237720
 -2.842029986695620 -0.4463575377267983
 -2.853862099568078 -0.4885539737324294
 -2.864715512860346 -0.5316955207116743
 -2.874557721028935 -0.5757269265699123
 -2.883398290692344 -0.6205794385985880
 -2.891212097340976 -0.6662534221774689
 -2.897934365524011 -0.7127599067799981
 -2.903521879631188 -0.7600510741750619
 -2.907969282669375 -0.8080661380084693
 -2.911259669102679 -0.8567930128814892
 -2.913340540465474 -0.9062306010658929
 -2.914163403988278 -0.9563316236692370
 -2.913713487806662 -1.007034089942051
 -2.911979007788423 -1.058315562748227
 -2.908917479036615 -1.110166324341175
 -2.904478447700745 -1.162536369600108
 -2.898640260212145 -1.215358033521210
 -2.891395273580064 -1.268598395893118
 -2.882711342059756 -1.322240114479059
 -2.872539301228338 -1.376228524298559
 -2.860852849788170 -1.430487249614331
 -2.847648813106699 -1.484972015071265
 -2.832907287889210 -1.539658331670631
 -2.816584286285767 -1.594485943464037
 -2.798651491743239 -1.649367557022445
 -2.779111559680365 -1.704246672517319
 -2.757960088101099 -1.759092694702210
 -2.735163067095250 -1.813840187141330
 -2.710693233654962 -1.868389585318660
 -2.684561115381071 -1.922671858683692
 -2.656782302835005 -1.976652978002856
 -2.627338461881650 -2.030264811187404
 -2.596206280263233 -2.083395042990789
 -2.563406070866258 -2.135962660628441
 -2.528979028168523 -2.187935906868423
 -2.492928870372858 -2.239249595854909
 -2.455237246450048 -2.289778152938773
 -2.415934319049295 -2.339429341866848
 -2.375094318262541 -2.388185136049515
 -2.332750342385497 -2.435994060022085
 -2.288883259199208 -2.482711567383164
 -2.243527342557267 -2.528231229312865
 -2.196806912042968 -2.572577998858853
 -2.148797283425024 -2.615737250161262
 -2.099435245192875 -2.657492904093171
 -2.048737064583691 -2.697703492675657
 -1.997149174026188 -2.736821078510619
 -1.944126974955663 -2.773967863893337
 -1.890338365665674 -2.809932098122878
 -1.835490496362516 -2.844150086835699
 -1.779723005118180 -2.876649963245001
 -1.723222085054727 -2.907558461367504
 -1.666024814011778 -2.936808562976102
 -1.608145638930484 -2.964274421060471
 -1.549696310204246 -2.989956254057438
 -1.490808425834281 -3.013916837130724
 -1.431541073619642 -3.036140630371812
 -1.371934129647372 -3.056562632762839
 -1.312084510922607 -3.075182563065068
 -1.252105944676555 -3.092056561539028
 -1.192061485411625 -3.107201203051994
 -1.131993882482786 -3.120587084968232
 -1.071986315455389 -3.132219779564115
 -1.012138346573157 -3.142155997220591
 -0.9525090437147996 -3.150434135024943
 -0.8931354478015084 -3.157049790741936
 -0.8340863344756309 -3.162014098060921
 -0.7754479285549114 -3.165383538169491
 -0.7172719334825516 -3.167210537476412
 -0.6595860056993459 -3.167508614664680
 -0.6024446084411434 -3.166292493509031
 -0.5459219971294529 -3.163615834891353
 -0.4900619153843651 -3.159538928026829
 -0.4348814882134615 -3.154088139255950
 -0.3804217977243558 -3.147279956451771
 -0.3267473690131422 -3.139162737270773
 -0.2738950761459016 -3.129799958949292
 -0.2218715280983665 -3.119227436393587
 -0.1707056733074475 -3.107462414603470
 -0.1204552138684007 -3.094546139331128
 -7.115223136992377E-02 -3.080541879225727
 -2.279294599231885E-02 -3.065492957727017
 2.460490130581938E-02 -3.049417350888301
 7.098686303381041E-02 -3.032348012074485
 0.1163228195168211 -3.014345512719926
 0.1606277922806192 -2.995460083124547
 0.2038954301380229 -2.975711416961592
 0.2460695191867146 -2.955123143525387
 0.2871177860154706 -2.933750988937734
 0.3270705306937143 -2.911653179965106
 0.3659357454059173 -2.888853442929209
 0.4036450459138579 -2.865363653525920
 0.4401557890517107 -2.841231636458430
 0.4755308317243403 -2.816529507178068
 0.5098046261309896 -2.791290629006449
 0.5428483917834230 -2.765500154197818
 0.5745864149506394 -2.739190316740765
 0.6054145700241325 -2.712548875065545
 0.6346752061745162 -2.685373564401922
 0.6630168804536620 -2.657918604082969
 0.6900256864950933 -2.630091196977163
 0.7157581925615052 -2.601959542600500
 0.7403328400879320 -2.573596784190801
 0.7637070001590015 -2.545017684660905
 0.7858009766703645 -2.516240152261809
 0.8066372532775176 -2.487322680979722
 0.8262723263327341 -2.458320359774662
 0.8446906110381751 -2.429256202543443
 0.8618462427690177 -2.400157472900902
 0.8777504604758998 -2.371080718433432
 0.8924457761920249 -2.342079891681834
 0.9059312138939949 -2.313182789520800
 0.9181775780212580 -2.284420104436760
 0.9291932901183894 -2.255848903079188
 0.9390170788623042 -2.227525724323236
 0.9476593460879066 -2.199482369972553
 0.9551037211299883 -2.171751022171808
 0.9613602517317895 -2.144389768055273
 0.9664687948951102 -2.117459059758679
 0.9704507486875217 -2.090994277400746
 0.9733020447491711 -2.065027525391456
 0.9750376928238693 -2.039617183616295
 0.9757022648615742 -2.014827698960972
 0.9753289992541871 -1.990697208250528
 0.9739268049375105 -1.967255558759003
 0.9715184884488516 -1.944559422274950
 0.9681564088984410 -1.922676214647367
 0.9638869504862402 -1.901645228005390
 0.9587328772479723 -1.881490686664110
 0.9527269762827070 -1.862264046113511
 0.9459319066234834 -1.844033614018137
 0.9384082916090383 -1.826837339224692
 0.9301929013132418 -1.810688834016590
 0.9213294257103570 -1.795629111436039
 0.9118923838967594 -1.781724676023123
 0.9019568133589312 -1.769009123919786
 0.8915717625574271 -1.757478439237230
 0.8807905298789761 -1.747156128472187
 0.8696998339921240 -1.738105116092553
 0.8583879317988209 -1.730352565215724
 0.8469109050904225 -1.723866611524143
 0.8353268656274826 -1.718643782255469
 0.8237351465671837 -1.714747678951509
 0.8122355459549504 -1.712202018315367
 0.8008777446567898 -1.710925055014995
 0.7897135495813450 -1.710869554618714
 0.7788700184956123 -1.712143928858386
 0.7684613522764902 -1.714788336643923
 0.7583901903115506 -1.718369874887668
 0.7490137194940940 -1.723512098706415
 0.7401076089480633 -1.729532251818379
 0.7319283452530686 -1.736792388383341
 0.7245225143424603 -1.745180771928778
 0.7178945285889338 -1.754530428155308
 0.7121140646654897 -1.764834473728094
 0.7072750719961942 -1.776110731577135
 0.7034267029212231 -1.788269223711243
 0.7005881106024121 -1.801193622217607
 0.6988006723921765 -1.814843124024072
 0.6981255602174044 -1.829197463779816
 0.6986016649194040 -1.844172986076466
 0.7002402376389134 -1.859663241373622
 0.7030594191485724 -1.875612990712176
 0.7070950119732227 -1.891988593170205
 0.7123723278664724 -1.908711944619224
 0.7188918540257971 -1.925683294335745
 0.7266523435565201 -1.942842845612800
 0.7356683252805838 -1.960154292179769
 0.7459522850085918 -1.977547332950343
 0.7574954992462504 -1.994929825463803
 0.7702817182314455 -2.012243078077558
 0.7843082493269085 -2.029454071939608
 0.7995770967693177 -2.046502167785871
 0.8160733647290477 -2.063303453461614
 0.8337702913734003 -2.079803134903790
 0.8526517552885133 -2.095974688985488
 0.8727118495978345 -2.111767981711317
 0.8939327167054768 -2.127106841610245
 0.9162811368767790 -2.141941087486893
 0.9397306291252808 -2.156252283205605
 0.9642694188314286 -2.170000894486479
 0.9898794908042956 -2.183116890621465
 1.016524538805046 -2.195553934411936
 1.044169774450632 -2.207302631665625
 1.072798711561493 -2.218333969449251
 1.102395507885842 -2.228581340985473
 1.132923536516130 -2.238000265409211
 1.164340498010220 -2.246591828979220
 1.196625237889810 -2.254338110802231
 1.229766387691664 -2.261171397387851
 1.263729601908937 -2.267045434229136
 1.298463914155576 -2.271975942460487
 1.333941895157054 -2.275959015270867
 1.370160731785225 -2.278915774078189
 1.407092185389366 -2.280790290564227
 1.444669478977872 -2.281629628295820
 1.482853115990315 -2.281455448188549
 1.521668507188811 -2.280130793860774
 1.561103106322432 -2.277567923738627
 1.600947666919439 -2.274136003550359
 1.641449493601010 -2.269183445916482
 1.682316742361293 -2.263333587500142
 1.723676187666840 -2.256166828455352
 1.765453092451609 -2.247717637058237
 1.807571960189888 -2.238091397932157
 1.850031202156158 -2.227240090257336
 1.892819584444878 -2.215068648396589
 1.935873004566750 -2.201576547770804
 1.979136704238834 -2.186806449668904
 2.022598437634495 -2.170736412937438
 2.066235368832512 -2.153304825653734
 2.109984478224848 -2.134498171117021
 2.153790444788004 -2.114342203212256
 2.197634349491717 -2.092828324015255
 2.241488992442641 -2.069911617385241
 2.285289182534117 -2.045573726798164
 2.328973848270090 -2.019832854818904
 2.372517666454600 -1.992690014657664
 2.415890978823759 -1.964113272187708
 2.459025252747402 -1.934083935653184
 2.501851061828940 -1.902617085015449
 2.544336074833661 -1.869722561356033
 2.586449200071587 -1.835381196761752
 2.628118514069490 -1.799577746083661
 2.669264722849828 -1.762327619598497
 2.709847895514033 -1.723650205671374
 2.749836872319739 -1.683540512042817
 2.789157476159938 -1.641990572091518
 2.827719950430935 -1.599019509677638
 2.865476692555280 -1.554657874375530
 2.902399005274287 -1.508917151568015
 2.938413214017137 -1.461800606026782
 2.973419461879713 -1.413334409552454
 3.007363230452057 -1.363562194590049
 3.040222844834139 -1.312514477578608
 3.071930133838734 -1.260209446735741
 3.102376173480212 -1.206683070677267
 3.131500961072359 -1.151993447271212
 3.159297591284460 -1.096192130597811
 3.185711470610817 -1.039314933643084
 3.210624672700611 -0.9814087512741098
 3.233972399940048 -0.9225458232379246
 3.255776155890546 -0.8627994479746858
 3.276007910639869 -0.8022240271816453
 3.294532917222905 -0.7408752650718541
 3.311276142504735 -0.6788360580831533
 3.326321356250186 -0.6162015936090306
 3.339693549977416 -0.5530444099484302
 3.351173987918005 -0.4894178038908559
 3.360648288826972 -0.4254065972664083
 3.368731166616016 -0.3611713805984778
 3.374390126891115 -0.2966794165475291
 3.378641762716557 -0.2321149973533916
 3.380851475556691 -0.1675063548369984
 3.381113448524832 -0.1029603525094256
 3.379630533060017 -3.857487133602990E-02
 3.376363228594865 2.558446921860699E-02
 3.371209771892020 8.944223423127916E-02
 3.364226227320024 0.1529017542408327
 3.355532758765994 0.2158804496169859
 3.345145452173910 0.2783193788704464
 3.333027953054551 0.3401515077879014
 3.319228476350594 0.4012927631614754
 3.303852504569437 0.4616727244501043
 3.286945919218410 0.5212450722865166
 3.268504631545511 0.5799580833254474
 3.248575057066313 0.6377425080884112
 3.227256089533237 0.6945404783335634
 3.204610515738655 0.7503200383210329
 3.180653043695617 0.8050469085544713
 3.155427703283112 0.8586670944251200
 3.129026521053304 0.9111341636441719
 3.101520751329615 0.9624295529207345
 3.072935929855341 1.012536070415999
 3.043312039411367 1.061413911471516
 3.012732679395355 1.109025599446835
 2.981271933609270 1.155363395863295
 2.948961198477573 1.200425653199534
 2.915835293970994 1.244185037243249
 2.881968361596556 1.286609846450277
 2.847433811286531 1.327699885560822
 2.812265964147439 1.367467338487135
 2.776494229005661 1.405895757647359
 2.740183176778016 1.442955794437242
 2.703403640516295 1.478651299710561
 2.666191249510053 1.513007208607074
 2.628570441957404 1.546017145032599
 2.590596980054841 1.577650432759489
 2.552338380040674 1.607911273101362
 2.513830631867794 1.636837790231100
 2.475093966351115 1.664434330695879
 2.436176954010956 1.690664026475411
 2.397143991790062 1.715526791036609
 2.358030355512668 1.739077978392568
 2.318852596683875 1.761336373138923
 2.279655192077110 1.782248690636097
 2.240500880683178 1.801801913170781
 2.201420687862502 1.820086534145056
 2.162426280999535 1.837149071699490
 2.123569191813381 1.852870574786881
 2.084915192622526 1.867201590387063
 2.046428949801597 1.880578834994904
 2.008264122335974 1.892331633900219
 1.970316592100293 1.903148763652266
 1.932712947604499 1.912625372257129
 1.895483967230619 1.920844549025348
 1.858633774163205 1.927945438867432
 1.822196467917496 1.933898505516154
 1.786227405545968 1.938643684246063
 1.750766002498898 1.942229693467094
 1.715831719038991 1.944733004935544
 1.681452278184449 1.946151628768981
 1.647674223230733 1.946459476844591
 1.614540906348860 1.945694556172334
 1.582077795793162 1.943920659523332
 1.550309452374967 1.941150840073874
 1.519277054347506 1.937375159970058
 1.489025812106642 1.932629445808163
 1.459585325416103 1.926975507043829
 1.430977934528281 1.920438252832153
 1.403239695330613 1.913019596833522
 1.376415888885392 1.904757284215969
 1.350538939776973 1.895716058223437
 1.325628789053170 1.885932140185395
 1.301715274128530 1.875418059003849
 1.278841448595047 1.864216003440986
 1.257040839117960 1.852396797380622
 1.236329853960624 1.840008294527044
 1.216729887152691 1.827073133881997
 1.198278614634073 1.813639402380439
 1.181008240687501 1.799786152266448
 1.164929601194999 1.785573199500093
 1.150052293010960 1.771032370472147
 1.136404484347343 1.756217787388314
 1.124014001860393 1.741217868395254
 1.112883398546034 1.726104089267729
 1.103006077950571 1.710915099965514
 1.094395713423310 1.695709243637316
 1.087072640037243 1.680584307983707
 1.081028434161523 1.665622075445187
 1.076235093704153 1.650863015290214
 1.072686326695094 1.636365038524043
 1.070393267987790 1.622234707950565
 1.069335313080976 1.608562037847625
 1.069456825770496 1.595379664312449
 1.070725742675666 1.582736177224765
 1.073147477768817 1.570749402393034
 1.076692671294622 1.559517625811393
 1.081265689285879 1.549042999705865
 1.086799722070502 1.539346772959584
 1.093325128078853 1.530593186692449
 1.100819585508654 1.522901221219945
 1.108956869594832 1.515970108234552
 1.118098401462541 1.510420958218164
 1.127765062265189 1.505718116792371
 1.138142156812888 1.502264734930735
 1.149109625515228 1.500045288998735
 1.160520658200817 1.498980113073524
 1.172334455390325 1.499126107256555
 1.184519477481866 1.500573545600739
 1.196973225079202 1.503320006285730
 1.209585378673753 1.507323912479834
 1.222299913092271 1.512600696485308
 1.235068692062684 1.519193202069423
 1.247799822455523 1.527093281984541
 1.260395490694212 1.536257455234162
 1.272798788050565 1.546673812708683
 1.284962679369168 1.558356539843175
 1.296806868613808 1.571288505195034
 1.308244725525163 1.585420255327907
 1.319225088083273 1.600720812045844
 1.329709249724493 1.617184604542424
 1.339630085016865 1.634787295303662
 1.348912157995785 1.653475258331530
 1.357512765088836 1.673205075097938
 1.365404657450018 1.693957904284606
 1.372534317817829 1.715705161979373
 1.378836524049398 1.738391991938006
 1.384277204010496 1.761967820702013
 1.388841448706364 1.786405425153989
 1.392488794261675 1.811674622791087
 1.395162203045416 1.837721862746103
 1.396834826734927 1.864493285287224
 1.397503939661612 1.891956739139629
 1.397141191444532 1.920082260043713
 1.395694941306934 1.948819231032457
 1.393143213177087 1.978113041381398
 1.389495265637361 2.007928866370927
 1.384734215840278 2.038237922084093
 1.378810301750489 2.068993185339724
 1.371703315262627 2.100140695872881
 1.363435346825440 2.131644364421485
 1.354001453729245 2.163476910223288
 1.343348678602805 2.195594631155129
 1.331454136621487 2.227944655882103
 1.318356925880086 2.260490706786349
 1.304067377618259 2.293207076013801
 1.288518587544177 2.326051888032976
 1.271676239638828 2.358972723295867
 1.253614480642491 2.391935283014776
 1.234371817738538 2.424916192622800
 1.213816937840205 2.457868980294641
 1.191880127641014 2.490738909871340
 1.168985717275710 2.523529351456842
 1.144445763210280 2.556128683445819
 1.118946012833046 2.588595829846832
 1.092059694784683 2.620830780645473
 1.063854028000960 2.652786045782009
 1.034458026505731 2.684448935658956
 1.003830897411920 2.715794063989765
 0.9718959284154680 2.746764169108264
 0.9386847164621858 2.777303474340716
 0.9042615864535097 2.807385888267492
 0.8686136597064815 2.836989835114907
 0.8316989966914990 2.866064732433732
 0.7935374014063399 2.894549245292083
 0.7541788378813713 2.922408341220725
 0.7136253196109623 2.949621336896744
 0.6718515480228326 2.976142218451133
 0.6288742214541601 3.001905350467401
 0.5847396395365717 3.026866944760955
 0.5394613413338226 3.051005577405892
 0.4930265002128555 3.074279596528883
 0.4454531949533440 3.096620305253292
 0.3967891983832055 3.117975118536659
 0.3470591987464030 3.138320957249151
 0.2962621419881688 3.157621311240811
 0.2444207871588477 3.175806270382220
 0.1915881269383431 3.192814869212828
 0.1378009175926656 3.208622220742639
 8.307041556947160E-02 3.223198843713448
 2.742681012582936E-02 3.236476515555555
 -2.906845868769661E-02 3.248387066700083
 -8.636513287491468E-02 3.258904546892849
 -0.1444389171731884 3.268009846270225
 -0.2032501469218870 3.275640793168112
 -0.2627262282247512 3.281723994871114
 -0.3228021150709858 3.286234053273741
 -0.3834405419991339 3.289167455581464
 -0.4445916719570833 3.290474257923144
 -0.5061698932169794 3.290078113668056
 -0.5680948902061008 3.287956107899653
 -0.6303185631159368 3.284128037466234
 -0.6927826002379593 3.278564529497993
 -0.7553874262505631 3.271186904212883
 -0.8180380808907531 3.261975165104773
 -0.8806818376280053 3.250984584024201
 -0.9432575682543716 3.238218087203730
 -1.005649658023697 3.223586832455018
 -1.067748799947468 3.207067287396018
 -1.129514444207218 3.188779592467884
 -1.190896266552392 3.168781660109692
 -1.251738742725131 3.146910707984026
 -1.311911224243281 3.123110089942066
 -1.371581992589828 3.097992459109097
   
   
