 # action(x) =  34.16097062559769
 # |grad_action(x)| =  6.421274696653813E-04
 # PRINTSTEPS = 50
 #
 #BODY NUMBER  1
 -1.455978963438524 -0.5598902157978598
 -1.476104497683138 -0.6144016490578212
 -1.494330761151283 -0.6682265175493034
 -1.509833746332576 -0.7210504380925480
 -1.522798922435339 -0.7728936091489530
 -1.533549350939518 -0.8238027505398945
 -1.542050716500188 -0.8736997661078645
 -1.548164522097458 -0.9224854351932816
 -1.551963028371308 -0.9701318255557764
 -1.553603450496036 -1.016617309833127
 -1.553091416548146 -1.061855926051593
 -1.550351500291233 -1.105744427611020
 -1.545423610403804 -1.148221929478885
 -1.538431312933044 -1.189234470109952
 -1.529418529504359 -1.228683679986768
 -1.518359846280775 -1.266457002862652
 -1.505303281733979 -1.302476996277399
 -1.490379018275790 -1.336678878886210
 -1.473675889713201 -1.368966694895105
 -1.455219570655041 -1.399234428862701
 -1.435079936007410 -1.427410665987768
 -1.413401905302751 -1.453442806054448
 -1.390310035562441 -1.477254562857031
 -1.365867737224055 -1.498759492874097
 -1.340158657418094 -1.517903353026781
 -1.313332326392776 -1.534652612495705
 -1.285532881227581 -1.548950376718267
 -1.256847957688305 -1.560723508565755
 -1.227369896993625 -1.569925731953920
 -1.197251717664165 -1.576531209839401
 -1.166657231070993 -1.580487942346230
 -1.135704502100245 -1.581719384924944
 -1.104509664648142 -1.580171443811032
 -1.073249149211983 -1.575812800917985
 -1.042128644028891 -1.568584265788932
 -1.011324248651423 -1.558393740058824
 -0.9810099852546235 -1.545169169848356
 -0.9514205426485649 -1.528867941123596
 -0.9228328120844578 -1.509423737287291
 -0.8955041490991823 -1.486744209412708
 -0.8696866804048806 -1.460792484802000
 -0.8456930565903347 -1.431626878974543
 -0.8238896178281503 -1.399345608656041
 -0.8046211936499910 -1.364073552147605
 -0.7881834633150753 -1.326067157805344
 -0.7748441090560808 -1.285778880615925
 -0.7647937440094417 -1.243757977909532
 -0.7580198971842822 -1.200553712710259
 -0.7542448361937847 -1.156790642854349
 -0.7529768703640642 -1.113209435618161
 -0.7535562254551487 -1.070368067080877
 -0.7551365684720182 -1.028202512658492
 -0.7570658503957721 -0.9874782284182599
 -0.7581368867790466 -0.9474382175369542
 -0.7579737653946345 -0.9083805416439753
 -0.7563277767403196 -0.8701406964536617
 -0.7526213083305974 -0.8323504759846985
 -0.7463031145075074 -0.7947529761823211
 -0.7373627767467107 -0.7572763842048378
 -0.7260050890325116 -0.7198679790398922
 -0.7120471974559983 -0.6823671176444319
 -0.6951435447810560 -0.6446021203341338
 -0.6754038989142404 -0.6065504368653574
 -0.6532170121671004 -0.5683005674804082
 -0.6285783772833791 -0.5298682737901493
 -0.6011806025413372 -0.4911689543709885
 -0.5711116266168375 -0.4522031954031778
 -0.5388371800645595 -0.4131405906367407
 -0.5044664765309804 -0.3741328230429314
 -0.4676823264494951 -0.3351600890922097
 -0.4285047178205533 -0.2961951890411532
 -0.3874538170721888 -0.2574151688081718
 -0.3447580234410870 -0.2190549977817514
 -0.3000880289485320 -0.1811120184166850
 -0.2533757181696891 -0.1434341438151577
 -0.2051906023727537 -0.1060775631047379
 -0.1558790423301824 -6.926638595359416E-02
 -0.1050371069146420 -3.293208799630107E-02
 -5.238862733012541E-02 3.354588974863102E-03
 1.548155821107490E-03 3.984188975912871E-02
 5.641610310447256E-02 7.642202056383562E-02
 0.1129207055652479 0.1133403952498848
 0.1718112528797564 0.1516518057319473
 0.2326901447747342 0.1924853224231056
 0.2951555128570194 0.2365242225288752
 0.3602704756977638 0.2855310397664825
 0.4282629273099340 0.3443109066730429
 0.4939345570360784 0.4190674778784570
 0.5466356120932176 0.5117969488226320
 0.5771707382169060 0.6164378806154205
 0.5846760249530119 0.7220212288629134
 0.5758536480509819 0.8202061707471890
 0.5582972337145206 0.9093514926871648
 0.5358957229701771 0.9918070132303132
 0.5097483343217435 1.069194127359694
 0.4807530294632152 1.141356520416915
 0.4500232517256477 1.208416960827525
 0.4180502216638236 1.271629257140452
 0.3848209821154985 1.331920403517862
 0.3504979912329050 1.388949773556705
 0.3153688136689179 1.442217638460758
 0.2795179313321935 1.492348861192480
 0.2431103315079639 1.540859877612426
 0.2059648126304446 1.585544818162976
 0.1684642408955369 1.628241659588199
 0.1304688763682430 1.668079598861315
 9.205396127203544E-02 1.705229356259049
 5.334056579471596E-02 1.739994071140708
 1.437916552016123E-02 1.772304977467091
 -2.481356044979647E-02 1.801992522970834
 -6.417729176542199E-02 1.829105321081670
 -0.1036146909944653 1.853768710453290
 -0.1430484988456564 1.875944584156051
 -0.1824270142586105 1.895515997853035
 -0.2216775549091963 1.912487070957402
 -0.2606916057048219 1.926937834032440
 -0.2993620153317115 1.938857139562799
 -0.3376040141393706 1.948166700396712
 -0.3753265257540873 1.954869380520409
 -0.4124083566796653 1.959045530537251
 -0.4487219898573811 1.960724104883820
 -0.4841627759173883 1.959874330702900
 -0.5186339303745666 1.956521014037648
 -0.5520174403395153 1.950763358776733
 -0.5841849615094445 1.942671091362036
 -0.6150299263800234 1.932255905082648
 -0.6444635355017242 1.919563118939107
 -0.6723819852090482 1.904705464515313
 -0.6986639348257052 1.887779320902422
 -0.7232022278573715 1.868824014335539
 -0.7459106174301615 1.847896376613729
 -0.7666902187478541 1.825116007141422
 -0.7854140929113339 1.800598770789406
 -0.8019569179531758 1.774408642473642
 -0.8162137803510178 1.746619150216238
 -0.8280693425976936 1.717367428266605
 -0.8373695001353317 1.686802012634916
 -0.8439464436638726 1.655029360824755
 -0.8476507616058763 1.622164153520880
 -0.8483282047203632 1.588388330177831
 -0.8457828955238135 1.553908527354617
 -0.8398061797312255 1.518901447020614
 -0.8302400612934854 1.483567000964585
 -0.8169787176374171 1.448205110298612
 -0.7999240368562538 1.413182143281451
 -0.7790117519653079 1.378859170198053
 -0.7543161141261181 1.345620480976327
 -0.7260951197348697 1.313924122723249
 -0.6947291330244991 1.284209799922356
 -0.6607000652226679 1.256741343890786
 -0.6246876654751057 1.231590510244225
 -0.5875792157958325 1.208701816006462
 -0.5501878247641109 1.187782867964511
 -0.5128812119612358 1.168068707952621
 -0.4766483062963797 1.149377372989538
 -0.4414371215137265 1.130284912265178
 -0.4076937426698336 1.110614807055887
 -0.3754000596253952 1.090069416471753
 -0.3445260028895195 1.067964410436127
 -0.3151247098534253 1.043693944178109
 -0.2871391980340591 1.017213088570104
 -0.2604214127032547 0.9886728398988843
 -0.2349236598592436 0.9578345205126249
 -0.2106700391521456 0.9243130292242269
 -0.1875861375448287 0.8881921527074679
 -0.1655542223395961 0.8498528104610819
 -0.1445901971199880 0.8092989798920803
 -0.1247744907648473 0.7662221512487279
 -0.1060636415832317 0.7206987747484230
 -8.837165679364509E-02 0.6732169817578488
 -7.177529087927645E-02 0.6239471955549211
 -5.641598826376182E-02 0.5726048201523746
 -4.226019927809627E-02 0.5191935657946581
 -2.920116697124206E-02 0.4642524327818504
 -1.732818118439711E-02 0.4080967053493680
 -6.803594405258323E-03 0.3504398656493712
 2.470246770847312E-03 0.2911468805446560
 1.072943676612698E-02 0.2307390558250051
 1.795307130094105E-02 0.1696284035523249
 2.399852865285972E-02 0.1074308469262527
 2.909947293654935E-02 4.369258764985279E-02
 3.373001075563079E-02 -2.126168714966020E-02
 3.797535966458215E-02 -8.706878875291318E-02
 4.169530877874541E-02 -0.1544623972577100
 4.542868985377073E-02 -0.2246188125158750
 5.035210668668079E-02 -0.2977582377967515
 5.725822889185987E-02 -0.3738742834656409
 6.714189615787672E-02 -0.4547689040710090
 8.405052832394119E-02 -0.5430420278860127
 0.1159558032245779 -0.6372936131394861
 0.1699113532131547 -0.7292988010972986
 0.2452654953595401 -0.8080634619245688
 0.3329507137904353 -0.8673549050244692
 0.4223925561823317 -0.9088069734476880
 0.5083728767791237 -0.9381753336029351
 0.5909822076239315 -0.9600028164867578
 0.6710751087097580 -0.9760520707392800
 0.7480672267244530 -0.9870225966699305
 0.8215081605777979 -0.9939400487018526
 0.8922381300472539 -0.9978567405888129
 0.9610664142075400 -0.9992249481802299
 1.027616792864298 -0.9980150511614638
 1.091312705858559 -0.9942262234290231
 1.152653059435368 -0.9882440599431938
 1.212868631930560 -0.9809696618145662
 1.270139685052694 -0.9711431691051551
 1.325866520255746 -0.9600151420388960
 1.379364869964333 -0.9470291607687673
 1.430744961163304 -0.9323357471100960
 1.480208785144802 -0.9161913206008131
 1.527671550980027 -0.8986052113592262
 1.572978082547254 -0.8795070877775526
 1.616140320136729 -0.8589734955258937
 1.657218141490502 -0.8371514006201635
 1.696139915393803 -0.8140886581044581
 1.732778514549843 -0.7897715702420148
 1.767101165313000 -0.7642651414785170
 1.799122918637866 -0.7377033639224880
 1.828780544836070 -0.7101734595760305
 1.855963860420146 -0.6817096975340604
 1.880629807488066 -0.6523923842430106
 1.902787374955456 -0.6223666516510418
 1.922397879570582 -0.5917574099887146
 1.939382346572430 -0.5606399018401993
 1.953713866381976 -0.5291103480498793
 1.965419345642266 -0.4973205527222858
 1.974494997071885 -0.4654165285050046
 1.980897663604078 -0.4334964122085510
 1.984622192919819 -0.4016597659123260
 1.985714311601824 -0.3700528520196078
 1.984196816053286 -0.3388289441841551
 1.980050185545676 -0.3081005057697835
 1.973280514423786 -0.2779706446598088
 1.963941936412019 -0.2485847973020211
 1.952071323982327 -0.2201108284431768
 1.937661420053421 -0.1926892575486979
 1.920723444999160 -0.1664477064052060
 1.901318491809676 -0.1415546273486203
 1.879498144164223 -0.1182177468459838
 1.855270692315296 -9.663562076593102E-02
 1.828660746860500 -7.699498367252389E-02
 1.799748747368928 -5.952038905423518E-02
 1.768615707608271 -4.448479006732642E-02
 1.735310328830408 -3.215723760790545E-02
 1.699926741698366 -2.277451616258475E-02
 1.662671774227752 -1.657823132406921E-02
 1.623813654684404 -1.383653462541035E-02
 1.583632945615299 -1.478561805044776E-02
 1.542499577441193 -1.955332317098357E-02
 1.500939228790950 -2.814524210732350E-02
 1.459522877033941 -4.045182201282305E-02
 1.418719962406950 -5.618763118052728E-02
 1.378932501668890 -7.479986738987576E-02
 1.340556086159897 -9.549238038830143E-02
 1.303744050219260 -0.1174148008836344
 1.268017780433254 -0.1398661952941289
 1.233714156692152 -0.1618991445712780
 1.199574008292773 -0.1828466947282238
 1.165667508064468 -0.2022342654119120
 1.131727836365715 -0.2199287200180912
 1.097147311220117 -0.2356139344514288
 1.061427824360933 -0.2489409679957878
 1.024501974780770 -0.2599367043652661
 0.9864265017357663 -0.2688048608589921
 0.9469708573152419 -0.2754674028681929
 0.9058135839332015 -0.2797109088900931
 0.8629900364590690 -0.2816417158421105
 0.8187712345066964 -0.2815522429806735
 0.7731685744033672 -0.2794307061019309
 0.7259550933061845 -0.2750531968777394
 0.6771752682000691 -0.2684955793452453
 0.6272088368582046 -0.2600763911211081
 0.5762417674102569 -0.2498143725119897
 0.5240983147132570 -0.2374447310601648
 0.4707649170986495 -0.2229983767535050
 0.4166549840434309 -0.2068372639736785
 0.3620862046254841 -0.1890417075676166
 0.3068916233537903 -0.1693278472326863
 0.2509054713988418 -0.1477127367294982
 0.1944611656066267 -0.1246614927202673
 0.1379259710292414 -0.1003620175987308
 8.103857826178232E-02 -7.449875892995159E-02
 2.328915439357606E-02 -4.704717662471589E-02
 -3.527816657673828E-02 -1.858020260946851E-02
 -9.439146276905470E-02 1.064676818907755E-02
 -0.1546160143439934 4.112200200782515E-02
 -0.2172399427335271 7.296700678392767E-02
 -0.2830422514614150 0.1052729153736459
 -0.3524137417488792 0.1373500609367657
 -0.4274123718556406 0.1692378643045265
 -0.5123134556338752 0.1987311212129698
 -0.6098903602606562 0.2182261352610291
 -0.7165469653063724 0.2175018522746666
 -0.8224362335764461 0.1916255813091483
 -0.9176267387434471 0.1453336761615558
 -0.9982462042333136 8.860080270049908E-02
 -1.066670110493644 2.882384091577031E-02
 -1.126877930594109 -3.180419674355531E-02
 -1.180823443031501 -9.314205662041419E-02
 -1.228820256187668 -0.1543339237469843
 -1.271531412303446 -0.2144769121256725
 -1.310288351711077 -0.2737725165516391
 -1.345887396323038 -0.3326954553376324
 -1.378114784097203 -0.3909347223952415
 -1.406681519527477 -0.4479914150317352
 -1.432170990767561 -0.5041048012492861
 -1.455978963438524 -0.5598902157978598
   
   
 #BODY NUMBER  2
 0.5128812119612358 -1.168068707952621
 0.4766483062963797 -1.149377372989538
 0.4414371215137265 -1.130284912265178
 0.4076937426698336 -1.110614807055887
 0.3754000596253952 -1.090069416471753
 0.3445260028895195 -1.067964410436127
 0.3151247098534253 -1.043693944178109
 0.2871391980340591 -1.017213088570104
 0.2604214127032547 -0.9886728398988843
 0.2349236598592436 -0.9578345205126249
 0.2106700391521456 -0.9243130292242269
 0.1875861375448287 -0.8881921527074679
 0.1655542223395961 -0.8498528104610819
 0.1445901971199880 -0.8092989798920803
 0.1247744907648473 -0.7662221512487279
 0.1060636415832317 -0.7206987747484230
 8.837165679364509E-02 -0.6732169817578488
 7.177529087927645E-02 -0.6239471955549211
 5.641598826376182E-02 -0.5726048201523746
 4.226019927809627E-02 -0.5191935657946581
 2.920116697124206E-02 -0.4642524327818504
 1.732818118439711E-02 -0.4080967053493680
 6.803594405258323E-03 -0.3504398656493712
 -2.470246770847312E-03 -0.2911468805446560
 -1.072943676612698E-02 -0.2307390558250051
 -1.795307130094105E-02 -0.1696284035523249
 -2.399852865285972E-02 -0.1074308469262527
 -2.909947293654935E-02 -4.369258764985279E-02
 -3.373001075563079E-02 2.126168714966020E-02
 -3.797535966458215E-02 8.706878875291318E-02
 -4.169530877874541E-02 0.1544623972577100
 -4.542868985377073E-02 0.2246188125158750
 -5.035210668668079E-02 0.2977582377967515
 -5.725822889185987E-02 0.3738742834656409
 -6.714189615787672E-02 0.4547689040710090
 -8.405052832394119E-02 0.5430420278860127
 -0.1159558032245779 0.6372936131394861
 -0.1699113532131547 0.7292988010972986
 -0.2452654953595401 0.8080634619245688
 -0.3329507137904353 0.8673549050244692
 -0.4223925561823317 0.9088069734476880
 -0.5083728767791237 0.9381753336029351
 -0.5909822076239315 0.9600028164867578
 -0.6710751087097580 0.9760520707392800
 -0.7480672267244530 0.9870225966699305
 -0.8215081605777979 0.9939400487018526
 -0.8922381300472539 0.9978567405888129
 -0.9610664142075400 0.9992249481802299
 -1.027616792864298 0.9980150511614638
 -1.091312705858559 0.9942262234290231
 -1.152653059435368 0.9882440599431938
 -1.212868631930560 0.9809696618145662
 -1.270139685052694 0.9711431691051551
 -1.325866520255746 0.9600151420388960
 -1.379364869964333 0.9470291607687673
 -1.430744961163304 0.9323357471100960
 -1.480208785144802 0.9161913206008131
 -1.527671550980027 0.8986052113592262
 -1.572978082547254 0.8795070877775526
 -1.616140320136729 0.8589734955258937
 -1.657218141490502 0.8371514006201635
 -1.696139915393803 0.8140886581044581
 -1.732778514549843 0.7897715702420148
 -1.767101165313000 0.7642651414785170
 -1.799122918637866 0.7377033639224880
 -1.828780544836070 0.7101734595760305
 -1.855963860420146 0.6817096975340604
 -1.880629807488066 0.6523923842430106
 -1.902787374955456 0.6223666516510418
 -1.922397879570582 0.5917574099887146
 -1.939382346572430 0.5606399018401993
 -1.953713866381976 0.5291103480498793
 -1.965419345642266 0.4973205527222858
 -1.974494997071885 0.4654165285050046
 -1.980897663604078 0.4334964122085510
 -1.984622192919819 0.4016597659123260
 -1.985714311601824 0.3700528520196078
 -1.984196816053286 0.3388289441841551
 -1.980050185545676 0.3081005057697835
 -1.973280514423786 0.2779706446598088
 -1.963941936412019 0.2485847973020211
 -1.952071323982327 0.2201108284431768
 -1.937661420053421 0.1926892575486979
 -1.920723444999160 0.1664477064052060
 -1.901318491809676 0.1415546273486203
 -1.879498144164223 0.1182177468459838
 -1.855270692315296 9.663562076593102E-02
 -1.828660746860500 7.699498367252389E-02
 -1.799748747368928 5.952038905423518E-02
 -1.768615707608271 4.448479006732642E-02
 -1.735310328830408 3.215723760790545E-02
 -1.699926741698366 2.277451616258475E-02
 -1.662671774227752 1.657823132406921E-02
 -1.623813654684404 1.383653462541035E-02
 -1.583632945615299 1.478561805044776E-02
 -1.542499577441193 1.955332317098357E-02
 -1.500939228790950 2.814524210732350E-02
 -1.459522877033941 4.045182201282305E-02
 -1.418719962406950 5.618763118052728E-02
 -1.378932501668890 7.479986738987576E-02
 -1.340556086159897 9.549238038830143E-02
 -1.303744050219260 0.1174148008836344
 -1.268017780433254 0.1398661952941289
 -1.233714156692152 0.1618991445712780
 -1.199574008292773 0.1828466947282238
 -1.165667508064468 0.2022342654119120
 -1.131727836365715 0.2199287200180912
 -1.097147311220117 0.2356139344514288
 -1.061427824360933 0.2489409679957878
 -1.024501974780770 0.2599367043652661
 -0.9864265017357663 0.2688048608589921
 -0.9469708573152419 0.2754674028681929
 -0.9058135839332015 0.2797109088900931
 -0.8629900364590690 0.2816417158421105
 -0.8187712345066964 0.2815522429806735
 -0.7731685744033672 0.2794307061019309
 -0.7259550933061845 0.2750531968777394
 -0.6771752682000691 0.2684955793452453
 -0.6272088368582046 0.2600763911211081
 -0.5762417674102569 0.2498143725119897
 -0.5240983147132570 0.2374447310601648
 -0.4707649170986495 0.2229983767535050
 -0.4166549840434309 0.2068372639736785
 -0.3620862046254841 0.1890417075676166
 -0.3068916233537903 0.1693278472326863
 -0.2509054713988418 0.1477127367294982
 -0.1944611656066267 0.1246614927202673
 -0.1379259710292414 0.1003620175987308
 -8.103857826178232E-02 7.449875892995159E-02
 -2.328915439357606E-02 4.704717662471589E-02
 3.527816657673828E-02 1.858020260946851E-02
 9.439146276905470E-02 -1.064676818907755E-02
 0.1546160143439934 -4.112200200782515E-02
 0.2172399427335271 -7.296700678392767E-02
 0.2830422514614150 -0.1052729153736459
 0.3524137417488792 -0.1373500609367657
 0.4274123718556406 -0.1692378643045265
 0.5123134556338752 -0.1987311212129698
 0.6098903602606562 -0.2182261352610291
 0.7165469653063724 -0.2175018522746666
 0.8224362335764461 -0.1916255813091483
 0.9176267387434471 -0.1453336761615558
 0.9982462042333136 -8.860080270049908E-02
 1.066670110493644 -2.882384091577031E-02
 1.126877930594109 3.180419674355531E-02
 1.180823443031501 9.314205662041419E-02
 1.228820256187668 0.1543339237469843
 1.271531412303446 0.2144769121256725
 1.310288351711077 0.2737725165516391
 1.345887396323038 0.3326954553376324
 1.378114784097203 0.3909347223952415
 1.406681519527477 0.4479914150317352
 1.432170990767561 0.5041048012492861
 1.455978963438524 0.5598902157978598
 1.476104497683138 0.6144016490578212
 1.494330761151283 0.6682265175493034
 1.509833746332576 0.7210504380925480
 1.522798922435339 0.7728936091489530
 1.533549350939518 0.8238027505398945
 1.542050716500188 0.8736997661078645
 1.548164522097458 0.9224854351932816
 1.551963028371308 0.9701318255557764
 1.553603450496036 1.016617309833127
 1.553091416548146 1.061855926051593
 1.550351500291233 1.105744427611020
 1.545423610403804 1.148221929478885
 1.538431312933044 1.189234470109952
 1.529418529504359 1.228683679986768
 1.518359846280775 1.266457002862652
 1.505303281733979 1.302476996277399
 1.490379018275790 1.336678878886210
 1.473675889713201 1.368966694895105
 1.455219570655041 1.399234428862701
 1.435079936007410 1.427410665987768
 1.413401905302751 1.453442806054448
 1.390310035562441 1.477254562857031
 1.365867737224055 1.498759492874097
 1.340158657418094 1.517903353026781
 1.313332326392776 1.534652612495705
 1.285532881227581 1.548950376718267
 1.256847957688305 1.560723508565755
 1.227369896993625 1.569925731953920
 1.197251717664165 1.576531209839401
 1.166657231070993 1.580487942346230
 1.135704502100245 1.581719384924944
 1.104509664648142 1.580171443811032
 1.073249149211983 1.575812800917985
 1.042128644028891 1.568584265788932
 1.011324248651423 1.558393740058824
 0.9810099852546235 1.545169169848356
 0.9514205426485649 1.528867941123596
 0.9228328120844578 1.509423737287291
 0.8955041490991823 1.486744209412708
 0.8696866804048806 1.460792484802000
 0.8456930565903347 1.431626878974543
 0.8238896178281503 1.399345608656041
 0.8046211936499910 1.364073552147605
 0.7881834633150753 1.326067157805344
 0.7748441090560808 1.285778880615925
 0.7647937440094417 1.243757977909532
 0.7580198971842822 1.200553712710259
 0.7542448361937847 1.156790642854349
 0.7529768703640642 1.113209435618161
 0.7535562254551487 1.070368067080877
 0.7551365684720182 1.028202512658492
 0.7570658503957721 0.9874782284182599
 0.7581368867790466 0.9474382175369542
 0.7579737653946345 0.9083805416439753
 0.7563277767403196 0.8701406964536617
 0.7526213083305974 0.8323504759846985
 0.7463031145075074 0.7947529761823211
 0.7373627767467107 0.7572763842048378
 0.7260050890325116 0.7198679790398922
 0.7120471974559983 0.6823671176444319
 0.6951435447810560 0.6446021203341338
 0.6754038989142404 0.6065504368653574
 0.6532170121671004 0.5683005674804082
 0.6285783772833791 0.5298682737901493
 0.6011806025413372 0.4911689543709885
 0.5711116266168375 0.4522031954031778
 0.5388371800645595 0.4131405906367407
 0.5044664765309804 0.3741328230429314
 0.4676823264494951 0.3351600890922097
 0.4285047178205533 0.2961951890411532
 0.3874538170721888 0.2574151688081718
 0.3447580234410870 0.2190549977817514
 0.3000880289485320 0.1811120184166850
 0.2533757181696891 0.1434341438151577
 0.2051906023727537 0.1060775631047379
 0.1558790423301824 6.926638595359416E-02
 0.1050371069146420 3.293208799630107E-02
 5.238862733012541E-02 -3.354588974863102E-03
 -1.548155821107490E-03 -3.984188975912871E-02
 -5.641610310447256E-02 -7.642202056383562E-02
 -0.1129207055652479 -0.1133403952498848
 -0.1718112528797564 -0.1516518057319473
 -0.2326901447747342 -0.1924853224231056
 -0.2951555128570194 -0.2365242225288752
 -0.3602704756977638 -0.2855310397664825
 -0.4282629273099340 -0.3443109066730429
 -0.4939345570360784 -0.4190674778784570
 -0.5466356120932176 -0.5117969488226320
 -0.5771707382169060 -0.6164378806154205
 -0.5846760249530119 -0.7220212288629134
 -0.5758536480509819 -0.8202061707471890
 -0.5582972337145206 -0.9093514926871648
 -0.5358957229701771 -0.9918070132303132
 -0.5097483343217435 -1.069194127359694
 -0.4807530294632152 -1.141356520416915
 -0.4500232517256477 -1.208416960827525
 -0.4180502216638236 -1.271629257140452
 -0.3848209821154985 -1.331920403517862
 -0.3504979912329050 -1.388949773556705
 -0.3153688136689179 -1.442217638460758
 -0.2795179313321935 -1.492348861192480
 -0.2431103315079639 -1.540859877612426
 -0.2059648126304446 -1.585544818162976
 -0.1684642408955369 -1.628241659588199
 -0.1304688763682430 -1.668079598861315
 -9.205396127203544E-02 -1.705229356259049
 -5.334056579471596E-02 -1.739994071140708
 -1.437916552016123E-02 -1.772304977467091
 2.481356044979647E-02 -1.801992522970834
 6.417729176542199E-02 -1.829105321081670
 0.1036146909944653 -1.853768710453290
 0.1430484988456564 -1.875944584156051
 0.1824270142586105 -1.895515997853035
 0.2216775549091963 -1.912487070957402
 0.2606916057048219 -1.926937834032440
 0.2993620153317115 -1.938857139562799
 0.3376040141393706 -1.948166700396712
 0.3753265257540873 -1.954869380520409
 0.4124083566796653 -1.959045530537251
 0.4487219898573811 -1.960724104883820
 0.4841627759173883 -1.959874330702900
 0.5186339303745666 -1.956521014037648
 0.5520174403395153 -1.950763358776733
 0.5841849615094445 -1.942671091362036
 0.6150299263800234 -1.932255905082648
 0.6444635355017242 -1.919563118939107
 0.6723819852090482 -1.904705464515313
 0.6986639348257052 -1.887779320902422
 0.7232022278573715 -1.868824014335539
 0.7459106174301615 -1.847896376613729
 0.7666902187478541 -1.825116007141422
 0.7854140929113339 -1.800598770789406
 0.8019569179531758 -1.774408642473642
 0.8162137803510178 -1.746619150216238
 0.8280693425976936 -1.717367428266605
 0.8373695001353317 -1.686802012634916
 0.8439464436638726 -1.655029360824755
 0.8476507616058763 -1.622164153520880
 0.8483282047203632 -1.588388330177831
 0.8457828955238135 -1.553908527354617
 0.8398061797312255 -1.518901447020614
 0.8302400612934854 -1.483567000964585
 0.8169787176374171 -1.448205110298612
 0.7999240368562538 -1.413182143281451
 0.7790117519653079 -1.378859170198053
 0.7543161141261181 -1.345620480976327
 0.7260951197348697 -1.313924122723249
 0.6947291330244991 -1.284209799922356
 0.6607000652226679 -1.256741343890786
 0.6246876654751057 -1.231590510244225
 0.5875792157958325 -1.208701816006462
 0.5501878247641109 -1.187782867964511
 0.5128812119612358 -1.168068707952621
   
   
 #BODY NUMBER  3
 0.8016557090193971 1.862938025191762
 0.7716326566445582 1.875990961065690
 0.7404194228325839 1.887160755475779
 0.7076243882560991 1.895857879253966
 0.6734947463128104 1.902370946890677
 0.6382459453652650 1.906696631513711
 0.6018735665153001 1.908451138060170
 0.5644433936806044 1.907589680165452
 0.5261622717306623 1.904412277300434
 0.4871527439821849 1.898902429051694
 0.4474277831054088 1.890711242702648
 0.4070895665223155 1.879805867609807
 0.3663227744631697 1.866522874958633
 0.3252001530847985 1.850915255032680
 0.2837102634781720 1.832640008331563
 0.2419569745898509 1.811613817769404
 0.2001134928636600 1.788190199309912
 0.1582080661211123 1.762494614940878
 0.1161867941643945 1.734165046474560
 7.415441785963905E-02 1.703016989671039
 3.229907985466718E-02 1.669389233038334
 -9.382704730901525E-03 1.633475233503672
 -5.099570421574651E-02 1.594870792042070
 -9.241761368068213E-02 1.553233146967974
 -0.1333966396554030 1.508845442276117
 -0.1739442384375675 1.461959936909011
 -0.2142218840681558 1.412083548623631
 -0.2540418481116540 1.358604433596099
 -0.2929719178860785 1.301658572043204
 -0.3309512857291869 1.241498308328947
 -0.3681439108774539 1.177362477918951
 -0.4040379254944407 1.108023385317909
 -0.4374638710657242 1.033156879634682
 -0.4676088207309942 0.9527113980373337
 -0.4934548740782729 0.8649151516816895
 -0.5109438803515963 0.7671857524134842
 -0.5120914707933336 0.6608571657192261
 -0.4898251513864036 0.5540916593825848
 -0.4447958124251634 0.4579176501710204
 -0.3860953218659878 0.3786294710641174
 -0.3243144198098327 0.3145720528742637
 -0.2646597660607082 0.2599414128024337
 -0.2070328389340765 0.2102515175991340
 -0.1506037389937932 0.1638593319626520
 -9.599198979335399E-02 0.1200764783305391
 -4.367180710860731E-02 7.778738352774939E-02
 7.147676309094382E-03 3.596285223054646E-02
 5.716401317259870E-02 -5.667133536523639E-03
 0.1058712550812150 -4.700777925433441E-02
 0.1526026295205376 -8.825180783991537E-02
 0.1977409397304298 -0.1297959971379171
 0.2422291686821743 -0.1717152747082616
 0.2843178876475747 -0.2138457162443956
 0.3250666528725964 -0.2561574336951277
 0.3637988295084584 -0.2986662994108245
 0.4004800651138841 -0.3412581049656906
 0.4351930478269728 -0.3838273474835646
 0.4678132079356658 -0.4263091703277124
 0.4981435122101282 -0.4686133020798108
 0.5261195348821983 -0.5106187373222149
 0.5517515111075090 -0.5522408669888945
 0.5749675400573090 -0.5934432284450234
 0.5956335747475811 -0.6341808410164920
 0.6136817869727261 -0.6743932610059468
 0.6291174573723960 -0.7140658133197489
 0.6419182597517323 -0.7532456799701001
 0.6520200288377438 -0.7919871941055364
 0.6594118151838506 -0.8303373848177753
 0.6641774337889061 -0.8683966770714746
 0.6664364269337875 -0.9063450010838494
 0.6663216470332318 -0.9443859660584197
 0.6640596188797399 -0.9827134808425391
 0.6600395747660748 -1.021555041295675
 0.6547866856906033 -1.061183227851741
 0.6489207272342292 -1.101821051724044
 0.6431777046937538 -1.143543024326105
 0.6384144955355460 -1.186268715605568
 0.6354987830370433 -1.229775676579726
 0.6351502561028608 -1.273653892796357
 0.6378675089781811 -1.317296961983018
 0.6439427661236499 -1.360029585241334
 0.6534689856242277 -1.401260888819960
 0.6663312038126681 -1.440504860251372
 0.6822604466757382 -1.477328980440826
 0.7009442477279662 -1.511389191592763
 0.7220856812837826 -1.542506422842796
 0.7453771340134661 -1.570622276308552
 0.7704853079336167 -1.595678888604535
 0.7971038915483867 -1.617618267864458
 0.8249920394592030 -1.636481058005646
 0.8539291078486360 -1.652385513364265
 0.8836628374793615 -1.665382142724769
 0.9139465570044204 -1.675436622229465
 0.9446045804208275 -1.682584104148287
 0.9755042092464030 -1.686964887866889
 1.006470871873239 -1.688642455874443
 1.037296225679693 -1.687535352656699
 1.067839311214495 -1.683640051572731
 1.098038688340773 -1.677154605678991
 1.127774949726333 -1.668187328156460
 1.156806122550018 -1.656519552701302
 1.184977279546404 -1.642071413373382
 1.212523800982382 -1.625723221695505
 1.238839501230593 -1.606248963576708
 1.264119443850766 -1.584802407366319
 1.288048891270776 -1.560749636194187
 1.310754194272379 -1.534449033067588
 1.332124747518458 -1.506085518305590
 1.351830384183780 -1.475463367498678
 1.369799426180011 -1.442617158008430
 1.386188275555819 -1.407876032481901
 1.400921370875652 -1.371337866337716
 1.413690075848634 -1.332839447879562
 1.424414852271982 -1.292452840028824
 1.433294839227356 -1.250506266149219
 1.440339554568055 -1.207089221402364
 1.445257671467772 -1.162020299652255
 1.447925100740291 -1.115347795502339
 1.448561392968912 -1.067398468114921
 1.447261077511516 -1.018259511814930
 1.443737587519794 -0.9677032385679194
 1.437778767201802 -0.9157281045048137
 1.429583944688084 -0.8626664401921710
 1.419322401032348 -0.8086119560986669
 1.406696473770114 -0.7532718206863213
 1.391348170114655 -0.6965805722793801
 1.373396803223186 -0.6388978424170008
 1.353066563897083 -0.5803398391256347
 1.330011167408221 -0.5205201806622277
 1.303606877244217 -0.4592955227090094
 1.273755349386231 -0.3971081625368095
 1.240644716632868 -0.3341369333078755
 1.203697770779134 -0.2698592598910461
 1.161595362419763 -0.2041045850884045
 1.113472039391158 -0.1377236142365435
 1.058876683540816 -7.139458123194245E-02
 0.9957659305135507 -5.113119267809183E-03
 0.9198742911873542 5.889750408593698E-02
 0.8283648291824994 0.1130556399087507
 0.7247700287435945 0.1471551948218916
 0.6189662241019610 0.1562456479716193
 0.5209504014959846 0.1450536214862162
 0.4345845990146504 0.1235784999317944
 0.3574457500128791 9.923137436700301E-02
 0.2855995748921193 7.416993913495519E-02
 0.2172082136237007 4.849699789221996E-02
 0.1519852755278955 2.309326255559157E-02
 8.920175378325781E-02 -1.072797378646931E-03
 2.757090546965190E-02 -2.417149537697716E-02
 -3.348988819556757E-02 -4.667192082147694E-02
 -9.364555855035224E-02 -6.818330680370735E-02
 -0.1527296222795382 -8.803184992913297E-02
 -0.2112771006961834 -0.1063506786058012
 -0.2698243744562652 -0.1239189762622181
 -0.3273547665819125 -0.1393036553309318
 -0.3843721713845067 -0.1534372624632824
 -0.4405520172982925 -0.1657258785159566
 -0.4957782207045666 -0.1761968576150245
 -0.5500007575014505 -0.1849745612267523
 -0.6031011753378991 -0.1919835371343224
 -0.6549027802574913 -0.1970982852644694
 -0.7052685656104705 -0.2003235139741295
 -0.7541303753740803 -0.2017103917011074
 -0.8014206815658967 -0.2012148818185647
 -0.8470335062874529 -0.1987433865700966
 -0.8908825896585425 -0.1942673868552377
 -0.9329578629950971 -0.1877987933888942
 -0.9732890240208560 -0.1792946801130482
 -1.011891043986224 -0.1686723116969803
 -1.048799176556054 -0.1558986910959363
 -1.084142299800342 -0.1409961917458125
 -1.118136008998542 -0.1239783751900672
 -1.151023061100716 -0.1048584903930569
 -1.183084648490941 -8.373575915599768E-02
 -1.214712404509153 -6.083351860266190E-02
 -1.246404976234879 -3.647028994200874E-02
 -1.278665384834625 -1.107130896509279E-02
 -1.311926161733771 1.476328075049604E-02
 -1.346546091196932 4.025118652477389E-02
 -1.382766368392760 6.452974810568823E-02
 -1.420591754842017 8.677068939290855E-02
 -1.459746387894448 0.1062390139677057
 -1.499791553779233 0.1223439985743645
 -1.540262019859762 0.1347097022741509
 -1.580679405158975 0.1431926802896490
 -1.620534650146589 0.1478096114019053
 -1.659373558788542 0.1486590706273900
 -1.696892588324414 0.1459086677206485
 -1.732887358039681 0.1397956046985765
 -1.767141107780855 0.1305795943890793
 -1.799450459370595 0.1184969143958901
 -1.829730188774527 0.1037764649112193
 -1.857972385343162 8.666845625423192E-02
 -1.884094661348293 6.741660572501784E-02
 -1.907943955783719 4.621737504758194E-02
 -1.929462868406712 2.324048889856611E-02
 -1.948706552808295 -1.328982772591192E-03
 -1.965642700632830 -2.730811527407617E-02
 -1.980096598024879 -5.455720635998029E-02
 -1.991994711098174 -8.295594488506441E-02
 -2.001477838762466 -0.1123520956017576
 -2.008580079317949 -0.1425880921364927
 -2.012991075779972 -0.1735637130310390
 -2.014564198582768 -0.2051847203078689
 -2.014179510001779 -0.2372148034962570
 -2.010472157875151 -0.2697419974889826
 -2.004538866683350 -0.3023583481094599
 -1.995673279526875 -0.3351082430597783
 -1.984248940585189 -0.3679219138230890
 -1.970370692883723 -0.4006111132081208
 -1.953703950699081 -0.4329877705614921
 -1.934242819860616 -0.4649725221570216
 -1.912350547286482 -0.4965362448185325
 -1.888074114857837 -0.5275645627139780
 -1.861117858954043 -0.5578717948230861
 -1.831504418794297 -0.5873530275809828
 -1.799617613690526 -0.6160166088094139
 -1.765539707652853 -0.6438260336303160
 -1.728967934945945 -0.6706197086793080
 -1.689882075330142 -0.6962660222670650
 -1.648674885832572 -0.7207917311949903
 -1.605469143632628 -0.7442351031259472
 -1.559924381684188 -0.7664618079066410
 -1.511933185061441 -0.7872888851662256
 -1.461883024542751 -0.8067227928461627
 -1.409939696301447 -0.8248632774050051
 -1.355700769554368 -0.8415989713557483
 -1.298930556433973 -0.8566525746885939
 -1.240000163567783 -0.8699475998591162
 -1.179122325459515 -0.8816200977833766
 -1.115789283340065 -0.8915633679614032
 -1.049565029132563 -0.8993089108870898
 -0.9807834315001522 -0.9045504095063943
 -0.9096934309036807 -0.9073613750210718
 -0.8355538599016797 -0.9075032180279047
 -0.7575574369253223 -0.9039188002295044
 -0.6760081683254339 -0.8954332653981383
 -0.5912678628098219 -0.8813168168053912
 -0.5023110564352777 -0.8598020324138804
 -0.4089304108357579 -0.8260832564994212
 -0.3162733583891658 -0.7739128056279769
 -0.2349448773571909 -0.7012468542044764
 -0.1741704116767976 -0.6141632981426397
 -0.1348550796299968 -0.5236830925503335
 -0.1102701792048177 -0.4381505528060582
 -9.278598395217100E-02 -0.3591727871694367
 -7.856673595804284E-02 -0.2844214567340892
 -6.660447462990747E-02 -0.2123563298548719
 -5.599328573454149E-02 -0.1431697408861306
 -4.552994667465050E-02 -7.671458614910245E-02
 -3.471858177874629E-02 -1.179135685356930E-02
 -2.367412497703113E-02 5.233905435800058E-02
 -1.222569653086280E-02 0.1151910860580418
 1.269927590006187E-04 0.1762836577690484
 1.353616096575368E-02 0.2361466757437184
 2.759520577409091E-02 0.2956342509704797
 4.303687893433777E-02 0.3531493715753274
 5.930551851191036E-02 0.4095946961584101
 7.675318778983413E-02 0.4643921779267811
 9.529815559068250E-02 0.5174549625807151
 0.1148077096744777 0.5688019087103170
 0.1352879674022333 0.6182927074620348
 0.1567592680473631 0.6657115873442802
 0.1791490307282721 0.7109422512963444
 0.2023788642665714 0.7539512586900019
 0.2264531415085878 0.7946581102635881
 0.2513999315398718 0.8329242275865886
 0.2772008026858163 0.8686606478611845
 0.3038404056227011 0.9018646067086431
 0.3313707642691238 0.9325403600831482
 0.3598710151484799 0.9606595058025167
 0.3893873613722034 0.9862360759137117
 0.4199648660114354 1.009392868817287
 0.4516995820647545 1.030323376273917
 0.4847014140674842 1.049244456451477
 0.5190250296112012 1.066449239998537
 0.5546728297430781 1.082388559898336
 0.5916182905442761 1.097653517793749
 0.6297446576003958 1.112892360689137
 0.6687484570400166 1.128779743575609
 0.7081315956613862 1.146017529080794
 0.7472675853557168 1.165245928474038
 0.7854414987391566 1.186883203403448
 0.8218788789162672 1.211057948015313
 0.8558487876555835 1.237685586666969
 0.8867930342355339 1.266551186545810
 0.9143482013463068 1.297312179961723
 0.9382742034708504 1.329519369038921
 0.9584293110605760 1.362730120965373
 0.9748069070406310 1.396597755122147
 0.9875102240262152 1.430826671609976
 0.9966557998472382 1.465099294215455
 1.002346567822208 1.499121353468568
 1.004738149315324 1.532704593094427
 1.004043277494526 1.565717057110033
 1.000431823868931 1.597965536999752
 0.9939973987792985 1.629219247181883
 0.9848582879858847 1.659343615249721
 0.9732023435618914 1.688293870639480
 0.9591718287595913 1.715950571148519
 0.9428003723451870 1.742092559016680
 0.9241553998836797 1.766595996457795
 0.9034391504216931 1.789506701280749
 0.8808051295916157 1.810775420292953
 0.8561849532299541 1.830083265732341
 0.8295869190363651 1.847256133681251
 0.8016557090193971 1.862938025191762
   
   
 #BODY NUMBER  4
 0.2698243744562652 0.1239189762622181
 0.3273547665819125 0.1393036553309318
 0.3843721713845067 0.1534372624632824
 0.4405520172982925 0.1657258785159566
 0.4957782207045666 0.1761968576150245
 0.5500007575014505 0.1849745612267523
 0.6031011753378991 0.1919835371343224
 0.6549027802574913 0.1970982852644694
 0.7052685656104705 0.2003235139741295
 0.7541303753740803 0.2017103917011074
 0.8014206815658967 0.2012148818185647
 0.8470335062874529 0.1987433865700966
 0.8908825896585425 0.1942673868552377
 0.9329578629950971 0.1877987933888942
 0.9732890240208560 0.1792946801130482
 1.011891043986224 0.1686723116969803
 1.048799176556054 0.1558986910959363
 1.084142299800342 0.1409961917458125
 1.118136008998542 0.1239783751900672
 1.151023061100716 0.1048584903930569
 1.183084648490941 8.373575915599768E-02
 1.214712404509153 6.083351860266190E-02
 1.246404976234879 3.647028994200874E-02
 1.278665384834625 1.107130896509279E-02
 1.311926161733771 -1.476328075049604E-02
 1.346546091196932 -4.025118652477389E-02
 1.382766368392760 -6.452974810568823E-02
 1.420591754842017 -8.677068939290855E-02
 1.459746387894448 -0.1062390139677057
 1.499791553779233 -0.1223439985743645
 1.540262019859762 -0.1347097022741509
 1.580679405158975 -0.1431926802896490
 1.620534650146589 -0.1478096114019053
 1.659373558788542 -0.1486590706273900
 1.696892588324414 -0.1459086677206485
 1.732887358039681 -0.1397956046985765
 1.767141107780855 -0.1305795943890793
 1.799450459370595 -0.1184969143958901
 1.829730188774527 -0.1037764649112193
 1.857972385343162 -8.666845625423192E-02
 1.884094661348293 -6.741660572501784E-02
 1.907943955783719 -4.621737504758194E-02
 1.929462868406712 -2.324048889856611E-02
 1.948706552808295 1.328982772591192E-03
 1.965642700632830 2.730811527407617E-02
 1.980096598024879 5.455720635998029E-02
 1.991994711098174 8.295594488506441E-02
 2.001477838762466 0.1123520956017576
 2.008580079317949 0.1425880921364927
 2.012991075779972 0.1735637130310390
 2.014564198582768 0.2051847203078689
 2.014179510001779 0.2372148034962570
 2.010472157875151 0.2697419974889826
 2.004538866683350 0.3023583481094599
 1.995673279526875 0.3351082430597783
 1.984248940585189 0.3679219138230890
 1.970370692883723 0.4006111132081208
 1.953703950699081 0.4329877705614921
 1.934242819860616 0.4649725221570216
 1.912350547286482 0.4965362448185325
 1.888074114857837 0.5275645627139780
 1.861117858954043 0.5578717948230861
 1.831504418794297 0.5873530275809828
 1.799617613690526 0.6160166088094139
 1.765539707652853 0.6438260336303160
 1.728967934945945 0.6706197086793080
 1.689882075330142 0.6962660222670650
 1.648674885832572 0.7207917311949903
 1.605469143632628 0.7442351031259472
 1.559924381684188 0.7664618079066410
 1.511933185061441 0.7872888851662256
 1.461883024542751 0.8067227928461627
 1.409939696301447 0.8248632774050051
 1.355700769554368 0.8415989713557483
 1.298930556433973 0.8566525746885939
 1.240000163567783 0.8699475998591162
 1.179122325459515 0.8816200977833766
 1.115789283340065 0.8915633679614032
 1.049565029132563 0.8993089108870898
 0.9807834315001522 0.9045504095063943
 0.9096934309036807 0.9073613750210718
 0.8355538599016797 0.9075032180279047
 0.7575574369253223 0.9039188002295044
 0.6760081683254339 0.8954332653981383
 0.5912678628098219 0.8813168168053912
 0.5023110564352777 0.8598020324138804
 0.4089304108357579 0.8260832564994212
 0.3162733583891658 0.7739128056279769
 0.2349448773571909 0.7012468542044764
 0.1741704116767976 0.6141632981426397
 0.1348550796299968 0.5236830925503335
 0.1102701792048177 0.4381505528060582
 9.278598395217100E-02 0.3591727871694367
 7.856673595804284E-02 0.2844214567340892
 6.660447462990747E-02 0.2123563298548719
 5.599328573454149E-02 0.1431697408861306
 4.552994667465050E-02 7.671458614910245E-02
 3.471858177874629E-02 1.179135685356930E-02
 2.367412497703113E-02 -5.233905435800058E-02
 1.222569653086280E-02 -0.1151910860580418
 -1.269927590006187E-04 -0.1762836577690484
 -1.353616096575368E-02 -0.2361466757437184
 -2.759520577409091E-02 -0.2956342509704797
 -4.303687893433777E-02 -0.3531493715753274
 -5.930551851191036E-02 -0.4095946961584101
 -7.675318778983413E-02 -0.4643921779267811
 -9.529815559068250E-02 -0.5174549625807151
 -0.1148077096744777 -0.5688019087103170
 -0.1352879674022333 -0.6182927074620348
 -0.1567592680473631 -0.6657115873442802
 -0.1791490307282721 -0.7109422512963444
 -0.2023788642665714 -0.7539512586900019
 -0.2264531415085878 -0.7946581102635881
 -0.2513999315398718 -0.8329242275865886
 -0.2772008026858163 -0.8686606478611845
 -0.3038404056227011 -0.9018646067086431
 -0.3313707642691238 -0.9325403600831482
 -0.3598710151484799 -0.9606595058025167
 -0.3893873613722034 -0.9862360759137117
 -0.4199648660114354 -1.009392868817287
 -0.4516995820647545 -1.030323376273917
 -0.4847014140674842 -1.049244456451477
 -0.5190250296112012 -1.066449239998537
 -0.5546728297430781 -1.082388559898336
 -0.5916182905442761 -1.097653517793749
 -0.6297446576003958 -1.112892360689137
 -0.6687484570400166 -1.128779743575609
 -0.7081315956613862 -1.146017529080794
 -0.7472675853557168 -1.165245928474038
 -0.7854414987391566 -1.186883203403448
 -0.8218788789162672 -1.211057948015313
 -0.8558487876555835 -1.237685586666969
 -0.8867930342355339 -1.266551186545810
 -0.9143482013463068 -1.297312179961723
 -0.9382742034708504 -1.329519369038921
 -0.9584293110605760 -1.362730120965373
 -0.9748069070406310 -1.396597755122147
 -0.9875102240262152 -1.430826671609976
 -0.9966557998472382 -1.465099294215455
 -1.002346567822208 -1.499121353468568
 -1.004738149315324 -1.532704593094427
 -1.004043277494526 -1.565717057110033
 -1.000431823868931 -1.597965536999752
 -0.9939973987792985 -1.629219247181883
 -0.9848582879858847 -1.659343615249721
 -0.9732023435618914 -1.688293870639480
 -0.9591718287595913 -1.715950571148519
 -0.9428003723451870 -1.742092559016680
 -0.9241553998836797 -1.766595996457795
 -0.9034391504216931 -1.789506701280749
 -0.8808051295916157 -1.810775420292953
 -0.8561849532299541 -1.830083265732341
 -0.8295869190363651 -1.847256133681251
 -0.8016557090193971 -1.862938025191762
 -0.7716326566445582 -1.875990961065690
 -0.7404194228325839 -1.887160755475779
 -0.7076243882560991 -1.895857879253966
 -0.6734947463128104 -1.902370946890677
 -0.6382459453652650 -1.906696631513711
 -0.6018735665153001 -1.908451138060170
 -0.5644433936806044 -1.907589680165452
 -0.5261622717306623 -1.904412277300434
 -0.4871527439821849 -1.898902429051694
 -0.4474277831054088 -1.890711242702648
 -0.4070895665223155 -1.879805867609807
 -0.3663227744631697 -1.866522874958633
 -0.3252001530847985 -1.850915255032680
 -0.2837102634781720 -1.832640008331563
 -0.2419569745898509 -1.811613817769404
 -0.2001134928636600 -1.788190199309912
 -0.1582080661211123 -1.762494614940878
 -0.1161867941643945 -1.734165046474560
 -7.415441785963905E-02 -1.703016989671039
 -3.229907985466718E-02 -1.669389233038334
 9.382704730901525E-03 -1.633475233503672
 5.099570421574651E-02 -1.594870792042070
 9.241761368068213E-02 -1.553233146967974
 0.1333966396554030 -1.508845442276117
 0.1739442384375675 -1.461959936909011
 0.2142218840681558 -1.412083548623631
 0.2540418481116540 -1.358604433596099
 0.2929719178860785 -1.301658572043204
 0.3309512857291869 -1.241498308328947
 0.3681439108774539 -1.177362477918951
 0.4040379254944407 -1.108023385317909
 0.4374638710657242 -1.033156879634682
 0.4676088207309942 -0.9527113980373337
 0.4934548740782729 -0.8649151516816895
 0.5109438803515963 -0.7671857524134842
 0.5120914707933336 -0.6608571657192261
 0.4898251513864036 -0.5540916593825848
 0.4447958124251634 -0.4579176501710204
 0.3860953218659878 -0.3786294710641174
 0.3243144198098327 -0.3145720528742637
 0.2646597660607082 -0.2599414128024337
 0.2070328389340765 -0.2102515175991340
 0.1506037389937932 -0.1638593319626520
 9.599198979335399E-02 -0.1200764783305391
 4.367180710860731E-02 -7.778738352774939E-02
 -7.147676309094382E-03 -3.596285223054646E-02
 -5.716401317259870E-02 5.667133536523639E-03
 -0.1058712550812150 4.700777925433441E-02
 -0.1526026295205376 8.825180783991537E-02
 -0.1977409397304298 0.1297959971379171
 -0.2422291686821743 0.1717152747082616
 -0.2843178876475747 0.2138457162443956
 -0.3250666528725964 0.2561574336951277
 -0.3637988295084584 0.2986662994108245
 -0.4004800651138841 0.3412581049656906
 -0.4351930478269728 0.3838273474835646
 -0.4678132079356658 0.4263091703277124
 -0.4981435122101282 0.4686133020798108
 -0.5261195348821983 0.5106187373222149
 -0.5517515111075090 0.5522408669888945
 -0.5749675400573090 0.5934432284450234
 -0.5956335747475811 0.6341808410164920
 -0.6136817869727261 0.6743932610059468
 -0.6291174573723960 0.7140658133197489
 -0.6419182597517323 0.7532456799701001
 -0.6520200288377438 0.7919871941055364
 -0.6594118151838506 0.8303373848177753
 -0.6641774337889061 0.8683966770714746
 -0.6664364269337875 0.9063450010838494
 -0.6663216470332318 0.9443859660584197
 -0.6640596188797399 0.9827134808425391
 -0.6600395747660748 1.021555041295675
 -0.6547866856906033 1.061183227851741
 -0.6489207272342292 1.101821051724044
 -0.6431777046937538 1.143543024326105
 -0.6384144955355460 1.186268715605568
 -0.6354987830370433 1.229775676579726
 -0.6351502561028608 1.273653892796357
 -0.6378675089781811 1.317296961983018
 -0.6439427661236499 1.360029585241334
 -0.6534689856242277 1.401260888819960
 -0.6663312038126681 1.440504860251372
 -0.6822604466757382 1.477328980440826
 -0.7009442477279662 1.511389191592763
 -0.7220856812837826 1.542506422842796
 -0.7453771340134661 1.570622276308552
 -0.7704853079336167 1.595678888604535
 -0.7971038915483867 1.617618267864458
 -0.8249920394592030 1.636481058005646
 -0.8539291078486360 1.652385513364265
 -0.8836628374793615 1.665382142724769
 -0.9139465570044204 1.675436622229465
 -0.9446045804208275 1.682584104148287
 -0.9755042092464030 1.686964887866889
 -1.006470871873239 1.688642455874443
 -1.037296225679693 1.687535352656699
 -1.067839311214495 1.683640051572731
 -1.098038688340773 1.677154605678991
 -1.127774949726333 1.668187328156460
 -1.156806122550018 1.656519552701302
 -1.184977279546404 1.642071413373382
 -1.212523800982382 1.625723221695505
 -1.238839501230593 1.606248963576708
 -1.264119443850766 1.584802407366319
 -1.288048891270776 1.560749636194187
 -1.310754194272379 1.534449033067588
 -1.332124747518458 1.506085518305590
 -1.351830384183780 1.475463367498678
 -1.369799426180011 1.442617158008430
 -1.386188275555819 1.407876032481901
 -1.400921370875652 1.371337866337716
 -1.413690075848634 1.332839447879562
 -1.424414852271982 1.292452840028824
 -1.433294839227356 1.250506266149219
 -1.440339554568055 1.207089221402364
 -1.445257671467772 1.162020299652255
 -1.447925100740291 1.115347795502339
 -1.448561392968912 1.067398468114921
 -1.447261077511516 1.018259511814930
 -1.443737587519794 0.9677032385679194
 -1.437778767201802 0.9157281045048137
 -1.429583944688084 0.8626664401921710
 -1.419322401032348 0.8086119560986669
 -1.406696473770114 0.7532718206863213
 -1.391348170114655 0.6965805722793801
 -1.373396803223186 0.6388978424170008
 -1.353066563897083 0.5803398391256347
 -1.330011167408221 0.5205201806622277
 -1.303606877244217 0.4592955227090094
 -1.273755349386231 0.3971081625368095
 -1.240644716632868 0.3341369333078755
 -1.203697770779134 0.2698592598910461
 -1.161595362419763 0.2041045850884045
 -1.113472039391158 0.1377236142365435
 -1.058876683540816 7.139458123194245E-02
 -0.9957659305135507 5.113119267809183E-03
 -0.9198742911873542 -5.889750408593698E-02
 -0.8283648291824994 -0.1130556399087507
 -0.7247700287435945 -0.1471551948218916
 -0.6189662241019610 -0.1562456479716193
 -0.5209504014959846 -0.1450536214862162
 -0.4345845990146504 -0.1235784999317944
 -0.3574457500128791 -9.923137436700301E-02
 -0.2855995748921193 -7.416993913495519E-02
 -0.2172082136237007 -4.849699789221996E-02
 -0.1519852755278955 -2.309326255559157E-02
 -8.920175378325781E-02 1.072797378646931E-03
 -2.757090546965190E-02 2.417149537697716E-02
 3.348988819556757E-02 4.667192082147694E-02
 9.364555855035224E-02 6.818330680370735E-02
 0.1527296222795382 8.803184992913297E-02
 0.2112771006961834 0.1063506786058012
 0.2698243744562652 0.1239189762622181
   
   
 #BODY NUMBER  5
 0.9801791690759141 -1.967099373080217
 1.068129247978039 -1.912979126456918
 1.153549811733945 -1.855514726246717
 1.235256235559378 -1.793524556681861
 1.313373632352265 -1.727805439012378
 1.388293523302194 -1.659332322588611
 1.460034292878155 -1.588285771250578
 1.528495224159807 -1.514603780694170
 1.593822134800610 -1.438601097726160
 1.656263233583043 -1.360681536215437
 1.715871797406686 -1.280884955634143
 1.772565528390214 -1.199079558765242
 1.826360288478979 -1.115350121671179
 1.877346803785988 -1.029889239962162
 1.925488749426463 -0.9426755148624220
 1.970609739421215 -0.8535462883222849
 2.012557130941610 -0.7624907015134986
 2.051225953091210 -0.6696233181362015
 2.086407656384660 -0.5749374836946621
 2.117737616701379 -0.4783276662825267
 2.144814564433202 -0.3798422927376794
 2.167261978044384 -0.2797237606327435
 2.184639787648024 -0.1782288655993743
 2.196411605284610 -7.563152612219948E-02
 2.202089070369371 2.756140576417954E-02
 2.201382240515613 0.1305733460589988
 2.194203790547752 0.2325858986461550
 2.180633418281324 0.3328794149764605
 2.160964961298672 0.4307624860591356
 2.135731868311658 0.5255820247077526
 2.105583294633507 0.6169143748261824
 2.071118463444452 0.7046325926810040
 2.032855004882114 0.7887222219020975
 1.991285304285048 0.8691520003336779
 1.946857193566768 0.9459759043619271
 1.899893772108081 1.019397931510826
 1.850602821858715 1.089616159269020
 1.799176307027221 1.156707279915321
 1.745824619563514 1.220752665032918
 1.690709842757366 1.281944879265971
 1.633918613555780 1.340445751496645
 1.575535418533850 1.396257444673020
 1.515691617315253 1.449368092552000
 1.454506801088896 1.499902412431102
 1.392031284750548 1.547969035621561
 1.328300740511210 1.593489387140236
 1.263418949328423 1.636384005773676
 1.197525497344089 1.676798173144364
 1.130689046915888 1.714865714214024
 1.062905338986763 1.750382786911704
 0.9942555822692203 1.783205899932984
 0.9250649660365837 1.814143069276075
 0.8550393863577823 1.841955404571106
 0.7845458716376692 1.867982965699419
 0.7134762369416692 1.891434995744722
 0.6419803190100692 1.912458790270040
 0.5701435357959871 1.931339010042715
 0.4979361867860788 1.948038838243511
 0.4253922658924324 1.962427660382718
 0.3526293561433005 1.974567982732011
 0.2796928730126488 1.984598825043955
 0.2065410733646502 1.992515939860119
 0.1331950147764470 1.998233236899963
 5.976017205867679E-02 2.001761545319864
 -1.371902610550735E-02 2.003179333330336
 -8.728847863705746E-02 2.002481395221385
 -0.1609387178484829 1.999585909152515
 -0.2345619612744831 1.994464812736206
 -0.3080948980083129 1.987153188684438
 -0.3815739643227387 1.977636647207493
 -0.4549926657187754 1.965830775847703
 -0.5282291672423620 1.951680554329501
 -0.6011850082562781 1.935192018909037
 -0.6738735977518159 1.916347733428771
 -0.7462848815879194 1.895070219046571
 -0.8182784857094284 1.871297595113227
 -0.8897144220650799 1.845028422453086
 -0.9605813354726473 1.816258726801837
 -1.030875211266791 1.784934116249299
 -1.100452318449531 1.751003328200810
 -1.169143683044978 1.714468433630411
 -1.236927394984844 1.675337882622642
 -1.303827430882788 1.633569903990599
 -1.369716297914320 1.589105651701571
 -1.434399495766677 1.541921184436511
 -1.497836830581369 1.491995438804779
 -1.560071171151584 1.439249797752177
 -1.620969161728721 1.383564597835872
 -1.680261676292544 1.324832823598086
 -1.737832611182454 1.262947227758096
 -1.793701636675623 1.197749188966390
 -1.847679303005697 1.129043054316161
 -1.899320127020261 1.056659085724739
 -1.948288780906895 0.9804624981805984
 -1.994431065490103 0.9003174461065406
 -2.037313761125050 0.8161128090462884
 -2.076062855468991 0.7278560551510095
 -2.109944831633887 0.6357285184200996
 -2.138726396660759 0.5400740411459882
 -2.162027931867451 0.4414013545708783
 -2.178820486605964 0.3404048235460807
 -2.188644400348457 0.2379020691741204
 -2.193647613393868 0.1346896258600445
 -2.190753144410075 3.146249995430876E-02
 -2.183697795892758 -7.124607836899395E-02
 -2.170865946177404 -0.1730010018366254
 -2.153010219157777 -0.2735122107715160
 -2.131170706333470 -0.3726312977947983
 -2.105512972811438 -0.4702839024036423
 -2.075932962829010 -0.5664138033384981
 -2.042776163943339 -0.6609899089881945
 -2.006516393614525 -0.7540252675293563
 -1.967214809607815 -0.8455460883743837
 -1.924716123244443 -0.9355469980758909
 -1.879101683720795 -1.023999345450282
 -1.830583646784473 -1.110885403811104
 -1.779125318109664 -1.196184414273236
 -1.724497638703623 -1.279824951122662
 -1.666614883130913 -1.361680251206210
 -1.605523781017985 -1.441602125210834
 -1.541114294659809 -1.519413291232139
 -1.473112718684283 -1.594850741472043
 -1.401360357159157 -1.667542752837169
 -1.325878871772265 -1.737042049326177
 -1.246670619120753 -1.802839121421744
 -1.163704625591116 -1.864332484282332
 -1.077175657628895 -1.920845779218024
 -0.9876112855135770 -1.971739616755926
 -0.8956765984842734 -2.016529173017541
 -0.8020346793741453 -2.054923644061155
 -0.7074312247247845 -2.086831796202274
 -0.6126985489864550 -2.112389065983774
 -0.5185281267574844 -2.131945810349843
 -0.4253295061259837 -2.145957499930390
 -0.3333740217445335 -2.154865187389299
 -0.2429349401034979 -2.159079659860316
 -0.1541894322379968 -2.159015739350263
 -6.712238080035611E-02 -2.155055236892854
 1.833386337164474E-02 -2.147477135679325
 0.1021497356354550 -2.136486027730305
 0.1842905098743055 -2.122304803610766
 0.2648419103170231 -2.105170113889258
 0.3439007664131271 -2.085237902803877
 0.4214267080430550 -2.062582419348972
 0.4973437789270007 -2.037311491174131
 0.5717001918184504 -2.009591045935775
 0.6445648667446960 -1.979518973267445
 0.7158519196687354 -1.947086878718508
 0.7854406446823334 -1.912344908627897
 0.8533870662903122 -1.875486588951757
 0.9197727491303462 -1.836638295516987
 0.9844232903191584 -1.795694418836499
 1.047173818385645 -1.752653542066126
 1.108561501074262 -1.708201295376708
 1.167660479817730 -1.661463532107650
 1.225447766313458 -1.613428138122136
 1.281292637451006 -1.563606044060372
 1.335247736559676 -1.512200660127378
 1.387516878118887 -1.459428290824164
 1.438083028084566 -1.405244806342053
 1.486816074034478 -1.349614339027630
 1.533711356473664 -1.292669971906254
 1.578866562302489 -1.234520545808386
 1.622298884681965 -1.175127786388752
 1.663923238453553 -1.114466884903828
 1.703696264536459 -1.052634599797275
 1.741663704052801 -0.9897086415426170
 1.777843998185955 -0.9256466576533054
 1.812161553299722 -0.8604159364669751
 1.844538175420970 -0.7940957891428989
 1.874972591616132 -0.7267585858906445
 1.903470558098142 -0.6583655770775174
 1.929955724284771 -0.5888801808757909
 1.954319523742625 -0.5183803993129663
 1.976517953704261 -0.4469545199302242
 1.996542618509953 -0.3745822121216967
 2.014321392443631 -0.3012334436078854
 2.029730498263496 -0.2269988415619867
 2.042698695581240 -0.1519989196047938
 2.053216864991895 -7.624152448042387E-02
 2.061235894386815 2.970629640421940E-04
 2.066639523557768 7.751799933037196E-02
 2.069345059032940 0.1552739133758474
 2.069348863766062 0.2335416053824626
 2.066626751154959 0.3123627253001949
 2.061064012628147 0.3916562841205898
 2.052542664238748 0.4712658102912767
 2.041024367626134 0.5511670266050447
 2.026462472820793 0.6314363670529245
 2.008686670367025 0.7120181738903026
 1.987469719149682 0.7927328848757247
 1.962660688468870 0.8735335749300022
 1.934132043344913 0.9545165896876200
 1.901619618507018 1.035615687291578
 1.864753674887394 1.116529937056263
 1.823249821335800 1.197036329083286
 1.776913312543643 1.277069245758024
 1.725431305550490 1.356309068090771
 1.668373261793597 1.433995145113903
 1.605529462678993 1.509401565568577
 1.537081037887327 1.582154370679577
 1.463278752256968 1.651670435403305
 1.384209468064647 1.716711479913697
 1.300351435691899 1.776470615965263
 1.213468444317954 1.832409747220172
 1.122623896432035 1.881516626502609
 1.030147984158813 1.926760804615711
 0.9356097106180259 1.966525558518486
 0.8396365868055118 2.001317649783894
 0.7428771830312751 2.031963620383409
 0.6454786799332830 2.058569673654220
 0.5474377386692024 2.081017584032668
 0.4489540291427292 2.099591006714354
 0.3502531600314825 2.114706803744793
 0.2513430122011291 2.126431044008527
 0.1521505948542285 2.134626556841133
 5.274139524181620E-02 2.139349467121461
 -4.676315700151412E-02 2.140774643773266
 -0.1463634313167990 2.138859929135658
 -0.2461121007175916 2.133371239444947
 -0.3459422478106976 2.124170952719709
 -0.4457021720732252 2.111225443347036
 -0.5452933617248511 2.094350774926800
 -0.6446248980170958 2.073178407754570
 -0.7434542072740452 2.047385045574849
 -0.8413831062721184 2.016765809958920
 -0.9379691685272714 1.981067987021118
 -1.032706979693494 1.939964010404531
 -1.124913412740476 1.893284373453844
 -1.213770955002036 1.841166270696927
 -1.298527192063479 1.783943274371385
 -1.378598738907179 1.722044229084694
 -1.453533736573887 1.656069310143138
 -1.523033319325203 1.586807041276021
 -1.587055167876023 1.515031435523660
 -1.645788957318468 1.441324907249386
 -1.699480983137581 1.366142965487201
 -1.748350364181550 1.289927659526638
 -1.792667761328772 1.213039834988336
 -1.832771391307725 1.135657305382028
 -1.868936685230360 1.057860976410305
 -1.901326042662676 0.9797787478149841
 -1.930115129437820 0.9015521385778473
 -1.955551753074389 0.8232252346232871
 -1.977819379968907 0.7447921513072322
 -1.996962126576906 0.6663249746759528
 -2.013035396242254 0.5879433986221310
 -2.026206992907347 0.5096886335046729
 -2.036596151495244 0.4315499376458840
 -2.044152660179946 0.3535974915782718
 -2.048859594010756 0.2759609028542207
 -2.050912563634401 0.1986884158073934
 -2.050461796046235 0.1217725813029621
 -2.047328629305921 4.531163192479482E-02
 -2.041429400654866 -3.055235786685817E-02
 -2.033626467110846 -0.1059417738993673
 -2.022699866175512 -0.1804918724634558
 -2.009993637951128 -0.2545548275772830
 -1.994768874392675 -0.3278289516843499
 -1.977228055569745 -0.4002581301426620
 -1.957660413914874 -0.4719107192185502
 -1.936019214870645 -0.5427940319014578
 -1.912208339926911 -0.6128133213550879
 -1.886340712616964 -0.6818980108257571
 -1.858559435315138 -0.7500782792355685
 -1.828839958046615 -0.8173881534713671
 -1.797118253230000 -0.8837663519961351
 -1.763456436595136 -0.9491269455225889
 -1.727944677947294 -1.013470691787720
 -1.690555519548897 -1.076834737568080
 -1.651222835451239 -1.139169972685540
 -1.609976214146486 -1.200369023593307
 -1.566877693607819 -1.260394602793794
 -1.521896593775403 -1.319271070129975
 -1.474963058565996 -1.376950594971912
 -1.426090356500262 -1.433300155016535
 -1.375332945447983 -1.488237498978813
 -1.322669020758138 -1.541765521307074
 -1.268036510855711 -1.593836775438685
 -1.211452012554067 -1.644298753551240
 -1.152984273516160 -1.693029502848292
 -1.092635529519248 -1.740017202321414
 -1.030360683120023 -1.785231179213341
 -0.9661872051082367 -1.828521327531182
 -0.9002013759879619 -1.869742347006259
 -0.8324214687812181 -1.908879488005105
 -0.7627993202721707 -1.945932629290794
 -0.6913477147138268 -1.980761935822161
 -0.6181431684720706 -2.013186994727788
 -0.5431875370447649 -2.043162465409824
 -0.4663913016692085 -2.070686164805101
 -0.3877175086383050 -2.095582771726174
 -0.3072080428571389 -2.117565708473811
 -0.2248280772864155 -2.136480802688098
 -0.1404304066692903 -2.152265778654010
 -5.394031550132078E-02 -2.164658741607739
 3.456645213286753E-02 -2.173189022781003
 0.1250389595710954 -2.177498827263885
 0.2175177529464598 -2.177386691864565
 0.3118824555745608 -2.172421877137059
 0.4076895936753938 -2.161851200264912
 0.5044153689548939 -2.145130083988676
 0.6016453587734315 -2.122228411825565
 0.6987491796104824 -2.093071789974183
 0.7946110185413169 -2.057116303459777
 0.8882929646565573 -2.014372685139383
 0.9801791690759141 -1.967099373080217
   
   
 #BODY NUMBER  6
 -1.108561501074262 1.708201295376708
 -1.167660479817730 1.661463532107650
 -1.225447766313458 1.613428138122136
 -1.281292637451006 1.563606044060372
 -1.335247736559676 1.512200660127378
 -1.387516878118887 1.459428290824164
 -1.438083028084566 1.405244806342053
 -1.486816074034478 1.349614339027630
 -1.533711356473664 1.292669971906254
 -1.578866562302489 1.234520545808386
 -1.622298884681965 1.175127786388752
 -1.663923238453553 1.114466884903828
 -1.703696264536459 1.052634599797275
 -1.741663704052801 0.9897086415426170
 -1.777843998185955 0.9256466576533054
 -1.812161553299722 0.8604159364669751
 -1.844538175420970 0.7940957891428989
 -1.874972591616132 0.7267585858906445
 -1.903470558098142 0.6583655770775174
 -1.929955724284771 0.5888801808757909
 -1.954319523742625 0.5183803993129663
 -1.976517953704261 0.4469545199302242
 -1.996542618509953 0.3745822121216967
 -2.014321392443631 0.3012334436078854
 -2.029730498263496 0.2269988415619867
 -2.042698695581240 0.1519989196047938
 -2.053216864991895 7.624152448042387E-02
 -2.061235894386815 -2.970629640421940E-04
 -2.066639523557768 -7.751799933037196E-02
 -2.069345059032940 -0.1552739133758474
 -2.069348863766062 -0.2335416053824626
 -2.066626751154959 -0.3123627253001949
 -2.061064012628147 -0.3916562841205898
 -2.052542664238748 -0.4712658102912767
 -2.041024367626134 -0.5511670266050447
 -2.026462472820793 -0.6314363670529245
 -2.008686670367025 -0.7120181738903026
 -1.987469719149682 -0.7927328848757247
 -1.962660688468870 -0.8735335749300022
 -1.934132043344913 -0.9545165896876200
 -1.901619618507018 -1.035615687291578
 -1.864753674887394 -1.116529937056263
 -1.823249821335800 -1.197036329083286
 -1.776913312543643 -1.277069245758024
 -1.725431305550490 -1.356309068090771
 -1.668373261793597 -1.433995145113903
 -1.605529462678993 -1.509401565568577
 -1.537081037887327 -1.582154370679577
 -1.463278752256968 -1.651670435403305
 -1.384209468064647 -1.716711479913697
 -1.300351435691899 -1.776470615965263
 -1.213468444317954 -1.832409747220172
 -1.122623896432035 -1.881516626502609
 -1.030147984158813 -1.926760804615711
 -0.9356097106180259 -1.966525558518486
 -0.8396365868055118 -2.001317649783894
 -0.7428771830312751 -2.031963620383409
 -0.6454786799332830 -2.058569673654220
 -0.5474377386692024 -2.081017584032668
 -0.4489540291427292 -2.099591006714354
 -0.3502531600314825 -2.114706803744793
 -0.2513430122011291 -2.126431044008527
 -0.1521505948542285 -2.134626556841133
 -5.274139524181620E-02 -2.139349467121461
 4.676315700151412E-02 -2.140774643773266
 0.1463634313167990 -2.138859929135658
 0.2461121007175916 -2.133371239444947
 0.3459422478106976 -2.124170952719709
 0.4457021720732252 -2.111225443347036
 0.5452933617248511 -2.094350774926800
 0.6446248980170958 -2.073178407754570
 0.7434542072740452 -2.047385045574849
 0.8413831062721184 -2.016765809958920
 0.9379691685272714 -1.981067987021118
 1.032706979693494 -1.939964010404531
 1.124913412740476 -1.893284373453844
 1.213770955002036 -1.841166270696927
 1.298527192063479 -1.783943274371385
 1.378598738907179 -1.722044229084694
 1.453533736573887 -1.656069310143138
 1.523033319325203 -1.586807041276021
 1.587055167876023 -1.515031435523660
 1.645788957318468 -1.441324907249386
 1.699480983137581 -1.366142965487201
 1.748350364181550 -1.289927659526638
 1.792667761328772 -1.213039834988336
 1.832771391307725 -1.135657305382028
 1.868936685230360 -1.057860976410305
 1.901326042662676 -0.9797787478149841
 1.930115129437820 -0.9015521385778473
 1.955551753074389 -0.8232252346232871
 1.977819379968907 -0.7447921513072322
 1.996962126576906 -0.6663249746759528
 2.013035396242254 -0.5879433986221310
 2.026206992907347 -0.5096886335046729
 2.036596151495244 -0.4315499376458840
 2.044152660179946 -0.3535974915782718
 2.048859594010756 -0.2759609028542207
 2.050912563634401 -0.1986884158073934
 2.050461796046235 -0.1217725813029621
 2.047328629305921 -4.531163192479482E-02
 2.041429400654866 3.055235786685817E-02
 2.033626467110846 0.1059417738993673
 2.022699866175512 0.1804918724634558
 2.009993637951128 0.2545548275772830
 1.994768874392675 0.3278289516843499
 1.977228055569745 0.4002581301426620
 1.957660413914874 0.4719107192185502
 1.936019214870645 0.5427940319014578
 1.912208339926911 0.6128133213550879
 1.886340712616964 0.6818980108257571
 1.858559435315138 0.7500782792355685
 1.828839958046615 0.8173881534713671
 1.797118253230000 0.8837663519961351
 1.763456436595136 0.9491269455225889
 1.727944677947294 1.013470691787720
 1.690555519548897 1.076834737568080
 1.651222835451239 1.139169972685540
 1.609976214146486 1.200369023593307
 1.566877693607819 1.260394602793794
 1.521896593775403 1.319271070129975
 1.474963058565996 1.376950594971912
 1.426090356500262 1.433300155016535
 1.375332945447983 1.488237498978813
 1.322669020758138 1.541765521307074
 1.268036510855711 1.593836775438685
 1.211452012554067 1.644298753551240
 1.152984273516160 1.693029502848292
 1.092635529519248 1.740017202321414
 1.030360683120023 1.785231179213341
 0.9661872051082367 1.828521327531182
 0.9002013759879619 1.869742347006259
 0.8324214687812181 1.908879488005105
 0.7627993202721707 1.945932629290794
 0.6913477147138268 1.980761935822161
 0.6181431684720706 2.013186994727788
 0.5431875370447649 2.043162465409824
 0.4663913016692085 2.070686164805101
 0.3877175086383050 2.095582771726174
 0.3072080428571389 2.117565708473811
 0.2248280772864155 2.136480802688098
 0.1404304066692903 2.152265778654010
 5.394031550132078E-02 2.164658741607739
 -3.456645213286753E-02 2.173189022781003
 -0.1250389595710954 2.177498827263885
 -0.2175177529464598 2.177386691864565
 -0.3118824555745608 2.172421877137059
 -0.4076895936753938 2.161851200264912
 -0.5044153689548939 2.145130083988676
 -0.6016453587734315 2.122228411825565
 -0.6987491796104824 2.093071789974183
 -0.7946110185413169 2.057116303459777
 -0.8882929646565573 2.014372685139383
 -0.9801791690759141 1.967099373080217
 -1.068129247978039 1.912979126456918
 -1.153549811733945 1.855514726246717
 -1.235256235559378 1.793524556681861
 -1.313373632352265 1.727805439012378
 -1.388293523302194 1.659332322588611
 -1.460034292878155 1.588285771250578
 -1.528495224159807 1.514603780694170
 -1.593822134800610 1.438601097726160
 -1.656263233583043 1.360681536215437
 -1.715871797406686 1.280884955634143
 -1.772565528390214 1.199079558765242
 -1.826360288478979 1.115350121671179
 -1.877346803785988 1.029889239962162
 -1.925488749426463 0.9426755148624220
 -1.970609739421215 0.8535462883222849
 -2.012557130941610 0.7624907015134986
 -2.051225953091210 0.6696233181362015
 -2.086407656384660 0.5749374836946621
 -2.117737616701379 0.4783276662825267
 -2.144814564433202 0.3798422927376794
 -2.167261978044384 0.2797237606327435
 -2.184639787648024 0.1782288655993743
 -2.196411605284610 7.563152612219948E-02
 -2.202089070369371 -2.756140576417954E-02
 -2.201382240515613 -0.1305733460589988
 -2.194203790547752 -0.2325858986461550
 -2.180633418281324 -0.3328794149764605
 -2.160964961298672 -0.4307624860591356
 -2.135731868311658 -0.5255820247077526
 -2.105583294633507 -0.6169143748261824
 -2.071118463444452 -0.7046325926810040
 -2.032855004882114 -0.7887222219020975
 -1.991285304285048 -0.8691520003336779
 -1.946857193566768 -0.9459759043619271
 -1.899893772108081 -1.019397931510826
 -1.850602821858715 -1.089616159269020
 -1.799176307027221 -1.156707279915321
 -1.745824619563514 -1.220752665032918
 -1.690709842757366 -1.281944879265971
 -1.633918613555780 -1.340445751496645
 -1.575535418533850 -1.396257444673020
 -1.515691617315253 -1.449368092552000
 -1.454506801088896 -1.499902412431102
 -1.392031284750548 -1.547969035621561
 -1.328300740511210 -1.593489387140236
 -1.263418949328423 -1.636384005773676
 -1.197525497344089 -1.676798173144364
 -1.130689046915888 -1.714865714214024
 -1.062905338986763 -1.750382786911704
 -0.9942555822692203 -1.783205899932984
 -0.9250649660365837 -1.814143069276075
 -0.8550393863577823 -1.841955404571106
 -0.7845458716376692 -1.867982965699419
 -0.7134762369416692 -1.891434995744722
 -0.6419803190100692 -1.912458790270040
 -0.5701435357959871 -1.931339010042715
 -0.4979361867860788 -1.948038838243511
 -0.4253922658924324 -1.962427660382718
 -0.3526293561433005 -1.974567982732011
 -0.2796928730126488 -1.984598825043955
 -0.2065410733646502 -1.992515939860119
 -0.1331950147764470 -1.998233236899963
 -5.976017205867679E-02 -2.001761545319864
 1.371902610550735E-02 -2.003179333330336
 8.728847863705746E-02 -2.002481395221385
 0.1609387178484829 -1.999585909152515
 0.2345619612744831 -1.994464812736206
 0.3080948980083129 -1.987153188684438
 0.3815739643227387 -1.977636647207493
 0.4549926657187754 -1.965830775847703
 0.5282291672423620 -1.951680554329501
 0.6011850082562781 -1.935192018909037
 0.6738735977518159 -1.916347733428771
 0.7462848815879194 -1.895070219046571
 0.8182784857094284 -1.871297595113227
 0.8897144220650799 -1.845028422453086
 0.9605813354726473 -1.816258726801837
 1.030875211266791 -1.784934116249299
 1.100452318449531 -1.751003328200810
 1.169143683044978 -1.714468433630411
 1.236927394984844 -1.675337882622642
 1.303827430882788 -1.633569903990599
 1.369716297914320 -1.589105651701571
 1.434399495766677 -1.541921184436511
 1.497836830581369 -1.491995438804779
 1.560071171151584 -1.439249797752177
 1.620969161728721 -1.383564597835872
 1.680261676292544 -1.324832823598086
 1.737832611182454 -1.262947227758096
 1.793701636675623 -1.197749188966390
 1.847679303005697 -1.129043054316161
 1.899320127020261 -1.056659085724739
 1.948288780906895 -0.9804624981805984
 1.994431065490103 -0.9003174461065406
 2.037313761125050 -0.8161128090462884
 2.076062855468991 -0.7278560551510095
 2.109944831633887 -0.6357285184200996
 2.138726396660759 -0.5400740411459882
 2.162027931867451 -0.4414013545708783
 2.178820486605964 -0.3404048235460807
 2.188644400348457 -0.2379020691741204
 2.193647613393868 -0.1346896258600445
 2.190753144410075 -3.146249995430876E-02
 2.183697795892758 7.124607836899395E-02
 2.170865946177404 0.1730010018366254
 2.153010219157777 0.2735122107715160
 2.131170706333470 0.3726312977947983
 2.105512972811438 0.4702839024036423
 2.075932962829010 0.5664138033384981
 2.042776163943339 0.6609899089881945
 2.006516393614525 0.7540252675293563
 1.967214809607815 0.8455460883743837
 1.924716123244443 0.9355469980758909
 1.879101683720795 1.023999345450282
 1.830583646784473 1.110885403811104
 1.779125318109664 1.196184414273236
 1.724497638703623 1.279824951122662
 1.666614883130913 1.361680251206210
 1.605523781017985 1.441602125210834
 1.541114294659809 1.519413291232139
 1.473112718684283 1.594850741472043
 1.401360357159157 1.667542752837169
 1.325878871772265 1.737042049326177
 1.246670619120753 1.802839121421744
 1.163704625591116 1.864332484282332
 1.077175657628895 1.920845779218024
 0.9876112855135770 1.971739616755926
 0.8956765984842734 2.016529173017541
 0.8020346793741453 2.054923644061155
 0.7074312247247845 2.086831796202274
 0.6126985489864550 2.112389065983774
 0.5185281267574844 2.131945810349843
 0.4253295061259837 2.145957499930390
 0.3333740217445335 2.154865187389299
 0.2429349401034979 2.159079659860316
 0.1541894322379968 2.159015739350263
 6.712238080035611E-02 2.155055236892854
 -1.833386337164474E-02 2.147477135679325
 -0.1021497356354550 2.136486027730305
 -0.1842905098743055 2.122304803610766
 -0.2648419103170231 2.105170113889258
 -0.3439007664131271 2.085237902803877
 -0.4214267080430550 2.062582419348972
 -0.4973437789270007 2.037311491174131
 -0.5717001918184504 2.009591045935775
 -0.6445648667446960 1.979518973267445
 -0.7158519196687354 1.947086878718508
 -0.7854406446823334 1.912344908627897
 -0.8533870662903122 1.875486588951757
 -0.9197727491303462 1.836638295516987
 -0.9844232903191584 1.795694418836499
 -1.047173818385645 1.752653542066126
 -1.108561501074262 1.708201295376708
   
   
