 # action(x) =  184.0054439999729
 # |grad_action(x)| =  7.650021977127117E-13
 # PRINTSTEPS = 50
 #
 #BODY NUMBER  1
 -0.2903803952657742 0.6309393647815253
 -0.3584530831026322 0.6431764667796110
 -0.3701881125228427 0.6818881410011494
 -0.3855131853467708 0.7019413724489537
 -0.4850405307876657 0.6478338606677226
 -0.6274302429384551 0.5474079926282508
 -0.7056448771503410 0.4814811583023497
 -0.6974232896891319 0.4844235798591822
 -0.6560422956963172 0.5325786657594289
 -0.5914585768931006 0.6070746587120978
 -0.4792087051058667 0.6994543559999965
 -0.3691581053383124 0.7651330808179617
 -0.3580911655209127 0.7440524806836698
 -0.4424380022657717 0.6380064445831194
 -0.5152120863209060 0.5099858963163861
 -0.5308381000143935 0.3993804946716542
 -0.5493651201164919 0.2971184889159417
 -0.5750430427237733 0.2120747056827117
 -0.4882794958820441 0.1877695963815932
 -0.2336258333712324 0.2232451783500310
 2.980290593546358E-02 0.2467424186757302
 8.930744383900431E-02 0.2135910613738479
 -6.796994324925670E-02 0.1704146236911659
 -0.2712673493668769 0.1681195673242429
 -0.3815484682080554 0.1676245528310336
 -0.3701789717166211 0.1020964135158441
 -0.2317994870615120 -1.136466289356593E-02
 1.947729882373393E-02 -0.1033253452545541
 0.2587876722780535 -0.1631967505853885
 0.3145215903696801 -0.2248210099612560
 0.1851256752622242 -0.2551436742817126
 7.071594884281970E-02 -0.1673486999873660
 0.1131134372652606 2.951762838115859E-02
 0.2065312753256758 0.1913413257694602
 0.1569670750639528 0.2026138770472545
 -5.561246024348140E-02 0.1108942953812793
 -0.2810827360167954 4.436349450748065E-02
 -0.4006645197047474 5.364138360482402E-02
 -0.4023819630905387 9.409319219871784E-02
 -0.2920332467196887 0.1151417987704950
 -6.804685547938451E-02 0.1006048326985095
 0.1981725543705783 5.681436889001866E-02
 0.3724260031781393 2.527165731638833E-02
 0.3972631842896920 7.200448993092766E-02
 0.3495823697170078 0.1913182936361098
 0.3228142213475602 0.2506993712459870
 0.3181879748319900 0.1206515176199642
 0.2923889993324125 -0.1512081611188872
 0.2496665554288166 -0.3861880253994563
 0.2310461657467589 -0.4943404794724479
 0.2506933849542580 -0.5494010726882277
 0.2903803952657742 -0.6309393647815253
 0.3584530831026322 -0.6431764667796110
 0.3701881125228427 -0.6818881410011494
 0.3855131853467708 -0.7019413724489537
 0.4850405307876657 -0.6478338606677226
 0.6274302429384551 -0.5474079926282508
 0.7056448771503410 -0.4814811583023497
 0.6974232896891319 -0.4844235798591822
 0.6560422956963172 -0.5325786657594289
 0.5914585768931006 -0.6070746587120978
 0.4792087051058667 -0.6994543559999965
 0.3691581053383124 -0.7651330808179617
 0.3580911655209127 -0.7440524806836698
 0.4424380022657717 -0.6380064445831194
 0.5152120863209060 -0.5099858963163861
 0.5308381000143935 -0.3993804946716542
 0.5493651201164919 -0.2971184889159417
 0.5750430427237733 -0.2120747056827117
 0.4882794958820441 -0.1877695963815932
 0.2336258333712324 -0.2232451783500310
 -2.980290593546358E-02 -0.2467424186757302
 -8.930744383900431E-02 -0.2135910613738479
 6.796994324925670E-02 -0.1704146236911659
 0.2712673493668769 -0.1681195673242429
 0.3815484682080554 -0.1676245528310336
 0.3701789717166211 -0.1020964135158441
 0.2317994870615120 1.136466289356593E-02
 -1.947729882373393E-02 0.1033253452545541
 -0.2587876722780535 0.1631967505853885
 -0.3145215903696801 0.2248210099612560
 -0.1851256752622242 0.2551436742817126
 -7.071594884281970E-02 0.1673486999873660
 -0.1131134372652606 -2.951762838115859E-02
 -0.2065312753256758 -0.1913413257694602
 -0.1569670750639528 -0.2026138770472545
 5.561246024348140E-02 -0.1108942953812793
 0.2810827360167954 -4.436349450748065E-02
 0.4006645197047474 -5.364138360482402E-02
 0.4023819630905387 -9.409319219871784E-02
 0.2920332467196887 -0.1151417987704950
 6.804685547938451E-02 -0.1006048326985095
 -0.1981725543705783 -5.681436889001866E-02
 -0.3724260031781393 -2.527165731638833E-02
 -0.3972631842896920 -7.200448993092766E-02
 -0.3495823697170078 -0.1913182936361098
 -0.3228142213475602 -0.2506993712459870
 -0.3181879748319900 -0.1206515176199642
 -0.2923889993324125 0.1512081611188872
 -0.2496665554288166 0.3861880253994563
 -0.2310461657467589 0.4943404794724479
 -0.2506933849542580 0.5494010726882277
 -0.2903803952657742 0.6309393647815253
   
   
 #BODY NUMBER  2
 0.6915997157813054 -6.399288332963482E-02
 0.7362337008987783 -1.115875735807092E-02
 0.7756265089077624 -2.035176087677990E-02
 0.8006556531814938 -1.710647422031395E-02
 0.8035608461638296 9.614049119334628E-02
 0.7877843493199379 0.2696665331732197
 0.7697973531085625 0.3703658105113709
 0.7682347711948178 0.3617744961321119
 0.7892478019094461 0.3018599611503598
 0.8214713648849954 0.2086808235195688
 0.8453495936366150 6.527973433632871E-02
 0.8472037379333635 -6.286624317307007E-02
 0.8234139327813452 -6.191019412994578E-02
 0.7737487899200559 6.415932727023642E-02
 0.6992667849422202 0.1911938069324929
 0.6112927041688446 0.2600290325733028
 0.5319947193934969 0.3272049055160012
 0.4711836039832232 0.3919645304269325
 0.4067529884658327 0.3289776493901133
 0.3101489124091310 9.070331750478232E-02
 0.1987837497966668 -0.1491812829845742
 0.1403215632515314 -0.1841380457985535
 0.1815683649175436 -2.634361429793999E-02
 0.2812294908594813 0.1508646321068625
 0.3359413551537097 0.2466183898276984
 0.2735075735983126 0.2695361866954729
 0.1060576567594816 0.2064265758262544
 -9.922102325710878E-02 3.479483704882251E-02
 -0.2707263679610461 -0.1425183230863422
 -0.3519615011157622 -0.1599731823181983
 -0.3135237411739775 -3.275170052897868E-02
 -0.1802861999007695 2.243254184308013E-02
 -3.099370259507859E-02 -0.1127179243716727
 6.244081124730871E-02 -0.2745319939927638
 9.698522715020268E-02 -0.2372444130867497
 0.1238435070567038 -7.285344352833172E-03
 0.1789612812525271 0.2212430427020391
 0.2467870607482971 0.3201649606569894
 0.2826780763125306 0.3014264059616994
 0.2457323461325284 0.1953373110236509
 0.1211497686000845 8.627889143540037E-03
 -4.988359042655310E-02 -0.2000296508627833
 -0.1643271043573428 -0.3351662084403674
 -0.1362738746781221 -0.3800422545486367
 -9.104682360942525E-03 -0.3984063597081483
 5.570491353803007E-02 -0.4049150020128742
 -5.460670815196079E-02 -0.3358846281932099
 -0.2771446084546938 -0.1776122206495377
 -0.4592819183476880 -2.312356677698357E-02
 -0.5436344962155000 4.707839075254001E-02
 -0.6011419782915556 5.759369641301405E-02
 -0.6915997157813054 6.399288332963482E-02
 -0.7362337008987783 1.115875735807092E-02
 -0.7756265089077624 2.035176087677990E-02
 -0.8006556531814938 1.710647422031395E-02
 -0.8035608461638296 -9.614049119334628E-02
 -0.7877843493199379 -0.2696665331732197
 -0.7697973531085625 -0.3703658105113709
 -0.7682347711948178 -0.3617744961321119
 -0.7892478019094461 -0.3018599611503598
 -0.8214713648849954 -0.2086808235195688
 -0.8453495936366150 -6.527973433632871E-02
 -0.8472037379333635 6.286624317307007E-02
 -0.8234139327813452 6.191019412994578E-02
 -0.7737487899200559 -6.415932727023642E-02
 -0.6992667849422202 -0.1911938069324929
 -0.6112927041688446 -0.2600290325733028
 -0.5319947193934969 -0.3272049055160012
 -0.4711836039832232 -0.3919645304269325
 -0.4067529884658327 -0.3289776493901133
 -0.3101489124091310 -9.070331750478232E-02
 -0.1987837497966668 0.1491812829845742
 -0.1403215632515314 0.1841380457985535
 -0.1815683649175436 2.634361429793999E-02
 -0.2812294908594813 -0.1508646321068625
 -0.3359413551537097 -0.2466183898276984
 -0.2735075735983126 -0.2695361866954729
 -0.1060576567594816 -0.2064265758262544
 9.922102325710878E-02 -3.479483704882251E-02
 0.2707263679610461 0.1425183230863422
 0.3519615011157622 0.1599731823181983
 0.3135237411739775 3.275170052897868E-02
 0.1802861999007695 -2.243254184308013E-02
 3.099370259507859E-02 0.1127179243716727
 -6.244081124730871E-02 0.2745319939927638
 -9.698522715020268E-02 0.2372444130867497
 -0.1238435070567038 7.285344352833172E-03
 -0.1789612812525271 -0.2212430427020391
 -0.2467870607482971 -0.3201649606569894
 -0.2826780763125306 -0.3014264059616994
 -0.2457323461325284 -0.1953373110236509
 -0.1211497686000845 -8.627889143540037E-03
 4.988359042655310E-02 0.2000296508627833
 0.1643271043573428 0.3351662084403674
 0.1362738746781221 0.3800422545486367
 9.104682360942525E-03 0.3984063597081483
 -5.570491353803007E-02 0.4049150020128742
 5.460670815196079E-02 0.3358846281932099
 0.2771446084546938 0.1776122206495377
 0.4592819183476880 2.312356677698357E-02
 0.5436344962155000 -4.707839075254001E-02
 0.6011419782915556 -5.759369641301405E-02
 0.6915997157813054 -6.399288332963482E-02
   
   
 #BODY NUMBER  3
 -0.4012193205155303 -0.5669464814518890
 -0.3777806177961451 -0.6320177094215388
 -0.4054383963849190 -0.6615363801243683
 -0.4151424678347225 -0.6848348982286384
 -0.3185203153761629 -0.7439743518610673
 -0.1603541063814817 -0.8170745258014690
 -6.415247595822063E-02 -0.8518469688137190
 -7.081148150568499E-02 -0.8461980759912927
 -0.1332055062131279 -0.8344386269097872
 -0.2300127879918941 -0.8157554822316655
 -0.3661408885307477 -0.7647340903363239
 -0.4780456325950506 -0.7022668376448910
 -0.4653227672604318 -0.6821422865537230
 -0.3313107876542836 -0.7021657718533545
 -0.1840546986213140 -0.7011797032488780
 -8.045460415445105E-02 -0.6594095272449560
 1.737040072299549E-02 -0.6243233944319425
 0.1038594387405505 -0.6040392361096438
 8.152650741621192E-02 -0.5167472457717062
 -7.652307903789836E-02 -0.3139484958548130
 -0.2285866557321300 -9.756113569115582E-02
 -0.2296290070905355 -2.945301557529427E-02
 -0.1135984216682869 -0.1440710093932260
 -9.962141492604368E-03 -0.3189841994311055
 4.560711305434564E-02 -0.4142429426587321
 9.667139811830845E-02 -0.3716326002113172
 0.1257418303020302 -0.1950619129326888
 7.974372443337464E-02 6.853050820573135E-02
 1.193869568299250E-02 0.3057150736717303
 3.743991074608181E-02 0.3847941922794539
 0.1283980659117531 0.2878953748106907
 0.1095702510579495 0.1449161581442855
 -8.211973467018248E-02 8.320029599051354E-02
 -0.2689720865729848 8.319066822330295E-02
 -0.2539523022141558 3.463053603949454E-02
 -6.823104681322295E-02 -0.1036089510284470
 0.1021214547642677 -0.2656065372095207
 0.1538774589564497 -0.3738063442618144
 0.1197038867780078 -0.3955195981604182
 4.630090058715960E-02 -0.3104791097941470
 -5.310291312070046E-02 -0.1092327218420505
 -0.1482889639440256 0.1432152819727638
 -0.2080988988207971 0.3098945511239781
 -0.2609893096115705 0.3080377646177078
 -0.3404776873560661 0.2070880660720372
 -0.3785191348855910 0.1542156307668862
 -0.2635812666800302 0.2152331105732442
 -1.524439087771971E-02 0.3288203817684238
 0.2096153629188706 0.4093115921764386
 0.3125883304687401 0.4472620887199067
 0.3504485933372968 0.4918073762752120
 0.4012193205155303 0.5669464814518890
 0.3777806177961451 0.6320177094215388
 0.4054383963849190 0.6615363801243683
 0.4151424678347225 0.6848348982286384
 0.3185203153761629 0.7439743518610673
 0.1603541063814817 0.8170745258014690
 6.415247595822063E-02 0.8518469688137190
 7.081148150568499E-02 0.8461980759912927
 0.1332055062131279 0.8344386269097872
 0.2300127879918941 0.8157554822316655
 0.3661408885307477 0.7647340903363239
 0.4780456325950506 0.7022668376448910
 0.4653227672604318 0.6821422865537230
 0.3313107876542836 0.7021657718533545
 0.1840546986213140 0.7011797032488780
 8.045460415445105E-02 0.6594095272449560
 -1.737040072299549E-02 0.6243233944319425
 -0.1038594387405505 0.6040392361096438
 -8.152650741621192E-02 0.5167472457717062
 7.652307903789836E-02 0.3139484958548130
 0.2285866557321300 9.756113569115582E-02
 0.2296290070905355 2.945301557529427E-02
 0.1135984216682869 0.1440710093932260
 9.962141492604368E-03 0.3189841994311055
 -4.560711305434564E-02 0.4142429426587321
 -9.667139811830845E-02 0.3716326002113172
 -0.1257418303020302 0.1950619129326888
 -7.974372443337464E-02 -6.853050820573135E-02
 -1.193869568299250E-02 -0.3057150736717303
 -3.743991074608181E-02 -0.3847941922794539
 -0.1283980659117531 -0.2878953748106907
 -0.1095702510579495 -0.1449161581442855
 8.211973467018248E-02 -8.320029599051354E-02
 0.2689720865729848 -8.319066822330295E-02
 0.2539523022141558 -3.463053603949454E-02
 6.823104681322295E-02 0.1036089510284470
 -0.1021214547642677 0.2656065372095207
 -0.1538774589564497 0.3738063442618144
 -0.1197038867780078 0.3955195981604182
 -4.630090058715960E-02 0.3104791097941470
 5.310291312070046E-02 0.1092327218420505
 0.1482889639440256 -0.1432152819727638
 0.2080988988207971 -0.3098945511239781
 0.2609893096115705 -0.3080377646177078
 0.3404776873560661 -0.2070880660720372
 0.3785191348855910 -0.1542156307668862
 0.2635812666800302 -0.2152331105732442
 1.524439087771971E-02 -0.3288203817684238
 -0.2096153629188706 -0.4093115921764386
 -0.3125883304687401 -0.4472620887199067
 -0.3504485933372968 -0.4918073762752120
 -0.4012193205155303 -0.5669464814518890
   
   
 #BODY NUMBER  4
 -0.6309393647815249 0.2903803952657739
 -0.6431764667796105 0.3584530831026317
 -0.6818881410011490 0.3701881125228425
 -0.7019413724489533 0.3855131853467705
 -0.6478338606677222 0.4850405307876657
 -0.5474079926282502 0.6274302429384548
 -0.4814811583023493 0.7056448771503410
 -0.4844235798591820 0.6974232896891321
 -0.5325786657594286 0.6560422956963173
 -0.6070746587120973 0.5914585768931007
 -0.6994543559999961 0.4792087051058666
 -0.7651330808179611 0.3691581053383124
 -0.7440524806836695 0.3580911655209127
 -0.6380064445831191 0.4424380022657716
 -0.5099858963163859 0.5152120863209059
 -0.3993804946716540 0.5308381000143935
 -0.2971184889159417 0.5493651201164919
 -0.2120747056827116 0.5750430427237735
 -0.1877695963815932 0.4882794958820443
 -0.2232451783500311 0.2336258333712323
 -0.2467424186757303 -2.980290593546333E-02
 -0.2135910613738480 -8.930744383900427E-02
 -0.1704146236911662 6.796994324925663E-02
 -0.1681195673242432 0.2712673493668768
 -0.1676245528310338 0.3815484682080551
 -0.1020964135158444 0.3701789717166209
 1.136466289356575E-02 0.2317994870615118
 0.1033253452545539 -1.947729882373413E-02
 0.1631967505853883 -0.2587876722780535
 0.2248210099612559 -0.3145215903696802
 0.2551436742817123 -0.1851256752622242
 0.1673486999873658 -7.071594884281961E-02
 -2.951762838115882E-02 -0.1131134372652605
 -0.1913413257694606 -0.2065312753256756
 -0.2026138770472547 -0.1569670750639527
 -0.1108942953812796 5.561246024348135E-02
 -4.436349450748099E-02 0.2810827360167953
 -5.364138360482436E-02 0.4006645197047473
 -9.409319219871806E-02 0.4023819630905388
 -0.1151417987704953 0.2920332467196888
 -0.1006048326985097 6.804685547938467E-02
 -5.681436889001878E-02 -0.1981725543705780
 -2.527165731638852E-02 -0.3724260031781392
 -7.200448993092791E-02 -0.3972631842896917
 -0.1913182936361102 -0.3495823697170076
 -0.2506993712459871 -0.3228142213475600
 -0.1206515176199646 -0.3181879748319897
 0.1512081611188871 -0.2923889993324124
 0.3861880253994557 -0.2496665554288164
 0.4943404794724474 -0.2310461657467587
 0.5494010726882271 -0.2506933849542577
 0.6309393647815249 -0.2903803952657739
 0.6431764667796105 -0.3584530831026317
 0.6818881410011490 -0.3701881125228425
 0.7019413724489533 -0.3855131853467705
 0.6478338606677222 -0.4850405307876657
 0.5474079926282502 -0.6274302429384548
 0.4814811583023493 -0.7056448771503410
 0.4844235798591820 -0.6974232896891321
 0.5325786657594286 -0.6560422956963173
 0.6070746587120973 -0.5914585768931007
 0.6994543559999961 -0.4792087051058666
 0.7651330808179611 -0.3691581053383124
 0.7440524806836695 -0.3580911655209127
 0.6380064445831191 -0.4424380022657716
 0.5099858963163859 -0.5152120863209059
 0.3993804946716540 -0.5308381000143935
 0.2971184889159417 -0.5493651201164919
 0.2120747056827116 -0.5750430427237735
 0.1877695963815932 -0.4882794958820443
 0.2232451783500311 -0.2336258333712323
 0.2467424186757303 2.980290593546333E-02
 0.2135910613738480 8.930744383900427E-02
 0.1704146236911662 -6.796994324925663E-02
 0.1681195673242432 -0.2712673493668768
 0.1676245528310338 -0.3815484682080551
 0.1020964135158444 -0.3701789717166209
 -1.136466289356575E-02 -0.2317994870615118
 -0.1033253452545539 1.947729882373413E-02
 -0.1631967505853883 0.2587876722780535
 -0.2248210099612559 0.3145215903696802
 -0.2551436742817123 0.1851256752622242
 -0.1673486999873658 7.071594884281961E-02
 2.951762838115882E-02 0.1131134372652605
 0.1913413257694606 0.2065312753256756
 0.2026138770472547 0.1569670750639527
 0.1108942953812796 -5.561246024348135E-02
 4.436349450748099E-02 -0.2810827360167953
 5.364138360482436E-02 -0.4006645197047473
 9.409319219871806E-02 -0.4023819630905388
 0.1151417987704953 -0.2920332467196888
 0.1006048326985097 -6.804685547938467E-02
 5.681436889001878E-02 0.1981725543705780
 2.527165731638852E-02 0.3724260031781392
 7.200448993092791E-02 0.3972631842896917
 0.1913182936361102 0.3495823697170076
 0.2506993712459871 0.3228142213475600
 0.1206515176199646 0.3181879748319897
 -0.1512081611188871 0.2923889993324124
 -0.3861880253994557 0.2496665554288164
 -0.4943404794724474 0.2310461657467587
 -0.5494010726882271 0.2506933849542577
 -0.6309393647815249 0.2903803952657739
   
   
 #BODY NUMBER  5
 0.5669464814518890 0.4012193205155303
 0.6320177094215388 0.3777806177961451
 0.6615363801243683 0.4054383963849190
 0.6848348982286384 0.4151424678347225
 0.7439743518610673 0.3185203153761629
 0.8170745258014691 0.1603541063814818
 0.8518469688137190 6.415247595822071E-02
 0.8461980759912927 7.081148150568502E-02
 0.8344386269097872 0.1332055062131278
 0.8157554822316656 0.2300127879918940
 0.7647340903363239 0.3661408885307476
 0.7022668376448910 0.4780456325950505
 0.6821422865537228 0.4653227672604318
 0.7021657718533545 0.3313107876542835
 0.7011797032488780 0.1840546986213140
 0.6594095272449560 8.045460415445101E-02
 0.6243233944319424 -1.737040072299546E-02
 0.6040392361096436 -0.1038594387405506
 0.5167472457717061 -8.152650741621191E-02
 0.3139484958548130 7.652307903789834E-02
 9.756113569115588E-02 0.2285866557321300
 2.945301557529433E-02 0.2296290070905356
 0.1440710093932259 0.1135984216682870
 0.3189841994311056 9.962141492604385E-03
 0.4142429426587320 -4.560711305434562E-02
 0.3716326002113172 -9.667139811830845E-02
 0.1950619129326888 -0.1257418303020302
 -6.853050820573138E-02 -7.974372443337464E-02
 -0.3057150736717303 -1.193869568299251E-02
 -0.3847941922794540 -3.743991074608181E-02
 -0.2878953748106907 -0.1283980659117531
 -0.1449161581442855 -0.1095702510579495
 -8.320029599051350E-02 8.211973467018245E-02
 -8.319066822330293E-02 0.2689720865729847
 -3.463053603949450E-02 0.2539523022141558
 0.1036089510284470 6.823104681322291E-02
 0.2656065372095207 -0.1021214547642677
 0.3738063442618144 -0.1538774589564497
 0.3955195981604180 -0.1197038867780078
 0.3104791097941469 -4.630090058715956E-02
 0.1092327218420505 5.310291312070053E-02
 -0.1432152819727639 0.1482889639440257
 -0.3098945511239782 0.2080988988207971
 -0.3080377646177078 0.2609893096115704
 -0.2070880660720373 0.3404776873560661
 -0.1542156307668861 0.3785191348855910
 -0.2152331105732442 0.2635812666800301
 -0.3288203817684238 1.524439087771972E-02
 -0.4093115921764385 -0.2096153629188706
 -0.4472620887199065 -0.3125883304687401
 -0.4918073762752119 -0.3504485933372968
 -0.5669464814518890 -0.4012193205155303
 -0.6320177094215388 -0.3777806177961451
 -0.6615363801243683 -0.4054383963849190
 -0.6848348982286384 -0.4151424678347225
 -0.7439743518610673 -0.3185203153761629
 -0.8170745258014691 -0.1603541063814818
 -0.8518469688137190 -6.415247595822071E-02
 -0.8461980759912927 -7.081148150568502E-02
 -0.8344386269097872 -0.1332055062131278
 -0.8157554822316656 -0.2300127879918940
 -0.7647340903363239 -0.3661408885307476
 -0.7022668376448910 -0.4780456325950505
 -0.6821422865537228 -0.4653227672604318
 -0.7021657718533545 -0.3313107876542835
 -0.7011797032488780 -0.1840546986213140
 -0.6594095272449560 -8.045460415445101E-02
 -0.6243233944319424 1.737040072299546E-02
 -0.6040392361096436 0.1038594387405506
 -0.5167472457717061 8.152650741621191E-02
 -0.3139484958548130 -7.652307903789834E-02
 -9.756113569115588E-02 -0.2285866557321300
 -2.945301557529433E-02 -0.2296290070905356
 -0.1440710093932259 -0.1135984216682870
 -0.3189841994311056 -9.962141492604385E-03
 -0.4142429426587320 4.560711305434562E-02
 -0.3716326002113172 9.667139811830845E-02
 -0.1950619129326888 0.1257418303020302
 6.853050820573138E-02 7.974372443337464E-02
 0.3057150736717303 1.193869568299251E-02
 0.3847941922794540 3.743991074608181E-02
 0.2878953748106907 0.1283980659117531
 0.1449161581442855 0.1095702510579495
 8.320029599051350E-02 -8.211973467018245E-02
 8.319066822330293E-02 -0.2689720865729847
 3.463053603949450E-02 -0.2539523022141558
 -0.1036089510284470 -6.823104681322291E-02
 -0.2656065372095207 0.1021214547642677
 -0.3738063442618144 0.1538774589564497
 -0.3955195981604180 0.1197038867780078
 -0.3104791097941469 4.630090058715956E-02
 -0.1092327218420505 -5.310291312070053E-02
 0.1432152819727639 -0.1482889639440257
 0.3098945511239782 -0.2080988988207971
 0.3080377646177078 -0.2609893096115704
 0.2070880660720373 -0.3404776873560661
 0.1542156307668861 -0.3785191348855910
 0.2152331105732442 -0.2635812666800301
 0.3288203817684238 -1.524439087771972E-02
 0.4093115921764385 0.2096153629188706
 0.4472620887199065 0.3125883304687401
 0.4918073762752119 0.3504485933372968
 0.5669464814518890 0.4012193205155303
   
   
 #BODY NUMBER  6
 6.399288332963526E-02 -0.6915997157813059
 1.115875735807135E-02 -0.7362337008987787
 2.035176087678029E-02 -0.7756265089077630
 1.710647422031439E-02 -0.8006556531814942
 -9.614049119334583E-02 -0.8035608461638302
 -0.2696665331732193 -0.7877843493199381
 -0.3703658105113704 -0.7697973531085627
 -0.3617744961321115 -0.7682347711948181
 -0.3018599611503594 -0.7892478019094464
 -0.2086808235195685 -0.8214713648849957
 -6.527973433632833E-02 -0.8453495936366154
 6.286624317307045E-02 -0.8472037379333638
 6.191019412994612E-02 -0.8234139327813454
 -6.415932727023607E-02 -0.7737487899200561
 -0.1911938069324926 -0.6992667849422201
 -0.2600290325733025 -0.6112927041688448
 -0.3272049055160010 -0.5319947193934970
 -0.3919645304269323 -0.4711836039832233
 -0.3289776493901131 -0.4067529884658328
 -9.070331750478218E-02 -0.3101489124091312
 0.1491812829845743 -0.1987837497966670
 0.1841380457985536 -0.1403215632515316
 2.634361429794010E-02 -0.1815683649175437
 -0.1508646321068624 -0.2812294908594815
 -0.2466183898276983 -0.3359413551537097
 -0.2695361866954729 -0.2735075735983127
 -0.2064265758262544 -0.1060576567594816
 -3.479483704882254E-02 9.922102325710881E-02
 0.1425183230863421 0.2707263679610462
 0.1599731823181982 0.3519615011157623
 3.275170052897850E-02 0.3135237411739776
 -2.243254184308024E-02 0.1802861999007697
 0.1127179243716726 3.099370259507868E-02
 0.2745319939927636 -6.244081124730860E-02
 0.2372444130867494 -9.698522715020245E-02
 7.285344352832922E-03 -0.1238435070567036
 -0.2212430427020394 -0.1789612812525270
 -0.3201649606569897 -0.2467870607482970
 -0.3014264059616998 -0.2826780763125303
 -0.1953373110236512 -0.2457323461325282
 -8.627889143540407E-03 -0.1211497686000843
 0.2000296508627829 4.988359042655330E-02
 0.3351662084403670 0.1643271043573430
 0.3800422545486362 0.1362738746781223
 0.3984063597081479 9.104682360942759E-03
 0.4049150020128737 -5.570491353802987E-02
 0.3358846281932095 5.460670815196098E-02
 0.1776122206495373 0.2771446084546940
 2.312356677698312E-02 0.4592819183476885
 -4.707839075254038E-02 0.5436344962155004
 -5.759369641301451E-02 0.6011419782915559
 -6.399288332963526E-02 0.6915997157813059
 -1.115875735807135E-02 0.7362337008987787
 -2.035176087678029E-02 0.7756265089077630
 -1.710647422031439E-02 0.8006556531814942
 9.614049119334583E-02 0.8035608461638302
 0.2696665331732193 0.7877843493199381
 0.3703658105113704 0.7697973531085627
 0.3617744961321115 0.7682347711948181
 0.3018599611503594 0.7892478019094464
 0.2086808235195685 0.8214713648849957
 6.527973433632833E-02 0.8453495936366154
 -6.286624317307045E-02 0.8472037379333638
 -6.191019412994612E-02 0.8234139327813454
 6.415932727023607E-02 0.7737487899200561
 0.1911938069324926 0.6992667849422201
 0.2600290325733025 0.6112927041688448
 0.3272049055160010 0.5319947193934970
 0.3919645304269323 0.4711836039832233
 0.3289776493901131 0.4067529884658328
 9.070331750478218E-02 0.3101489124091312
 -0.1491812829845743 0.1987837497966670
 -0.1841380457985536 0.1403215632515316
 -2.634361429794010E-02 0.1815683649175437
 0.1508646321068624 0.2812294908594815
 0.2466183898276983 0.3359413551537097
 0.2695361866954729 0.2735075735983127
 0.2064265758262544 0.1060576567594816
 3.479483704882254E-02 -9.922102325710881E-02
 -0.1425183230863421 -0.2707263679610462
 -0.1599731823181982 -0.3519615011157623
 -3.275170052897850E-02 -0.3135237411739776
 2.243254184308024E-02 -0.1802861999007697
 -0.1127179243716726 -3.099370259507868E-02
 -0.2745319939927636 6.244081124730860E-02
 -0.2372444130867494 9.698522715020245E-02
 -7.285344352832922E-03 0.1238435070567036
 0.2212430427020394 0.1789612812525270
 0.3201649606569897 0.2467870607482970
 0.3014264059616998 0.2826780763125303
 0.1953373110236512 0.2457323461325282
 8.627889143540407E-03 0.1211497686000843
 -0.2000296508627829 -4.988359042655330E-02
 -0.3351662084403670 -0.1643271043573430
 -0.3800422545486362 -0.1362738746781223
 -0.3984063597081479 -9.104682360942759E-03
 -0.4049150020128737 5.570491353802987E-02
 -0.3358846281932095 -5.460670815196098E-02
 -0.1776122206495373 -0.2771446084546940
 -2.312356677698312E-02 -0.4592819183476885
 4.707839075254038E-02 -0.5436344962155004
 5.759369641301451E-02 -0.6011419782915559
 6.399288332963526E-02 -0.6915997157813059
   
   
