 # action(x) =  42.26090626922678
 # |grad_action(x)| =  1.423691706893808E-07
 # PRINTSTEPS = 50
 #
 #BODY NUMBER  1
 1.267442919313908 1.564657688140869E-02
 1.265286755945362 -6.239099682727967E-02
 1.259475515166248 -0.1401779409832938
 1.248423224863671 -0.2174389417831216
 1.232442868893751 -0.2938773686873518
 1.212067910090326 -0.3691974189437913
 1.187192467349005 -0.4431158119099630
 1.157617667081752 -0.5153558285768747
 1.123582339536915 -0.5856417340685556
 1.085434967587847 -0.6537041058384849
 1.043227775308957 -0.7192860039024390
 0.9969412727765236 -0.7821409904395592
 0.9468208574315349 -0.8420297137495841
 0.8932118302084686 -0.8987229548716064
 0.8362640023337651 -0.9520063452030958
 0.7760544037133311 -1.001679610545980
 0.7128526104802728 -1.047553830526650
 0.6470262171645312 -1.089453293964814
 0.5787936555165021 -1.127219408371535
 0.5082937215882285 -1.160710504632656
 0.4358168345681039 -1.189799329518963
 0.3617525514202465 -1.214374043218070
 0.2863660586299446 -1.234341531709034
 0.2098322519054215 -1.249627483600207
 0.1324506619749754 -1.260173907658441
 5.462387036235418E-02 -1.265939422615413
 -2.335593269576229E-02 -1.266902083087673
 -0.1013013355372032 -1.263059575545237
 -0.1789196950865626 -1.254426625681383
 -0.2558075308622706 -1.241034663904013
 -0.3316639718440085 -1.222934269417016
 -0.4063123411621391 -1.200195413391079
 -0.4794852344599394 -1.172904634965326
 -0.5507904526017454 -1.141164123127250
 -0.6199345236707035 -1.105093922944107
 -0.6867751968048599 -1.064832233989290
 -0.7510901917295748 -1.020532208114390
 -0.8125076880857018 -0.9723604283648847
 -0.8707535280181378 -0.9204991027457403
 -0.9257457610883466 -0.8651465429902202
 -0.9773293298007651 -0.8065133542549905
 -1.025153379866327 -0.7448201615162748
 -1.068966679945348 -0.6803001855710039
 -1.108782630527573 -0.6132002702937721
 -1.144542680699737 -0.5437759882167216
 -1.175891802744201 -0.4722880770387136
 -1.202584432245605 -0.3990062916568383
 -1.224812551018523 -0.3242121760635557
 -1.242675014812324 -0.2481915383766430
 -1.255631221063689 -0.1712269221113464
 -1.263360958469196 -9.360714109110314E-02
 -1.267442919313908 -1.564657688140869E-02
 -1.265286755945362 6.239099682727967E-02
 -1.259475515166248 0.1401779409832938
 -1.248423224863671 0.2174389417831216
 -1.232442868893751 0.2938773686873518
 -1.212067910090326 0.3691974189437913
 -1.187192467349005 0.4431158119099630
 -1.157617667081752 0.5153558285768747
 -1.123582339536915 0.5856417340685556
 -1.085434967587847 0.6537041058384849
 -1.043227775308957 0.7192860039024390
 -0.9969412727765236 0.7821409904395592
 -0.9468208574315349 0.8420297137495841
 -0.8932118302084686 0.8987229548716064
 -0.8362640023337651 0.9520063452030958
 -0.7760544037133311 1.001679610545980
 -0.7128526104802728 1.047553830526650
 -0.6470262171645312 1.089453293964814
 -0.5787936555165021 1.127219408371535
 -0.5082937215882285 1.160710504632656
 -0.4358168345681039 1.189799329518963
 -0.3617525514202465 1.214374043218070
 -0.2863660586299446 1.234341531709034
 -0.2098322519054215 1.249627483600207
 -0.1324506619749754 1.260173907658441
 -5.462387036235418E-02 1.265939422615413
 2.335593269576229E-02 1.266902083087673
 0.1013013355372032 1.263059575545237
 0.1789196950865626 1.254426625681383
 0.2558075308622706 1.241034663904013
 0.3316639718440085 1.222934269417016
 0.4063123411621391 1.200195413391079
 0.4794852344599394 1.172904634965326
 0.5507904526017454 1.141164123127250
 0.6199345236707035 1.105093922944107
 0.6867751968048599 1.064832233989290
 0.7510901917295748 1.020532208114390
 0.8125076880857018 0.9723604283648847
 0.8707535280181378 0.9204991027457403
 0.9257457610883466 0.8651465429902202
 0.9773293298007651 0.8065133542549905
 1.025153379866327 0.7448201615162748
 1.068966679945348 0.6803001855710039
 1.108782630527573 0.6132002702937721
 1.144542680699737 0.5437759882167216
 1.175891802744201 0.4722880770387136
 1.202584432245605 0.3990062916568383
 1.224812551018523 0.3242121760635557
 1.242675014812324 0.2481915383766430
 1.255631221063689 0.1712269221113464
 1.263360958469196 9.360714109110314E-02
 1.267442919313908 1.564657688140869E-02
   
   
 #BODY NUMBER  2
 -0.6201711259782314 -1.105461046099663
 -0.6866755654421280 -1.064574967330156
 -0.7511354147532086 -1.020648813417504
 -0.8125192590600303 -0.9724467491130807
 -0.8707267005800371 -0.9203881416699156
 -0.9257682980047779 -0.8650828848581144
 -0.9773457826346226 -0.8065809233025549
 -1.025120072047480 -0.7448483869540489
 -1.068971787953634 -0.6802299763329079
 -1.108841845019674 -0.6131621977373163
 -1.144533838754136 -0.5438187485028118
 -1.175824602752670 -0.4723059687043150
 -1.202629550993310 -0.3989560545532414
 -1.224922824468103 -0.3241826549216501
 -1.242593680211680 -0.2482226945149543
 -1.255507190701814 -0.1712430203501199
 -1.263634534119612 -9.357155236600630E-02
 -1.267007337314441 -1.561449226012251E-02
 -1.265597471067572 6.235969633514576E-02
 -1.259351644434431 0.1401599779178271
 -1.248304862461471 0.2174712154017884
 -1.232555047391127 0.2939001226282982
 -1.212154153291689 0.3691704843892057
 -1.187125272527801 0.4430936808944809
 -1.157567948673455 0.5153813153004597
 -1.123647635276955 0.5856640511294899
 -1.085491422175787 0.6536778715245939
 -1.043191011633456 0.7192593164631176
 -0.9969054780137860 0.7821623124370378
 -0.9468637810286450 0.8420531502932681
 -0.8932601589980238 0.8986965577149885
 -0.8362435471961198 0.9519745136681539
 -0.7760225929920668 1.001698708747075
 -0.7128818942607166 1.047580582973453
 -0.6470721490014156 1.089426004701246
 -0.5787841669564860 1.127180880863182
 -0.5082617216948306 1.160729287047304
 -0.4358349885854725 1.189832508905344
 -0.3617988432826101 1.214344222763788
 -0.2863660039303102 1.234292613338049
 -0.2097963886679794 1.249648699512770
 -0.1324564915109031 1.260218945087691
 -5.467390329398644E-02 1.265902387757246
 2.334430317183993E-02 1.266834054608130
 0.1013475201382245 1.263091025275316
 0.1789324282598188 1.254496205518761
 0.2557426307165612 1.240971807737558
 0.3316302941817088 1.222824865097612
 0.4063973294777112 1.200283893314181
 0.4795287454797564 1.173021988611706
 0.5506143164138834 1.140906246746112
 0.6201711259782314 1.105461046099663
 0.6866755654421280 1.064574967330156
 0.7511354147532086 1.020648813417504
 0.8125192590600303 0.9724467491130807
 0.8707267005800371 0.9203881416699156
 0.9257682980047779 0.8650828848581144
 0.9773457826346226 0.8065809233025549
 1.025120072047480 0.7448483869540489
 1.068971787953634 0.6802299763329079
 1.108841845019674 0.6131621977373163
 1.144533838754136 0.5438187485028118
 1.175824602752670 0.4723059687043150
 1.202629550993310 0.3989560545532414
 1.224922824468103 0.3241826549216501
 1.242593680211680 0.2482226945149543
 1.255507190701814 0.1712430203501199
 1.263634534119612 9.357155236600630E-02
 1.267007337314441 1.561449226012251E-02
 1.265597471067572 -6.235969633514576E-02
 1.259351644434431 -0.1401599779178271
 1.248304862461471 -0.2174712154017884
 1.232555047391127 -0.2939001226282982
 1.212154153291689 -0.3691704843892057
 1.187125272527801 -0.4430936808944809
 1.157567948673455 -0.5153813153004597
 1.123647635276955 -0.5856640511294899
 1.085491422175787 -0.6536778715245939
 1.043191011633456 -0.7192593164631176
 0.9969054780137860 -0.7821623124370378
 0.9468637810286450 -0.8420531502932681
 0.8932601589980238 -0.8986965577149885
 0.8362435471961198 -0.9519745136681539
 0.7760225929920668 -1.001698708747075
 0.7128818942607166 -1.047580582973453
 0.6470721490014156 -1.089426004701246
 0.5787841669564860 -1.127180880863182
 0.5082617216948306 -1.160729287047304
 0.4358349885854725 -1.189832508905344
 0.3617988432826101 -1.214344222763788
 0.2863660039303102 -1.234292613338049
 0.2097963886679794 -1.249648699512770
 0.1324564915109031 -1.260218945087691
 5.467390329398644E-02 -1.265902387757246
 -2.334430317183993E-02 -1.266834054608130
 -0.1013475201382245 -1.263091025275316
 -0.1789324282598188 -1.254496205518761
 -0.2557426307165612 -1.240971807737558
 -0.3316302941817088 -1.222824865097612
 -0.4063973294777112 -1.200283893314181
 -0.4795287454797564 -1.173021988611706
 -0.5506143164138834 -1.140906246746112
 -0.6201711259782314 -1.105461046099663
   
   
 #BODY NUMBER  3
 -0.6472717970609665 1.089814480394125
 -0.5786111943203737 1.126965974736801
 -0.5083401042085749 1.160826764367311
 -0.4359039694436566 1.189885700243501
 -0.3617161717161131 1.214265519108748
 -0.2862996152076333 1.234280312006896
 -0.2098466875193607 1.249696742933129
 -0.1324975975125855 1.260204222828462
 -5.461055379926188E-02 1.265871717312808
 2.340687534692326E-02 1.266866310089412
 0.1013060613585453 1.263104758474024
 0.1788833278103818 1.254446964737569
 0.2558086913071903 1.240985773436376
 0.3317109919641252 1.222905614483329
 0.4063296756274006 1.200229043926657
 0.4794527848613985 1.172922634563251
 0.5507819216530410 1.141125386046574
 0.6199811182639759 1.105067789030552
 0.6868038137450511 1.064859714696651
 0.7510579211870565 1.020550529322100
 0.8124880265029207 0.9723281166142431
 0.8708024949219544 0.9204739228564565
 0.9257880939164622 0.8651710492582809
 0.9772930200678588 0.8065338042442272
 1.025117286225526 0.7447925934286063
 1.069023764465448 0.6802753720438818
 1.108847354443164 0.6132242116140540
 1.144492346796140 0.5438002586561032
 1.175825172821735 0.4722643123445150
 1.202671311739450 0.3989815122116349
 1.224924130853038 0.3242377097904668
 1.242555888610220 0.2482208973062348
 1.255507828062975 0.1712059232862834
 1.263672347907254 9.358353666818978E-02
 1.267006674094919 1.566791418705318E-02
 1.265559365394839 -6.234865145435046E-02
 1.259351915110098 -0.1401970839656596
 1.248342678351505 -0.2174720859948861
 1.232552372995084 -0.2938451259232706
 1.212111766744594 -0.3691460767539809
 1.187125720221543 -0.4431353521970060
 1.157609873179827 -0.5153987910402608
 1.123640585180911 -0.5856022101322553
 1.085438329566127 -0.6536337926401655
 1.043195163147508 -0.7193150456729692
 0.9969593774717602 -0.7822081373598118
 0.9468418048329665 -0.8419655252648076
 0.8931822602874652 -0.8986126985548930
 0.8362776887771664 -0.9520923647925316
 0.7761024789951961 -1.001795076708319
 0.7127466455564171 -1.047299116301087
 0.6472717970609665 -1.089814480394125
 0.5786111943203737 -1.126965974736801
 0.5083401042085749 -1.160826764367311
 0.4359039694436566 -1.189885700243501
 0.3617161717161131 -1.214265519108748
 0.2862996152076333 -1.234280312006896
 0.2098466875193607 -1.249696742933129
 0.1324975975125855 -1.260204222828462
 5.461055379926188E-02 -1.265871717312808
 -2.340687534692326E-02 -1.266866310089412
 -0.1013060613585453 -1.263104758474024
 -0.1788833278103818 -1.254446964737569
 -0.2558086913071903 -1.240985773436376
 -0.3317109919641252 -1.222905614483329
 -0.4063296756274006 -1.200229043926657
 -0.4794527848613985 -1.172922634563251
 -0.5507819216530410 -1.141125386046574
 -0.6199811182639759 -1.105067789030552
 -0.6868038137450511 -1.064859714696651
 -0.7510579211870565 -1.020550529322100
 -0.8124880265029207 -0.9723281166142431
 -0.8708024949219544 -0.9204739228564565
 -0.9257880939164622 -0.8651710492582809
 -0.9772930200678588 -0.8065338042442272
 -1.025117286225526 -0.7447925934286063
 -1.069023764465448 -0.6802753720438818
 -1.108847354443164 -0.6132242116140540
 -1.144492346796140 -0.5438002586561032
 -1.175825172821735 -0.4722643123445150
 -1.202671311739450 -0.3989815122116349
 -1.224924130853038 -0.3242377097904668
 -1.242555888610220 -0.2482208973062348
 -1.255507828062975 -0.1712059232862834
 -1.263672347907254 -9.358353666818978E-02
 -1.267006674094919 -1.566791418705318E-02
 -1.265559365394839 6.234865145435046E-02
 -1.259351915110098 0.1401970839656596
 -1.248342678351505 0.2174720859948861
 -1.232552372995084 0.2938451259232706
 -1.212111766744594 0.3691460767539809
 -1.187125720221543 0.4431353521970060
 -1.157609873179827 0.5153987910402608
 -1.123640585180911 0.5856022101322553
 -1.085438329566127 0.6536337926401655
 -1.043195163147508 0.7193150456729692
 -0.9969593774717602 0.7822081373598118
 -0.9468418048329665 0.8419655252648076
 -0.8931822602874652 0.8986126985548930
 -0.8362776887771664 0.9520923647925316
 -0.7761024789951961 1.001795076708319
 -0.7127466455564171 1.047299116301087
 -0.6472717970609665 1.089814480394125
   
   
 #BODY NUMBER  4
 0.6008993107825518 -1.011736929416656
 0.5371577578582358 -1.046226781184376
 0.4719210977283029 -1.077661684174563
 0.4046745031806965 -1.104638752517297
 0.3358017399301194 -1.127271929610169
 0.2657882497954945 -1.145852803986249
 0.1948126372578243 -1.160164756525562
 0.1230050661711807 -1.169919449769230
 5.069808188745988E-02 -1.175180908542841
 -2.172994677630988E-02 -1.176104246281022
 -9.404820369301380E-02 -1.172612184112066
 -0.1660676044116749 -1.164574661294233
 -0.2374818065810964 -1.152077870614080
 -0.3079462412770224 -1.135293028762660
 -0.3772190210522215 -1.114241075745043
 -0.4451033736171877 -1.088890979158673
 -0.5113222791368208 -1.059371780281105
 -0.5755638396824587 -1.025897456710586
 -0.6375991586027416 -0.9885700081600713
 -0.6972499105536040 -0.9474352642326903
 -0.7542789801123477 -0.9026676481494000
 -0.8084156262690324 -0.8545284425720550
 -0.8594618932332685 -0.8031876308265652
 -0.9072768532320206 -0.7487513320050478
 -0.9516748467547530 -0.6914334448349730
 -0.9924357344050775 -0.6315384288569398
 -1.029406244037811 -0.5692910128090918
 -1.062497523062436 -0.5048407981170904
 -1.091585571990419 -0.4384298994661287
 -1.116508373321208 -0.3703972966681160
 -1.137166933932070 -0.3010083620076353
 -1.153535499727580 -0.2304376194571409
 -1.165559523211132 -0.1589402266765512
 -1.173139111973538 -8.687893824064404E-02
 -1.176234556502143 -1.454542231080569E-02
 -1.174890936691151 5.788180486432773E-02
 -1.169128205967395 0.1301529444100612
 -1.158907703014579 0.2018917356470719
 -1.144248661471155 0.2727931839351589
 -1.125272480455650 0.3426993507190444
 -1.102076507986348 0.4113878144279354
 -1.074675263257602 0.4784740856350692
 -1.043139635161739 0.5436479231310508
 -1.007674301638517 0.6068055210464036
 -0.9684575599563513 0.6677811742572927
 -0.9255342419724735 0.7261684183725242
 -0.8790072397706001 0.7816446097952912
 -0.8291920231522257 0.8342334114979771
 -0.7763642630074262 0.8838816356438797
 -0.7205001827791272 0.9300234975961342
 -0.6616833480921791 0.9722674924926258
 -0.6008993107825518 1.011736929416656
 -0.5371577578582358 1.046226781184376
 -0.4719210977283029 1.077661684174563
 -0.4046745031806965 1.104638752517297
 -0.3358017399301194 1.127271929610169
 -0.2657882497954945 1.145852803986249
 -0.1948126372578243 1.160164756525562
 -0.1230050661711807 1.169919449769230
 -5.069808188745988E-02 1.175180908542841
 2.172994677630988E-02 1.176104246281022
 9.404820369301380E-02 1.172612184112066
 0.1660676044116749 1.164574661294233
 0.2374818065810964 1.152077870614080
 0.3079462412770224 1.135293028762660
 0.3772190210522215 1.114241075745043
 0.4451033736171877 1.088890979158673
 0.5113222791368208 1.059371780281105
 0.5755638396824587 1.025897456710586
 0.6375991586027416 0.9885700081600713
 0.6972499105536040 0.9474352642326903
 0.7542789801123477 0.9026676481494000
 0.8084156262690324 0.8545284425720550
 0.8594618932332685 0.8031876308265652
 0.9072768532320206 0.7487513320050478
 0.9516748467547530 0.6914334448349730
 0.9924357344050775 0.6315384288569398
 1.029406244037811 0.5692910128090918
 1.062497523062436 0.5048407981170904
 1.091585571990419 0.4384298994661287
 1.116508373321208 0.3703972966681160
 1.137166933932070 0.3010083620076353
 1.153535499727580 0.2304376194571409
 1.165559523211132 0.1589402266765512
 1.173139111973538 8.687893824064404E-02
 1.176234556502143 1.454542231080569E-02
 1.174890936691151 -5.788180486432773E-02
 1.169128205967395 -0.1301529444100612
 1.158907703014579 -0.2018917356470719
 1.144248661471155 -0.2727931839351589
 1.125272480455650 -0.3426993507190444
 1.102076507986348 -0.4113878144279354
 1.074675263257602 -0.4784740856350692
 1.043139635161739 -0.5436479231310508
 1.007674301638517 -0.6068055210464036
 0.9684575599563513 -0.6677811742572927
 0.9255342419724735 -0.7261684183725242
 0.8790072397706001 -0.7816446097952912
 0.8291920231522257 -0.8342334114979771
 0.7763642630074262 -0.8838816356438797
 0.7205001827791272 -0.9300234975961342
 0.6616833480921791 -0.9722674924926258
 0.6008993107825518 -1.011736929416656
   
   
 #BODY NUMBER  5
 -1.176639541983604 -1.452560722827911E-02
 -1.174637853106926 5.792112289868941E-02
 -1.169242947382740 0.1301351794885183
 -1.158982476443708 0.2018609730221452
 -1.144147001050332 0.2728231242995589
 -1.125231765141516 0.3427470226629645
 -1.102138473221584 0.4113696825968434
 -1.074682499645412 0.4784342101771623
 -1.043085564273815 0.5436846250370836
 -1.007671183726442 0.6068708068456905
 -0.9684878405753133 0.6677542235575906
 -0.9255174411108481 0.7261060928873676
 -0.8789878016633462 0.7817042109462793
 -0.8292194847134826 0.8343357806144209
 -0.7763515685419643 0.8838017912560829
 -0.7204555644295121 0.9299163169228639
 -0.6617817353501697 0.9725039720291131
 -0.6006713403465741 1.011401633785824
 -0.5373271620776726 1.046462071723400
 -0.4718780527688041 1.077553766422728
 -0.4045936250515214 1.104558581549504
 -0.3358355268722099 1.127372689797533
 -0.2658499460140531 1.145909648030237
 -0.1947992481772048 1.160100468774125
 -0.1229615048460812 1.169891315584587
 -5.071045544093374E-02 1.175243771916260
 2.168264315736745E-02 1.176137464526055
 9.404380604284984E-02 1.172570245536835
 0.1661013560209192 1.164555785649723
 0.2374807191829214 1.152123263525609
 0.3079025797812266 1.135319634695140
 0.3772029185677843 1.114209857393475
 0.4451334888100559 1.088874270953812
 0.5113301896517483 1.059407743339966
 0.5755205743098853 1.025921719169492
 0.6375725831483160 0.9885444968581729
 0.6972798607402967 0.9474182560293919
 0.7542972251152004 0.9026976453883844
 0.8083701599301978 0.8545518190694216
 0.8594225858895933 0.8031648810097027
 0.9073105542704056 0.7487323478342325
 0.9517083470959476 0.6914590383116620
 0.9923827320720389 0.6315614646792779
 1.029346149652745 0.5692687861284291
 1.062544243625495 0.5048182651216288
 1.091647421434680 0.4384519593921540
 1.116427711565587 0.3704202979515098
 1.137063341637426 0.3009846541739092
 1.153646085073030 0.2304103599148892
 1.165674069747962 0.1589597163790548
 1.172850025345922 8.690084601050742E-02
 1.176639541983604 1.452560722827911E-02
 1.174637853106926 -5.792112289868941E-02
 1.169242947382740 -0.1301351794885183
 1.158982476443708 -0.2018609730221452
 1.144147001050332 -0.2728231242995589
 1.125231765141516 -0.3427470226629645
 1.102138473221584 -0.4113696825968434
 1.074682499645412 -0.4784342101771623
 1.043085564273815 -0.5436846250370836
 1.007671183726442 -0.6068708068456905
 0.9684878405753133 -0.6677542235575906
 0.9255174411108481 -0.7261060928873676
 0.8789878016633462 -0.7817042109462793
 0.8292194847134826 -0.8343357806144209
 0.7763515685419643 -0.8838017912560829
 0.7204555644295121 -0.9299163169228639
 0.6617817353501697 -0.9725039720291131
 0.6006713403465741 -1.011401633785824
 0.5373271620776726 -1.046462071723400
 0.4718780527688041 -1.077553766422728
 0.4045936250515214 -1.104558581549504
 0.3358355268722099 -1.127372689797533
 0.2658499460140531 -1.145909648030237
 0.1947992481772048 -1.160100468774125
 0.1229615048460812 -1.169891315584587
 5.071045544093374E-02 -1.175243771916260
 -2.168264315736745E-02 -1.176137464526055
 -9.404380604284984E-02 -1.172570245536835
 -0.1661013560209192 -1.164555785649723
 -0.2374807191829214 -1.152123263525609
 -0.3079025797812266 -1.135319634695140
 -0.3772029185677843 -1.114209857393475
 -0.4451334888100559 -1.088874270953812
 -0.5113301896517483 -1.059407743339966
 -0.5755205743098853 -1.025921719169492
 -0.6375725831483160 -0.9885444968581729
 -0.6972798607402967 -0.9474182560293919
 -0.7542972251152004 -0.9026976453883844
 -0.8083701599301978 -0.8545518190694216
 -0.8594225858895933 -0.8031648810097027
 -0.9073105542704056 -0.7487323478342325
 -0.9517083470959476 -0.6914590383116620
 -0.9923827320720389 -0.6315614646792779
 -1.029346149652745 -0.5692687861284291
 -1.062544243625495 -0.5048182651216288
 -1.091647421434680 -0.4384519593921540
 -1.116427711565587 -0.3704202979515098
 -1.137063341637426 -0.3009846541739092
 -1.153646085073030 -0.2304103599148892
 -1.165674069747962 -0.1589597163790548
 -1.172850025345922 -8.690084601050742E-02
 -1.176639541983604 -1.452560722827911E-02
   
   
 #BODY NUMBER  6
 0.5757402330636978 1.026262534782290
 0.6374800971241108 0.9883056564835997
 0.6973218515201884 0.9475265029514474
 0.7543079750621348 0.9027777778367362
 0.8083452627899443 0.8544488037350447
 0.8594435168821706 0.8031057798380223
 0.9073258374376740 0.7487950725479864
 0.9516774349651884 0.6914852383372869
 0.9923874839075103 0.6314962823971889
 1.029401132006823 0.5692334384806328
 1.062536045706947 0.5048579597402316
 1.091585046873313 0.4384685676950086
 1.116469609492172 0.3703736590013311
 1.137165727121118 0.3009572474725806
 1.153570590618094 0.2304392837811698
 1.165558938998983 0.1589746615167171
 1.173104015385490 8.686780756814887E-02
 1.176235180850666 1.449582232140487E-02
 1.174926321398344 -5.789206404999368E-02
 1.169127963951707 -0.1301185025279114
 1.158872605746672 -0.2018909335722394
 1.144251153694559 -0.2728442472543074
 1.125311839749868 -0.3427220171503088
 1.102076101836459 -0.4113491366950978
 1.074636351946094 -0.4784578706819744
 1.043146190104034 -0.5437053429943456
 1.007723601041101 -0.6068464516416501
 0.9684537170960076 -0.6677294473114533
 0.9254842160091410 -0.7261258859989769
 0.8790276541774077 -0.7817259665490413
 0.8292643541637098 -0.8343112722392380
 0.7763325810742038 -0.8837722373681093
 0.7204260341617601 -0.9299340436082036
 0.6618089219229337 -0.9725288043226360
 0.6007139816587052 -1.011376295960357
 0.5373183529116211 -1.046426300707468
 0.4718483445509196 -1.077571199324801
 0.4046104772295993 -1.104589379832074
 0.3358785008761015 -1.127345001725290
 0.2658498938304221 -1.145864230404696
 0.1947659528168734 -1.160120160925319
 0.1229669150681407 -1.169933122594166
 5.075690184150023E-02 -1.175209386406059
 -2.167184936264496E-02 -1.176074305690377
 -9.408668508721810E-02 -1.172599437812395
 -0.1661131809327523 -1.164620376115458
 -0.2374204733049277 -1.152064905998008
 -0.3078713200454525 -1.135218063818120
 -0.3772818237137987 -1.114291993636383
 -0.4451738887251409 -1.088983212043388
 -0.5111666790867830 -1.059168336601049
 -0.5757402330636978 -1.026262534782290
 -0.6374800971241108 -0.9883056564835997
 -0.6973218515201884 -0.9475265029514474
 -0.7543079750621348 -0.9027777778367362
 -0.8083452627899443 -0.8544488037350447
 -0.8594435168821706 -0.8031057798380223
 -0.9073258374376740 -0.7487950725479864
 -0.9516774349651884 -0.6914852383372869
 -0.9923874839075103 -0.6314962823971889
 -1.029401132006823 -0.5692334384806328
 -1.062536045706947 -0.5048579597402316
 -1.091585046873313 -0.4384685676950086
 -1.116469609492172 -0.3703736590013311
 -1.137165727121118 -0.3009572474725806
 -1.153570590618094 -0.2304392837811698
 -1.165558938998983 -0.1589746615167171
 -1.173104015385490 -8.686780756814887E-02
 -1.176235180850666 -1.449582232140487E-02
 -1.174926321398344 5.789206404999368E-02
 -1.169127963951707 0.1301185025279114
 -1.158872605746672 0.2018909335722394
 -1.144251153694559 0.2728442472543074
 -1.125311839749868 0.3427220171503088
 -1.102076101836459 0.4113491366950978
 -1.074636351946094 0.4784578706819744
 -1.043146190104034 0.5437053429943456
 -1.007723601041101 0.6068464516416501
 -0.9684537170960076 0.6677294473114533
 -0.9254842160091410 0.7261258859989769
 -0.8790276541774077 0.7817259665490413
 -0.8292643541637098 0.8343112722392380
 -0.7763325810742038 0.8837722373681093
 -0.7204260341617601 0.9299340436082036
 -0.6618089219229337 0.9725288043226360
 -0.6007139816587052 1.011376295960357
 -0.5373183529116211 1.046426300707468
 -0.4718483445509196 1.077571199324801
 -0.4046104772295993 1.104589379832074
 -0.3358785008761015 1.127345001725290
 -0.2658498938304221 1.145864230404696
 -0.1947659528168734 1.160120160925319
 -0.1229669150681407 1.169933122594166
 -5.075690184150023E-02 1.175209386406059
 2.167184936264496E-02 1.176074305690377
 9.408668508721810E-02 1.172599437812395
 0.1661131809327523 1.164620376115458
 0.2374204733049277 1.152064905998008
 0.3078713200454525 1.135218063818120
 0.3772818237137987 1.114291993636383
 0.4451738887251409 1.088983212043388
 0.5111666790867830 1.059168336601049
 0.5757402330636978 1.026262534782290
   
   
