 # action(x) =  25.13691963899408
 # |grad_action(x)| =  9.101357158821124E-05
 # PRINTSTEPS = 50
 #
 #BODY NUMBER  1
 -1.426066590942383 -2.017807668352147
 -1.429618278630472 -1.958799003134685
 -1.433129806103644 -1.898445088021623
 -1.436586049687252 -1.836185415774869
 -1.440000035720193 -1.772178895536960
 -1.443396410677300 -1.706665142814703
 -1.446796904773434 -1.639635841094792
 -1.450221663822797 -1.571040978258322
 -1.453697837059502 -1.500991049683182
 -1.457259855172523 -1.429633378416212
 -1.460941279404824 -1.356997399287676
 -1.464770949230101 -1.283079196912885
 -1.468777670046645 -1.207970442801461
 -1.472993390127262 -1.131797691556201
 -1.477448330982422 -1.054610645461907
 -1.482165916745223 -0.9764281963818698
 -1.487165637288030 -0.8973400090512020
 -1.492468047181277 -0.8174725879441183
 -1.498092598517912 -0.7368959434325926
 -1.504052051788853 -0.6556488898074478
 -1.510353461087679 -0.5738267078080698
 -1.517003853393021 -0.4915625982497555
 -1.524010037207549 -0.4089431719775918
 -1.531372436150487 -0.3260198126309948
 -1.539083747881764 -0.2428893921439196
 -1.547134494879336 -0.1596872971279722
 -1.555514689247470 -7.650728495819736E-02
 -1.564207650302385 6.597566122442111E-03
 -1.573186660302545 8.953599513284272E-02
 -1.582420561485605 0.1721747716801155
 -1.591878164416533 0.2544177613168199
 -1.601523390090795 0.3362145565774637
 -1.611310674365414 0.4174798210599363
 -1.621190938378216 0.4980787180395552
 -1.631119592010394 0.5779093140919705
 -1.641053941896687 0.6569229939356750
 -1.650947088078933 0.7350388863215443
 -1.660753156411937 0.8121172680983330
 -1.670438241550576 0.8880515985104473
 -1.679979215977462 0.9628057388334679
 -1.689353343792655 1.036317348043309
 -1.698539200815003 1.108452507739178
 -1.707528950667765 1.179115329104206
 -1.716328091478974 1.248310452380363
 -1.724938412572958 1.316019198577498
 -1.733352547882707 1.382115023140381
 -1.741571531602027 1.446511702808741
 -1.749612021520629 1.509284181210976
 -1.757480284784366 1.570472268109105
 -1.765153305229283 1.629876912596651
 -1.772617908631316 1.687375307197240
 -1.779937563252819 1.743540280699171
 -1.786980541445500 1.797389443933077
 -1.793867324322427 1.849890758272803
 -1.800499494736151 1.900411997759482
 -1.806852208362423 1.949009686485721
 -1.812933470787101 1.995858095040893
 -1.818727046712757 2.040900318707826
 -1.824182040235426 2.083997388791506
 -1.829252099258339 2.125150108089267
 -1.833917674654384 2.164434861159337
 -1.838156523990124 2.201835200353596
 -1.841915130709453 2.237265493528412
 -1.845130885032513 2.270707611430089
 -1.847765124798952 2.302212879974190
 -1.849787830327287 2.331789184956599
 -1.851141861084441 2.359382548987034
 -1.851752331746341 2.384972163191479
 -1.851564963427160 2.408601725528076
 -1.850543444535389 2.430300622704177
 -1.848630302828770 2.450043886203718
 -1.845744041242056 2.467817504453910
 -1.841819800628488 2.483665712594343
 -1.836819387265833 2.497638697702022
 -1.830691398417870 2.509740290441010
 -1.823355667364308 2.519968197135386
 -1.814743560392063 2.528369753945259
 -1.804821119514176 2.535012866623338
 -1.793550821949624 2.539927443250651
 -1.780862322614382 2.543122654906282
 -1.766689537079379 2.544645869776980
 -1.751007796656021 2.544575484573857
 -1.733799968663406 2.542961031855558
 -1.715012005576033 2.539818388512920
 -1.694583510111818 2.535187367181102
 -1.672500622446965 2.529146291348189
 -1.648770205200945 2.521755602596595
 -1.623357860288539 2.513030936479207
 -1.596207543765344 2.502994629122039
 -1.567313525300135 2.491713142352214
 -1.536708482667428 2.479249883330255
 -1.504379581133280 2.465614559849544
 -1.470269751068679 2.450802321029591
 -1.434375885983403 2.434857642957528
 -1.396762135645135 2.417845248319161
 -1.357443352387689 2.399770262913994
 -1.316350825710813 2.380592953505490
 -1.273475903588318 2.360330393528870
 -1.228939955287295 2.339066981570359
 -1.182806284591801 2.316822547981122
 -1.134937186205211 2.293496093172369
 -1.085292189228117 2.269072556569380
 -1.034439405272813 2.243913729420449
 -0.9815605583070358 2.217485248575911
 -0.9275367708646881 2.190349363017234
 -0.8718901912759021 2.162212721638929
 -0.8147519257255604 2.133166060152666
 -0.7563171640922801 2.103350530785170
 -0.6965678389568379 2.072780794197886
 -0.6354505656466646 2.041449291118239
 -0.5730474613489552 2.009434781161612
 -0.5094688962203497 1.976840743702742
 -0.4447235809501310 1.943710961045756
 -0.3787937049788435 1.910068451215156
 -0.3117442554634801 1.875983996172443
 -0.2436688577686233 1.841548541234872
 -0.1745954445803045 1.806813110140650
 -0.1045286646655085 1.771807434715749
 -3.353642502648390E-02 1.736593226052310
 3.828199553362360E-02 1.701251537167597
 0.1108756923006301 1.665834219254250
 0.1842174313581127 1.630371730366979
 0.2582282242120608 1.594917819899716
 0.3327962290619385 1.559545173802118
 0.4078498429669912 1.524302993833001
 0.4833447781997591 1.489217338677082
 0.5591934900344870 1.454330320289331
 0.6352739914651701 1.419701424200696
 0.7115000922753610 1.385368879327264
 0.7878174850163753 1.351344778894610
 0.8641337764894341 1.317651615150383
 0.9403180069085683 1.284329019877312
 1.016271326682598 1.251398049456049
 1.091932042163601 1.218852662284872
 1.167203467787993 1.186696066859515
 1.241944292095750 1.154953178000890
 1.316043943092484 1.123636346245525
 1.389438972026769 1.092732905695285
 1.462035892363346 1.062242675419529
 1.533690763231142 1.032195788818762
 1.604294364956715 1.002616153380582
 1.673803836727960 0.9735018094496123
 1.742153821684354 0.9448642376709712
 1.809217630998196 0.9167518433599217
 1.874908304329774 0.8892057844235668
 1.939232609310526 0.8622285022594719
 2.002175264122630 0.8358308859630356
 2.063622994933041 0.8100698286107166
 2.123501647304870 0.7849893374707582
 2.181884453219016 0.7605663667980225
 2.238809022513634 0.7367864392190188
 2.294091463965091 0.7137291476043013
 2.347618836067039 0.6914444864793422
 2.399918957233343 0.6697010065775267
 2.450075189662781 0.6488758229937359
 2.498986053051519 0.6285892947456387
 2.546054815084523 0.6090723030628115
 2.591318004899790 0.5902750700830117
 2.634930548047780 0.5721173935522766
 2.676835045949113 0.5546136656491821
 2.716885700231593 0.5377892935754526
 2.755060030089720 0.5216037338391021
 2.791414411927822 0.5060018641203132
 2.825923480448075 0.4909726457307493
 2.858486317760660 0.4765125480451153
 2.889055918581398 0.4625764140303759
 2.917657401376860 0.4491050983157205
 2.944282585605870 0.4360686601964301
 2.968856155210675 0.4234446032144131
 2.991322646515717 0.4111784792136618
 3.011692763619928 0.3992014323210882
 3.029973800362652 0.3874673224223184
 3.046115397253556 0.3759388613535759
 3.060064671382031 0.3645524763724182
 3.071827501929326 0.3532298802402893
 3.081428255317949 0.3419129026849672
 3.088844547632184 0.3305551122990296
 3.094034309130270 0.3190882295041266
 3.097004217272836 0.3074291476811166
 3.097796101173312 0.2955145054742780
 3.096417100599134 0.2832968531615094
 3.092839985395758 0.2707106845734726
 3.087072735401703 0.2576750848224225
 3.079170909816068 0.2441294918418024
 3.069168838752505 0.2300343020153941
 3.057053248239060 0.2153347703676838
 3.042828418388131 0.1999586850004873
 3.026555249418213 0.1838548812102632
 3.008289516584859 0.1669990814086022
 2.988027561631461 0.1493536782034215
 2.965760706238367 0.1308589680521297
 2.941543642870636 0.1114767574287547
 2.915447622627320 9.120364253590396E-02
 2.887474635337132 7.002365427124158E-02
 2.857591945199831 4.788979432650353E-02
 2.825836516391622 2.477713435867468E-02
 2.792296475286456 7.088683533125195E-04
 2.756983687123824 -2.430470409094720E-02
 2.719829386661387 -5.030322139455889E-02
 2.680844033914682 -7.730271314960890E-02
 2.640161404836966 -0.1052402697806696
 2.597830324908144 -0.1340709837781748
 2.553694473270239 -0.1638636116328420
 2.507720571633244 -0.1946456718843126
 2.460505996215196 -0.2261060610683021
 2.411178836937507 -0.2586862454412258
 2.360666576968332 -0.2919042749956111
 2.308476240963155 -0.3260273058640599
 2.254751961445753 -0.3609871646157057
 2.199713574769580 -0.3966853879704666
 2.143364743730273 -0.4331449531030936
 2.085672229469461 -0.4704083128599171
 2.026745298408458 -0.5084437314784296
 1.966728751392872 -0.5472073652865306
 1.905664860354955 -0.5867135617580792
 1.843564654208945 -0.6269892543022716
 1.780521925510125 -0.6680135533709821
 1.716662247895886 -0.7097508496786711
 1.652043775562726 -0.7522024646787434
 1.586694581410731 -0.7953792383338795
 1.520702062314514 -0.8392532170011076
 1.454186051647654 -0.8837789492234791
 1.387216906217281 -0.9289382758216571
 1.319834620430741 -0.9747228405595311
 1.252125236875618 -1.021091112091647
 1.184207624331083 -1.067982575552363
 1.116160194240557 -1.115359821855409
 1.048027657950727 -1.163197526046087
 0.9798902578472767 -1.211440928145412
 0.9118605034141654 -1.260014127072724
 0.8440145969721089 -1.308861594369067
 0.7763901652860102 -1.357942345017053
 0.7090528838131106 -1.407187610283225
 0.6421025545770369 -1.456503791557427
 0.5756068377339345 -1.505815810772869
 0.5095913479271932 -1.555067218862335
 0.4441072065774203 -1.604175887919452
 0.3792466462824667 -1.653031896040446
 0.3150756489179100 -1.701545660337495
 0.2516149698699180 -1.749655899630961
 0.1889111957155868 -1.797281561741073
 0.1270623931807945 -1.844313056917095
 6.614387659386167E-02 -1.890667751891029
 6.175379249502067E-03 -1.936307548283080
 -5.280047789169817E-02 -1.981181585714281
 -0.1106784301831937 -2.025204351099100
 -0.1673793536620093 -2.068321113527773
 -0.2229045178315521 -2.110538954639835
 -0.2772368515496721 -2.151850084540534
 -0.3302704470503336 -2.192184851751097
 -0.3819301157028426 -2.231501040279499
 -0.4322724316983872 -2.269850548008999
 -0.4813287377292678 -2.307258707328124
 -0.5289381587358072 -2.343606060200952
 -0.5750009274357235 -2.378819793676582
 -0.6199813939805239 -2.413241287276698
 -0.6630946482172805 -2.446265266926813
 -0.7051187287290921 -2.478480053018441
 -0.7455553203483721 -2.509484300822294
 -0.7844657965373670 -2.539284756568732
 -0.8219970772606791 -2.567975488593169
 -0.8581079992363558 -2.595513984357008
 -0.8927036599961671 -2.621786682366959
 -0.9258079308313809 -2.646753841928369
 -0.9574967372734382 -2.670436725279650
 -0.9877669564579512 -2.692807846084345
 -1.016571187051208 -2.713778041573527
 -1.043925033548885 -2.733284025460466
 -1.069892276577908 -2.751317978289911
 -1.094494755278582 -2.767857845153030
 -1.117714294126234 -2.782827152201447
 -1.139570314769376 -2.796150642405141
 -1.160127800192768 -2.807803157849164
 -1.179430355827263 -2.817767945126495
 -1.197485094424785 -2.825982747557294
 -1.214320630139975 -2.832369980826329
 -1.230007701300837 -2.836895592834633
 -1.244608868052116 -2.839551600386989
 -1.258153149214315 -2.840295402740039
 -1.270678641765962 -2.839056426639512
 -1.282260656880774 -2.835798901626376
 -1.292974981659136 -2.830527372097616
 -1.302866278649510 -2.823224296412160
 -1.311977662781376 -2.813833339479755
 -1.320383198322324 -2.802320954599403
 -1.328163113160048 -2.788704976415659
 -1.335368870089100 -2.772995333870952
 -1.342041242663027 -2.755153158880604
 -1.348244908276313 -2.735146052181590
 -1.354054626971249 -2.713001172558452
 -1.359519311383915 -2.688754684005198
 -1.364669701342922 -2.662384614682629
 -1.369553162473023 -2.633853597174169
 -1.374230117570501 -2.603189899780969
 -1.378739139959892 -2.570453525866159
 -1.383095054203852 -2.535638214120785
 -1.387322194131152 -2.498692115356095
 -1.391460630408218 -2.459634777316203
 -1.395534339641321 -2.418554116672474
 -1.399540334736136 -2.375465558823047
 -1.403478560950575 -2.330289732110931
 -1.407368130326364 -2.283027680379261
 -1.411221449549671 -2.233826711789690
 -1.415024040316343 -2.182751564202947
 -1.418757287065028 -2.129632481539527
 -1.422428382405127 -2.074426884685067
 -1.426066590942383 -2.017807668352147
   
   
 #BODY NUMBER  2
 -2.399918957233343 -0.6697010065775267
 -2.450075189662781 -0.6488758229937359
 -2.498986053051519 -0.6285892947456387
 -2.546054815084523 -0.6090723030628115
 -2.591318004899790 -0.5902750700830117
 -2.634930548047780 -0.5721173935522766
 -2.676835045949113 -0.5546136656491821
 -2.716885700231593 -0.5377892935754526
 -2.755060030089720 -0.5216037338391021
 -2.791414411927822 -0.5060018641203132
 -2.825923480448075 -0.4909726457307493
 -2.858486317760660 -0.4765125480451153
 -2.889055918581398 -0.4625764140303759
 -2.917657401376860 -0.4491050983157205
 -2.944282585605870 -0.4360686601964301
 -2.968856155210675 -0.4234446032144131
 -2.991322646515717 -0.4111784792136618
 -3.011692763619928 -0.3992014323210882
 -3.029973800362652 -0.3874673224223184
 -3.046115397253556 -0.3759388613535759
 -3.060064671382031 -0.3645524763724182
 -3.071827501929326 -0.3532298802402893
 -3.081428255317949 -0.3419129026849672
 -3.088844547632184 -0.3305551122990296
 -3.094034309130270 -0.3190882295041266
 -3.097004217272836 -0.3074291476811166
 -3.097796101173312 -0.2955145054742780
 -3.096417100599134 -0.2832968531615094
 -3.092839985395758 -0.2707106845734726
 -3.087072735401703 -0.2576750848224225
 -3.079170909816068 -0.2441294918418024
 -3.069168838752505 -0.2300343020153941
 -3.057053248239060 -0.2153347703676838
 -3.042828418388131 -0.1999586850004873
 -3.026555249418213 -0.1838548812102632
 -3.008289516584859 -0.1669990814086022
 -2.988027561631461 -0.1493536782034215
 -2.965760706238367 -0.1308589680521297
 -2.941543642870636 -0.1114767574287547
 -2.915447622627320 -9.120364253590396E-02
 -2.887474635337132 -7.002365427124158E-02
 -2.857591945199831 -4.788979432650353E-02
 -2.825836516391622 -2.477713435867468E-02
 -2.792296475286456 -7.088683533125195E-04
 -2.756983687123824 2.430470409094720E-02
 -2.719829386661387 5.030322139455889E-02
 -2.680844033914682 7.730271314960890E-02
 -2.640161404836966 0.1052402697806696
 -2.597830324908144 0.1340709837781748
 -2.553694473270239 0.1638636116328420
 -2.507720571633244 0.1946456718843126
 -2.460505996215196 0.2261060610683021
 -2.411178836937507 0.2586862454412258
 -2.360666576968332 0.2919042749956111
 -2.308476240963155 0.3260273058640599
 -2.254751961445753 0.3609871646157057
 -2.199713574769580 0.3966853879704666
 -2.143364743730273 0.4331449531030936
 -2.085672229469461 0.4704083128599171
 -2.026745298408458 0.5084437314784296
 -1.966728751392872 0.5472073652865306
 -1.905664860354955 0.5867135617580792
 -1.843564654208945 0.6269892543022716
 -1.780521925510125 0.6680135533709821
 -1.716662247895886 0.7097508496786711
 -1.652043775562726 0.7522024646787434
 -1.586694581410731 0.7953792383338795
 -1.520702062314514 0.8392532170011076
 -1.454186051647654 0.8837789492234791
 -1.387216906217281 0.9289382758216571
 -1.319834620430741 0.9747228405595311
 -1.252125236875618 1.021091112091647
 -1.184207624331083 1.067982575552363
 -1.116160194240557 1.115359821855409
 -1.048027657950727 1.163197526046087
 -0.9798902578472767 1.211440928145412
 -0.9118605034141654 1.260014127072724
 -0.8440145969721089 1.308861594369067
 -0.7763901652860102 1.357942345017053
 -0.7090528838131106 1.407187610283225
 -0.6421025545770369 1.456503791557427
 -0.5756068377339345 1.505815810772869
 -0.5095913479271932 1.555067218862335
 -0.4441072065774203 1.604175887919452
 -0.3792466462824667 1.653031896040446
 -0.3150756489179100 1.701545660337495
 -0.2516149698699180 1.749655899630961
 -0.1889111957155868 1.797281561741073
 -0.1270623931807945 1.844313056917095
 -6.614387659386167E-02 1.890667751891029
 -6.175379249502067E-03 1.936307548283080
 5.280047789169817E-02 1.981181585714281
 0.1106784301831937 2.025204351099100
 0.1673793536620093 2.068321113527773
 0.2229045178315521 2.110538954639835
 0.2772368515496721 2.151850084540534
 0.3302704470503336 2.192184851751097
 0.3819301157028426 2.231501040279499
 0.4322724316983872 2.269850548008999
 0.4813287377292678 2.307258707328124
 0.5289381587358072 2.343606060200952
 0.5750009274357235 2.378819793676582
 0.6199813939805239 2.413241287276698
 0.6630946482172805 2.446265266926813
 0.7051187287290921 2.478480053018441
 0.7455553203483721 2.509484300822294
 0.7844657965373670 2.539284756568732
 0.8219970772606791 2.567975488593169
 0.8581079992363558 2.595513984357008
 0.8927036599961671 2.621786682366959
 0.9258079308313809 2.646753841928369
 0.9574967372734382 2.670436725279650
 0.9877669564579512 2.692807846084345
 1.016571187051208 2.713778041573527
 1.043925033548885 2.733284025460466
 1.069892276577908 2.751317978289911
 1.094494755278582 2.767857845153030
 1.117714294126234 2.782827152201447
 1.139570314769376 2.796150642405141
 1.160127800192768 2.807803157849164
 1.179430355827263 2.817767945126495
 1.197485094424785 2.825982747557294
 1.214320630139975 2.832369980826329
 1.230007701300837 2.836895592834633
 1.244608868052116 2.839551600386989
 1.258153149214315 2.840295402740039
 1.270678641765962 2.839056426639512
 1.282260656880774 2.835798901626376
 1.292974981659136 2.830527372097616
 1.302866278649510 2.823224296412160
 1.311977662781376 2.813833339479755
 1.320383198322324 2.802320954599403
 1.328163113160048 2.788704976415659
 1.335368870089100 2.772995333870952
 1.342041242663027 2.755153158880604
 1.348244908276313 2.735146052181590
 1.354054626971249 2.713001172558452
 1.359519311383915 2.688754684005198
 1.364669701342922 2.662384614682629
 1.369553162473023 2.633853597174169
 1.374230117570501 2.603189899780969
 1.378739139959892 2.570453525866159
 1.383095054203852 2.535638214120785
 1.387322194131152 2.498692115356095
 1.391460630408218 2.459634777316203
 1.395534339641321 2.418554116672474
 1.399540334736136 2.375465558823047
 1.403478560950575 2.330289732110931
 1.407368130326364 2.283027680379261
 1.411221449549671 2.233826711789690
 1.415024040316343 2.182751564202947
 1.418757287065028 2.129632481539527
 1.422428382405127 2.074426884685067
 1.426066590942383 2.017807668352147
 1.429618278630472 1.958799003134685
 1.433129806103644 1.898445088021623
 1.436586049687252 1.836185415774869
 1.440000035720193 1.772178895536960
 1.443396410677300 1.706665142814703
 1.446796904773434 1.639635841094792
 1.450221663822797 1.571040978258322
 1.453697837059502 1.500991049683182
 1.457259855172523 1.429633378416212
 1.460941279404824 1.356997399287676
 1.464770949230101 1.283079196912885
 1.468777670046645 1.207970442801461
 1.472993390127262 1.131797691556201
 1.477448330982422 1.054610645461907
 1.482165916745223 0.9764281963818698
 1.487165637288030 0.8973400090512020
 1.492468047181277 0.8174725879441183
 1.498092598517912 0.7368959434325926
 1.504052051788853 0.6556488898074478
 1.510353461087679 0.5738267078080698
 1.517003853393021 0.4915625982497555
 1.524010037207549 0.4089431719775918
 1.531372436150487 0.3260198126309948
 1.539083747881764 0.2428893921439196
 1.547134494879336 0.1596872971279722
 1.555514689247470 7.650728495819736E-02
 1.564207650302385 -6.597566122442111E-03
 1.573186660302545 -8.953599513284272E-02
 1.582420561485605 -0.1721747716801155
 1.591878164416533 -0.2544177613168199
 1.601523390090795 -0.3362145565774637
 1.611310674365414 -0.4174798210599363
 1.621190938378216 -0.4980787180395552
 1.631119592010394 -0.5779093140919705
 1.641053941896687 -0.6569229939356750
 1.650947088078933 -0.7350388863215443
 1.660753156411937 -0.8121172680983330
 1.670438241550576 -0.8880515985104473
 1.679979215977462 -0.9628057388334679
 1.689353343792655 -1.036317348043309
 1.698539200815003 -1.108452507739178
 1.707528950667765 -1.179115329104206
 1.716328091478974 -1.248310452380363
 1.724938412572958 -1.316019198577498
 1.733352547882707 -1.382115023140381
 1.741571531602027 -1.446511702808741
 1.749612021520629 -1.509284181210976
 1.757480284784366 -1.570472268109105
 1.765153305229283 -1.629876912596651
 1.772617908631316 -1.687375307197240
 1.779937563252819 -1.743540280699171
 1.786980541445500 -1.797389443933077
 1.793867324322427 -1.849890758272803
 1.800499494736151 -1.900411997759482
 1.806852208362423 -1.949009686485721
 1.812933470787101 -1.995858095040893
 1.818727046712757 -2.040900318707826
 1.824182040235426 -2.083997388791506
 1.829252099258339 -2.125150108089267
 1.833917674654384 -2.164434861159337
 1.838156523990124 -2.201835200353596
 1.841915130709453 -2.237265493528412
 1.845130885032513 -2.270707611430089
 1.847765124798952 -2.302212879974190
 1.849787830327287 -2.331789184956599
 1.851141861084441 -2.359382548987034
 1.851752331746341 -2.384972163191479
 1.851564963427160 -2.408601725528076
 1.850543444535389 -2.430300622704177
 1.848630302828770 -2.450043886203718
 1.845744041242056 -2.467817504453910
 1.841819800628488 -2.483665712594343
 1.836819387265833 -2.497638697702022
 1.830691398417870 -2.509740290441010
 1.823355667364308 -2.519968197135386
 1.814743560392063 -2.528369753945259
 1.804821119514176 -2.535012866623338
 1.793550821949624 -2.539927443250651
 1.780862322614382 -2.543122654906282
 1.766689537079379 -2.544645869776980
 1.751007796656021 -2.544575484573857
 1.733799968663406 -2.542961031855558
 1.715012005576033 -2.539818388512920
 1.694583510111818 -2.535187367181102
 1.672500622446965 -2.529146291348189
 1.648770205200945 -2.521755602596595
 1.623357860288539 -2.513030936479207
 1.596207543765344 -2.502994629122039
 1.567313525300135 -2.491713142352214
 1.536708482667428 -2.479249883330255
 1.504379581133280 -2.465614559849544
 1.470269751068679 -2.450802321029591
 1.434375885983403 -2.434857642957528
 1.396762135645135 -2.417845248319161
 1.357443352387689 -2.399770262913994
 1.316350825710813 -2.380592953505490
 1.273475903588318 -2.360330393528870
 1.228939955287295 -2.339066981570359
 1.182806284591801 -2.316822547981122
 1.134937186205211 -2.293496093172369
 1.085292189228117 -2.269072556569380
 1.034439405272813 -2.243913729420449
 0.9815605583070358 -2.217485248575911
 0.9275367708646881 -2.190349363017234
 0.8718901912759021 -2.162212721638929
 0.8147519257255604 -2.133166060152666
 0.7563171640922801 -2.103350530785170
 0.6965678389568379 -2.072780794197886
 0.6354505656466646 -2.041449291118239
 0.5730474613489552 -2.009434781161612
 0.5094688962203497 -1.976840743702742
 0.4447235809501310 -1.943710961045756
 0.3787937049788435 -1.910068451215156
 0.3117442554634801 -1.875983996172443
 0.2436688577686233 -1.841548541234872
 0.1745954445803045 -1.806813110140650
 0.1045286646655085 -1.771807434715749
 3.353642502648390E-02 -1.736593226052310
 -3.828199553362360E-02 -1.701251537167597
 -0.1108756923006301 -1.665834219254250
 -0.1842174313581127 -1.630371730366979
 -0.2582282242120608 -1.594917819899716
 -0.3327962290619385 -1.559545173802118
 -0.4078498429669912 -1.524302993833001
 -0.4833447781997591 -1.489217338677082
 -0.5591934900344870 -1.454330320289331
 -0.6352739914651701 -1.419701424200696
 -0.7115000922753610 -1.385368879327264
 -0.7878174850163753 -1.351344778894610
 -0.8641337764894341 -1.317651615150383
 -0.9403180069085683 -1.284329019877312
 -1.016271326682598 -1.251398049456049
 -1.091932042163601 -1.218852662284872
 -1.167203467787993 -1.186696066859515
 -1.241944292095750 -1.154953178000890
 -1.316043943092484 -1.123636346245525
 -1.389438972026769 -1.092732905695285
 -1.462035892363346 -1.062242675419529
 -1.533690763231142 -1.032195788818762
 -1.604294364956715 -1.002616153380582
 -1.673803836727960 -0.9735018094496123
 -1.742153821684354 -0.9448642376709712
 -1.809217630998196 -0.9167518433599217
 -1.874908304329774 -0.8892057844235668
 -1.939232609310526 -0.8622285022594719
 -2.002175264122630 -0.8358308859630356
 -2.063622994933041 -0.8100698286107166
 -2.123501647304870 -0.7849893374707582
 -2.181884453219016 -0.7605663667980225
 -2.238809022513634 -0.7367864392190188
 -2.294091463965091 -0.7137291476043013
 -2.347618836067039 -0.6914444864793422
 -2.399918957233343 -0.6697010065775267
   
   
 #BODY NUMBER  3
 0.8364450685553180 -0.8211181577956127
 0.8824847805489628 -0.9041769699177492
 0.9289402466662573 -0.9851751237349959
 0.9758714658224550 -1.063152994149940
 1.023035861359653 -1.138213156811795
 1.070195551958105 -1.210647087096142
 1.117248665610048 -1.280402287543654
 1.164112999975991 -1.347309713974293
 1.210645326868640 -1.411418724633946
 1.256718720651534 -1.472894787028149
 1.302281019128954 -1.531762328936691
 1.347289535282811 -1.587942639015854
 1.391657091854571 -1.641460522524139
 1.435304257771299 -1.692442990018655
 1.478205840456794 -1.740946386522721
 1.520341748582338 -1.786930802846500
 1.561649420890548 -1.830404418134479
 1.602066282100848 -1.871467177028811
 1.641575647380760 -1.910189373477088
 1.680166487702164 -1.946553568815883
 1.717785089342062 -1.980554933386449
 1.754371116902964 -2.012269685843846
 1.789907436469937 -2.041773663283879
 1.824386668208179 -2.069065965466622
 1.857758041296320 -2.094132539990444
 1.889957349466510 -2.117028209399572
 1.920963542912099 -2.137830181608000
 1.950772149079758 -2.156552418027111
 1.979334366029331 -2.173175742498374
 2.006579792075323 -2.187735505745163
 2.032482391280606 -2.200307743845235
 2.057042340883790 -2.210921419251093
 2.080214476448925 -2.219556418521934
 2.101921420351915 -2.226230003763096
 2.122132061176825 -2.231014983539370
 2.140854983709310 -2.233956645644130
 2.158052454426075 -2.235038519781926
 2.173639613577159 -2.234260507166606
 2.187580238373611 -2.231690137673250
 2.199897627808816 -2.227392074687455
 2.210567548570579 -2.221359285748088
 2.219494905020804 -2.213573505441189
 2.226636006012758 -2.204093904170924
 2.232039570120059 -2.193011125855672
 2.235704008463481 -2.180335879999760
 2.237510482305980 -2.166024257519576
 2.237396341737782 -2.150118593411339
 2.235465103530674 -2.132755342153445
 2.231758667359762 -2.113979401047658
 2.226055959847927 -2.093669670922086
 2.218237103371401 -2.071824904926818
 2.208948907150874 -2.048958790536431
 2.197103318026553 -2.024342921953477
 2.183740974337232 -1.998739745765354
 2.168184964596416 -1.971744656435216
 2.150526599701832 -1.943476732605610
 2.130940023110998 -1.914099722377308
 2.109330856943423 -1.883591965827028
 2.085558628982727 -1.851911903297538
 2.059653732340351 -1.819138557554729
 2.031684348786485 -1.785365833888010
 2.001590713825540 -1.750595176792988
 1.969276165816044 -1.714813750408638
 1.934744856883369 -1.678084876541823
 1.898035507824828 -1.640486248671699
 1.859101172855461 -1.602029618401572
 1.817858846461618 -1.562712157226084
 1.774298039785827 -1.522591394820343
 1.728443502182539 -1.481742325691457
 1.680255089798077 -1.440186480561720
 1.629655869399123 -1.397929402465814
 1.576626749914031 -1.355030982810613
 1.521186533726512 -1.311574462834481
 1.463301906773351 -1.267597822856460
 1.402901370696011 -1.223121733831547
 1.339963214812409 -1.178220912920322
 1.274508368001641 -1.133002980902347
 1.206515077621186 -1.087538038730866
 1.135921767731358 -1.041878162591224
 1.062713306381850 -0.9961334208926516
 0.9869255222922859 -0.9504602869987580
 0.9085610933470848 -0.9049853725468324
 0.8275827835134859 -0.8598147090691031
 0.7440031326799379 -0.8151166104197272
 0.6579023739529503 -0.7711196708968938
 0.5693427063407739 -0.7280248388788215
 0.4783514773348278 -0.6859993332331734
 0.3850192736565716 -0.6452678702391454
 0.2895331084793644 -0.6061211219877929
 0.1920808799145887 -0.5688075944381440
 9.281530310156022E-02 -0.5335034482219785
 -8.039146390808466E-03 -0.5004168341370934
 -0.1101388754697095 -0.4698144342381358
 -0.2131451345587781 -0.4418848502544834
 -0.3167983817325123 -0.4166763837210012
 -0.4207922407955249 -0.3942384294137015
 -0.5246927836243113 -0.3746992808950511
 -0.6281113397942601 -0.3580882789331971
 -0.7308452057001620 -0.3442140567926011
 -0.8326709427456835 -0.3329045274147592
 -0.9331288668627418 -0.3242350548010997
 -1.031870545402926 -0.3181616086156751
 -1.129331718437339 -0.3138235993413154
 -1.224282615740091 -0.3121657534496626
 -1.317656807664113 -0.3118982903432636
 -1.408653233954565 -0.3135529831556333
 -1.497239439400522 -0.3168684665140570
 -1.583548908421943 -0.3214929914647568
 -1.667485240881536 -0.3273645829907398
 -1.748860939055279 -0.3344965738677753
 -1.827647134344351 -0.3427402457241846
 -1.903923662993815 -0.3519029439816329
 -1.977685598983667 -0.3619272809636174
 -2.048843432781638 -0.3728156442999183
 -2.117375057742469 -0.3844801336407629
 -2.183350752698698 -0.3967884543805858
 -2.246806717583796 -0.4096906165967503
 -2.307698344361160 -0.4231891752831088
 -2.366001435749007 -0.4372258612292324
 -2.421771258706124 -0.4516965103314159
 -2.475060347160619 -0.4665515261270796
 -2.525848084272897 -0.4817900765294075
 -2.574103430574293 -0.4973680589191222
 -2.619862225657585 -0.5131951119817227
 -2.663181579416822 -0.5292184787637074
 -2.704057022303961 -0.5454322182606233
 -2.742450999171516 -0.5617993878522113
 -2.778378884601567 -0.5782369720073161
 -2.811897017705677 -0.5946881371016361
 -2.843015253144116 -0.6111420290846793
 -2.871692582906368 -0.6275659723157806
 -2.897924420774169 -0.6438813217851452
 -2.921763597953900 -0.6600275116709313
 -2.943235285284487 -0.6759902142400248
 -2.962299481797263 -0.6917403726639482
 -2.978932448101925 -0.7072023449018797
 -2.993181682557228 -0.7223127833948778
 -3.005090697935543 -0.7370564788887177
 -3.014626363780954 -0.7514089883413770
 -3.021746164667164 -0.7652968704467065
 -3.026490471787032 -0.7786549904117400
 -3.028926934771870 -0.7914711940638316
 -3.029037346675590 -0.8037280109695683
 -3.026758341366643 -0.8153522185975515
 -3.022119316344823 -0.8262763941027065
 -3.015223130832955 -0.8364974070482329
 -3.006078265094232 -0.8460085266721941
 -2.994587273378269 -0.8547287901511624
 -2.980755493912376 -0.8625827735736193
 -2.964752858127193 -0.8695918978544516
 -2.946639198064164 -0.8757700005258296
 -2.926199102075496 -0.8809861760130139
 -2.903371551545604 -0.8851372306734321
 -2.878924817487424 -0.8885264739863153
 -2.851684055396206 -0.8905758271733371
 -2.822829882555063 -0.8918052861783475
 -2.791673444547325 -0.8918309312263519
 -2.758363521951352 -0.8906723005531503
 -2.723128996510989 -0.8883983327664693
 -2.685903921242188 -0.8849381241858902
 -2.646582068317822 -0.8801908021321173
 -2.605247070016350 -0.8741431764288142
 -2.562014341589047 -0.8668073415763355
 -2.516855251758009 -0.8581308177554522
 -2.469710353520770 -0.8480363114595916
 -2.420636561233376 -0.8364957576313743
 -2.369720519821141 -0.8235038427253494
 -2.316948933578582 -0.8090140346974883
 -2.262277850191379 -0.7929558629169948
 -2.205751847390913 -0.7752914789292873
 -2.147448247002707 -0.7560048190504941
 -2.087365623252391 -0.7350503523223778
 -2.025470309932158 -0.7123586810931490
 -1.961804628986001 -0.6878833263063395
 -1.896450070632846 -0.6615989506847131
 -1.829422869762217 -0.6334577132437000
 -1.760705178766994 -0.6033873591109817
 -1.690350849265297 -0.5713317277040502
 -1.618463548025748 -0.5372551335740936
 -1.545093107933428 -0.5011036879034683
 -1.470253840317933 -0.4627980262714705
 -1.394033501242658 -0.4222700098201117
 -1.316585514975316 -0.3794724304489660
 -1.238020869352424 -0.3343443014553240
 -1.158412772358113 -0.2868003597227648
 -1.077913258010116 -0.2367673081861670
 -0.9967604113310810 -0.1842003336048976
 -0.9151593582255193 -0.1290528277110830
 -0.8332685882265285 -7.126486469319038E-02
 -0.7513280047012665 -1.080253681365106E-02
 -0.6696828436514376 5.231753381409115E-02
 -0.5886422666062432 0.1180568756317701
 -0.5084351907176095 0.1863713137650854
 -0.4293541176487026 0.2571705220677288
 -0.3518017973799845 0.3302902812200870
 -0.2761109385884761 0.4055315263481961
 -0.2024531425931636 0.4826936383186562
 -0.1310243746225813 0.5615359849511540
 -6.215270422271990E-02 0.6417469202485508
 3.942123543533405E-03 0.7230045161335074
 6.732448532798879E-02 0.8050375427667045
 0.1280316935968072 0.8875664531182793
 0.1857686391761790 0.9702308311082715
 0.2403992371313665 1.052706910043676
 0.2928866498820210 1.134941757136928
 0.3417978351911277 1.216342723367412
 0.3887165609978556 1.297073414078259
 0.4327817681321097 1.376705977305574
 0.4742035780408692 1.455081623325852
 0.5133533564638383 1.532140078560898
 0.5502365752714882 1.607766870534394
 0.5847479390792880 1.681806287842068
 0.6170018074757109 1.754158970358131
 0.6472049423422811 1.824797731009782
 0.6754045798547130 1.893689609900309
 0.7015538974988266 1.960758283315772
 0.7257179658878979 2.025940656164902
 0.7480464949273991 2.089231444399241
 0.7686008771270019 2.150637003119471
 0.7873565957788222 2.210119978129609
 0.8043520148584585 2.267630279363711
 0.8197049766052757 2.323163687360227
 0.8334846997798595 2.376740899604168
 0.8456815965707329 2.428343645345290
 0.8563183412322310 2.477922992305571
 0.8654911087546209 2.525464797825570
 0.8732741429468849 2.570992142047586
 0.8796703540957820 2.614498183727246
 0.8846929578751965 2.655931927842655
 0.8884215351350563 2.695265181406888
 0.8909334747935786 2.732518318709636
 0.8922431040643574 2.767694447111790
 0.8923582168770361 2.800741714814154
 0.8913446286988462 2.831616827530308
 0.8892812066732935 2.860335255516166
 0.8861929444006970 2.886911633491118
 0.8820850053483379 2.911296791185882
 0.8770110277500104 2.933432348664976
 0.8710496213804034 2.953327766934248
 0.8642357142262332 2.971013124532848
 0.8565739093548796 2.986447508123304
 0.8481065510900059 2.999557377613312
 0.8389102334134204 3.010345128084990
 0.8290293069630537 3.018863268751287
 0.8184697981050109 3.025087296717656
 0.8072634363458394 3.028925724038741
 0.7954833103320653 3.030370298273630
 0.7831835607128956 3.029508532903905
 0.7703742566307513 3.026344406671954
 0.7570767910722896 3.020753047670738
 0.7433591521745931 3.012701366984958
 0.7292877545965186 3.002347240007897
 0.7148805307044026 2.989749401573487
 0.7001431422275690 2.974655846935100
 0.6851344481742031 2.956962135600250
 0.6699759103365501 2.937485264522746
 0.6545807373696537 2.914918749126814
 0.6390889082178313 2.890545031943702
 0.6234884799509094 2.863575587661568
 0.6078369222495189 2.834149033158761
 0.5921889733999911 2.802498055143777
 0.5765730642987648 2.768530090012918
 0.5610234393350950 2.732102705429655
 0.5455933376759998 2.693281733983543
 0.5303299928025619 2.652173175464345
 0.5152645379324684 2.608725994548441
 0.5004341877047265 2.562850061868230
 0.4858917043500075 2.514580634173197
 0.4716850119963130 2.463990091397048
 0.4578477607231210 2.411043653099060
 0.4444190037297612 2.355668020143078
 0.4314538076050858 2.297882873749630
 0.4190047448201677 2.237747144741951
 0.4071105334543146 2.175236832884098
 0.3958144405330343 2.110288083558963
 0.3851778790719700 2.042914309116952
 0.3752635369063333 1.973173413519194
 0.3661209629888660 1.901055536100160
 0.3578038080709829 1.826509092942529
 0.3503876344528875 1.749552640624373
 0.3439551800241074 1.670258114476441
 0.3385780303122415 1.588641726634334
 0.3343320725865749 1.504676188862695
 0.3313201948608078 1.418403430712763
 0.3296599926830299 1.329932717447724
 0.3294597760053388 1.239329674002156
 0.3308299888446267 1.146615068791868
 0.3339101253301782 1.051883918605894
 0.3388580373781307 0.9553200045017914
 0.3458166518847454 0.8570776665899046
 0.3549171108917007 0.7572641979263638
 0.3663087310446949 0.6560704070527965
 0.3801497351720731 0.5538035881737018
 0.3965613866916545 0.4507507188063739
 0.4156198876160492 0.3471321344568930
 0.4373932640395110 0.2432463120693646
 0.4619406728496939 0.1395241530180488
 0.4892560731472543 3.635332390628734E-02
 0.5192515243256759 -6.601725459765508E-02
 0.5518166154181062 -0.1672975555374525
 0.5868454878470312 -0.2670476393534997
 0.6241692162507267 -0.3649162372003104
 0.6635207203721731 -0.4608234859741033
 0.7046392491488763 -0.5546619257035201
 0.7473602276865628 -0.6459957763071719
 0.7914713082715598 -0.7345453014280006
 0.8364450685553180 -0.8211181577956127
   
   
 #BODY NUMBER  4
 2.878924817487424 0.8885264739863153
 2.851684055396206 0.8905758271733371
 2.822829882555063 0.8918052861783475
 2.791673444547325 0.8918309312263519
 2.758363521951352 0.8906723005531503
 2.723128996510989 0.8883983327664693
 2.685903921242188 0.8849381241858902
 2.646582068317822 0.8801908021321173
 2.605247070016350 0.8741431764288142
 2.562014341589047 0.8668073415763355
 2.516855251758009 0.8581308177554522
 2.469710353520770 0.8480363114595916
 2.420636561233376 0.8364957576313743
 2.369720519821141 0.8235038427253494
 2.316948933578582 0.8090140346974883
 2.262277850191379 0.7929558629169948
 2.205751847390913 0.7752914789292873
 2.147448247002707 0.7560048190504941
 2.087365623252391 0.7350503523223778
 2.025470309932158 0.7123586810931490
 1.961804628986001 0.6878833263063395
 1.896450070632846 0.6615989506847131
 1.829422869762217 0.6334577132437000
 1.760705178766994 0.6033873591109817
 1.690350849265297 0.5713317277040502
 1.618463548025748 0.5372551335740936
 1.545093107933428 0.5011036879034683
 1.470253840317933 0.4627980262714705
 1.394033501242658 0.4222700098201117
 1.316585514975316 0.3794724304489660
 1.238020869352424 0.3343443014553240
 1.158412772358113 0.2868003597227648
 1.077913258010116 0.2367673081861670
 0.9967604113310810 0.1842003336048976
 0.9151593582255193 0.1290528277110830
 0.8332685882265285 7.126486469319038E-02
 0.7513280047012665 1.080253681365106E-02
 0.6696828436514376 -5.231753381409115E-02
 0.5886422666062432 -0.1180568756317701
 0.5084351907176095 -0.1863713137650854
 0.4293541176487026 -0.2571705220677288
 0.3518017973799845 -0.3302902812200870
 0.2761109385884761 -0.4055315263481961
 0.2024531425931636 -0.4826936383186562
 0.1310243746225813 -0.5615359849511540
 6.215270422271990E-02 -0.6417469202485508
 -3.942123543533405E-03 -0.7230045161335074
 -6.732448532798879E-02 -0.8050375427667045
 -0.1280316935968072 -0.8875664531182793
 -0.1857686391761790 -0.9702308311082715
 -0.2403992371313665 -1.052706910043676
 -0.2928866498820210 -1.134941757136928
 -0.3417978351911277 -1.216342723367412
 -0.3887165609978556 -1.297073414078259
 -0.4327817681321097 -1.376705977305574
 -0.4742035780408692 -1.455081623325852
 -0.5133533564638383 -1.532140078560898
 -0.5502365752714882 -1.607766870534394
 -0.5847479390792880 -1.681806287842068
 -0.6170018074757109 -1.754158970358131
 -0.6472049423422811 -1.824797731009782
 -0.6754045798547130 -1.893689609900309
 -0.7015538974988266 -1.960758283315772
 -0.7257179658878979 -2.025940656164902
 -0.7480464949273991 -2.089231444399241
 -0.7686008771270019 -2.150637003119471
 -0.7873565957788222 -2.210119978129609
 -0.8043520148584585 -2.267630279363711
 -0.8197049766052757 -2.323163687360227
 -0.8334846997798595 -2.376740899604168
 -0.8456815965707329 -2.428343645345290
 -0.8563183412322310 -2.477922992305571
 -0.8654911087546209 -2.525464797825570
 -0.8732741429468849 -2.570992142047586
 -0.8796703540957820 -2.614498183727246
 -0.8846929578751965 -2.655931927842655
 -0.8884215351350563 -2.695265181406888
 -0.8909334747935786 -2.732518318709636
 -0.8922431040643574 -2.767694447111790
 -0.8923582168770361 -2.800741714814154
 -0.8913446286988462 -2.831616827530308
 -0.8892812066732935 -2.860335255516166
 -0.8861929444006970 -2.886911633491118
 -0.8820850053483379 -2.911296791185882
 -0.8770110277500104 -2.933432348664976
 -0.8710496213804034 -2.953327766934248
 -0.8642357142262332 -2.971013124532848
 -0.8565739093548796 -2.986447508123304
 -0.8481065510900059 -2.999557377613312
 -0.8389102334134204 -3.010345128084990
 -0.8290293069630537 -3.018863268751287
 -0.8184697981050109 -3.025087296717656
 -0.8072634363458394 -3.028925724038741
 -0.7954833103320653 -3.030370298273630
 -0.7831835607128956 -3.029508532903905
 -0.7703742566307513 -3.026344406671954
 -0.7570767910722896 -3.020753047670738
 -0.7433591521745931 -3.012701366984958
 -0.7292877545965186 -3.002347240007897
 -0.7148805307044026 -2.989749401573487
 -0.7001431422275690 -2.974655846935100
 -0.6851344481742031 -2.956962135600250
 -0.6699759103365501 -2.937485264522746
 -0.6545807373696537 -2.914918749126814
 -0.6390889082178313 -2.890545031943702
 -0.6234884799509094 -2.863575587661568
 -0.6078369222495189 -2.834149033158761
 -0.5921889733999911 -2.802498055143777
 -0.5765730642987648 -2.768530090012918
 -0.5610234393350950 -2.732102705429655
 -0.5455933376759998 -2.693281733983543
 -0.5303299928025619 -2.652173175464345
 -0.5152645379324684 -2.608725994548441
 -0.5004341877047265 -2.562850061868230
 -0.4858917043500075 -2.514580634173197
 -0.4716850119963130 -2.463990091397048
 -0.4578477607231210 -2.411043653099060
 -0.4444190037297612 -2.355668020143078
 -0.4314538076050858 -2.297882873749630
 -0.4190047448201677 -2.237747144741951
 -0.4071105334543146 -2.175236832884098
 -0.3958144405330343 -2.110288083558963
 -0.3851778790719700 -2.042914309116952
 -0.3752635369063333 -1.973173413519194
 -0.3661209629888660 -1.901055536100160
 -0.3578038080709829 -1.826509092942529
 -0.3503876344528875 -1.749552640624373
 -0.3439551800241074 -1.670258114476441
 -0.3385780303122415 -1.588641726634334
 -0.3343320725865749 -1.504676188862695
 -0.3313201948608078 -1.418403430712763
 -0.3296599926830299 -1.329932717447724
 -0.3294597760053388 -1.239329674002156
 -0.3308299888446267 -1.146615068791868
 -0.3339101253301782 -1.051883918605894
 -0.3388580373781307 -0.9553200045017914
 -0.3458166518847454 -0.8570776665899046
 -0.3549171108917007 -0.7572641979263638
 -0.3663087310446949 -0.6560704070527965
 -0.3801497351720731 -0.5538035881737018
 -0.3965613866916545 -0.4507507188063739
 -0.4156198876160492 -0.3471321344568930
 -0.4373932640395110 -0.2432463120693646
 -0.4619406728496939 -0.1395241530180488
 -0.4892560731472543 -3.635332390628734E-02
 -0.5192515243256759 6.601725459765508E-02
 -0.5518166154181062 0.1672975555374525
 -0.5868454878470312 0.2670476393534997
 -0.6241692162507267 0.3649162372003104
 -0.6635207203721731 0.4608234859741033
 -0.7046392491488763 0.5546619257035201
 -0.7473602276865628 0.6459957763071719
 -0.7914713082715598 0.7345453014280006
 -0.8364450685553180 0.8211181577956127
 -0.8824847805489628 0.9041769699177492
 -0.9289402466662573 0.9851751237349959
 -0.9758714658224550 1.063152994149940
 -1.023035861359653 1.138213156811795
 -1.070195551958105 1.210647087096142
 -1.117248665610048 1.280402287543654
 -1.164112999975991 1.347309713974293
 -1.210645326868640 1.411418724633946
 -1.256718720651534 1.472894787028149
 -1.302281019128954 1.531762328936691
 -1.347289535282811 1.587942639015854
 -1.391657091854571 1.641460522524139
 -1.435304257771299 1.692442990018655
 -1.478205840456794 1.740946386522721
 -1.520341748582338 1.786930802846500
 -1.561649420890548 1.830404418134479
 -1.602066282100848 1.871467177028811
 -1.641575647380760 1.910189373477088
 -1.680166487702164 1.946553568815883
 -1.717785089342062 1.980554933386449
 -1.754371116902964 2.012269685843846
 -1.789907436469937 2.041773663283879
 -1.824386668208179 2.069065965466622
 -1.857758041296320 2.094132539990444
 -1.889957349466510 2.117028209399572
 -1.920963542912099 2.137830181608000
 -1.950772149079758 2.156552418027111
 -1.979334366029331 2.173175742498374
 -2.006579792075323 2.187735505745163
 -2.032482391280606 2.200307743845235
 -2.057042340883790 2.210921419251093
 -2.080214476448925 2.219556418521934
 -2.101921420351915 2.226230003763096
 -2.122132061176825 2.231014983539370
 -2.140854983709310 2.233956645644130
 -2.158052454426075 2.235038519781926
 -2.173639613577159 2.234260507166606
 -2.187580238373611 2.231690137673250
 -2.199897627808816 2.227392074687455
 -2.210567548570579 2.221359285748088
 -2.219494905020804 2.213573505441189
 -2.226636006012758 2.204093904170924
 -2.232039570120059 2.193011125855672
 -2.235704008463481 2.180335879999760
 -2.237510482305980 2.166024257519576
 -2.237396341737782 2.150118593411339
 -2.235465103530674 2.132755342153445
 -2.231758667359762 2.113979401047658
 -2.226055959847927 2.093669670922086
 -2.218237103371401 2.071824904926818
 -2.208948907150874 2.048958790536431
 -2.197103318026553 2.024342921953477
 -2.183740974337232 1.998739745765354
 -2.168184964596416 1.971744656435216
 -2.150526599701832 1.943476732605610
 -2.130940023110998 1.914099722377308
 -2.109330856943423 1.883591965827028
 -2.085558628982727 1.851911903297538
 -2.059653732340351 1.819138557554729
 -2.031684348786485 1.785365833888010
 -2.001590713825540 1.750595176792988
 -1.969276165816044 1.714813750408638
 -1.934744856883369 1.678084876541823
 -1.898035507824828 1.640486248671699
 -1.859101172855461 1.602029618401572
 -1.817858846461618 1.562712157226084
 -1.774298039785827 1.522591394820343
 -1.728443502182539 1.481742325691457
 -1.680255089798077 1.440186480561720
 -1.629655869399123 1.397929402465814
 -1.576626749914031 1.355030982810613
 -1.521186533726512 1.311574462834481
 -1.463301906773351 1.267597822856460
 -1.402901370696011 1.223121733831547
 -1.339963214812409 1.178220912920322
 -1.274508368001641 1.133002980902347
 -1.206515077621186 1.087538038730866
 -1.135921767731358 1.041878162591224
 -1.062713306381850 0.9961334208926516
 -0.9869255222922859 0.9504602869987580
 -0.9085610933470848 0.9049853725468324
 -0.8275827835134859 0.8598147090691031
 -0.7440031326799379 0.8151166104197272
 -0.6579023739529503 0.7711196708968938
 -0.5693427063407739 0.7280248388788215
 -0.4783514773348278 0.6859993332331734
 -0.3850192736565716 0.6452678702391454
 -0.2895331084793644 0.6061211219877929
 -0.1920808799145887 0.5688075944381440
 -9.281530310156022E-02 0.5335034482219785
 8.039146390808466E-03 0.5004168341370934
 0.1101388754697095 0.4698144342381358
 0.2131451345587781 0.4418848502544834
 0.3167983817325123 0.4166763837210012
 0.4207922407955249 0.3942384294137015
 0.5246927836243113 0.3746992808950511
 0.6281113397942601 0.3580882789331971
 0.7308452057001620 0.3442140567926011
 0.8326709427456835 0.3329045274147592
 0.9331288668627418 0.3242350548010997
 1.031870545402926 0.3181616086156751
 1.129331718437339 0.3138235993413154
 1.224282615740091 0.3121657534496626
 1.317656807664113 0.3118982903432636
 1.408653233954565 0.3135529831556333
 1.497239439400522 0.3168684665140570
 1.583548908421943 0.3214929914647568
 1.667485240881536 0.3273645829907398
 1.748860939055279 0.3344965738677753
 1.827647134344351 0.3427402457241846
 1.903923662993815 0.3519029439816329
 1.977685598983667 0.3619272809636174
 2.048843432781638 0.3728156442999183
 2.117375057742469 0.3844801336407629
 2.183350752698698 0.3967884543805858
 2.246806717583796 0.4096906165967503
 2.307698344361160 0.4231891752831088
 2.366001435749007 0.4372258612292324
 2.421771258706124 0.4516965103314159
 2.475060347160619 0.4665515261270796
 2.525848084272897 0.4817900765294075
 2.574103430574293 0.4973680589191222
 2.619862225657585 0.5131951119817227
 2.663181579416822 0.5292184787637074
 2.704057022303961 0.5454322182606233
 2.742450999171516 0.5617993878522113
 2.778378884601567 0.5782369720073161
 2.811897017705677 0.5946881371016361
 2.843015253144116 0.6111420290846793
 2.871692582906368 0.6275659723157806
 2.897924420774169 0.6438813217851452
 2.921763597953900 0.6600275116709313
 2.943235285284487 0.6759902142400248
 2.962299481797263 0.6917403726639482
 2.978932448101925 0.7072023449018797
 2.993181682557228 0.7223127833948778
 3.005090697935543 0.7370564788887177
 3.014626363780954 0.7514089883413770
 3.021746164667164 0.7652968704467065
 3.026490471787032 0.7786549904117400
 3.028926934771870 0.7914711940638316
 3.029037346675590 0.8037280109695683
 3.026758341366643 0.8153522185975515
 3.022119316344823 0.8262763941027065
 3.015223130832955 0.8364974070482329
 3.006078265094232 0.8460085266721941
 2.994587273378269 0.8547287901511624
 2.980755493912376 0.8625827735736193
 2.964752858127193 0.8695918978544516
 2.946639198064164 0.8757700005258296
 2.926199102075496 0.8809861760130139
 2.903371551545604 0.8851372306734321
 2.878924817487424 0.8885264739863153
   
   
 #BODY NUMBER  5
 1.432330448056662 0.1824591694465995
 1.416867869517368 0.1579313837050883
 1.401005718639567 0.1320868513010570
 1.384634085247570 0.1043598072161332
 1.367935257569483 7.490179288559395E-02
 1.351150196423189 4.398504699623440E-02
 1.334403537242374 1.165257487906934E-02
 1.317743261683747 -2.211805955006141E-02
 1.301256648995325 -5.719812259756529E-02
 1.285073616484919 -9.339079038214115E-02
 1.269281090299731 -0.1305986770624034
 1.253902021679426 -0.1687836602029042
 1.238965306103530 -0.2078314894710501
 1.224542329951524 -0.2475678722953001
 1.210694276348305 -0.2878725456947878
 1.197429079786677 -0.3286798612929270
 1.184743587265074 -0.3698808977681612
 1.172675021482100 -0.4113102186417193
 1.161272359869046 -0.4528297215718490
 1.150541823793674 -0.4943507288253142
 1.140465484049807 -0.5357616220096659
 1.131059631016856 -0.5768986016445232
 1.122367324968993 -0.6176077272677527
 1.114397826048238 -0.6577798934098535
 1.107122216906229 -0.6972986575726237
 1.100532991475570 -0.7360014618832760
 1.094656979365283 -0.7737234323693183
 1.089493213536997 -0.8103398760044160
 1.084985348251865 -0.8457315025730769
 1.081078071601166 -0.8797405878922093
 1.077751523202878 -0.9121991354650238
 1.074962914430195 -0.9429761202286128
 1.072595409086415 -0.9719598004725760
 1.070507565476472 -0.9990137560872231
 1.068592661644272 -1.023992562090602
 1.066731777463046 -1.046792697876548
 1.064719423326379 -1.067352674078989
 1.062303236791437 -1.085612886783006
 1.059276370396903 -1.101519438545211
 1.055454876777278 -1.115074095001324
 1.050579452442443 -1.126347895583850
 1.044338849754506 -1.135441552286008
 1.036505266111395 -1.142469063668143
 1.026948945003244 -1.147593588753194
 1.015497039714181 -1.151045370988332
 1.001908679276391 -1.153079190511945
 0.9860645469983850 -1.153932470836366
 0.9680453956570478 -1.153842449475345
 0.9478873117075511 -1.153079020924310
 0.9254075205314966 -1.151921133382100
 0.9005827598692745 -1.150588960579082
 0.8741794999224954 -1.149204969907716
 0.8452065251021180 -1.148077876955432
 0.8148934280523963 -1.147263117538610
 0.7826952868070030 -1.146948389162157
 0.7488344842126664 -1.147215787344785
 0.7136672662969860 -1.148137870932699
 0.6772931944859613 -1.149801074712175
 0.6397168293891029 -1.152258170058920
 0.6010932972793942 -1.155520376172145
 0.5616580112920180 -1.159601792800152
 0.5215387731131842 -1.164529007273979
 0.4807800733602772 -1.170302834732501
 0.4394953034634775 -1.176891174228745
 0.3978710984071704 -1.184268701895056
 0.3560422005503698 -1.192428272381444
 0.3140694303013180 -1.201343932971949
 0.2720455397907146 -1.210958492426341
 0.2301324125611890 -1.221221468307820
 0.1884741374646673 -1.232106225145223
 0.1471506223547627 -1.243573811934458
 0.1062495669917768 -1.255552892331283
 6.592097107655182E-02 -1.267975674477913
 2.631968109705141E-02 -1.280802479434608
 -1.245518476743468E-02 -1.293986773984852
 -5.031724302956397E-02 -1.307445293721252
 -8.712946747561634E-02 -1.321090259262365
 -0.1227356582524792 -1.334862468744932
 -0.1570283115508582 -1.348698738175991
 -0.1899322918831365 -1.362490625606560
 -0.2213386620543273 -1.376111367427006
 -0.2511118630214741 -1.389459765793578
 -0.2791598180649705 -1.402433252137013
 -0.3054441741232976 -1.414874772487686
 -0.3299175087634103 -1.426593624689669
 -0.3525072412346398 -1.437424672326870
 -0.3731831801256166 -1.447213167245401
 -0.3919948188864678 -1.455750405542857
 -0.4090167202341247 -1.462788032975323
 -0.4243056313440733 -1.468119965664898
 -0.4379550549844500 -1.471587783337959
 -0.4501561648535348 -1.473002442301027
 -0.4611518039148670 -1.472144750189426
 -0.4711545991187354 -1.468874423442890
 -0.4803707285787963 -1.463160669139035
 -0.4890860123272892 -1.454968919354542
 -0.4976415319203459 -1.444217963781443
 -0.5063025604968466 -1.430923182889979
 -0.5152341753819876 -1.415273129393234
 -0.5246520688375652 -1.397434002325833
 -0.5348892043993135 -1.377386988324496
 -0.5461478892407795 -1.355222028546633
 -0.5581509481341662 -1.331664139354316
 -0.5716613444152496 -1.306009260660520
 -0.5861122905871703 -1.279349968839667
 -0.6019387984405671 -1.251308196378290
 -0.6191007733568167 -1.222117580230379
 -0.6374829301262033 -1.192122917928933
 -0.6571103427564126 -1.161453649591245
 -0.6780264322946435 -1.130140110508859
 -0.7001633517159309 -1.098322253574579
 -0.7234156051929015 -1.066211002418011
 -0.7477423171865470 -1.033930330211576
 -0.7731219483191486 -1.001519174529597
 -0.7994700026400525 -0.9690596847576952
 -0.8266712315443537 -0.9367008295997560
 -0.8546520757979356 -0.9045557266866561
 -0.8833596494853589 -0.8726640716790223
 -0.9126980474743599 -0.8410775946581799
 -0.9425426089209107 -0.8099112496661011
 -0.9727982224043783 -0.7792765035733737
 -1.003391201438911 -0.7492230831091441
 -1.034215917058030 -0.7197912703216166
 -1.065138659940305 -0.6910770728333896
 -1.096047643871941 -0.6631947521668559
 -1.126853010815672 -0.6362068805749989
 -1.157439459935793 -0.6101466361486280
 -1.187662458951186 -0.5850887973790887
 -1.217392637617762 -0.5611390363756140
 -1.246521525087855 -0.5383588621715750
 -1.274917640135002 -0.5167591230334828
 -1.302416733655493 -0.4963707795347970
 -1.328863386224352 -0.4772606303285545
 -1.354122732495165 -0.4594571319084000
 -1.378039583209713 -0.4429149720151098
 -1.400425074239882 -0.4275798686024463
 -1.421099902878912 -0.4134321102362675
 -1.439914957588663 -0.4004204693688525
 -1.456714242212847 -0.3883977314638674
 -1.471319957025562 -0.3771751461923171
 -1.483582001740977 -0.3666005271196870
 -1.493409931761728 -0.3565136883366353
 -1.500735617295978 -0.3466545467171765
 -1.505490653669373 -0.3367031979034183
 -1.507659865230131 -0.3264053597747467
 -1.507319673582041 -0.3155670803858406
 -1.504583052041470 -0.3039235483662094
 -1.499550211196737 -0.2911387732694972
 -1.492367107495232 -0.2769907120536128
 -1.483279571039035 -0.2614306799178889
 -1.472539380545116 -0.2443549814015231
 -1.460296724930810 -0.2254658549423953
 -1.446730649110054 -0.2046330679675517
 -1.432330448056662 -0.1824591694465995
 -1.416867869517368 -0.1579313837050883
 -1.401005718639567 -0.1320868513010570
 -1.384634085247570 -0.1043598072161332
 -1.367935257569483 -7.490179288559395E-02
 -1.351150196423189 -4.398504699623440E-02
 -1.334403537242374 -1.165257487906934E-02
 -1.317743261683747 2.211805955006141E-02
 -1.301256648995325 5.719812259756529E-02
 -1.285073616484919 9.339079038214115E-02
 -1.269281090299731 0.1305986770624034
 -1.253902021679426 0.1687836602029042
 -1.238965306103530 0.2078314894710501
 -1.224542329951524 0.2475678722953001
 -1.210694276348305 0.2878725456947878
 -1.197429079786677 0.3286798612929270
 -1.184743587265074 0.3698808977681612
 -1.172675021482100 0.4113102186417193
 -1.161272359869046 0.4528297215718490
 -1.150541823793674 0.4943507288253142
 -1.140465484049807 0.5357616220096659
 -1.131059631016856 0.5768986016445232
 -1.122367324968993 0.6176077272677527
 -1.114397826048238 0.6577798934098535
 -1.107122216906229 0.6972986575726237
 -1.100532991475570 0.7360014618832760
 -1.094656979365283 0.7737234323693183
 -1.089493213536997 0.8103398760044160
 -1.084985348251865 0.8457315025730769
 -1.081078071601166 0.8797405878922093
 -1.077751523202878 0.9121991354650238
 -1.074962914430195 0.9429761202286128
 -1.072595409086415 0.9719598004725760
 -1.070507565476472 0.9990137560872231
 -1.068592661644272 1.023992562090602
 -1.066731777463046 1.046792697876548
 -1.064719423326379 1.067352674078989
 -1.062303236791437 1.085612886783006
 -1.059276370396903 1.101519438545211
 -1.055454876777278 1.115074095001324
 -1.050579452442443 1.126347895583850
 -1.044338849754506 1.135441552286008
 -1.036505266111395 1.142469063668143
 -1.026948945003244 1.147593588753194
 -1.015497039714181 1.151045370988332
 -1.001908679276391 1.153079190511945
 -0.9860645469983850 1.153932470836366
 -0.9680453956570478 1.153842449475345
 -0.9478873117075511 1.153079020924310
 -0.9254075205314966 1.151921133382100
 -0.9005827598692745 1.150588960579082
 -0.8741794999224954 1.149204969907716
 -0.8452065251021180 1.148077876955432
 -0.8148934280523963 1.147263117538610
 -0.7826952868070030 1.146948389162157
 -0.7488344842126664 1.147215787344785
 -0.7136672662969860 1.148137870932699
 -0.6772931944859613 1.149801074712175
 -0.6397168293891029 1.152258170058920
 -0.6010932972793942 1.155520376172145
 -0.5616580112920180 1.159601792800152
 -0.5215387731131842 1.164529007273979
 -0.4807800733602772 1.170302834732501
 -0.4394953034634775 1.176891174228745
 -0.3978710984071704 1.184268701895056
 -0.3560422005503698 1.192428272381444
 -0.3140694303013180 1.201343932971949
 -0.2720455397907146 1.210958492426341
 -0.2301324125611890 1.221221468307820
 -0.1884741374646673 1.232106225145223
 -0.1471506223547627 1.243573811934458
 -0.1062495669917768 1.255552892331283
 -6.592097107655182E-02 1.267975674477913
 -2.631968109705141E-02 1.280802479434608
 1.245518476743468E-02 1.293986773984852
 5.031724302956397E-02 1.307445293721252
 8.712946747561634E-02 1.321090259262365
 0.1227356582524792 1.334862468744932
 0.1570283115508582 1.348698738175991
 0.1899322918831365 1.362490625606560
 0.2213386620543273 1.376111367427006
 0.2511118630214741 1.389459765793578
 0.2791598180649705 1.402433252137013
 0.3054441741232976 1.414874772487686
 0.3299175087634103 1.426593624689669
 0.3525072412346398 1.437424672326870
 0.3731831801256166 1.447213167245401
 0.3919948188864678 1.455750405542857
 0.4090167202341247 1.462788032975323
 0.4243056313440733 1.468119965664898
 0.4379550549844500 1.471587783337959
 0.4501561648535348 1.473002442301027
 0.4611518039148670 1.472144750189426
 0.4711545991187354 1.468874423442890
 0.4803707285787963 1.463160669139035
 0.4890860123272892 1.454968919354542
 0.4976415319203459 1.444217963781443
 0.5063025604968466 1.430923182889979
 0.5152341753819876 1.415273129393234
 0.5246520688375652 1.397434002325833
 0.5348892043993135 1.377386988324496
 0.5461478892407795 1.355222028546633
 0.5581509481341662 1.331664139354316
 0.5716613444152496 1.306009260660520
 0.5861122905871703 1.279349968839667
 0.6019387984405671 1.251308196378290
 0.6191007733568167 1.222117580230379
 0.6374829301262033 1.192122917928933
 0.6571103427564126 1.161453649591245
 0.6780264322946435 1.130140110508859
 0.7001633517159309 1.098322253574579
 0.7234156051929015 1.066211002418011
 0.7477423171865470 1.033930330211576
 0.7731219483191486 1.001519174529597
 0.7994700026400525 0.9690596847576952
 0.8266712315443537 0.9367008295997560
 0.8546520757979356 0.9045557266866561
 0.8833596494853589 0.8726640716790223
 0.9126980474743599 0.8410775946581799
 0.9425426089209107 0.8099112496661011
 0.9727982224043783 0.7792765035733737
 1.003391201438911 0.7492230831091441
 1.034215917058030 0.7197912703216166
 1.065138659940305 0.6910770728333896
 1.096047643871941 0.6631947521668559
 1.126853010815672 0.6362068805749989
 1.157439459935793 0.6101466361486280
 1.187662458951186 0.5850887973790887
 1.217392637617762 0.5611390363756140
 1.246521525087855 0.5383588621715750
 1.274917640135002 0.5167591230334828
 1.302416733655493 0.4963707795347970
 1.328863386224352 0.4772606303285545
 1.354122732495165 0.4594571319084000
 1.378039583209713 0.4429149720151098
 1.400425074239882 0.4275798686024463
 1.421099902878912 0.4134321102362675
 1.439914957588663 0.4004204693688525
 1.456714242212847 0.3883977314638674
 1.471319957025562 0.3771751461923171
 1.483582001740977 0.3666005271196870
 1.493409931761728 0.3565136883366353
 1.500735617295978 0.3466545467171765
 1.505490653669373 0.3367031979034183
 1.507659865230131 0.3264053597747467
 1.507319673582041 0.3155670803858406
 1.504583052041470 0.3039235483662094
 1.499550211196737 0.2911387732694972
 1.492367107495232 0.2769907120536128
 1.483279571039035 0.2614306799178889
 1.472539380545116 0.2443549814015231
 1.460296724930810 0.2254658549423953
 1.446730649110054 0.2046330679675517
 1.432330448056662 0.1824591694465995
   
   
 #BODY NUMBER  6
 -1.321714785923678 2.437641189292355
 -1.271343237169285 2.463344585167728
 -1.220659988705728 2.488317369022834
 -1.169538130845580 2.512219974545117
 -1.118016600260513 2.535093028993002
 -1.066147786167210 2.557046243700397
 -1.013924173372073 2.578061095222648
 -0.9613309659231805 2.598067243225989
 -0.9083911787311065 2.617068454324959
 -0.8551324116251711 2.635113478370454
 -0.8015526013338126 2.652200233262043
 -0.7476446434922638 2.668281732717140
 -0.6934253705634532 2.683343111195626
 -0.6389163160398607 2.697409809460504
 -0.5841181337954114 2.710484203178331
 -0.5290266066045184 2.722527600818688
 -0.4736565717428127 2.733512325238189
 -0.4180287397844737 2.743446596885216
 -0.3621472316216584 2.752332008581443
 -0.3060111723856144 2.760133367709045
 -0.2496370699081871 2.766812413270235
 -0.1930494632303499 2.772361815293675
 -0.1362593386756770 2.776779751970463
 -7.927268924076691E-02 2.780033424695492
 -2.211305045584111E-02 2.782077091507037
 3.518482318431215E-02 2.782890982517817
 9.259716020994091E-02 2.782471716506299
 0.1501055479668005 2.780793554799098
 0.2076734301744168 2.777811924691947
 0.2652499182354751 2.773503976330688
 0.3227942903966621 2.767874308379894
 0.3802742011711717 2.760916925194849
 0.4376407790589860 2.752603860116069
 0.4948299596068488 2.742923393206332
 0.5517907603819590 2.731900285037161
 0.6084881090826311 2.719560566300394
 0.6648747672566415 2.705903448929121
 0.7208881686302412 2.690932627717480
 0.7764830090444228 2.674691610768519
 0.8316391433010482 2.657235387156281
 0.8863268604680333 2.638584009627579
 0.9404955938595092 2.618742625534591
 0.9941132563467289 2.597756299441712
 1.047182909048935 2.575696768900456
 1.099696676896512 2.552593333270784
 1.151610068738976 2.528432123745116
 1.202896800324047 2.503241164422846
 1.253587412497835 2.477110883403831
 1.303696324221977 2.450081623202953
 1.353152937296253 2.422081111182949
 1.401917854155226 2.393099796468007
 1.450201802276652 2.363459175813593
 1.497647370445450 2.332687832902010
 1.544616059898968 2.301281244113804
 1.590877252427977 2.268959719279399
 1.636446663934524 2.235777292174817
 1.681393112612513 2.201834188859543
 1.725704314285110 2.167114639262676
 1.769326750412320 2.131570659547101
 1.812252175522737 2.095224064517308
 1.854509008311004 2.058123131252076
 1.896096477261037 2.020265031855604
 1.936977443240871 1.981620120626230
 1.977130616083657 1.942195542134401
 2.016567261390208 1.902022665313138
 2.055289109611151 1.861103244267149
 2.093264761511024 1.819414281006734
 2.130462829342736 1.776954786417817
 2.166880076936327 1.733746806607957
 2.202515823269750 1.689794706785285
 2.237340028076321 1.645080132982324
 2.271311302444059 1.599598250901920
 2.304411028911089 1.553366646991270
 2.336632136582835 1.506393924781235
 2.367943224535766 1.458668875056560
 2.398292911303898 1.410189009203444
 2.427646698415222 1.360974540553630
 2.455989771911118 1.311044365193043
 2.483290635119454 1.260401559611316
 2.509492408805780 1.209055496123874
 2.534549860117268 1.157038820621677
 2.558446610737603 1.104389098509866
 2.581161295542746 1.051131343979355
 2.602645258945116 0.9972938976609396
 2.622856318954721 0.9429263810300074
 2.641790427639109 0.8880853264542717
 2.659452592087851 0.8328141227838814
 2.675818510588868 0.7771532856850428
 2.690860099790871 0.7211588465373105
 2.704592386736869 0.6648917939448071
 2.717052920762842 0.6083970686979054
 2.728244212590904 0.5517104275919666
 2.738145436615870 0.4948782363376285
 2.746779576330943 0.4379508154857170
 2.754210288837759 0.3809613828049605
 2.760459010591553 0.3239314079856854
 2.765491485277398 0.2668924870906615
 2.769318840351147 0.2098813949997804
 2.772034659267548 0.1529168966143877
 2.773681089150159 9.600667600485013E-02
 2.774160240959001 3.917573668738816E-02
 2.773444144610276 -1.754657748338984E-02
 2.771916588200330 -7.418201347876163E-02
 2.768990607614735 -0.1306567522657185
 2.765276048604696 -0.1870361249090308
 2.760415383273557 -0.2432602552657174
 2.754463264195037 -0.2993157368181850
 2.747540898779724 -0.3552120548408548
 2.739628487657182 -0.4109464559599719
 2.730657716335501 -0.4664965836788876
 2.720643354253843 -0.5218443898076510
 2.709641419936175 -0.5769903471183776
 2.697649078594849 -0.6319352014064393
 2.684622086733135 -0.6866616120909098
 2.670555986647110 -0.7411475690612245
 2.655483577430069 -0.7953871441473657
 2.639407243406562 -0.8493809589111814
 2.622291368115543 -0.9031133198119550
 2.604119401085549 -0.9565575388203721
 2.584908816720801 -1.009699790277260
 2.564663054891409 -1.062537301796158
 2.543351200461936 -1.115053234726722
 2.520948372352246 -1.167214162368316
 2.497460492141439 -1.218995168302404
 2.472891475258512 -1.270385827189228
 2.447215913776533 -1.321364549638933
 2.420405961759739 -1.371888082303593
 2.392461875230909 -1.421916441964187
 2.363392611701177 -1.471427351313256
 2.333185087152653 -1.520391995187782
 2.301818978631363 -1.568756428568072
 2.269299941881793 -1.616465155709011
 2.235652320340940 -1.663485209870028
 2.200887094371574 -1.709785581215493
 2.165004479886130 -1.755309962455129
 2.128026359347872 -1.799997012176325
 2.089999667257151 -1.843814958582889
 2.050964483005219 -1.886746443516512
 2.010943743332227 -1.928750163244078
 1.969971931160630 -1.969773781180169
 1.928109377692446 -2.009799816823712
 1.885413777461793 -2.048838318458376
 1.841917352122870 -2.086873582035612
 1.797649842756361 -2.123864389196962
 1.752666319984214 -2.159805483955995
 1.707027379788824 -2.194735386095495
 1.660762333695042 -2.228661925285099
 1.613881416538422 -2.261539636654455
 1.566422040027100 -2.293359769423065
 1.518447246769713 -2.324193986789443
 1.469984764928182 -2.354074947198103
 1.421007303662749 -2.382905374495561
 1.371526290455051 -2.410646373951397
 1.321714785923678 -2.437641189292355
 1.271343237169285 -2.463344585167728
 1.220659988705728 -2.488317369022834
 1.169538130845580 -2.512219974545117
 1.118016600260513 -2.535093028993002
 1.066147786167210 -2.557046243700397
 1.013924173372073 -2.578061095222648
 0.9613309659231805 -2.598067243225989
 0.9083911787311065 -2.617068454324959
 0.8551324116251711 -2.635113478370454
 0.8015526013338126 -2.652200233262043
 0.7476446434922638 -2.668281732717140
 0.6934253705634532 -2.683343111195626
 0.6389163160398607 -2.697409809460504
 0.5841181337954114 -2.710484203178331
 0.5290266066045184 -2.722527600818688
 0.4736565717428127 -2.733512325238189
 0.4180287397844737 -2.743446596885216
 0.3621472316216584 -2.752332008581443
 0.3060111723856144 -2.760133367709045
 0.2496370699081871 -2.766812413270235
 0.1930494632303499 -2.772361815293675
 0.1362593386756770 -2.776779751970463
 7.927268924076691E-02 -2.780033424695492
 2.211305045584111E-02 -2.782077091507037
 -3.518482318431215E-02 -2.782890982517817
 -9.259716020994091E-02 -2.782471716506299
 -0.1501055479668005 -2.780793554799098
 -0.2076734301744168 -2.777811924691947
 -0.2652499182354751 -2.773503976330688
 -0.3227942903966621 -2.767874308379894
 -0.3802742011711717 -2.760916925194849
 -0.4376407790589860 -2.752603860116069
 -0.4948299596068488 -2.742923393206332
 -0.5517907603819590 -2.731900285037161
 -0.6084881090826311 -2.719560566300394
 -0.6648747672566415 -2.705903448929121
 -0.7208881686302412 -2.690932627717480
 -0.7764830090444228 -2.674691610768519
 -0.8316391433010482 -2.657235387156281
 -0.8863268604680333 -2.638584009627579
 -0.9404955938595092 -2.618742625534591
 -0.9941132563467289 -2.597756299441712
 -1.047182909048935 -2.575696768900456
 -1.099696676896512 -2.552593333270784
 -1.151610068738976 -2.528432123745116
 -1.202896800324047 -2.503241164422846
 -1.253587412497835 -2.477110883403831
 -1.303696324221977 -2.450081623202953
 -1.353152937296253 -2.422081111182949
 -1.401917854155226 -2.393099796468007
 -1.450201802276652 -2.363459175813593
 -1.497647370445450 -2.332687832902010
 -1.544616059898968 -2.301281244113804
 -1.590877252427977 -2.268959719279399
 -1.636446663934524 -2.235777292174817
 -1.681393112612513 -2.201834188859543
 -1.725704314285110 -2.167114639262676
 -1.769326750412320 -2.131570659547101
 -1.812252175522737 -2.095224064517308
 -1.854509008311004 -2.058123131252076
 -1.896096477261037 -2.020265031855604
 -1.936977443240871 -1.981620120626230
 -1.977130616083657 -1.942195542134401
 -2.016567261390208 -1.902022665313138
 -2.055289109611151 -1.861103244267149
 -2.093264761511024 -1.819414281006734
 -2.130462829342736 -1.776954786417817
 -2.166880076936327 -1.733746806607957
 -2.202515823269750 -1.689794706785285
 -2.237340028076321 -1.645080132982324
 -2.271311302444059 -1.599598250901920
 -2.304411028911089 -1.553366646991270
 -2.336632136582835 -1.506393924781235
 -2.367943224535766 -1.458668875056560
 -2.398292911303898 -1.410189009203444
 -2.427646698415222 -1.360974540553630
 -2.455989771911118 -1.311044365193043
 -2.483290635119454 -1.260401559611316
 -2.509492408805780 -1.209055496123874
 -2.534549860117268 -1.157038820621677
 -2.558446610737603 -1.104389098509866
 -2.581161295542746 -1.051131343979355
 -2.602645258945116 -0.9972938976609396
 -2.622856318954721 -0.9429263810300074
 -2.641790427639109 -0.8880853264542717
 -2.659452592087851 -0.8328141227838814
 -2.675818510588868 -0.7771532856850428
 -2.690860099790871 -0.7211588465373105
 -2.704592386736869 -0.6648917939448071
 -2.717052920762842 -0.6083970686979054
 -2.728244212590904 -0.5517104275919666
 -2.738145436615870 -0.4948782363376285
 -2.746779576330943 -0.4379508154857170
 -2.754210288837759 -0.3809613828049605
 -2.760459010591553 -0.3239314079856854
 -2.765491485277398 -0.2668924870906615
 -2.769318840351147 -0.2098813949997804
 -2.772034659267548 -0.1529168966143877
 -2.773681089150159 -9.600667600485013E-02
 -2.774160240959001 -3.917573668738816E-02
 -2.773444144610276 1.754657748338984E-02
 -2.771916588200330 7.418201347876163E-02
 -2.768990607614735 0.1306567522657185
 -2.765276048604696 0.1870361249090308
 -2.760415383273557 0.2432602552657174
 -2.754463264195037 0.2993157368181850
 -2.747540898779724 0.3552120548408548
 -2.739628487657182 0.4109464559599719
 -2.730657716335501 0.4664965836788876
 -2.720643354253843 0.5218443898076510
 -2.709641419936175 0.5769903471183776
 -2.697649078594849 0.6319352014064393
 -2.684622086733135 0.6866616120909098
 -2.670555986647110 0.7411475690612245
 -2.655483577430069 0.7953871441473657
 -2.639407243406562 0.8493809589111814
 -2.622291368115543 0.9031133198119550
 -2.604119401085549 0.9565575388203721
 -2.584908816720801 1.009699790277260
 -2.564663054891409 1.062537301796158
 -2.543351200461936 1.115053234726722
 -2.520948372352246 1.167214162368316
 -2.497460492141439 1.218995168302404
 -2.472891475258512 1.270385827189228
 -2.447215913776533 1.321364549638933
 -2.420405961759739 1.371888082303593
 -2.392461875230909 1.421916441964187
 -2.363392611701177 1.471427351313256
 -2.333185087152653 1.520391995187782
 -2.301818978631363 1.568756428568072
 -2.269299941881793 1.616465155709011
 -2.235652320340940 1.663485209870028
 -2.200887094371574 1.709785581215493
 -2.165004479886130 1.755309962455129
 -2.128026359347872 1.799997012176325
 -2.089999667257151 1.843814958582889
 -2.050964483005219 1.886746443516512
 -2.010943743332227 1.928750163244078
 -1.969971931160630 1.969773781180169
 -1.928109377692446 2.009799816823712
 -1.885413777461793 2.048838318458376
 -1.841917352122870 2.086873582035612
 -1.797649842756361 2.123864389196962
 -1.752666319984214 2.159805483955995
 -1.707027379788824 2.194735386095495
 -1.660762333695042 2.228661925285099
 -1.613881416538422 2.261539636654455
 -1.566422040027100 2.293359769423065
 -1.518447246769713 2.324193986789443
 -1.469984764928182 2.354074947198103
 -1.421007303662749 2.382905374495561
 -1.371526290455051 2.410646373951397
 -1.321714785923678 2.437641189292355
   
   
