 # action(x) =  31.16967142044241
 # |grad_action(x)| =  1.999885635565138E-04
 # PRINTSTEPS = 50
 #
 #BODY NUMBER  1
 3.734660513188459 -0.9304076188202259
 3.714666115040719 -0.9457897761302144
 3.693975712414454 -0.9609383383524319
 3.672245000539904 -0.9757277235640404
 3.649494174240584 -0.9901570140774445
 3.625836066924796 -1.004271338684306
 3.601264641736454 -1.018078486318671
 3.575696276386913 -1.031546436774860
 3.549107813327622 -1.044659325243263
 3.521542908235873 -1.057437543087033
 3.493006372852606 -1.069894949281262
 3.463432099738773 -1.082008351168307
 3.432765001606427 -1.093748789305599
 3.401007977617704 -1.105116512214166
 3.368158284624023 -1.116116715112732
 3.334150760034789 -1.126719017049843
 3.298906647478888 -1.136872878873484
 3.262398783332116 -1.146550437465224
 3.224617905703743 -1.155737887946615
 3.185502543857821 -1.164389446303975
 3.144959380872087 -1.172427041749996
 3.102937839424527 -1.179786107502502
 3.059424486476045 -1.186421923444971
 3.014367869854689 -1.192261708776736
 2.967672559223381 -1.197188862573641
 2.919277574920911 -1.201089039272173
 2.869179317493446 -1.203872739412661
 2.817357952777530 -1.205429886119082
 2.763745346101717 -1.205599480449411
 2.708301829234738 -1.204214825908424
 2.651068248593304 -1.201145969539536
 2.592098471560314 -1.196263036032531
 2.531397128374977 -1.189392691438730
 2.468984619218952 -1.180360945875155
 2.404975458311109 -1.169058161923021
 2.339517674547741 -1.155414103091752
 2.272690606906008 -1.139334464653992
 2.204544827490581 -1.120728901679214
 2.135209190776722 -1.099592470066405
 2.064848601660855 -1.075988051283864
 1.993520403172063 -1.049947976830611
 1.921185347969130 -1.021472042192371
 1.847865600051110 -0.9906314594782583
 1.773650642144144 -0.9575748460913551
 1.698503115930749 -0.9223908090485471
 1.622215699751782 -0.8850670112905763
 1.544650219600633 -0.8456491868050586
 1.465839621298723 -0.8043157956760634
 1.385673567407326 -0.7611649820486749
 1.303672688753527 -0.7160569373997621
 1.219479274790044 -0.6689533614536776
 1.133685369684116 -0.6204943925945656
 1.044462127538410 -0.5696311031120714
 0.9529509448518333 -0.5177692610518292
 0.8577372881671369 -0.4641535327531955
 0.7581777114410425 -0.4087566771286167
 0.6537177730629036 -0.3523145766548771
 0.5434512897704278 -0.2955770691016323
 0.4259178429406513 -0.2390369368632146
 0.2991230000127723 -0.1842918481063519
 0.1616088077234226 -0.1356399990381175
 1.464804657425930E-02 -9.915867564208979E-02
 -0.1366124080222558 -7.910012827651267E-02
 -0.2852078706082916 -7.497953438289848E-02
 -0.4262444004890588 -8.233100590861613E-02
 -0.5587716726623114 -9.608513450855333E-02
 -0.6841653657466067 -0.1130518639706081
 -0.8036274265709281 -0.1318310838309403
 -0.9176178730895228 -0.1515783767851603
 -1.026724323131190 -0.1714900829335315
 -1.131880889651744 -0.1910520522828352
 -1.233703544304463 -0.2101009229033322
 -1.332309949864225 -0.2285045938157734
 -1.427900083909437 -0.2460071087124941
 -1.520991885047078 -0.2623981124946806
 -1.611960149939142 -0.2776148646111111
 -1.700800014361689 -0.2916043577197229
 -1.787526768020875 -0.3042176251162762
 -1.872436100325336 -0.3152985028973270
 -1.955769894633975 -0.3247727783456105
 -2.037446279627246 -0.3325864939159454
 -2.117343745662864 -0.3386292975677299
 -2.195582479908921 -0.3427794440740061
 -2.272288003742794 -0.3449771725023604
 -2.347306515894300 -0.3452049403680491
 -2.420407556657241 -0.3434344870697631
 -2.491583709331966 -0.3396444908368913
 -2.560896633787206 -0.3338714876395155
 -2.628188621368375 -0.3262054980589998
 -2.693220524494883 -0.3167489115531852
 -2.755977822424506 -0.3056101351790235
 -2.816572597539154 -0.2929262766143456
 -2.874943470899975 -0.2788611356706144
 -2.930935494517632 -0.2635782844104696
 -2.984604640776182 -0.2472282144635360
 -3.036150616958321 -0.2299541037732131
 -3.085598113708085 -0.2118942420313457
 -3.132851897556498 -0.1931787586495660
 -3.178029293879516 -0.1739263531969639
 -3.221382530113925 -0.1542344842494800
 -3.262902038314244 -0.1341732052218915
 -3.302474892814762 -0.1138128058188961
 -3.340641865492003 -9.327376099653861E-02
 -3.376738695687269 -7.251148879385515E-02
 -3.411692419456676 -5.166032169493937E-02
 -3.445009993076887 -3.070095230308424E-02
 -3.476823195399789 -9.673205174164246E-03
 -3.507367614871851 1.138476492614482E-02
 -3.536662975221470 3.246325635735013E-02
 -3.564647918903717 5.355827358042537E-02
 -3.591383103432146 7.465433701809246E-02
 -3.616993644902359 9.573873607543865E-02
 -3.641514206286838 0.1168138455439221
 -3.664908368736592 0.1378851852039504
 -3.687193343945470 0.1589497047818381
 -3.708443498307278 0.1800042185778725
 -3.728687776255149 0.2010545576859787
 -3.747891934424531 0.2221072218071797
 -3.766045640807198 0.2431600571145623
 -3.783192858588165 0.2642094174415426
 -3.799360142497272 0.2852592575243988
 -3.814518351088385 0.3063146960340790
 -3.828641720256183 0.3273727987961437
 -3.841752674254847 0.3484282294998902
 -3.853874820032900 0.3694824989748325
 -3.864983603465742 0.3905386813535129
 -3.875042213920798 0.4115915023320026
 -3.884054371059530 0.4326316600342879
 -3.892039438066885 0.4536558185330931
 -3.898977930374420 0.4746624806218013
 -3.904826402949268 0.4956409331436646
 -3.909573502683732 0.5165742445943008
 -3.913236203234267 0.5374506640344874
 -3.915804904662783 0.5582611198196605
 -3.917238095381672 0.5789868423175858
 -3.917517274264104 0.5996010811771404
 -3.916663932173002 0.6200828936547417
 -3.914688276835939 0.6404171743748409
 -3.911562745132341 0.6605806113866680
 -3.907270327038775 0.6805415620839158
 -3.901842377707664 0.7002769275300263
 -3.895315381080124 0.7197752598492875
 -3.887680792394157 0.7390192623323355
 -3.878920122360474 0.7579815686785452
 -3.869066952268911 0.7766453834115927
 -3.858180460490465 0.7950119969122638
 -3.846266528435973 0.8130768328049209
 -3.833288388098005 0.8308173919612204
 -3.819264566841466 0.8482218829419182
 -3.804280673092578 0.8653079462215071
 -3.788359566301266 0.8820844013976399
 -3.771402024349560 0.8985166522755436
 -3.753387178077112 0.9145872098763476
 -3.734660513188459 0.9304076188202259
 -3.714666115040719 0.9457897761302144
 -3.693975712414454 0.9609383383524319
 -3.672245000539904 0.9757277235640404
 -3.649494174240584 0.9901570140774445
 -3.625836066924796 1.004271338684306
 -3.601264641736454 1.018078486318671
 -3.575696276386913 1.031546436774860
 -3.549107813327622 1.044659325243263
 -3.521542908235873 1.057437543087033
 -3.493006372852606 1.069894949281262
 -3.463432099738773 1.082008351168307
 -3.432765001606427 1.093748789305599
 -3.401007977617704 1.105116512214166
 -3.368158284624023 1.116116715112732
 -3.334150760034789 1.126719017049843
 -3.298906647478888 1.136872878873484
 -3.262398783332116 1.146550437465224
 -3.224617905703743 1.155737887946615
 -3.185502543857821 1.164389446303975
 -3.144959380872087 1.172427041749996
 -3.102937839424527 1.179786107502502
 -3.059424486476045 1.186421923444971
 -3.014367869854689 1.192261708776736
 -2.967672559223381 1.197188862573641
 -2.919277574920911 1.201089039272173
 -2.869179317493446 1.203872739412661
 -2.817357952777530 1.205429886119082
 -2.763745346101717 1.205599480449411
 -2.708301829234738 1.204214825908424
 -2.651068248593304 1.201145969539536
 -2.592098471560314 1.196263036032531
 -2.531397128374977 1.189392691438730
 -2.468984619218952 1.180360945875155
 -2.404975458311109 1.169058161923021
 -2.339517674547741 1.155414103091752
 -2.272690606906008 1.139334464653992
 -2.204544827490581 1.120728901679214
 -2.135209190776722 1.099592470066405
 -2.064848601660855 1.075988051283864
 -1.993520403172063 1.049947976830611
 -1.921185347969130 1.021472042192371
 -1.847865600051110 0.9906314594782583
 -1.773650642144144 0.9575748460913551
 -1.698503115930749 0.9223908090485471
 -1.622215699751782 0.8850670112905763
 -1.544650219600633 0.8456491868050586
 -1.465839621298723 0.8043157956760634
 -1.385673567407326 0.7611649820486749
 -1.303672688753527 0.7160569373997621
 -1.219479274790044 0.6689533614536776
 -1.133685369684116 0.6204943925945656
 -1.044462127538410 0.5696311031120714
 -0.9529509448518333 0.5177692610518292
 -0.8577372881671369 0.4641535327531955
 -0.7581777114410425 0.4087566771286167
 -0.6537177730629036 0.3523145766548771
 -0.5434512897704278 0.2955770691016323
 -0.4259178429406513 0.2390369368632146
 -0.2991230000127723 0.1842918481063519
 -0.1616088077234226 0.1356399990381175
 -1.464804657425930E-02 9.915867564208979E-02
 0.1366124080222558 7.910012827651267E-02
 0.2852078706082916 7.497953438289848E-02
 0.4262444004890588 8.233100590861613E-02
 0.5587716726623114 9.608513450855333E-02
 0.6841653657466067 0.1130518639706081
 0.8036274265709281 0.1318310838309403
 0.9176178730895228 0.1515783767851603
 1.026724323131190 0.1714900829335315
 1.131880889651744 0.1910520522828352
 1.233703544304463 0.2101009229033322
 1.332309949864225 0.2285045938157734
 1.427900083909437 0.2460071087124941
 1.520991885047078 0.2623981124946806
 1.611960149939142 0.2776148646111111
 1.700800014361689 0.2916043577197229
 1.787526768020875 0.3042176251162762
 1.872436100325336 0.3152985028973270
 1.955769894633975 0.3247727783456105
 2.037446279627246 0.3325864939159454
 2.117343745662864 0.3386292975677299
 2.195582479908921 0.3427794440740061
 2.272288003742794 0.3449771725023604
 2.347306515894300 0.3452049403680491
 2.420407556657241 0.3434344870697631
 2.491583709331966 0.3396444908368913
 2.560896633787206 0.3338714876395155
 2.628188621368375 0.3262054980589998
 2.693220524494883 0.3167489115531852
 2.755977822424506 0.3056101351790235
 2.816572597539154 0.2929262766143456
 2.874943470899975 0.2788611356706144
 2.930935494517632 0.2635782844104696
 2.984604640776182 0.2472282144635360
 3.036150616958321 0.2299541037732131
 3.085598113708085 0.2118942420313457
 3.132851897556498 0.1931787586495660
 3.178029293879516 0.1739263531969639
 3.221382530113925 0.1542344842494800
 3.262902038314244 0.1341732052218915
 3.302474892814762 0.1138128058188961
 3.340641865492003 9.327376099653861E-02
 3.376738695687269 7.251148879385515E-02
 3.411692419456676 5.166032169493937E-02
 3.445009993076887 3.070095230308424E-02
 3.476823195399789 9.673205174164246E-03
 3.507367614871851 -1.138476492614482E-02
 3.536662975221470 -3.246325635735013E-02
 3.564647918903717 -5.355827358042537E-02
 3.591383103432146 -7.465433701809246E-02
 3.616993644902359 -9.573873607543865E-02
 3.641514206286838 -0.1168138455439221
 3.664908368736592 -0.1378851852039504
 3.687193343945470 -0.1589497047818381
 3.708443498307278 -0.1800042185778725
 3.728687776255149 -0.2010545576859787
 3.747891934424531 -0.2221072218071797
 3.766045640807198 -0.2431600571145623
 3.783192858588165 -0.2642094174415426
 3.799360142497272 -0.2852592575243988
 3.814518351088385 -0.3063146960340790
 3.828641720256183 -0.3273727987961437
 3.841752674254847 -0.3484282294998902
 3.853874820032900 -0.3694824989748325
 3.864983603465742 -0.3905386813535129
 3.875042213920798 -0.4115915023320026
 3.884054371059530 -0.4326316600342879
 3.892039438066885 -0.4536558185330931
 3.898977930374420 -0.4746624806218013
 3.904826402949268 -0.4956409331436646
 3.909573502683732 -0.5165742445943008
 3.913236203234267 -0.5374506640344874
 3.915804904662783 -0.5582611198196605
 3.917238095381672 -0.5789868423175858
 3.917517274264104 -0.5996010811771404
 3.916663932173002 -0.6200828936547417
 3.914688276835939 -0.6404171743748409
 3.911562745132341 -0.6605806113866680
 3.907270327038775 -0.6805415620839158
 3.901842377707664 -0.7002769275300263
 3.895315381080124 -0.7197752598492875
 3.887680792394157 -0.7390192623323355
 3.878920122360474 -0.7579815686785452
 3.869066952268911 -0.7766453834115927
 3.858180460490465 -0.7950119969122638
 3.846266528435973 -0.8130768328049209
 3.833288388098005 -0.8308173919612204
 3.819264566841466 -0.8482218829419182
 3.804280673092578 -0.8653079462215071
 3.788359566301266 -0.8820844013976399
 3.771402024349560 -0.8985166522755436
 3.753387178077112 -0.9145872098763476
 3.734660513188459 -0.9304076188202259
   
   
 #BODY NUMBER  2
 -1.133685369684116 0.6204943925945656
 -1.044462127538410 0.5696311031120714
 -0.9529509448518333 0.5177692610518292
 -0.8577372881671369 0.4641535327531955
 -0.7581777114410425 0.4087566771286167
 -0.6537177730629036 0.3523145766548771
 -0.5434512897704278 0.2955770691016323
 -0.4259178429406513 0.2390369368632146
 -0.2991230000127723 0.1842918481063519
 -0.1616088077234226 0.1356399990381175
 -1.464804657425930E-02 9.915867564208979E-02
 0.1366124080222558 7.910012827651267E-02
 0.2852078706082916 7.497953438289848E-02
 0.4262444004890588 8.233100590861613E-02
 0.5587716726623114 9.608513450855333E-02
 0.6841653657466067 0.1130518639706081
 0.8036274265709281 0.1318310838309403
 0.9176178730895228 0.1515783767851603
 1.026724323131190 0.1714900829335315
 1.131880889651744 0.1910520522828352
 1.233703544304463 0.2101009229033322
 1.332309949864225 0.2285045938157734
 1.427900083909437 0.2460071087124941
 1.520991885047078 0.2623981124946806
 1.611960149939142 0.2776148646111111
 1.700800014361689 0.2916043577197229
 1.787526768020875 0.3042176251162762
 1.872436100325336 0.3152985028973270
 1.955769894633975 0.3247727783456105
 2.037446279627246 0.3325864939159454
 2.117343745662864 0.3386292975677299
 2.195582479908921 0.3427794440740061
 2.272288003742794 0.3449771725023604
 2.347306515894300 0.3452049403680491
 2.420407556657241 0.3434344870697631
 2.491583709331966 0.3396444908368913
 2.560896633787206 0.3338714876395155
 2.628188621368375 0.3262054980589998
 2.693220524494883 0.3167489115531852
 2.755977822424506 0.3056101351790235
 2.816572597539154 0.2929262766143456
 2.874943470899975 0.2788611356706144
 2.930935494517632 0.2635782844104696
 2.984604640776182 0.2472282144635360
 3.036150616958321 0.2299541037732131
 3.085598113708085 0.2118942420313457
 3.132851897556498 0.1931787586495660
 3.178029293879516 0.1739263531969639
 3.221382530113925 0.1542344842494800
 3.262902038314244 0.1341732052218915
 3.302474892814762 0.1138128058188961
 3.340641865492003 9.327376099653861E-02
 3.376738695687269 7.251148879385515E-02
 3.411692419456676 5.166032169493937E-02
 3.445009993076887 3.070095230308424E-02
 3.476823195399789 9.673205174164246E-03
 3.507367614871851 -1.138476492614482E-02
 3.536662975221470 -3.246325635735013E-02
 3.564647918903717 -5.355827358042537E-02
 3.591383103432146 -7.465433701809246E-02
 3.616993644902359 -9.573873607543865E-02
 3.641514206286838 -0.1168138455439221
 3.664908368736592 -0.1378851852039504
 3.687193343945470 -0.1589497047818381
 3.708443498307278 -0.1800042185778725
 3.728687776255149 -0.2010545576859787
 3.747891934424531 -0.2221072218071797
 3.766045640807198 -0.2431600571145623
 3.783192858588165 -0.2642094174415426
 3.799360142497272 -0.2852592575243988
 3.814518351088385 -0.3063146960340790
 3.828641720256183 -0.3273727987961437
 3.841752674254847 -0.3484282294998902
 3.853874820032900 -0.3694824989748325
 3.864983603465742 -0.3905386813535129
 3.875042213920798 -0.4115915023320026
 3.884054371059530 -0.4326316600342879
 3.892039438066885 -0.4536558185330931
 3.898977930374420 -0.4746624806218013
 3.904826402949268 -0.4956409331436646
 3.909573502683732 -0.5165742445943008
 3.913236203234267 -0.5374506640344874
 3.915804904662783 -0.5582611198196605
 3.917238095381672 -0.5789868423175858
 3.917517274264104 -0.5996010811771404
 3.916663932173002 -0.6200828936547417
 3.914688276835939 -0.6404171743748409
 3.911562745132341 -0.6605806113866680
 3.907270327038775 -0.6805415620839158
 3.901842377707664 -0.7002769275300263
 3.895315381080124 -0.7197752598492875
 3.887680792394157 -0.7390192623323355
 3.878920122360474 -0.7579815686785452
 3.869066952268911 -0.7766453834115927
 3.858180460490465 -0.7950119969122638
 3.846266528435973 -0.8130768328049209
 3.833288388098005 -0.8308173919612204
 3.819264566841466 -0.8482218829419182
 3.804280673092578 -0.8653079462215071
 3.788359566301266 -0.8820844013976399
 3.771402024349560 -0.8985166522755436
 3.753387178077112 -0.9145872098763476
 3.734660513188459 -0.9304076188202259
 3.714666115040719 -0.9457897761302144
 3.693975712414454 -0.9609383383524319
 3.672245000539904 -0.9757277235640404
 3.649494174240584 -0.9901570140774445
 3.625836066924796 -1.004271338684306
 3.601264641736454 -1.018078486318671
 3.575696276386913 -1.031546436774860
 3.549107813327622 -1.044659325243263
 3.521542908235873 -1.057437543087033
 3.493006372852606 -1.069894949281262
 3.463432099738773 -1.082008351168307
 3.432765001606427 -1.093748789305599
 3.401007977617704 -1.105116512214166
 3.368158284624023 -1.116116715112732
 3.334150760034789 -1.126719017049843
 3.298906647478888 -1.136872878873484
 3.262398783332116 -1.146550437465224
 3.224617905703743 -1.155737887946615
 3.185502543857821 -1.164389446303975
 3.144959380872087 -1.172427041749996
 3.102937839424527 -1.179786107502502
 3.059424486476045 -1.186421923444971
 3.014367869854689 -1.192261708776736
 2.967672559223381 -1.197188862573641
 2.919277574920911 -1.201089039272173
 2.869179317493446 -1.203872739412661
 2.817357952777530 -1.205429886119082
 2.763745346101717 -1.205599480449411
 2.708301829234738 -1.204214825908424
 2.651068248593304 -1.201145969539536
 2.592098471560314 -1.196263036032531
 2.531397128374977 -1.189392691438730
 2.468984619218952 -1.180360945875155
 2.404975458311109 -1.169058161923021
 2.339517674547741 -1.155414103091752
 2.272690606906008 -1.139334464653992
 2.204544827490581 -1.120728901679214
 2.135209190776722 -1.099592470066405
 2.064848601660855 -1.075988051283864
 1.993520403172063 -1.049947976830611
 1.921185347969130 -1.021472042192371
 1.847865600051110 -0.9906314594782583
 1.773650642144144 -0.9575748460913551
 1.698503115930749 -0.9223908090485471
 1.622215699751782 -0.8850670112905763
 1.544650219600633 -0.8456491868050586
 1.465839621298723 -0.8043157956760634
 1.385673567407326 -0.7611649820486749
 1.303672688753527 -0.7160569373997621
 1.219479274790044 -0.6689533614536776
 1.133685369684116 -0.6204943925945656
 1.044462127538410 -0.5696311031120714
 0.9529509448518333 -0.5177692610518292
 0.8577372881671369 -0.4641535327531955
 0.7581777114410425 -0.4087566771286167
 0.6537177730629036 -0.3523145766548771
 0.5434512897704278 -0.2955770691016323
 0.4259178429406513 -0.2390369368632146
 0.2991230000127723 -0.1842918481063519
 0.1616088077234226 -0.1356399990381175
 1.464804657425930E-02 -9.915867564208979E-02
 -0.1366124080222558 -7.910012827651267E-02
 -0.2852078706082916 -7.497953438289848E-02
 -0.4262444004890588 -8.233100590861613E-02
 -0.5587716726623114 -9.608513450855333E-02
 -0.6841653657466067 -0.1130518639706081
 -0.8036274265709281 -0.1318310838309403
 -0.9176178730895228 -0.1515783767851603
 -1.026724323131190 -0.1714900829335315
 -1.131880889651744 -0.1910520522828352
 -1.233703544304463 -0.2101009229033322
 -1.332309949864225 -0.2285045938157734
 -1.427900083909437 -0.2460071087124941
 -1.520991885047078 -0.2623981124946806
 -1.611960149939142 -0.2776148646111111
 -1.700800014361689 -0.2916043577197229
 -1.787526768020875 -0.3042176251162762
 -1.872436100325336 -0.3152985028973270
 -1.955769894633975 -0.3247727783456105
 -2.037446279627246 -0.3325864939159454
 -2.117343745662864 -0.3386292975677299
 -2.195582479908921 -0.3427794440740061
 -2.272288003742794 -0.3449771725023604
 -2.347306515894300 -0.3452049403680491
 -2.420407556657241 -0.3434344870697631
 -2.491583709331966 -0.3396444908368913
 -2.560896633787206 -0.3338714876395155
 -2.628188621368375 -0.3262054980589998
 -2.693220524494883 -0.3167489115531852
 -2.755977822424506 -0.3056101351790235
 -2.816572597539154 -0.2929262766143456
 -2.874943470899975 -0.2788611356706144
 -2.930935494517632 -0.2635782844104696
 -2.984604640776182 -0.2472282144635360
 -3.036150616958321 -0.2299541037732131
 -3.085598113708085 -0.2118942420313457
 -3.132851897556498 -0.1931787586495660
 -3.178029293879516 -0.1739263531969639
 -3.221382530113925 -0.1542344842494800
 -3.262902038314244 -0.1341732052218915
 -3.302474892814762 -0.1138128058188961
 -3.340641865492003 -9.327376099653861E-02
 -3.376738695687269 -7.251148879385515E-02
 -3.411692419456676 -5.166032169493937E-02
 -3.445009993076887 -3.070095230308424E-02
 -3.476823195399789 -9.673205174164246E-03
 -3.507367614871851 1.138476492614482E-02
 -3.536662975221470 3.246325635735013E-02
 -3.564647918903717 5.355827358042537E-02
 -3.591383103432146 7.465433701809246E-02
 -3.616993644902359 9.573873607543865E-02
 -3.641514206286838 0.1168138455439221
 -3.664908368736592 0.1378851852039504
 -3.687193343945470 0.1589497047818381
 -3.708443498307278 0.1800042185778725
 -3.728687776255149 0.2010545576859787
 -3.747891934424531 0.2221072218071797
 -3.766045640807198 0.2431600571145623
 -3.783192858588165 0.2642094174415426
 -3.799360142497272 0.2852592575243988
 -3.814518351088385 0.3063146960340790
 -3.828641720256183 0.3273727987961437
 -3.841752674254847 0.3484282294998902
 -3.853874820032900 0.3694824989748325
 -3.864983603465742 0.3905386813535129
 -3.875042213920798 0.4115915023320026
 -3.884054371059530 0.4326316600342879
 -3.892039438066885 0.4536558185330931
 -3.898977930374420 0.4746624806218013
 -3.904826402949268 0.4956409331436646
 -3.909573502683732 0.5165742445943008
 -3.913236203234267 0.5374506640344874
 -3.915804904662783 0.5582611198196605
 -3.917238095381672 0.5789868423175858
 -3.917517274264104 0.5996010811771404
 -3.916663932173002 0.6200828936547417
 -3.914688276835939 0.6404171743748409
 -3.911562745132341 0.6605806113866680
 -3.907270327038775 0.6805415620839158
 -3.901842377707664 0.7002769275300263
 -3.895315381080124 0.7197752598492875
 -3.887680792394157 0.7390192623323355
 -3.878920122360474 0.7579815686785452
 -3.869066952268911 0.7766453834115927
 -3.858180460490465 0.7950119969122638
 -3.846266528435973 0.8130768328049209
 -3.833288388098005 0.8308173919612204
 -3.819264566841466 0.8482218829419182
 -3.804280673092578 0.8653079462215071
 -3.788359566301266 0.8820844013976399
 -3.771402024349560 0.8985166522755436
 -3.753387178077112 0.9145872098763476
 -3.734660513188459 0.9304076188202259
 -3.714666115040719 0.9457897761302144
 -3.693975712414454 0.9609383383524319
 -3.672245000539904 0.9757277235640404
 -3.649494174240584 0.9901570140774445
 -3.625836066924796 1.004271338684306
 -3.601264641736454 1.018078486318671
 -3.575696276386913 1.031546436774860
 -3.549107813327622 1.044659325243263
 -3.521542908235873 1.057437543087033
 -3.493006372852606 1.069894949281262
 -3.463432099738773 1.082008351168307
 -3.432765001606427 1.093748789305599
 -3.401007977617704 1.105116512214166
 -3.368158284624023 1.116116715112732
 -3.334150760034789 1.126719017049843
 -3.298906647478888 1.136872878873484
 -3.262398783332116 1.146550437465224
 -3.224617905703743 1.155737887946615
 -3.185502543857821 1.164389446303975
 -3.144959380872087 1.172427041749996
 -3.102937839424527 1.179786107502502
 -3.059424486476045 1.186421923444971
 -3.014367869854689 1.192261708776736
 -2.967672559223381 1.197188862573641
 -2.919277574920911 1.201089039272173
 -2.869179317493446 1.203872739412661
 -2.817357952777530 1.205429886119082
 -2.763745346101717 1.205599480449411
 -2.708301829234738 1.204214825908424
 -2.651068248593304 1.201145969539536
 -2.592098471560314 1.196263036032531
 -2.531397128374977 1.189392691438730
 -2.468984619218952 1.180360945875155
 -2.404975458311109 1.169058161923021
 -2.339517674547741 1.155414103091752
 -2.272690606906008 1.139334464653992
 -2.204544827490581 1.120728901679214
 -2.135209190776722 1.099592470066405
 -2.064848601660855 1.075988051283864
 -1.993520403172063 1.049947976830611
 -1.921185347969130 1.021472042192371
 -1.847865600051110 0.9906314594782583
 -1.773650642144144 0.9575748460913551
 -1.698503115930749 0.9223908090485471
 -1.622215699751782 0.8850670112905763
 -1.544650219600633 0.8456491868050586
 -1.465839621298723 0.8043157956760634
 -1.385673567407326 0.7611649820486749
 -1.303672688753527 0.7160569373997621
 -1.219479274790044 0.6689533614536776
 -1.133685369684116 0.6204943925945656
   
   
 #BODY NUMBER  3
 -3.340641865492003 -9.327376099653861E-02
 -3.376738695687269 -7.251148879385515E-02
 -3.411692419456676 -5.166032169493937E-02
 -3.445009993076887 -3.070095230308424E-02
 -3.476823195399789 -9.673205174164246E-03
 -3.507367614871851 1.138476492614482E-02
 -3.536662975221470 3.246325635735013E-02
 -3.564647918903717 5.355827358042537E-02
 -3.591383103432146 7.465433701809246E-02
 -3.616993644902359 9.573873607543865E-02
 -3.641514206286838 0.1168138455439221
 -3.664908368736592 0.1378851852039504
 -3.687193343945470 0.1589497047818381
 -3.708443498307278 0.1800042185778725
 -3.728687776255149 0.2010545576859787
 -3.747891934424531 0.2221072218071797
 -3.766045640807198 0.2431600571145623
 -3.783192858588165 0.2642094174415426
 -3.799360142497272 0.2852592575243988
 -3.814518351088385 0.3063146960340790
 -3.828641720256183 0.3273727987961437
 -3.841752674254847 0.3484282294998902
 -3.853874820032900 0.3694824989748325
 -3.864983603465742 0.3905386813535129
 -3.875042213920798 0.4115915023320026
 -3.884054371059530 0.4326316600342879
 -3.892039438066885 0.4536558185330931
 -3.898977930374420 0.4746624806218013
 -3.904826402949268 0.4956409331436646
 -3.909573502683732 0.5165742445943008
 -3.913236203234267 0.5374506640344874
 -3.915804904662783 0.5582611198196605
 -3.917238095381672 0.5789868423175858
 -3.917517274264104 0.5996010811771404
 -3.916663932173002 0.6200828936547417
 -3.914688276835939 0.6404171743748409
 -3.911562745132341 0.6605806113866680
 -3.907270327038775 0.6805415620839158
 -3.901842377707664 0.7002769275300263
 -3.895315381080124 0.7197752598492875
 -3.887680792394157 0.7390192623323355
 -3.878920122360474 0.7579815686785452
 -3.869066952268911 0.7766453834115927
 -3.858180460490465 0.7950119969122638
 -3.846266528435973 0.8130768328049209
 -3.833288388098005 0.8308173919612204
 -3.819264566841466 0.8482218829419182
 -3.804280673092578 0.8653079462215071
 -3.788359566301266 0.8820844013976399
 -3.771402024349560 0.8985166522755436
 -3.753387178077112 0.9145872098763476
 -3.734660513188459 0.9304076188202259
 -3.714666115040719 0.9457897761302144
 -3.693975712414454 0.9609383383524319
 -3.672245000539904 0.9757277235640404
 -3.649494174240584 0.9901570140774445
 -3.625836066924796 1.004271338684306
 -3.601264641736454 1.018078486318671
 -3.575696276386913 1.031546436774860
 -3.549107813327622 1.044659325243263
 -3.521542908235873 1.057437543087033
 -3.493006372852606 1.069894949281262
 -3.463432099738773 1.082008351168307
 -3.432765001606427 1.093748789305599
 -3.401007977617704 1.105116512214166
 -3.368158284624023 1.116116715112732
 -3.334150760034789 1.126719017049843
 -3.298906647478888 1.136872878873484
 -3.262398783332116 1.146550437465224
 -3.224617905703743 1.155737887946615
 -3.185502543857821 1.164389446303975
 -3.144959380872087 1.172427041749996
 -3.102937839424527 1.179786107502502
 -3.059424486476045 1.186421923444971
 -3.014367869854689 1.192261708776736
 -2.967672559223381 1.197188862573641
 -2.919277574920911 1.201089039272173
 -2.869179317493446 1.203872739412661
 -2.817357952777530 1.205429886119082
 -2.763745346101717 1.205599480449411
 -2.708301829234738 1.204214825908424
 -2.651068248593304 1.201145969539536
 -2.592098471560314 1.196263036032531
 -2.531397128374977 1.189392691438730
 -2.468984619218952 1.180360945875155
 -2.404975458311109 1.169058161923021
 -2.339517674547741 1.155414103091752
 -2.272690606906008 1.139334464653992
 -2.204544827490581 1.120728901679214
 -2.135209190776722 1.099592470066405
 -2.064848601660855 1.075988051283864
 -1.993520403172063 1.049947976830611
 -1.921185347969130 1.021472042192371
 -1.847865600051110 0.9906314594782583
 -1.773650642144144 0.9575748460913551
 -1.698503115930749 0.9223908090485471
 -1.622215699751782 0.8850670112905763
 -1.544650219600633 0.8456491868050586
 -1.465839621298723 0.8043157956760634
 -1.385673567407326 0.7611649820486749
 -1.303672688753527 0.7160569373997621
 -1.219479274790044 0.6689533614536776
 -1.133685369684116 0.6204943925945656
 -1.044462127538410 0.5696311031120714
 -0.9529509448518333 0.5177692610518292
 -0.8577372881671369 0.4641535327531955
 -0.7581777114410425 0.4087566771286167
 -0.6537177730629036 0.3523145766548771
 -0.5434512897704278 0.2955770691016323
 -0.4259178429406513 0.2390369368632146
 -0.2991230000127723 0.1842918481063519
 -0.1616088077234226 0.1356399990381175
 -1.464804657425930E-02 9.915867564208979E-02
 0.1366124080222558 7.910012827651267E-02
 0.2852078706082916 7.497953438289848E-02
 0.4262444004890588 8.233100590861613E-02
 0.5587716726623114 9.608513450855333E-02
 0.6841653657466067 0.1130518639706081
 0.8036274265709281 0.1318310838309403
 0.9176178730895228 0.1515783767851603
 1.026724323131190 0.1714900829335315
 1.131880889651744 0.1910520522828352
 1.233703544304463 0.2101009229033322
 1.332309949864225 0.2285045938157734
 1.427900083909437 0.2460071087124941
 1.520991885047078 0.2623981124946806
 1.611960149939142 0.2776148646111111
 1.700800014361689 0.2916043577197229
 1.787526768020875 0.3042176251162762
 1.872436100325336 0.3152985028973270
 1.955769894633975 0.3247727783456105
 2.037446279627246 0.3325864939159454
 2.117343745662864 0.3386292975677299
 2.195582479908921 0.3427794440740061
 2.272288003742794 0.3449771725023604
 2.347306515894300 0.3452049403680491
 2.420407556657241 0.3434344870697631
 2.491583709331966 0.3396444908368913
 2.560896633787206 0.3338714876395155
 2.628188621368375 0.3262054980589998
 2.693220524494883 0.3167489115531852
 2.755977822424506 0.3056101351790235
 2.816572597539154 0.2929262766143456
 2.874943470899975 0.2788611356706144
 2.930935494517632 0.2635782844104696
 2.984604640776182 0.2472282144635360
 3.036150616958321 0.2299541037732131
 3.085598113708085 0.2118942420313457
 3.132851897556498 0.1931787586495660
 3.178029293879516 0.1739263531969639
 3.221382530113925 0.1542344842494800
 3.262902038314244 0.1341732052218915
 3.302474892814762 0.1138128058188961
 3.340641865492003 9.327376099653861E-02
 3.376738695687269 7.251148879385515E-02
 3.411692419456676 5.166032169493937E-02
 3.445009993076887 3.070095230308424E-02
 3.476823195399789 9.673205174164246E-03
 3.507367614871851 -1.138476492614482E-02
 3.536662975221470 -3.246325635735013E-02
 3.564647918903717 -5.355827358042537E-02
 3.591383103432146 -7.465433701809246E-02
 3.616993644902359 -9.573873607543865E-02
 3.641514206286838 -0.1168138455439221
 3.664908368736592 -0.1378851852039504
 3.687193343945470 -0.1589497047818381
 3.708443498307278 -0.1800042185778725
 3.728687776255149 -0.2010545576859787
 3.747891934424531 -0.2221072218071797
 3.766045640807198 -0.2431600571145623
 3.783192858588165 -0.2642094174415426
 3.799360142497272 -0.2852592575243988
 3.814518351088385 -0.3063146960340790
 3.828641720256183 -0.3273727987961437
 3.841752674254847 -0.3484282294998902
 3.853874820032900 -0.3694824989748325
 3.864983603465742 -0.3905386813535129
 3.875042213920798 -0.4115915023320026
 3.884054371059530 -0.4326316600342879
 3.892039438066885 -0.4536558185330931
 3.898977930374420 -0.4746624806218013
 3.904826402949268 -0.4956409331436646
 3.909573502683732 -0.5165742445943008
 3.913236203234267 -0.5374506640344874
 3.915804904662783 -0.5582611198196605
 3.917238095381672 -0.5789868423175858
 3.917517274264104 -0.5996010811771404
 3.916663932173002 -0.6200828936547417
 3.914688276835939 -0.6404171743748409
 3.911562745132341 -0.6605806113866680
 3.907270327038775 -0.6805415620839158
 3.901842377707664 -0.7002769275300263
 3.895315381080124 -0.7197752598492875
 3.887680792394157 -0.7390192623323355
 3.878920122360474 -0.7579815686785452
 3.869066952268911 -0.7766453834115927
 3.858180460490465 -0.7950119969122638
 3.846266528435973 -0.8130768328049209
 3.833288388098005 -0.8308173919612204
 3.819264566841466 -0.8482218829419182
 3.804280673092578 -0.8653079462215071
 3.788359566301266 -0.8820844013976399
 3.771402024349560 -0.8985166522755436
 3.753387178077112 -0.9145872098763476
 3.734660513188459 -0.9304076188202259
 3.714666115040719 -0.9457897761302144
 3.693975712414454 -0.9609383383524319
 3.672245000539904 -0.9757277235640404
 3.649494174240584 -0.9901570140774445
 3.625836066924796 -1.004271338684306
 3.601264641736454 -1.018078486318671
 3.575696276386913 -1.031546436774860
 3.549107813327622 -1.044659325243263
 3.521542908235873 -1.057437543087033
 3.493006372852606 -1.069894949281262
 3.463432099738773 -1.082008351168307
 3.432765001606427 -1.093748789305599
 3.401007977617704 -1.105116512214166
 3.368158284624023 -1.116116715112732
 3.334150760034789 -1.126719017049843
 3.298906647478888 -1.136872878873484
 3.262398783332116 -1.146550437465224
 3.224617905703743 -1.155737887946615
 3.185502543857821 -1.164389446303975
 3.144959380872087 -1.172427041749996
 3.102937839424527 -1.179786107502502
 3.059424486476045 -1.186421923444971
 3.014367869854689 -1.192261708776736
 2.967672559223381 -1.197188862573641
 2.919277574920911 -1.201089039272173
 2.869179317493446 -1.203872739412661
 2.817357952777530 -1.205429886119082
 2.763745346101717 -1.205599480449411
 2.708301829234738 -1.204214825908424
 2.651068248593304 -1.201145969539536
 2.592098471560314 -1.196263036032531
 2.531397128374977 -1.189392691438730
 2.468984619218952 -1.180360945875155
 2.404975458311109 -1.169058161923021
 2.339517674547741 -1.155414103091752
 2.272690606906008 -1.139334464653992
 2.204544827490581 -1.120728901679214
 2.135209190776722 -1.099592470066405
 2.064848601660855 -1.075988051283864
 1.993520403172063 -1.049947976830611
 1.921185347969130 -1.021472042192371
 1.847865600051110 -0.9906314594782583
 1.773650642144144 -0.9575748460913551
 1.698503115930749 -0.9223908090485471
 1.622215699751782 -0.8850670112905763
 1.544650219600633 -0.8456491868050586
 1.465839621298723 -0.8043157956760634
 1.385673567407326 -0.7611649820486749
 1.303672688753527 -0.7160569373997621
 1.219479274790044 -0.6689533614536776
 1.133685369684116 -0.6204943925945656
 1.044462127538410 -0.5696311031120714
 0.9529509448518333 -0.5177692610518292
 0.8577372881671369 -0.4641535327531955
 0.7581777114410425 -0.4087566771286167
 0.6537177730629036 -0.3523145766548771
 0.5434512897704278 -0.2955770691016323
 0.4259178429406513 -0.2390369368632146
 0.2991230000127723 -0.1842918481063519
 0.1616088077234226 -0.1356399990381175
 1.464804657425930E-02 -9.915867564208979E-02
 -0.1366124080222558 -7.910012827651267E-02
 -0.2852078706082916 -7.497953438289848E-02
 -0.4262444004890588 -8.233100590861613E-02
 -0.5587716726623114 -9.608513450855333E-02
 -0.6841653657466067 -0.1130518639706081
 -0.8036274265709281 -0.1318310838309403
 -0.9176178730895228 -0.1515783767851603
 -1.026724323131190 -0.1714900829335315
 -1.131880889651744 -0.1910520522828352
 -1.233703544304463 -0.2101009229033322
 -1.332309949864225 -0.2285045938157734
 -1.427900083909437 -0.2460071087124941
 -1.520991885047078 -0.2623981124946806
 -1.611960149939142 -0.2776148646111111
 -1.700800014361689 -0.2916043577197229
 -1.787526768020875 -0.3042176251162762
 -1.872436100325336 -0.3152985028973270
 -1.955769894633975 -0.3247727783456105
 -2.037446279627246 -0.3325864939159454
 -2.117343745662864 -0.3386292975677299
 -2.195582479908921 -0.3427794440740061
 -2.272288003742794 -0.3449771725023604
 -2.347306515894300 -0.3452049403680491
 -2.420407556657241 -0.3434344870697631
 -2.491583709331966 -0.3396444908368913
 -2.560896633787206 -0.3338714876395155
 -2.628188621368375 -0.3262054980589998
 -2.693220524494883 -0.3167489115531852
 -2.755977822424506 -0.3056101351790235
 -2.816572597539154 -0.2929262766143456
 -2.874943470899975 -0.2788611356706144
 -2.930935494517632 -0.2635782844104696
 -2.984604640776182 -0.2472282144635360
 -3.036150616958321 -0.2299541037732131
 -3.085598113708085 -0.2118942420313457
 -3.132851897556498 -0.1931787586495660
 -3.178029293879516 -0.1739263531969639
 -3.221382530113925 -0.1542344842494800
 -3.262902038314244 -0.1341732052218915
 -3.302474892814762 -0.1138128058188961
 -3.340641865492003 -9.327376099653861E-02
   
   
 #BODY NUMBER  4
 -0.4568237004006903 -0.9295010868864892
 -0.4331170117438772 -0.9701442755470404
 -0.4090133405695574 -1.008090796960450
 -0.3843870530697090 -1.042145933191075
 -0.3593523838338302 -1.072480432352780
 -0.3340300610580655 -1.099394997502155
 -0.3084283454104152 -1.122690704198458
 -0.2825148389355704 -1.142069998927432
 -0.2562809548774239 -1.157525303525968
 -0.2296857007476804 -1.169108526351698
 -0.2025965727518868 -1.176663668310536
 -0.1748371188982922 -1.180030147378017
 -0.1462692794786792 -1.179308300937574
 -0.1168071616782255 -1.174720950716567
 -8.639170318053599E-02 -1.166357273895961
 -5.499875657782180E-02 -1.154229599846758
 -2.265885225765366E-02 -1.138455274707682
 1.056553753531946E-02 -1.119188138304733
 4.461655886996509E-02 -1.096439994691454
 7.943352146203766E-02 -1.070133614185163
 0.1149236408616724 -1.040276198020108
 0.1509684896450677 -1.006926224793387
 0.1874507511538964 -0.9700337615415883
 0.2242461226998905 -0.9294687959794050
 0.2611915478999200 -0.8851837008215073
 0.2980842250282215 -0.8372042181434592
 0.3347047865087895 -0.7854804268296911
 0.3708112422636838 -0.7298993910312996
 0.4061071466237022 -0.6704507582596316
 0.4402386941526110 -0.6072460980181190
 0.4728232264408116 -0.5403798306780467
 0.5034568568530084 -0.4699320197832070
 0.5316982582499143 -0.3961451778189872
 0.5570852772945530 -0.3194660959085143
 0.5791933976459461 -0.2403904772636647
 0.5976763425318706 -0.1594191431924324
 0.6122691247160729 -7.720659618623223E-02
 0.6228052951843250 5.422863087404213E-03
 0.6292611327221844 8.770029413197057E-02
 0.6317611953768545 0.1690264518345043
 0.6305214687870399 0.2488138276921486
 0.6258042270389365 0.3264182821238151
 0.6179272174461585 0.4013620674672618
 0.6072579810456528 0.4734502500548760
 0.5941472529462841 0.5425124771148357
 0.5788854887790308 0.6082226844623745
 0.5617504809248026 0.6703797923678079
 0.5430478249580535 0.7291333261287538
 0.5230377930312325 0.7845824680600427
 0.5018624833195802 0.8363649987476146
 0.4796652788059782 0.8842777913954094
 0.4568237004006903 0.9295010868864892
 0.4331170117438772 0.9701442755470404
 0.4090133405695574 1.008090796960450
 0.3843870530697090 1.042145933191075
 0.3593523838338302 1.072480432352780
 0.3340300610580655 1.099394997502155
 0.3084283454104152 1.122690704198458
 0.2825148389355704 1.142069998927432
 0.2562809548774239 1.157525303525968
 0.2296857007476804 1.169108526351698
 0.2025965727518868 1.176663668310536
 0.1748371188982922 1.180030147378017
 0.1462692794786792 1.179308300937574
 0.1168071616782255 1.174720950716567
 8.639170318053599E-02 1.166357273895961
 5.499875657782180E-02 1.154229599846758
 2.265885225765366E-02 1.138455274707682
 -1.056553753531946E-02 1.119188138304733
 -4.461655886996509E-02 1.096439994691454
 -7.943352146203766E-02 1.070133614185163
 -0.1149236408616724 1.040276198020108
 -0.1509684896450677 1.006926224793387
 -0.1874507511538964 0.9700337615415883
 -0.2242461226998905 0.9294687959794050
 -0.2611915478999200 0.8851837008215073
 -0.2980842250282215 0.8372042181434592
 -0.3347047865087895 0.7854804268296911
 -0.3708112422636838 0.7298993910312996
 -0.4061071466237022 0.6704507582596316
 -0.4402386941526110 0.6072460980181190
 -0.4728232264408116 0.5403798306780467
 -0.5034568568530084 0.4699320197832070
 -0.5316982582499143 0.3961451778189872
 -0.5570852772945530 0.3194660959085143
 -0.5791933976459461 0.2403904772636647
 -0.5976763425318706 0.1594191431924324
 -0.6122691247160729 7.720659618623223E-02
 -0.6228052951843250 -5.422863087404213E-03
 -0.6292611327221844 -8.770029413197057E-02
 -0.6317611953768545 -0.1690264518345043
 -0.6305214687870399 -0.2488138276921486
 -0.6258042270389365 -0.3264182821238151
 -0.6179272174461585 -0.4013620674672618
 -0.6072579810456528 -0.4734502500548760
 -0.5941472529462841 -0.5425124771148357
 -0.5788854887790308 -0.6082226844623745
 -0.5617504809248026 -0.6703797923678079
 -0.5430478249580535 -0.7291333261287538
 -0.5230377930312325 -0.7845824680600427
 -0.5018624833195802 -0.8363649987476146
 -0.4796652788059782 -0.8842777913954094
 -0.4568237004006903 -0.9295010868864892
 -0.4331170117438772 -0.9701442755470404
 -0.4090133405695574 -1.008090796960450
 -0.3843870530697090 -1.042145933191075
 -0.3593523838338302 -1.072480432352780
 -0.3340300610580655 -1.099394997502155
 -0.3084283454104152 -1.122690704198458
 -0.2825148389355704 -1.142069998927432
 -0.2562809548774239 -1.157525303525968
 -0.2296857007476804 -1.169108526351698
 -0.2025965727518868 -1.176663668310536
 -0.1748371188982922 -1.180030147378017
 -0.1462692794786792 -1.179308300937574
 -0.1168071616782255 -1.174720950716567
 -8.639170318053599E-02 -1.166357273895961
 -5.499875657782180E-02 -1.154229599846758
 -2.265885225765366E-02 -1.138455274707682
 1.056553753531946E-02 -1.119188138304733
 4.461655886996509E-02 -1.096439994691454
 7.943352146203766E-02 -1.070133614185163
 0.1149236408616724 -1.040276198020108
 0.1509684896450677 -1.006926224793387
 0.1874507511538964 -0.9700337615415883
 0.2242461226998905 -0.9294687959794050
 0.2611915478999200 -0.8851837008215073
 0.2980842250282215 -0.8372042181434592
 0.3347047865087895 -0.7854804268296911
 0.3708112422636838 -0.7298993910312996
 0.4061071466237022 -0.6704507582596316
 0.4402386941526110 -0.6072460980181190
 0.4728232264408116 -0.5403798306780467
 0.5034568568530084 -0.4699320197832070
 0.5316982582499143 -0.3961451778189872
 0.5570852772945530 -0.3194660959085143
 0.5791933976459461 -0.2403904772636647
 0.5976763425318706 -0.1594191431924324
 0.6122691247160729 -7.720659618623223E-02
 0.6228052951843250 5.422863087404213E-03
 0.6292611327221844 8.770029413197057E-02
 0.6317611953768545 0.1690264518345043
 0.6305214687870399 0.2488138276921486
 0.6258042270389365 0.3264182821238151
 0.6179272174461585 0.4013620674672618
 0.6072579810456528 0.4734502500548760
 0.5941472529462841 0.5425124771148357
 0.5788854887790308 0.6082226844623745
 0.5617504809248026 0.6703797923678079
 0.5430478249580535 0.7291333261287538
 0.5230377930312325 0.7845824680600427
 0.5018624833195802 0.8363649987476146
 0.4796652788059782 0.8842777913954094
 0.4568237004006903 0.9295010868864892
 0.4331170117438772 0.9701442755470404
 0.4090133405695574 1.008090796960450
 0.3843870530697090 1.042145933191075
 0.3593523838338302 1.072480432352780
 0.3340300610580655 1.099394997502155
 0.3084283454104152 1.122690704198458
 0.2825148389355704 1.142069998927432
 0.2562809548774239 1.157525303525968
 0.2296857007476804 1.169108526351698
 0.2025965727518868 1.176663668310536
 0.1748371188982922 1.180030147378017
 0.1462692794786792 1.179308300937574
 0.1168071616782255 1.174720950716567
 8.639170318053599E-02 1.166357273895961
 5.499875657782180E-02 1.154229599846758
 2.265885225765366E-02 1.138455274707682
 -1.056553753531946E-02 1.119188138304733
 -4.461655886996509E-02 1.096439994691454
 -7.943352146203766E-02 1.070133614185163
 -0.1149236408616724 1.040276198020108
 -0.1509684896450677 1.006926224793387
 -0.1874507511538964 0.9700337615415883
 -0.2242461226998905 0.9294687959794050
 -0.2611915478999200 0.8851837008215073
 -0.2980842250282215 0.8372042181434592
 -0.3347047865087895 0.7854804268296911
 -0.3708112422636838 0.7298993910312996
 -0.4061071466237022 0.6704507582596316
 -0.4402386941526110 0.6072460980181190
 -0.4728232264408116 0.5403798306780467
 -0.5034568568530084 0.4699320197832070
 -0.5316982582499143 0.3961451778189872
 -0.5570852772945530 0.3194660959085143
 -0.5791933976459461 0.2403904772636647
 -0.5976763425318706 0.1594191431924324
 -0.6122691247160729 7.720659618623223E-02
 -0.6228052951843250 -5.422863087404213E-03
 -0.6292611327221844 -8.770029413197057E-02
 -0.6317611953768545 -0.1690264518345043
 -0.6305214687870399 -0.2488138276921486
 -0.6258042270389365 -0.3264182821238151
 -0.6179272174461585 -0.4013620674672618
 -0.6072579810456528 -0.4734502500548760
 -0.5941472529462841 -0.5425124771148357
 -0.5788854887790308 -0.6082226844623745
 -0.5617504809248026 -0.6703797923678079
 -0.5430478249580535 -0.7291333261287538
 -0.5230377930312325 -0.7845824680600427
 -0.5018624833195802 -0.8363649987476146
 -0.4796652788059782 -0.8842777913954094
 -0.4568237004006903 -0.9295010868864892
 -0.4331170117438772 -0.9701442755470404
 -0.4090133405695574 -1.008090796960450
 -0.3843870530697090 -1.042145933191075
 -0.3593523838338302 -1.072480432352780
 -0.3340300610580655 -1.099394997502155
 -0.3084283454104152 -1.122690704198458
 -0.2825148389355704 -1.142069998927432
 -0.2562809548774239 -1.157525303525968
 -0.2296857007476804 -1.169108526351698
 -0.2025965727518868 -1.176663668310536
 -0.1748371188982922 -1.180030147378017
 -0.1462692794786792 -1.179308300937574
 -0.1168071616782255 -1.174720950716567
 -8.639170318053599E-02 -1.166357273895961
 -5.499875657782180E-02 -1.154229599846758
 -2.265885225765366E-02 -1.138455274707682
 1.056553753531946E-02 -1.119188138304733
 4.461655886996509E-02 -1.096439994691454
 7.943352146203766E-02 -1.070133614185163
 0.1149236408616724 -1.040276198020108
 0.1509684896450677 -1.006926224793387
 0.1874507511538964 -0.9700337615415883
 0.2242461226998905 -0.9294687959794050
 0.2611915478999200 -0.8851837008215073
 0.2980842250282215 -0.8372042181434592
 0.3347047865087895 -0.7854804268296911
 0.3708112422636838 -0.7298993910312996
 0.4061071466237022 -0.6704507582596316
 0.4402386941526110 -0.6072460980181190
 0.4728232264408116 -0.5403798306780467
 0.5034568568530084 -0.4699320197832070
 0.5316982582499143 -0.3961451778189872
 0.5570852772945530 -0.3194660959085143
 0.5791933976459461 -0.2403904772636647
 0.5976763425318706 -0.1594191431924324
 0.6122691247160729 -7.720659618623223E-02
 0.6228052951843250 5.422863087404213E-03
 0.6292611327221844 8.770029413197057E-02
 0.6317611953768545 0.1690264518345043
 0.6305214687870399 0.2488138276921486
 0.6258042270389365 0.3264182821238151
 0.6179272174461585 0.4013620674672618
 0.6072579810456528 0.4734502500548760
 0.5941472529462841 0.5425124771148357
 0.5788854887790308 0.6082226844623745
 0.5617504809248026 0.6703797923678079
 0.5430478249580535 0.7291333261287538
 0.5230377930312325 0.7845824680600427
 0.5018624833195802 0.8363649987476146
 0.4796652788059782 0.8842777913954094
 0.4568237004006903 0.9295010868864892
 0.4331170117438772 0.9701442755470404
 0.4090133405695574 1.008090796960450
 0.3843870530697090 1.042145933191075
 0.3593523838338302 1.072480432352780
 0.3340300610580655 1.099394997502155
 0.3084283454104152 1.122690704198458
 0.2825148389355704 1.142069998927432
 0.2562809548774239 1.157525303525968
 0.2296857007476804 1.169108526351698
 0.2025965727518868 1.176663668310536
 0.1748371188982922 1.180030147378017
 0.1462692794786792 1.179308300937574
 0.1168071616782255 1.174720950716567
 8.639170318053599E-02 1.166357273895961
 5.499875657782180E-02 1.154229599846758
 2.265885225765366E-02 1.138455274707682
 -1.056553753531946E-02 1.119188138304733
 -4.461655886996509E-02 1.096439994691454
 -7.943352146203766E-02 1.070133614185163
 -0.1149236408616724 1.040276198020108
 -0.1509684896450677 1.006926224793387
 -0.1874507511538964 0.9700337615415883
 -0.2242461226998905 0.9294687959794050
 -0.2611915478999200 0.8851837008215073
 -0.2980842250282215 0.8372042181434592
 -0.3347047865087895 0.7854804268296911
 -0.3708112422636838 0.7298993910312996
 -0.4061071466237022 0.6704507582596316
 -0.4402386941526110 0.6072460980181190
 -0.4728232264408116 0.5403798306780467
 -0.5034568568530084 0.4699320197832070
 -0.5316982582499143 0.3961451778189872
 -0.5570852772945530 0.3194660959085143
 -0.5791933976459461 0.2403904772636647
 -0.5976763425318706 0.1594191431924324
 -0.6122691247160729 7.720659618623223E-02
 -0.6228052951843250 -5.422863087404213E-03
 -0.6292611327221844 -8.770029413197057E-02
 -0.6317611953768545 -0.1690264518345043
 -0.6305214687870399 -0.2488138276921486
 -0.6258042270389365 -0.3264182821238151
 -0.6179272174461585 -0.4013620674672618
 -0.6072579810456528 -0.4734502500548760
 -0.5941472529462841 -0.5425124771148357
 -0.5788854887790308 -0.6082226844623745
 -0.5617504809248026 -0.6703797923678079
 -0.5430478249580535 -0.7291333261287538
 -0.5230377930312325 -0.7845824680600427
 -0.5018624833195802 -0.8363649987476146
 -0.4796652788059782 -0.8842777913954094
 -0.4568237004006903 -0.9295010868864892
   
   
 #BODY NUMBER  5
 0.2705633695952230 0.2582170800791723
 0.2675713505613491 0.2822522176316331
 0.2638399781279451 0.3072545432204308
 0.2586665071160881 0.3340840817674207
 0.2513317438715474 0.3630248002991153
 0.2410764394957021 0.3936538455753426
 0.2270065370201411 0.4255022518480599
 0.2076646714530862 0.4583286076548240
 0.1808030350524370 0.4908041001768394
 0.1445521571569588 0.5189101093554159
 9.978690092082579E-02 0.5367927253745244
 5.122484006719477E-02 0.5403243950453799
 5.281312799366320E-03 0.5300363387286470
 -3.371225056556382E-02 0.5103848779697767
 -6.521554385132872E-02 0.4863510449887606
 -9.087498810790727E-02 0.4609396942241102
 -0.1121371422140907 0.4353118057276762
 -0.1296785234883868 0.4100786792419140
 -0.1441948960821887 0.3858192014226963
 -0.1566434509702687 0.3627969904596245
 -0.1676802845861549 0.3409051042909532
 -0.1774900231951611 0.3200259747115554
 -0.1862897012322333 0.3001855690593955
 -0.1945596020913458 0.2813372073310397
 -0.2026586486503331 0.2632469686979643
 -0.2105991769799772 0.2456733012892589
 -0.2183726420530661 0.2284903846030561
 -0.2261888357492624 0.2115599990375120
 -0.2342055148106200 0.1946240970749974
 -0.2422775697603447 0.1774182979081104
 -0.2501759360730300 0.1597966894036757
 -0.2578449720994322 0.1416674077599677
 -0.2652348743772752 0.1228995726551783
 -0.2720609118264154 0.1033994280429605
 -0.2779662710072863 8.322940791936807E-02
 -0.2828106224320349 6.256446561620896E-02
 -0.2865964402417144 4.157046517192952E-02
 -0.2892336532725306 2.040755210819732E-02
 -0.2906206155968282 -6.935506164650009E-04
 -0.2908927782351814 -2.148008258484752E-02
 -0.2903589405448407 -4.181630174926215E-02
 -0.2892214146855729 -6.169778130025297E-02
 -0.2875659674514682 -8.113596794445146E-02
 -0.2855869673392019 -0.1001356015732477
 -0.2835749069221130 -0.1188102218354703
 -0.2816605535515839 -0.1374050162195879
 -0.2797877603331808 -0.1561392849017799
 -0.2779573469491576 -0.1751273856129880
 -0.2762579961006753 -0.1945484147547175
 -0.2746070595390877 -0.2147715311854334
 -0.2727341197813246 -0.2360807804221826
 -0.2705633695952230 -0.2582170800791723
 -0.2675713505613491 -0.2822522176316331
 -0.2638399781279451 -0.3072545432204308
 -0.2586665071160881 -0.3340840817674207
 -0.2513317438715474 -0.3630248002991153
 -0.2410764394957021 -0.3936538455753426
 -0.2270065370201411 -0.4255022518480599
 -0.2076646714530862 -0.4583286076548240
 -0.1808030350524370 -0.4908041001768394
 -0.1445521571569588 -0.5189101093554159
 -9.978690092082579E-02 -0.5367927253745244
 -5.122484006719477E-02 -0.5403243950453799
 -5.281312799366320E-03 -0.5300363387286470
 3.371225056556382E-02 -0.5103848779697767
 6.521554385132872E-02 -0.4863510449887606
 9.087498810790727E-02 -0.4609396942241102
 0.1121371422140907 -0.4353118057276762
 0.1296785234883868 -0.4100786792419140
 0.1441948960821887 -0.3858192014226963
 0.1566434509702687 -0.3627969904596245
 0.1676802845861549 -0.3409051042909532
 0.1774900231951611 -0.3200259747115554
 0.1862897012322333 -0.3001855690593955
 0.1945596020913458 -0.2813372073310397
 0.2026586486503331 -0.2632469686979643
 0.2105991769799772 -0.2456733012892589
 0.2183726420530661 -0.2284903846030561
 0.2261888357492624 -0.2115599990375120
 0.2342055148106200 -0.1946240970749974
 0.2422775697603447 -0.1774182979081104
 0.2501759360730300 -0.1597966894036757
 0.2578449720994322 -0.1416674077599677
 0.2652348743772752 -0.1228995726551783
 0.2720609118264154 -0.1033994280429605
 0.2779662710072863 -8.322940791936807E-02
 0.2828106224320349 -6.256446561620896E-02
 0.2865964402417144 -4.157046517192952E-02
 0.2892336532725306 -2.040755210819732E-02
 0.2906206155968282 6.935506164650009E-04
 0.2908927782351814 2.148008258484752E-02
 0.2903589405448407 4.181630174926215E-02
 0.2892214146855729 6.169778130025297E-02
 0.2875659674514682 8.113596794445146E-02
 0.2855869673392019 0.1001356015732477
 0.2835749069221130 0.1188102218354703
 0.2816605535515839 0.1374050162195879
 0.2797877603331808 0.1561392849017799
 0.2779573469491576 0.1751273856129880
 0.2762579961006753 0.1945484147547175
 0.2746070595390877 0.2147715311854334
 0.2727341197813246 0.2360807804221826
 0.2705633695952230 0.2582170800791723
 0.2675713505613491 0.2822522176316331
 0.2638399781279451 0.3072545432204308
 0.2586665071160881 0.3340840817674207
 0.2513317438715474 0.3630248002991153
 0.2410764394957021 0.3936538455753426
 0.2270065370201411 0.4255022518480599
 0.2076646714530862 0.4583286076548240
 0.1808030350524370 0.4908041001768394
 0.1445521571569588 0.5189101093554159
 9.978690092082579E-02 0.5367927253745244
 5.122484006719477E-02 0.5403243950453799
 5.281312799366320E-03 0.5300363387286470
 -3.371225056556382E-02 0.5103848779697767
 -6.521554385132872E-02 0.4863510449887606
 -9.087498810790727E-02 0.4609396942241102
 -0.1121371422140907 0.4353118057276762
 -0.1296785234883868 0.4100786792419140
 -0.1441948960821887 0.3858192014226963
 -0.1566434509702687 0.3627969904596245
 -0.1676802845861549 0.3409051042909532
 -0.1774900231951611 0.3200259747115554
 -0.1862897012322333 0.3001855690593955
 -0.1945596020913458 0.2813372073310397
 -0.2026586486503331 0.2632469686979643
 -0.2105991769799772 0.2456733012892589
 -0.2183726420530661 0.2284903846030561
 -0.2261888357492624 0.2115599990375120
 -0.2342055148106200 0.1946240970749974
 -0.2422775697603447 0.1774182979081104
 -0.2501759360730300 0.1597966894036757
 -0.2578449720994322 0.1416674077599677
 -0.2652348743772752 0.1228995726551783
 -0.2720609118264154 0.1033994280429605
 -0.2779662710072863 8.322940791936807E-02
 -0.2828106224320349 6.256446561620896E-02
 -0.2865964402417144 4.157046517192952E-02
 -0.2892336532725306 2.040755210819732E-02
 -0.2906206155968282 -6.935506164650009E-04
 -0.2908927782351814 -2.148008258484752E-02
 -0.2903589405448407 -4.181630174926215E-02
 -0.2892214146855729 -6.169778130025297E-02
 -0.2875659674514682 -8.113596794445146E-02
 -0.2855869673392019 -0.1001356015732477
 -0.2835749069221130 -0.1188102218354703
 -0.2816605535515839 -0.1374050162195879
 -0.2797877603331808 -0.1561392849017799
 -0.2779573469491576 -0.1751273856129880
 -0.2762579961006753 -0.1945484147547175
 -0.2746070595390877 -0.2147715311854334
 -0.2727341197813246 -0.2360807804221826
 -0.2705633695952230 -0.2582170800791723
 -0.2675713505613491 -0.2822522176316331
 -0.2638399781279451 -0.3072545432204308
 -0.2586665071160881 -0.3340840817674207
 -0.2513317438715474 -0.3630248002991153
 -0.2410764394957021 -0.3936538455753426
 -0.2270065370201411 -0.4255022518480599
 -0.2076646714530862 -0.4583286076548240
 -0.1808030350524370 -0.4908041001768394
 -0.1445521571569588 -0.5189101093554159
 -9.978690092082579E-02 -0.5367927253745244
 -5.122484006719477E-02 -0.5403243950453799
 -5.281312799366320E-03 -0.5300363387286470
 3.371225056556382E-02 -0.5103848779697767
 6.521554385132872E-02 -0.4863510449887606
 9.087498810790727E-02 -0.4609396942241102
 0.1121371422140907 -0.4353118057276762
 0.1296785234883868 -0.4100786792419140
 0.1441948960821887 -0.3858192014226963
 0.1566434509702687 -0.3627969904596245
 0.1676802845861549 -0.3409051042909532
 0.1774900231951611 -0.3200259747115554
 0.1862897012322333 -0.3001855690593955
 0.1945596020913458 -0.2813372073310397
 0.2026586486503331 -0.2632469686979643
 0.2105991769799772 -0.2456733012892589
 0.2183726420530661 -0.2284903846030561
 0.2261888357492624 -0.2115599990375120
 0.2342055148106200 -0.1946240970749974
 0.2422775697603447 -0.1774182979081104
 0.2501759360730300 -0.1597966894036757
 0.2578449720994322 -0.1416674077599677
 0.2652348743772752 -0.1228995726551783
 0.2720609118264154 -0.1033994280429605
 0.2779662710072863 -8.322940791936807E-02
 0.2828106224320349 -6.256446561620896E-02
 0.2865964402417144 -4.157046517192952E-02
 0.2892336532725306 -2.040755210819732E-02
 0.2906206155968282 6.935506164650009E-04
 0.2908927782351814 2.148008258484752E-02
 0.2903589405448407 4.181630174926215E-02
 0.2892214146855729 6.169778130025297E-02
 0.2875659674514682 8.113596794445146E-02
 0.2855869673392019 0.1001356015732477
 0.2835749069221130 0.1188102218354703
 0.2816605535515839 0.1374050162195879
 0.2797877603331808 0.1561392849017799
 0.2779573469491576 0.1751273856129880
 0.2762579961006753 0.1945484147547175
 0.2746070595390877 0.2147715311854334
 0.2727341197813246 0.2360807804221826
 0.2705633695952230 0.2582170800791723
 0.2675713505613491 0.2822522176316331
 0.2638399781279451 0.3072545432204308
 0.2586665071160881 0.3340840817674207
 0.2513317438715474 0.3630248002991153
 0.2410764394957021 0.3936538455753426
 0.2270065370201411 0.4255022518480599
 0.2076646714530862 0.4583286076548240
 0.1808030350524370 0.4908041001768394
 0.1445521571569588 0.5189101093554159
 9.978690092082579E-02 0.5367927253745244
 5.122484006719477E-02 0.5403243950453799
 5.281312799366320E-03 0.5300363387286470
 -3.371225056556382E-02 0.5103848779697767
 -6.521554385132872E-02 0.4863510449887606
 -9.087498810790727E-02 0.4609396942241102
 -0.1121371422140907 0.4353118057276762
 -0.1296785234883868 0.4100786792419140
 -0.1441948960821887 0.3858192014226963
 -0.1566434509702687 0.3627969904596245
 -0.1676802845861549 0.3409051042909532
 -0.1774900231951611 0.3200259747115554
 -0.1862897012322333 0.3001855690593955
 -0.1945596020913458 0.2813372073310397
 -0.2026586486503331 0.2632469686979643
 -0.2105991769799772 0.2456733012892589
 -0.2183726420530661 0.2284903846030561
 -0.2261888357492624 0.2115599990375120
 -0.2342055148106200 0.1946240970749974
 -0.2422775697603447 0.1774182979081104
 -0.2501759360730300 0.1597966894036757
 -0.2578449720994322 0.1416674077599677
 -0.2652348743772752 0.1228995726551783
 -0.2720609118264154 0.1033994280429605
 -0.2779662710072863 8.322940791936807E-02
 -0.2828106224320349 6.256446561620896E-02
 -0.2865964402417144 4.157046517192952E-02
 -0.2892336532725306 2.040755210819732E-02
 -0.2906206155968282 -6.935506164650009E-04
 -0.2908927782351814 -2.148008258484752E-02
 -0.2903589405448407 -4.181630174926215E-02
 -0.2892214146855729 -6.169778130025297E-02
 -0.2875659674514682 -8.113596794445146E-02
 -0.2855869673392019 -0.1001356015732477
 -0.2835749069221130 -0.1188102218354703
 -0.2816605535515839 -0.1374050162195879
 -0.2797877603331808 -0.1561392849017799
 -0.2779573469491576 -0.1751273856129880
 -0.2762579961006753 -0.1945484147547175
 -0.2746070595390877 -0.2147715311854334
 -0.2727341197813246 -0.2360807804221826
 -0.2705633695952230 -0.2582170800791723
 -0.2675713505613491 -0.2822522176316331
 -0.2638399781279451 -0.3072545432204308
 -0.2586665071160881 -0.3340840817674207
 -0.2513317438715474 -0.3630248002991153
 -0.2410764394957021 -0.3936538455753426
 -0.2270065370201411 -0.4255022518480599
 -0.2076646714530862 -0.4583286076548240
 -0.1808030350524370 -0.4908041001768394
 -0.1445521571569588 -0.5189101093554159
 -9.978690092082579E-02 -0.5367927253745244
 -5.122484006719477E-02 -0.5403243950453799
 -5.281312799366320E-03 -0.5300363387286470
 3.371225056556382E-02 -0.5103848779697767
 6.521554385132872E-02 -0.4863510449887606
 9.087498810790727E-02 -0.4609396942241102
 0.1121371422140907 -0.4353118057276762
 0.1296785234883868 -0.4100786792419140
 0.1441948960821887 -0.3858192014226963
 0.1566434509702687 -0.3627969904596245
 0.1676802845861549 -0.3409051042909532
 0.1774900231951611 -0.3200259747115554
 0.1862897012322333 -0.3001855690593955
 0.1945596020913458 -0.2813372073310397
 0.2026586486503331 -0.2632469686979643
 0.2105991769799772 -0.2456733012892589
 0.2183726420530661 -0.2284903846030561
 0.2261888357492624 -0.2115599990375120
 0.2342055148106200 -0.1946240970749974
 0.2422775697603447 -0.1774182979081104
 0.2501759360730300 -0.1597966894036757
 0.2578449720994322 -0.1416674077599677
 0.2652348743772752 -0.1228995726551783
 0.2720609118264154 -0.1033994280429605
 0.2779662710072863 -8.322940791936807E-02
 0.2828106224320349 -6.256446561620896E-02
 0.2865964402417144 -4.157046517192952E-02
 0.2892336532725306 -2.040755210819732E-02
 0.2906206155968282 6.935506164650009E-04
 0.2908927782351814 2.148008258484752E-02
 0.2903589405448407 4.181630174926215E-02
 0.2892214146855729 6.169778130025297E-02
 0.2875659674514682 8.113596794445146E-02
 0.2855869673392019 0.1001356015732477
 0.2835749069221130 0.1188102218354703
 0.2816605535515839 0.1374050162195879
 0.2797877603331808 0.1561392849017799
 0.2779573469491576 0.1751273856129880
 0.2762579961006753 0.1945484147547175
 0.2746070595390877 0.2147715311854334
 0.2727341197813246 0.2360807804221826
 0.2705633695952230 0.2582170800791723
   
   
 #BODY NUMBER  6
 0.9259270527930994 1.074470994029497
 0.8720803693674617 1.136562219727388
 0.8158410143356425 1.195665652735544
 0.7562228266577183 1.250336994537568
 0.6935273725625092 1.300529174176640
 0.6282029425723010 1.346313149030080
 0.5602714316457007 1.387226613210070
 0.4897196529399223 1.422692617603814
 0.4168762099422694 1.452434343467933
 0.3421930879806191 1.476257224969745
 0.2659655518395410 1.493793371031250
 0.1884761398066513 1.504728790020469
 0.1102084384100576 1.509091512349779
 3.171053244429651E-02 1.507117360474457
 -4.663493399932762E-02 1.498983251825390
 -0.1245504466711419 1.484849836894693
 -0.2016924387708788 1.465025206907978
 -0.2777108118804089 1.439872102301331
 -0.3524037491254397 1.409609340757434
 -0.4256551529129506 1.374359321712591
 -0.4972645611958846 1.334324413779668
 -0.5669735814838104 1.289753534268663
 -0.6346108002742430 1.240780508239831
 -0.7000626720445657 1.187456503576904
 -0.7631233944913073 1.129919227754066
 -0.8235082662713097 1.068383938372359
 -0.8809987919031510 1.002989337989923
 -0.9354385292428566 0.9338082945937375
 -0.9865904695994967 0.8610124301447682
 -1.034135730570509 0.7848818875081849
 -1.077823081389673 0.7056491492116885
 -1.117487931560017 0.6234870841621044
 -1.152910420608723 0.5386742817825937
 -1.183798226317270 0.4516215921955208
 -1.209946209433993 0.3627018505428156
 -1.231278827143588 0.2722071154562462
 -1.247697180035216 0.1805184966421162
 -1.259034763731957 8.815142634070176E-02
 -1.265227854689278 -4.440112532305015E-03
 -1.266379460146890 -9.694371299409520E-02
 -1.262574736559239 -0.1889950880589485
 -1.253791508861975 -0.2800911629803414
 -1.240095392294501 -0.3698183078666047
 -1.221745836136290 -0.4579800137660619
 -1.198959550477249 -0.5443423828089409
 -1.171750360589286 -0.6284622909447639
 -1.140200270907264 -0.7099919622524409
 -1.104678720094533 -0.7889244442581599
 -1.065476328150517 -0.8651879569037553
 -1.022428126498676 -0.9382263876598377
 -0.9754981485523220 -1.007643665214775
 -0.9259270527930994 -1.074470994029497
 -0.8720803693674617 -1.136562219727388
 -0.8158410143356425 -1.195665652735544
 -0.7562228266577183 -1.250336994537568
 -0.6935273725625092 -1.300529174176640
 -0.6282029425723010 -1.346313149030080
 -0.5602714316457007 -1.387226613210070
 -0.4897196529399223 -1.422692617603814
 -0.4168762099422694 -1.452434343467933
 -0.3421930879806191 -1.476257224969745
 -0.2659655518395410 -1.493793371031250
 -0.1884761398066513 -1.504728790020469
 -0.1102084384100576 -1.509091512349779
 -3.171053244429651E-02 -1.507117360474457
 4.663493399932762E-02 -1.498983251825390
 0.1245504466711419 -1.484849836894693
 0.2016924387708788 -1.465025206907978
 0.2777108118804089 -1.439872102301331
 0.3524037491254397 -1.409609340757434
 0.4256551529129506 -1.374359321712591
 0.4972645611958846 -1.334324413779668
 0.5669735814838104 -1.289753534268663
 0.6346108002742430 -1.240780508239831
 0.7000626720445657 -1.187456503576904
 0.7631233944913073 -1.129919227754066
 0.8235082662713097 -1.068383938372359
 0.8809987919031510 -1.002989337989923
 0.9354385292428566 -0.9338082945937375
 0.9865904695994967 -0.8610124301447682
 1.034135730570509 -0.7848818875081849
 1.077823081389673 -0.7056491492116885
 1.117487931560017 -0.6234870841621044
 1.152910420608723 -0.5386742817825937
 1.183798226317270 -0.4516215921955208
 1.209946209433993 -0.3627018505428156
 1.231278827143588 -0.2722071154562462
 1.247697180035216 -0.1805184966421162
 1.259034763731957 -8.815142634070176E-02
 1.265227854689278 4.440112532305015E-03
 1.266379460146890 9.694371299409520E-02
 1.262574736559239 0.1889950880589485
 1.253791508861975 0.2800911629803414
 1.240095392294501 0.3698183078666047
 1.221745836136290 0.4579800137660619
 1.198959550477249 0.5443423828089409
 1.171750360589286 0.6284622909447639
 1.140200270907264 0.7099919622524409
 1.104678720094533 0.7889244442581599
 1.065476328150517 0.8651879569037553
 1.022428126498676 0.9382263876598377
 0.9754981485523220 1.007643665214775
 0.9259270527930994 1.074470994029497
 0.8720803693674617 1.136562219727388
 0.8158410143356425 1.195665652735544
 0.7562228266577183 1.250336994537568
 0.6935273725625092 1.300529174176640
 0.6282029425723010 1.346313149030080
 0.5602714316457007 1.387226613210070
 0.4897196529399223 1.422692617603814
 0.4168762099422694 1.452434343467933
 0.3421930879806191 1.476257224969745
 0.2659655518395410 1.493793371031250
 0.1884761398066513 1.504728790020469
 0.1102084384100576 1.509091512349779
 3.171053244429651E-02 1.507117360474457
 -4.663493399932762E-02 1.498983251825390
 -0.1245504466711419 1.484849836894693
 -0.2016924387708788 1.465025206907978
 -0.2777108118804089 1.439872102301331
 -0.3524037491254397 1.409609340757434
 -0.4256551529129506 1.374359321712591
 -0.4972645611958846 1.334324413779668
 -0.5669735814838104 1.289753534268663
 -0.6346108002742430 1.240780508239831
 -0.7000626720445657 1.187456503576904
 -0.7631233944913073 1.129919227754066
 -0.8235082662713097 1.068383938372359
 -0.8809987919031510 1.002989337989923
 -0.9354385292428566 0.9338082945937375
 -0.9865904695994967 0.8610124301447682
 -1.034135730570509 0.7848818875081849
 -1.077823081389673 0.7056491492116885
 -1.117487931560017 0.6234870841621044
 -1.152910420608723 0.5386742817825937
 -1.183798226317270 0.4516215921955208
 -1.209946209433993 0.3627018505428156
 -1.231278827143588 0.2722071154562462
 -1.247697180035216 0.1805184966421162
 -1.259034763731957 8.815142634070176E-02
 -1.265227854689278 -4.440112532305015E-03
 -1.266379460146890 -9.694371299409520E-02
 -1.262574736559239 -0.1889950880589485
 -1.253791508861975 -0.2800911629803414
 -1.240095392294501 -0.3698183078666047
 -1.221745836136290 -0.4579800137660619
 -1.198959550477249 -0.5443423828089409
 -1.171750360589286 -0.6284622909447639
 -1.140200270907264 -0.7099919622524409
 -1.104678720094533 -0.7889244442581599
 -1.065476328150517 -0.8651879569037553
 -1.022428126498676 -0.9382263876598377
 -0.9754981485523220 -1.007643665214775
 -0.9259270527930994 -1.074470994029497
 -0.8720803693674617 -1.136562219727388
 -0.8158410143356425 -1.195665652735544
 -0.7562228266577183 -1.250336994537568
 -0.6935273725625092 -1.300529174176640
 -0.6282029425723010 -1.346313149030080
 -0.5602714316457007 -1.387226613210070
 -0.4897196529399223 -1.422692617603814
 -0.4168762099422694 -1.452434343467933
 -0.3421930879806191 -1.476257224969745
 -0.2659655518395410 -1.493793371031250
 -0.1884761398066513 -1.504728790020469
 -0.1102084384100576 -1.509091512349779
 -3.171053244429651E-02 -1.507117360474457
 4.663493399932762E-02 -1.498983251825390
 0.1245504466711419 -1.484849836894693
 0.2016924387708788 -1.465025206907978
 0.2777108118804089 -1.439872102301331
 0.3524037491254397 -1.409609340757434
 0.4256551529129506 -1.374359321712591
 0.4972645611958846 -1.334324413779668
 0.5669735814838104 -1.289753534268663
 0.6346108002742430 -1.240780508239831
 0.7000626720445657 -1.187456503576904
 0.7631233944913073 -1.129919227754066
 0.8235082662713097 -1.068383938372359
 0.8809987919031510 -1.002989337989923
 0.9354385292428566 -0.9338082945937375
 0.9865904695994967 -0.8610124301447682
 1.034135730570509 -0.7848818875081849
 1.077823081389673 -0.7056491492116885
 1.117487931560017 -0.6234870841621044
 1.152910420608723 -0.5386742817825937
 1.183798226317270 -0.4516215921955208
 1.209946209433993 -0.3627018505428156
 1.231278827143588 -0.2722071154562462
 1.247697180035216 -0.1805184966421162
 1.259034763731957 -8.815142634070176E-02
 1.265227854689278 4.440112532305015E-03
 1.266379460146890 9.694371299409520E-02
 1.262574736559239 0.1889950880589485
 1.253791508861975 0.2800911629803414
 1.240095392294501 0.3698183078666047
 1.221745836136290 0.4579800137660619
 1.198959550477249 0.5443423828089409
 1.171750360589286 0.6284622909447639
 1.140200270907264 0.7099919622524409
 1.104678720094533 0.7889244442581599
 1.065476328150517 0.8651879569037553
 1.022428126498676 0.9382263876598377
 0.9754981485523220 1.007643665214775
 0.9259270527930994 1.074470994029497
 0.8720803693674617 1.136562219727388
 0.8158410143356425 1.195665652735544
 0.7562228266577183 1.250336994537568
 0.6935273725625092 1.300529174176640
 0.6282029425723010 1.346313149030080
 0.5602714316457007 1.387226613210070
 0.4897196529399223 1.422692617603814
 0.4168762099422694 1.452434343467933
 0.3421930879806191 1.476257224969745
 0.2659655518395410 1.493793371031250
 0.1884761398066513 1.504728790020469
 0.1102084384100576 1.509091512349779
 3.171053244429651E-02 1.507117360474457
 -4.663493399932762E-02 1.498983251825390
 -0.1245504466711419 1.484849836894693
 -0.2016924387708788 1.465025206907978
 -0.2777108118804089 1.439872102301331
 -0.3524037491254397 1.409609340757434
 -0.4256551529129506 1.374359321712591
 -0.4972645611958846 1.334324413779668
 -0.5669735814838104 1.289753534268663
 -0.6346108002742430 1.240780508239831
 -0.7000626720445657 1.187456503576904
 -0.7631233944913073 1.129919227754066
 -0.8235082662713097 1.068383938372359
 -0.8809987919031510 1.002989337989923
 -0.9354385292428566 0.9338082945937375
 -0.9865904695994967 0.8610124301447682
 -1.034135730570509 0.7848818875081849
 -1.077823081389673 0.7056491492116885
 -1.117487931560017 0.6234870841621044
 -1.152910420608723 0.5386742817825937
 -1.183798226317270 0.4516215921955208
 -1.209946209433993 0.3627018505428156
 -1.231278827143588 0.2722071154562462
 -1.247697180035216 0.1805184966421162
 -1.259034763731957 8.815142634070176E-02
 -1.265227854689278 -4.440112532305015E-03
 -1.266379460146890 -9.694371299409520E-02
 -1.262574736559239 -0.1889950880589485
 -1.253791508861975 -0.2800911629803414
 -1.240095392294501 -0.3698183078666047
 -1.221745836136290 -0.4579800137660619
 -1.198959550477249 -0.5443423828089409
 -1.171750360589286 -0.6284622909447639
 -1.140200270907264 -0.7099919622524409
 -1.104678720094533 -0.7889244442581599
 -1.065476328150517 -0.8651879569037553
 -1.022428126498676 -0.9382263876598377
 -0.9754981485523220 -1.007643665214775
 -0.9259270527930994 -1.074470994029497
 -0.8720803693674617 -1.136562219727388
 -0.8158410143356425 -1.195665652735544
 -0.7562228266577183 -1.250336994537568
 -0.6935273725625092 -1.300529174176640
 -0.6282029425723010 -1.346313149030080
 -0.5602714316457007 -1.387226613210070
 -0.4897196529399223 -1.422692617603814
 -0.4168762099422694 -1.452434343467933
 -0.3421930879806191 -1.476257224969745
 -0.2659655518395410 -1.493793371031250
 -0.1884761398066513 -1.504728790020469
 -0.1102084384100576 -1.509091512349779
 -3.171053244429651E-02 -1.507117360474457
 4.663493399932762E-02 -1.498983251825390
 0.1245504466711419 -1.484849836894693
 0.2016924387708788 -1.465025206907978
 0.2777108118804089 -1.439872102301331
 0.3524037491254397 -1.409609340757434
 0.4256551529129506 -1.374359321712591
 0.4972645611958846 -1.334324413779668
 0.5669735814838104 -1.289753534268663
 0.6346108002742430 -1.240780508239831
 0.7000626720445657 -1.187456503576904
 0.7631233944913073 -1.129919227754066
 0.8235082662713097 -1.068383938372359
 0.8809987919031510 -1.002989337989923
 0.9354385292428566 -0.9338082945937375
 0.9865904695994967 -0.8610124301447682
 1.034135730570509 -0.7848818875081849
 1.077823081389673 -0.7056491492116885
 1.117487931560017 -0.6234870841621044
 1.152910420608723 -0.5386742817825937
 1.183798226317270 -0.4516215921955208
 1.209946209433993 -0.3627018505428156
 1.231278827143588 -0.2722071154562462
 1.247697180035216 -0.1805184966421162
 1.259034763731957 -8.815142634070176E-02
 1.265227854689278 4.440112532305015E-03
 1.266379460146890 9.694371299409520E-02
 1.262574736559239 0.1889950880589485
 1.253791508861975 0.2800911629803414
 1.240095392294501 0.3698183078666047
 1.221745836136290 0.4579800137660619
 1.198959550477249 0.5443423828089409
 1.171750360589286 0.6284622909447639
 1.140200270907264 0.7099919622524409
 1.104678720094533 0.7889244442581599
 1.065476328150517 0.8651879569037553
 1.022428126498676 0.9382263876598377
 0.9754981485523220 1.007643665214775
 0.9259270527930994 1.074470994029497
   
   
