 # action(x) =  30.60059958003362
 # |grad_action(x)| =  2.499720549831202E-11
 # PRINTSTEPS = 50
 #
 #BODY NUMBER  1
 2.332619639812934 0.6778491973479086
 2.324525792558745 0.6708944021898637
 2.315164386018267 0.6630041753340479
 2.303985182662505 0.6539404762485028
 2.291094384893497 0.6439220715161906
 2.276667986871319 0.6329854164788772
 2.260648983787893 0.6209543670272141
 2.242937147097305 0.6078410399279488
 2.223577948693479 0.5938355165927857
 2.202651133711053 0.5789391491326931
 2.180125991926448 0.5629714381218426
 2.155934768952602 0.5459306047058559
 2.130090302496946 0.5280074008914889
 2.102631013291440 0.5092232108359462
 2.073515311369522 0.4893834903637995
 2.042659011294075 0.4684346115767459
 2.010029092132132 0.4465368496952788
 1.975619377244869 0.4236991978224853
 1.939371564736356 0.3996619633826387
 1.901202250084146 0.3742583978164957
 1.861088481884064 0.3475773583089568
 1.819058206314951 0.3196139625114397
 1.775116342626582 0.2900717617648678
 1.729251977671291 0.2587140169160829
 1.681508624760053 0.2256183477594839
 1.631978644900923 0.1908441196995061
 1.580730331386393 0.1541307885674198
 1.527803389896432 0.1152165259834468
 1.473274247196991 7.419652541245980E-02
 1.417257967139947 3.122720875168017E-02
 1.359836349425849 -1.389145162568373E-02
 1.301044482899097 -6.144932228870215E-02
 1.240934913404859 -0.1113448118713940
 1.179586261821510 -0.1633156518121421
 1.117027623705370 -0.2174910421433478
 1.053213844769519 -0.2742066097867339
 0.9880897300800311 -0.3333724058644128
 0.9216030015918845 -0.3945974560523874
 0.8536157659349599 -0.4579076457409912
 0.7838605164542376 -0.5236878320625030
 0.7120028819063873 -0.5918429550325062
 0.6376529696389982 -0.6617337472463949
 0.5602458477887210 -0.7331079256737342
 0.4789682672444861 -0.8062310422182773
 0.3928423377349026 -0.8806665907134159
 0.3007856365127443 -0.9547683767212133
 0.2015587858846724 -1.026895869731868
 9.393039741881831E-02 -1.095933198005677
 -2.267581954109066E-02 -1.159408786632908
 -0.1474777725699067 -1.212435365544138
 -0.2782964078924697 -1.251414628931982
 -0.4121998175736347 -1.279759469923399
 -0.5455349510165208 -1.289932795852528
 -0.6765237433435859 -1.291025255978616
 -0.8038097008533087 -1.279798368749936
 -0.9272131966414651 -1.258075335939356
 -1.046963688500068 -1.227508956028568
 -1.162626239078054 -1.187056092264759
 -1.272636143484428 -1.135281238723478
 -1.374813056210852 -1.073030689069861
 -1.467380517554951 -1.002978777364821
 -1.549680133965921 -0.9277551976104550
 -1.622178920771551 -0.8494413491698256
 -1.685986904859707 -0.7700287843424092
 -1.742334694145430 -0.6911609431489061
 -1.792277776301442 -0.6135232966888041
 -1.836636991297796 -0.5371770083158369
 -1.876058892611288 -0.4623964055449605
 -1.911072114268795 -0.3896753512642880
 -1.942088005335846 -0.3191186488366777
 -1.969394447850537 -0.2504564304485576
 -1.993204723983939 -0.1836429598232612
 -2.013724470318939 -0.1189302460154839
 -2.031152205684715 -5.634776409448528E-02
 -2.045630333651797 4.395644729849435E-03
 -2.057247428350991 6.342393280410397E-02
 -2.066100830836332 0.1205494463281008
 -2.072313670782662 0.1757125902042085
 -2.075975304410967 0.2291520257922355
 -2.077114837964717 0.2809985650885988
 -2.075763301729086 0.3310773357407252
 -2.071995916799128 0.3792810538961144
 -2.065873960671159 0.4257901803356008
 -2.057390128744378 0.4707269112744843
 -2.046524022107370 0.5139139241299600
 -2.033312602546868 0.5551967887552703
 -2.017801579044552 0.5947045500998543
 -1.999959780898088 0.6325451377952273
 -1.979719843527002 0.6685239365288937
 -1.957081667471133 0.7024346817765200
 -1.932083628423256 0.7343617499465775
 -1.904679819016343 0.7643930912864265
 -1.874753850467180 0.7922891971422316
 -1.842266142124697 0.8177727569963763
 -1.807263660864489 0.8408933057121113
 -1.769705551097926 0.8617135168766927
 -1.729425490938940 0.8798847415478780
 -1.686354638036013 0.8950029404177176
 -1.640622220378388 0.9071212016314950
 -1.592276801764426 0.9162701833787130
 -1.541094094838803 0.9217048134743068
 -1.487046966916689 0.9226712691315476
 -1.431072837459612 0.9202967821368581
 -1.372109540661351 0.9113440893241076
 -1.311911779037126 0.8976440367695789
 -1.250340413605992 0.8765186039864060
 -1.188568377922620 0.8471038166915438
 -1.128627647009427 0.8087421254316830
 -1.073003835166497 0.7606088974571579
 -1.024331201564228 0.7028916301712687
 -0.9847601872470758 0.6374157777563102
 -0.9551947278146788 0.5665716387285078
 -0.9352445513998638 0.4918666115368933
 -0.9241684945367048 0.4136684598746697
 -0.9219882476167013 0.3319236653698385
 -0.9298328775136873 0.2468344890329433
 -0.9494302356330806 0.1593157440601731
 -0.9822390334530681 7.146580374600653E-02
 -1.028592421381169 -1.340505661774349E-02
 -1.087117715442043 -9.175327380535372E-02
 -1.154841057033168 -0.1612125388631466
 -1.228121902994968 -0.2211989887853152
 -1.303810767268904 -0.2724100512031043
 -1.379773388157170 -0.3160588351634201
 -1.454655019085733 -0.3535009354551132
 -1.527509506402723 -0.3860736271027077
 -1.597725293866259 -0.4148764701475902
 -1.665034806358880 -0.4406726234085304
 -1.729332713264033 -0.4640466346158534
 -1.790475228646773 -0.4855424191349703
 -1.848314547979644 -0.5055780523595019
 -1.902828783869347 -0.5243645223347151
 -1.954074479399943 -0.5420303796171066
 -2.002036374775925 -0.5587478221821136
 -2.046637173928704 -0.5746525402568423
 -2.087877962014705 -0.5897406799118495
 -2.125850578142208 -0.6039588658832442
 -2.160602080906834 -0.6173263173074199
 -2.192098186621218 -0.6298676855347768
 -2.220351862376022 -0.6414995495867470
 -2.245485969679633 -0.6520993887951423
 -2.267616673722187 -0.6616309064632818
 -2.286766058352362 -0.6700893415982189
 -2.302964943563371 -0.6773798967213034
 -2.316368072741215 -0.6833762179977925
 -2.327170002883551 -0.6880552252196918
 -2.335456163252888 -0.6914457594356950
 -2.341255593701506 -0.6934904646001022
 -2.344724278778441 -0.6941092131588370
 -2.346128716781113 -0.6933602166540518
 -2.345594153252609 -0.6913577077566269
 -2.343024173664634 -0.6880628517432860
 -2.338471298796715 -0.6834271313967344
 -2.332619639812934 -0.6778491973479086
 -2.324525792558745 -0.6708944021898637
 -2.315164386018267 -0.6630041753340479
 -2.303985182662505 -0.6539404762485028
 -2.291094384893497 -0.6439220715161906
 -2.276667986871319 -0.6329854164788772
 -2.260648983787893 -0.6209543670272141
 -2.242937147097305 -0.6078410399279488
 -2.223577948693479 -0.5938355165927857
 -2.202651133711053 -0.5789391491326931
 -2.180125991926448 -0.5629714381218426
 -2.155934768952602 -0.5459306047058559
 -2.130090302496946 -0.5280074008914889
 -2.102631013291440 -0.5092232108359462
 -2.073515311369522 -0.4893834903637995
 -2.042659011294075 -0.4684346115767459
 -2.010029092132132 -0.4465368496952788
 -1.975619377244869 -0.4236991978224853
 -1.939371564736356 -0.3996619633826387
 -1.901202250084146 -0.3742583978164957
 -1.861088481884064 -0.3475773583089568
 -1.819058206314951 -0.3196139625114397
 -1.775116342626582 -0.2900717617648678
 -1.729251977671291 -0.2587140169160829
 -1.681508624760053 -0.2256183477594839
 -1.631978644900923 -0.1908441196995061
 -1.580730331386393 -0.1541307885674198
 -1.527803389896432 -0.1152165259834468
 -1.473274247196991 -7.419652541245980E-02
 -1.417257967139947 -3.122720875168017E-02
 -1.359836349425849 1.389145162568373E-02
 -1.301044482899097 6.144932228870215E-02
 -1.240934913404859 0.1113448118713940
 -1.179586261821510 0.1633156518121421
 -1.117027623705370 0.2174910421433478
 -1.053213844769519 0.2742066097867339
 -0.9880897300800311 0.3333724058644128
 -0.9216030015918845 0.3945974560523874
 -0.8536157659349599 0.4579076457409912
 -0.7838605164542376 0.5236878320625030
 -0.7120028819063873 0.5918429550325062
 -0.6376529696389982 0.6617337472463949
 -0.5602458477887210 0.7331079256737342
 -0.4789682672444861 0.8062310422182773
 -0.3928423377349026 0.8806665907134159
 -0.3007856365127443 0.9547683767212133
 -0.2015587858846724 1.026895869731868
 -9.393039741881831E-02 1.095933198005677
 2.267581954109066E-02 1.159408786632908
 0.1474777725699067 1.212435365544138
 0.2782964078924697 1.251414628931982
 0.4121998175736347 1.279759469923399
 0.5455349510165208 1.289932795852528
 0.6765237433435859 1.291025255978616
 0.8038097008533087 1.279798368749936
 0.9272131966414651 1.258075335939356
 1.046963688500068 1.227508956028568
 1.162626239078054 1.187056092264759
 1.272636143484428 1.135281238723478
 1.374813056210852 1.073030689069861
 1.467380517554951 1.002978777364821
 1.549680133965921 0.9277551976104550
 1.622178920771551 0.8494413491698256
 1.685986904859707 0.7700287843424092
 1.742334694145430 0.6911609431489061
 1.792277776301442 0.6135232966888041
 1.836636991297796 0.5371770083158369
 1.876058892611288 0.4623964055449605
 1.911072114268795 0.3896753512642880
 1.942088005335846 0.3191186488366777
 1.969394447850537 0.2504564304485576
 1.993204723983939 0.1836429598232612
 2.013724470318939 0.1189302460154839
 2.031152205684715 5.634776409448528E-02
 2.045630333651797 -4.395644729849435E-03
 2.057247428350991 -6.342393280410397E-02
 2.066100830836332 -0.1205494463281008
 2.072313670782662 -0.1757125902042085
 2.075975304410967 -0.2291520257922355
 2.077114837964717 -0.2809985650885988
 2.075763301729086 -0.3310773357407252
 2.071995916799128 -0.3792810538961144
 2.065873960671159 -0.4257901803356008
 2.057390128744378 -0.4707269112744843
 2.046524022107370 -0.5139139241299600
 2.033312602546868 -0.5551967887552703
 2.017801579044552 -0.5947045500998543
 1.999959780898088 -0.6325451377952273
 1.979719843527002 -0.6685239365288937
 1.957081667471133 -0.7024346817765200
 1.932083628423256 -0.7343617499465775
 1.904679819016343 -0.7643930912864265
 1.874753850467180 -0.7922891971422316
 1.842266142124697 -0.8177727569963763
 1.807263660864489 -0.8408933057121113
 1.769705551097926 -0.8617135168766927
 1.729425490938940 -0.8798847415478780
 1.686354638036013 -0.8950029404177176
 1.640622220378388 -0.9071212016314950
 1.592276801764426 -0.9162701833787130
 1.541094094838803 -0.9217048134743068
 1.487046966916689 -0.9226712691315476
 1.431072837459612 -0.9202967821368581
 1.372109540661351 -0.9113440893241076
 1.311911779037126 -0.8976440367695789
 1.250340413605992 -0.8765186039864060
 1.188568377922620 -0.8471038166915438
 1.128627647009427 -0.8087421254316830
 1.073003835166497 -0.7606088974571579
 1.024331201564228 -0.7028916301712687
 0.9847601872470758 -0.6374157777563102
 0.9551947278146788 -0.5665716387285078
 0.9352445513998638 -0.4918666115368933
 0.9241684945367048 -0.4136684598746697
 0.9219882476167013 -0.3319236653698385
 0.9298328775136873 -0.2468344890329433
 0.9494302356330806 -0.1593157440601731
 0.9822390334530681 -7.146580374600653E-02
 1.028592421381169 1.340505661774349E-02
 1.087117715442043 9.175327380535372E-02
 1.154841057033168 0.1612125388631466
 1.228121902994968 0.2211989887853152
 1.303810767268904 0.2724100512031043
 1.379773388157170 0.3160588351634201
 1.454655019085733 0.3535009354551132
 1.527509506402723 0.3860736271027077
 1.597725293866259 0.4148764701475902
 1.665034806358880 0.4406726234085304
 1.729332713264033 0.4640466346158534
 1.790475228646773 0.4855424191349703
 1.848314547979644 0.5055780523595019
 1.902828783869347 0.5243645223347151
 1.954074479399943 0.5420303796171066
 2.002036374775925 0.5587478221821136
 2.046637173928704 0.5746525402568423
 2.087877962014705 0.5897406799118495
 2.125850578142208 0.6039588658832442
 2.160602080906834 0.6173263173074199
 2.192098186621218 0.6298676855347768
 2.220351862376022 0.6414995495867470
 2.245485969679633 0.6520993887951423
 2.267616673722187 0.6616309064632818
 2.286766058352362 0.6700893415982189
 2.302964943563371 0.6773798967213034
 2.316368072741215 0.6833762179977925
 2.327170002883551 0.6880552252196918
 2.335456163252888 0.6914457594356950
 2.341255593701506 0.6934904646001022
 2.344724278778441 0.6941092131588370
 2.346128716781113 0.6933602166540518
 2.345594153252609 0.6913577077566269
 2.343024173664634 0.6880628517432860
 2.338471298796715 0.6834271313967344
 2.332619639812934 0.6778491973479086
   
   
 #BODY NUMBER  2
 0.9022043029005534 -0.9968552484157784
 0.8443470948747152 -1.117413524158871
 0.7797987969329968 -1.231399375988197
 0.7064330486326749 -1.336018805122304
 0.6259186024773916 -1.432027850985363
 0.5395720950436218 -1.520451629095201
 0.4467076120793397 -1.600391904280334
 0.3468643214321833 -1.669775849393512
 0.2418653076693943 -1.727138376668052
 0.1349148418771163 -1.772278193903355
 2.861950264074564E-02 -1.805939962559787
 -7.545167297977873E-02 -1.829568829456700
 -0.1761289635440783 -1.845121882227609
 -0.2726044122021499 -1.854486578599385
 -0.3648121274046394 -1.858919733259734
 -0.4531095601184587 -1.859162796152029
 -0.5375824124850964 -1.855912862769558
 -0.6180673037108997 -1.849874675052959
 -0.6946791459539947 -1.841456873424230
 -0.7677955926156472 -1.830773837134872
 -0.8375628935588604 -1.817987405824872
 -0.9038656208317272 -1.803401670526306
 -0.9667775076900803 -1.787203291123001
 -1.026621906827959 -1.769370013329569
 -1.083550451191767 -1.749916568420113
 -1.137449298350450 -1.729021083120348
 -1.188328402272940 -1.706819988405462
 -1.236439127870226 -1.683271338352913
 -1.281909314776060 -1.658334933710744
 -1.324603034233280 -1.632125083670488
 -1.364464986247734 -1.604760573537615
 -1.401682093188167 -1.576204240790198
 -1.436356527780876 -1.546388661350726
 -1.468324524708779 -1.515384830535108
 -1.497470824435041 -1.483301973263004
 -1.523930037654945 -1.450115152199009
 -1.547780048820039 -1.415743407907291
 -1.568818633835499 -1.380225708606091
 -1.586867112653271 -1.343665100422550
 -1.602017745232960 -1.306052629477265
 -1.614323745039534 -1.267304563700487
 -1.623519497102740 -1.227439861776155
 -1.629345053144049 -1.186562901113753
 -1.631866795051207 -1.144689588789057
 -1.631118571948610 -1.101753206030798
 -1.626715284052237 -1.057784038331558
 -1.618272601881520 -1.012924486120040
 -1.605901115113535 -0.9672599200451687
 -1.589651656418405 -0.9208170684952757
 -1.568766830678548 -0.8737742290154346
 -1.542580241868293 -0.8264848154046768
 -1.512536811081398 -0.7791970408374738
 -1.475301903274147 -0.7326096743256733
 -1.433338428916631 -0.6873269097853991
 -1.384257584744895 -0.6445672595679279
 -1.327897613858943 -0.6057785010700802
 -1.264705049239172 -0.5730491510077782
 -1.195208545125620 -0.5489441308837382
 -1.120887608617889 -0.5356510273580251
 -1.044398349933518 -0.5341194499133330
 -0.9682627961100065 -0.5439370804842203
 -0.8935912565642535 -0.5640122344948166
 -0.8203316422642000 -0.5935191637086717
 -0.7484484501358759 -0.6325034117418414
 -0.6786813767895239 -0.6818416486843658
 -0.6126865993954700 -0.7425728311492067
 -0.5530107182724487 -0.8149110536860267
 -0.5026870911204498 -0.8974896953651119
 -0.4640981917251959 -0.9873481953795886
 -0.4378063744525129 -1.080727962155570
 -0.4224970079179720 -1.174184261330388
 -0.4159913590463442 -1.265338271784104
 -0.4161717137365447 -1.352948223191546
 -0.4211867191771751 -1.436518667998338
 -0.4294051843992162 -1.515898850618340
 -0.4395690843529002 -1.591108927830933
 -0.4508837165553194 -1.662298752196358
 -0.4627901825140124 -1.729669378590050
 -0.4747455447375506 -1.793368242422342
 -0.4863138370506342 -1.853476378914474
 -0.4973013947495177 -1.910080327050461
 -0.5076251613286344 -1.963293329855756
 -0.5171283790690218 -2.013188270947511
 -0.5256548887526667 -2.059766055080269
 -0.5332085705585834 -2.103025695062340
 -0.5398815683753757 -2.143020038262610
 -0.5456807672404984 -2.179799448188549
 -0.5505676766145842 -2.213346559971165
 -0.5546210247296129 -2.243630892951098
 -0.5580083483509177 -2.270697587981667
 -0.5608191639349659 -2.294629098720224
 -0.5630686365469347 -2.315442169844263
 -0.5648542732081575 -2.333116093511527
 -0.5663628712423865 -2.347721704507988
 -0.5677116971948993 -2.359415954032107
 -0.5689184886161084 -2.368287246519785
 -0.5700474372247916 -2.374332053197973
 -0.5712459277928398 -2.377645396871695
 -0.5725967967946655 -2.378487177607656
 -0.5740637386068879 -2.377022977563322
 -0.5756321778222657 -2.373149881946259
 -0.5773703919732601 -2.366889116477113
 -0.5792751950682866 -2.359032464118462
 -0.5812513007261765 -2.348545589202962
 -0.5834037343546963 -2.336493259895846
 -0.5856635263371547 -2.322279936252911
 -0.5878943204562276 -2.306106975543746
 -0.5901525425398787 -2.288145020852777
 -0.5925622354574931 -2.268256632513398
 -0.5950627915082974 -2.246361068442035
 -0.5975123313079317 -2.222592749159837
 -0.5999495564612668 -2.197021412034713
 -0.6025154289446494 -2.169530211519973
 -0.6051776120976297 -2.140059581168016
 -0.6077773286902496 -2.108716014762980
 -0.6103152698651113 -2.075543477713376
 -0.6129391208370137 -2.040408679963906
 -0.6156532320096795 -2.003211900838247
 -0.6183022905040809 -1.964004680979837
 -0.6208754197450739 -1.922786167814091
 -0.6235683691524470 -1.879376024130181
 -0.6264838449533254 -1.833618645213254
 -0.6295334188661893 -1.785538583156693
 -0.6327352922183618 -1.735157598887022
 -0.6363486567044079 -1.682331728269975
 -0.6405730778712010 -1.626933150665861
 -0.6453630916604416 -1.569038359604583
 -0.6507134666278110 -1.508757024767656
 -0.6568839872884830 -1.446018017796921
 -0.6641212565107613 -1.380724810630015
 -0.6723810477187676 -1.312991187520219
 -0.6815854275017389 -1.242995007634926
 -0.6919485247162090 -1.170707097779436
 -0.7037389155969018 -1.096012912499855
 -0.7168948923626558 -1.019008753515953
 -0.7312286342156841 -0.9398938427864785
 -0.7468665794443762 -0.8586287777861412
 -0.7640768123456778 -0.7750066402945168
 -0.7827538374393335 -0.6890246045356095
 -0.8025329220060233 -0.6008328835563688
 -0.8233675367663036 -0.5102991155000909
 -0.8454572244460453 -0.4169992042417082
 -0.8685524750621952 -0.3206911057824099
 -0.8919047204763479 -0.2213567968827624
 -0.9150130112435284 -0.1186331737129152
 -0.9377006975028755 -1.168316593120031E-02
 -0.9591008086895023 0.1001218511962162
 -0.9772464872269739 0.2168961860470979
 -0.9900973031714495 0.3388929059338594
 -0.9960711890330469 0.4666204886505737
 -0.9927395528244449 0.5993422290906701
 -0.9762609407229427 0.7339371803111524
 -0.9446086553763381 0.8667190734828258
 -0.9022043029005534 0.9968552484157784
 -0.8443470948747152 1.117413524158871
 -0.7797987969329968 1.231399375988197
 -0.7064330486326749 1.336018805122304
 -0.6259186024773916 1.432027850985363
 -0.5395720950436218 1.520451629095201
 -0.4467076120793397 1.600391904280334
 -0.3468643214321833 1.669775849393512
 -0.2418653076693943 1.727138376668052
 -0.1349148418771163 1.772278193903355
 -2.861950264074564E-02 1.805939962559787
 7.545167297977873E-02 1.829568829456700
 0.1761289635440783 1.845121882227609
 0.2726044122021499 1.854486578599385
 0.3648121274046394 1.858919733259734
 0.4531095601184587 1.859162796152029
 0.5375824124850964 1.855912862769558
 0.6180673037108997 1.849874675052959
 0.6946791459539947 1.841456873424230
 0.7677955926156472 1.830773837134872
 0.8375628935588604 1.817987405824872
 0.9038656208317272 1.803401670526306
 0.9667775076900803 1.787203291123001
 1.026621906827959 1.769370013329569
 1.083550451191767 1.749916568420113
 1.137449298350450 1.729021083120348
 1.188328402272940 1.706819988405462
 1.236439127870226 1.683271338352913
 1.281909314776060 1.658334933710744
 1.324603034233280 1.632125083670488
 1.364464986247734 1.604760573537615
 1.401682093188167 1.576204240790198
 1.436356527780876 1.546388661350726
 1.468324524708779 1.515384830535108
 1.497470824435041 1.483301973263004
 1.523930037654945 1.450115152199009
 1.547780048820039 1.415743407907291
 1.568818633835499 1.380225708606091
 1.586867112653271 1.343665100422550
 1.602017745232960 1.306052629477265
 1.614323745039534 1.267304563700487
 1.623519497102740 1.227439861776155
 1.629345053144049 1.186562901113753
 1.631866795051207 1.144689588789057
 1.631118571948610 1.101753206030798
 1.626715284052237 1.057784038331558
 1.618272601881520 1.012924486120040
 1.605901115113535 0.9672599200451687
 1.589651656418405 0.9208170684952757
 1.568766830678548 0.8737742290154346
 1.542580241868293 0.8264848154046768
 1.512536811081398 0.7791970408374738
 1.475301903274147 0.7326096743256733
 1.433338428916631 0.6873269097853991
 1.384257584744895 0.6445672595679279
 1.327897613858943 0.6057785010700802
 1.264705049239172 0.5730491510077782
 1.195208545125620 0.5489441308837382
 1.120887608617889 0.5356510273580251
 1.044398349933518 0.5341194499133330
 0.9682627961100065 0.5439370804842203
 0.8935912565642535 0.5640122344948166
 0.8203316422642000 0.5935191637086717
 0.7484484501358759 0.6325034117418414
 0.6786813767895239 0.6818416486843658
 0.6126865993954700 0.7425728311492067
 0.5530107182724487 0.8149110536860267
 0.5026870911204498 0.8974896953651119
 0.4640981917251959 0.9873481953795886
 0.4378063744525129 1.080727962155570
 0.4224970079179720 1.174184261330388
 0.4159913590463442 1.265338271784104
 0.4161717137365447 1.352948223191546
 0.4211867191771751 1.436518667998338
 0.4294051843992162 1.515898850618340
 0.4395690843529002 1.591108927830933
 0.4508837165553194 1.662298752196358
 0.4627901825140124 1.729669378590050
 0.4747455447375506 1.793368242422342
 0.4863138370506342 1.853476378914474
 0.4973013947495177 1.910080327050461
 0.5076251613286344 1.963293329855756
 0.5171283790690218 2.013188270947511
 0.5256548887526667 2.059766055080269
 0.5332085705585834 2.103025695062340
 0.5398815683753757 2.143020038262610
 0.5456807672404984 2.179799448188549
 0.5505676766145842 2.213346559971165
 0.5546210247296129 2.243630892951098
 0.5580083483509177 2.270697587981667
 0.5608191639349659 2.294629098720224
 0.5630686365469347 2.315442169844263
 0.5648542732081575 2.333116093511527
 0.5663628712423865 2.347721704507988
 0.5677116971948993 2.359415954032107
 0.5689184886161084 2.368287246519785
 0.5700474372247916 2.374332053197973
 0.5712459277928398 2.377645396871695
 0.5725967967946655 2.378487177607656
 0.5740637386068879 2.377022977563322
 0.5756321778222657 2.373149881946259
 0.5773703919732601 2.366889116477113
 0.5792751950682866 2.359032464118462
 0.5812513007261765 2.348545589202962
 0.5834037343546963 2.336493259895846
 0.5856635263371547 2.322279936252911
 0.5878943204562276 2.306106975543746
 0.5901525425398787 2.288145020852777
 0.5925622354574931 2.268256632513398
 0.5950627915082974 2.246361068442035
 0.5975123313079317 2.222592749159837
 0.5999495564612668 2.197021412034713
 0.6025154289446494 2.169530211519973
 0.6051776120976297 2.140059581168016
 0.6077773286902496 2.108716014762980
 0.6103152698651113 2.075543477713376
 0.6129391208370137 2.040408679963906
 0.6156532320096795 2.003211900838247
 0.6183022905040809 1.964004680979837
 0.6208754197450739 1.922786167814091
 0.6235683691524470 1.879376024130181
 0.6264838449533254 1.833618645213254
 0.6295334188661893 1.785538583156693
 0.6327352922183618 1.735157598887022
 0.6363486567044079 1.682331728269975
 0.6405730778712010 1.626933150665861
 0.6453630916604416 1.569038359604583
 0.6507134666278110 1.508757024767656
 0.6568839872884830 1.446018017796921
 0.6641212565107613 1.380724810630015
 0.6723810477187676 1.312991187520219
 0.6815854275017389 1.242995007634926
 0.6919485247162090 1.170707097779436
 0.7037389155969018 1.096012912499855
 0.7168948923626558 1.019008753515953
 0.7312286342156841 0.9398938427864785
 0.7468665794443762 0.8586287777861412
 0.7640768123456778 0.7750066402945168
 0.7827538374393335 0.6890246045356095
 0.8025329220060233 0.6008328835563688
 0.8233675367663036 0.5102991155000909
 0.8454572244460453 0.4169992042417082
 0.8685524750621952 0.3206911057824099
 0.8919047204763479 0.2213567968827624
 0.9150130112435284 0.1186331737129152
 0.9377006975028755 1.168316593120031E-02
 0.9591008086895023 -0.1001218511962162
 0.9772464872269739 -0.2168961860470979
 0.9900973031714495 -0.3388929059338594
 0.9960711890330469 -0.4666204886505737
 0.9927395528244449 -0.5993422290906701
 0.9762609407229427 -0.7339371803111524
 0.9446086553763381 -0.8667190734828258
 0.9022043029005534 -0.9968552484157784
   
   
 #BODY NUMBER  3
 -8.146397362178603E-02 -1.699493822974332
 -0.1031923626127962 -1.643953763649781
 -0.1214266498795048 -1.584970946554978
 -0.1339171711389039 -1.521085863554334
 -0.1393292359363233 -1.452882317761624
 -0.1360774022297450 -1.381791276439461
 -0.1222047099591230 -1.309553028340896
 -9.655640705366142E-02 -1.238542657529294
 -5.963816268644256E-02 -1.171535227669643
 -1.306806829532764E-02 -1.110508719212728
 4.165329483561031E-02 -1.055878846031710
 0.1038368522725048 -1.007187623583341
 0.1735397974808254 -0.9644270771116800
 0.2511515007241634 -0.9286761377173091
 0.3367436362376106 -0.9018885752093798
 0.4292283151806193 -0.8863768574320332
 0.5259053302607190 -0.8840846387473684
 0.6230195237168471 -0.8955949215742349
 0.7170346825806548 -0.9195154232924239
 0.8056248950769962 -0.9529852725450729
 0.8878194082225601 -0.9929282205809995
 0.9636016744206253 -1.036889388028126
 1.033468299908558 -1.083017732543225
 1.098104322003507 -1.129825223515633
 1.158156209513359 -1.176232457683343
 1.214151089803560 -1.221626128787828
 1.266542530750021 -1.265622743974196
 1.315729683909222 -1.307825823287371
 1.362000710929010 -1.347898326554972
 1.405527389119829 -1.385715804715746
 1.446449318071309 -1.421262950238649
 1.484907995706903 -1.454440448765397
 1.520982285176037 -1.485113514823427
 1.554669391456121 -1.513285015150491
 1.585969009766832 -1.539061172379365
 1.614921313666336 -1.562473130881130
 1.641530510006634 -1.583478874436388
 1.665730837646409 -1.602131343364351
 1.687477621328715 -1.618598199186525
 1.706797509787221 -1.632998192256942
 1.723697421805427 -1.645352828246044
 1.738110670355214 -1.655736196790224
 1.750005201498828 -1.664345486510196
 1.759458305688652 -1.671360728812415
 1.766537674636779 -1.676841487084090
 1.771208156476714 -1.680841588597871
 1.773478350985601 -1.683536183712858
 1.773531919986447 -1.685126960953604
 1.771530414645721 -1.685665269806696
 1.767391995842369 -1.685087030202973
 1.761100906823455 -1.683461985080378
 1.753344444744647 -1.681183266770553
 1.743274491832569 -1.677651187013098
 1.731760651663571 -1.673489084561798
 1.718321656325350 -1.668339460004408
 1.703200064437270 -1.662184904027556
 1.686515444331440 -1.655159604373900
 1.668086748330400 -1.647302265486184
 1.647874355589007 -1.638520028514086
 1.626065617385547 -1.628757232567051
 1.602701577249786 -1.618082262902020
 1.577610562981799 -1.606558773398131
 1.550757156854972 -1.594128976462160
 1.522312973806697 -1.580708613871491
 1.492315743426329 -1.566320266877429
 1.460576190532509 -1.551025189600107
 1.427005779284396 -1.534777289261501
 1.391726801628051 -1.517467831284559
 1.354743957499795 -1.499086969991606
 1.315803195583909 -1.479714060747542
 1.274718405130821 -1.459360247396758
 1.231555063017875 -1.437961224847736
 1.186322914096590 -1.415543636375583
 1.138767685922174 -1.392259966505108
 1.088678899800090 -1.368219133749778
 1.036145533099611 -1.343420011845099
 0.9812651782731119 -1.317912905068150
 0.9238463440979101 -1.291887229229501
 0.8636821333856706 -1.265508284646568
 0.8008931994782231 -1.238794662107759
 0.7356725396382082 -1.211767798883245
 0.6678878247096394 -1.184598549405119
 0.5973055673021950 -1.157462234788558
 0.5240400210422032 -1.130353565387347
 0.4483576276058256 -1.103209494598621
 0.3701610442609939 -1.076119819929489
 0.2891370324238411 -1.049213250081251
 0.2053358926406976 -1.022397010400022
 0.1190700795858611 -0.9954303396087562
 3.024822916865627E-02 -0.9682067612410821
 -6.159670799180778E-02 -0.9406870363042111
 -0.1565495931558080 -0.9125340608149162
 -0.2542517508373497 -0.8830905441291572
 -0.3547671634548074 -0.8517410993866493
 -0.4587324302583894 -0.8179142081494776
 -0.5662584709545997 -0.7805447395171998
 -0.6764608507142297 -0.7378721906741154
 -0.7885385172867772 -0.6880029637980085
 -0.9021407916142286 -0.6293127093551034
 -1.015415372365536 -0.5600665575422379
 -1.123738713292849 -0.4784981852329861
 -1.222905063268808 -0.3846955554491559
 -1.314404120474188 -0.2829042215076206
 -1.389882045891236 -0.1725192716936576
 -1.456322540276583 -5.962587999041943E-02
 -1.510242749485984 5.622043637236755E-02
 -1.553131799118857 0.1739525150460068
 -1.586535783543690 0.2929426730666321
 -1.609333851157393 0.4133358120155747
 -1.619500464916612 0.5344946106700340
 -1.616678363880247 0.6541076875981914
 -1.602295359432067 0.7692994165385344
 -1.578299636606666 0.8781847649493321
 -1.546727247791772 0.9801274802868744
 -1.509857941315629 1.075093097885199
 -1.469730281943280 1.163325635450479
 -1.427465648896803 1.245396436570930
 -1.383527431179338 1.321985787836192
 -1.338476480126191 1.393516457224597
 -1.293004810557896 1.460199323788671
 -1.247408859381852 1.522338224587553
 -1.201598855234890 1.580317406686314
 -1.155641830425079 1.634344446001611
 -1.109858849487211 1.684471424510822
 -1.064374697994634 1.730855527028516
 -1.019008426823838 1.773765658059418
 -0.9736969771592242 1.813340501224217
 -0.9286515324858821 1.849570529448449
 -0.8839852685097216 1.882532578609671
 -0.8395361765407410 1.912423364145149
 -0.7952055231886570 1.939333498799342
 -0.7511602674958051 1.963202419411213
 -0.7075309305513939 1.984041627433730
 -0.6641918674829923 2.001994421125799
 -0.6210336009635021 2.017115572625210
 -0.5781994973985908 2.029298754665068
 -0.5358417781118276 2.038498762018275
 -0.4938715413896069 2.044819702298863
 -0.4521797320780490 2.048288545702518
 -0.4109012096915037 2.048749645134985
 -0.3702145548178620 2.046099782199070
 -0.3300658831902962 2.040414379423842
 -0.2903560739768088 2.031697654986913
 -0.2512343533644402 2.019729058918386
 -0.2129210889806483 2.004335658110129
 -0.1753968658132822 1.985582894501168
 -0.1385869791493166 1.963466722907490
 -0.1027102068867026 1.937668779879436
 -6.808203615449283E-02 1.907927426537758
 -3.472110526485363E-02 1.874381121676664
 -2.625145346021722E-03 1.837087251873989
 2.767273583974594E-02 1.795479042489741
 5.553327495160437E-02 1.749156084536224
 8.146397362178603E-02 1.699493822974332
 0.1031923626127962 1.643953763649781
 0.1214266498795048 1.584970946554978
 0.1339171711389039 1.521085863554334
 0.1393292359363233 1.452882317761624
 0.1360774022297450 1.381791276439461
 0.1222047099591230 1.309553028340896
 9.655640705366142E-02 1.238542657529294
 5.963816268644256E-02 1.171535227669643
 1.306806829532764E-02 1.110508719212728
 -4.165329483561031E-02 1.055878846031710
 -0.1038368522725048 1.007187623583341
 -0.1735397974808254 0.9644270771116800
 -0.2511515007241634 0.9286761377173091
 -0.3367436362376106 0.9018885752093798
 -0.4292283151806193 0.8863768574320332
 -0.5259053302607190 0.8840846387473684
 -0.6230195237168471 0.8955949215742349
 -0.7170346825806548 0.9195154232924239
 -0.8056248950769962 0.9529852725450729
 -0.8878194082225601 0.9929282205809995
 -0.9636016744206253 1.036889388028126
 -1.033468299908558 1.083017732543225
 -1.098104322003507 1.129825223515633
 -1.158156209513359 1.176232457683343
 -1.214151089803560 1.221626128787828
 -1.266542530750021 1.265622743974196
 -1.315729683909222 1.307825823287371
 -1.362000710929010 1.347898326554972
 -1.405527389119829 1.385715804715746
 -1.446449318071309 1.421262950238649
 -1.484907995706903 1.454440448765397
 -1.520982285176037 1.485113514823427
 -1.554669391456121 1.513285015150491
 -1.585969009766832 1.539061172379365
 -1.614921313666336 1.562473130881130
 -1.641530510006634 1.583478874436388
 -1.665730837646409 1.602131343364351
 -1.687477621328715 1.618598199186525
 -1.706797509787221 1.632998192256942
 -1.723697421805427 1.645352828246044
 -1.738110670355214 1.655736196790224
 -1.750005201498828 1.664345486510196
 -1.759458305688652 1.671360728812415
 -1.766537674636779 1.676841487084090
 -1.771208156476714 1.680841588597871
 -1.773478350985601 1.683536183712858
 -1.773531919986447 1.685126960953604
 -1.771530414645721 1.685665269806696
 -1.767391995842369 1.685087030202973
 -1.761100906823455 1.683461985080378
 -1.753344444744647 1.681183266770553
 -1.743274491832569 1.677651187013098
 -1.731760651663571 1.673489084561798
 -1.718321656325350 1.668339460004408
 -1.703200064437270 1.662184904027556
 -1.686515444331440 1.655159604373900
 -1.668086748330400 1.647302265486184
 -1.647874355589007 1.638520028514086
 -1.626065617385547 1.628757232567051
 -1.602701577249786 1.618082262902020
 -1.577610562981799 1.606558773398131
 -1.550757156854972 1.594128976462160
 -1.522312973806697 1.580708613871491
 -1.492315743426329 1.566320266877429
 -1.460576190532509 1.551025189600107
 -1.427005779284396 1.534777289261501
 -1.391726801628051 1.517467831284559
 -1.354743957499795 1.499086969991606
 -1.315803195583909 1.479714060747542
 -1.274718405130821 1.459360247396758
 -1.231555063017875 1.437961224847736
 -1.186322914096590 1.415543636375583
 -1.138767685922174 1.392259966505108
 -1.088678899800090 1.368219133749778
 -1.036145533099611 1.343420011845099
 -0.9812651782731119 1.317912905068150
 -0.9238463440979101 1.291887229229501
 -0.8636821333856706 1.265508284646568
 -0.8008931994782231 1.238794662107759
 -0.7356725396382082 1.211767798883245
 -0.6678878247096394 1.184598549405119
 -0.5973055673021950 1.157462234788558
 -0.5240400210422032 1.130353565387347
 -0.4483576276058256 1.103209494598621
 -0.3701610442609939 1.076119819929489
 -0.2891370324238411 1.049213250081251
 -0.2053358926406976 1.022397010400022
 -0.1190700795858611 0.9954303396087562
 -3.024822916865627E-02 0.9682067612410821
 6.159670799180778E-02 0.9406870363042111
 0.1565495931558080 0.9125340608149162
 0.2542517508373497 0.8830905441291572
 0.3547671634548074 0.8517410993866493
 0.4587324302583894 0.8179142081494776
 0.5662584709545997 0.7805447395171998
 0.6764608507142297 0.7378721906741154
 0.7885385172867772 0.6880029637980085
 0.9021407916142286 0.6293127093551034
 1.015415372365536 0.5600665575422379
 1.123738713292849 0.4784981852329861
 1.222905063268808 0.3846955554491559
 1.314404120474188 0.2829042215076206
 1.389882045891236 0.1725192716936576
 1.456322540276583 5.962587999041943E-02
 1.510242749485984 -5.622043637236755E-02
 1.553131799118857 -0.1739525150460068
 1.586535783543690 -0.2929426730666321
 1.609333851157393 -0.4133358120155747
 1.619500464916612 -0.5344946106700340
 1.616678363880247 -0.6541076875981914
 1.602295359432067 -0.7692994165385344
 1.578299636606666 -0.8781847649493321
 1.546727247791772 -0.9801274802868744
 1.509857941315629 -1.075093097885199
 1.469730281943280 -1.163325635450479
 1.427465648896803 -1.245396436570930
 1.383527431179338 -1.321985787836192
 1.338476480126191 -1.393516457224597
 1.293004810557896 -1.460199323788671
 1.247408859381852 -1.522338224587553
 1.201598855234890 -1.580317406686314
 1.155641830425079 -1.634344446001611
 1.109858849487211 -1.684471424510822
 1.064374697994634 -1.730855527028516
 1.019008426823838 -1.773765658059418
 0.9736969771592242 -1.813340501224217
 0.9286515324858821 -1.849570529448449
 0.8839852685097216 -1.882532578609671
 0.8395361765407410 -1.912423364145149
 0.7952055231886570 -1.939333498799342
 0.7511602674958051 -1.963202419411213
 0.7075309305513939 -1.984041627433730
 0.6641918674829923 -2.001994421125799
 0.6210336009635021 -2.017115572625210
 0.5781994973985908 -2.029298754665068
 0.5358417781118276 -2.038498762018275
 0.4938715413896069 -2.044819702298863
 0.4521797320780490 -2.048288545702518
 0.4109012096915037 -2.048749645134985
 0.3702145548178620 -2.046099782199070
 0.3300658831902962 -2.040414379423842
 0.2903560739768088 -2.031697654986913
 0.2512343533644402 -2.019729058918386
 0.2129210889806483 -2.004335658110129
 0.1753968658132822 -1.985582894501168
 0.1385869791493166 -1.963466722907490
 0.1027102068867026 -1.937668779879436
 6.808203615449283E-02 -1.907927426537758
 3.472110526485363E-02 -1.874381121676664
 2.625145346021722E-03 -1.837087251873989
 -2.767273583974594E-02 -1.795479042489741
 -5.553327495160437E-02 -1.749156084536224
 -8.146397362178603E-02 -1.699493822974332
   
   
 #BODY NUMBER  4
 0.4761940130282324 -0.6537715169137507
 0.5080796362662376 -0.6553222220750388
 0.5433180441723580 -0.6650877109813902
 0.5818465351169644 -0.6866557883189096
 0.6206505873527549 -0.7189153273301385
 0.6568302873201806 -0.7595517824775192
 0.6891498445289115 -0.8075097991969022
 0.7169402921538244 -0.8623910499293843
 0.7388878601475889 -0.9230496276176295
 0.7534242753060758 -0.9877506634650879
 0.7594850905471642 -1.055143545230020
 0.7562245549024212 -1.124166976302636
 0.7424356186381591 -1.193020034479316
 0.7169590247568015 -1.258774214897040
 0.6797250560178515 -1.318025632257996
 0.6322479947889180 -1.367611671846169
 0.5773714712370092 -1.404999500655823
 0.5187592937924015 -1.428910334975348
 0.4601565381924676 -1.440075158404577
 0.4043468946049927 -1.441031890498672
 0.3524911015737519 -1.434725317203566
 0.3045219382500375 -1.423286369793120
 0.2600546082373424 -1.408091658219239
 0.2187456163160268 -1.390384215946054
 0.1800774561431142 -1.371244782565955
 0.1433743818477362 -1.351140154825898
 0.1081756462775920 -1.330067311399859
 7.431248203944052E-02 -1.308187096732869
 4.157231259935357E-02 -1.285914256620749
 9.590342159869980E-03 -1.263379818276356
 -2.185152555253567E-02 -1.240295443417480
 -5.271433281748616E-02 -1.216512404961188
 -8.300047199405952E-02 -1.192288016353354
 -0.1128928623206283 -1.167770784255976
 -0.1424736535240713 -1.142636542555123
 -0.1715694743366161 -1.116571853246278
 -0.2000254937574294 -1.089758090582204
 -0.2278738999772552 -1.062447665870445
 -0.2550500176037754 -1.034364645458769
 -0.2811860380429563 -1.005066688578839
 -0.3058784940736538 -0.9746952578308748
 -0.3288898701996789 -0.9437347093920812
 -0.3498246930558654 -0.9121469003802265
 -0.3678468771226558 -0.8795499746970362
 -0.3819928090408897 -0.8463915637811248
 -0.3914862672364728 -0.8141397944905671
 -0.3954232521339581 -0.7841039112171089
 -0.3926157654547676 -0.7572446146903951
 -0.3825830717847498 -0.7359987146988260
 -0.3667317434453639 -0.7249396037048466
 -0.3478305970188535 -0.7271685020768134
 -0.3280857354038798 -0.7392818708693826
 -0.3134858738483323 -0.7676709831896387
 -0.3043238313685475 -0.8030710840784328
 -0.3037380887813236 -0.8472217746747005
 -0.3122736429615277 -0.8969568391862879
 -0.3293759954551934 -0.9486076060330678
 -0.3547490776449325 -1.000576171974585
 -0.3883824111582690 -1.052084030966541
 -0.4299404963968388 -1.101420471244550
 -0.4787050295126620 -1.146359893975486
 -0.5340385695347900 -1.185305154824379
 -0.5954448821224109 -1.216993163662395
 -0.6619678477637949 -1.239478123654719
 -0.7316509353512476 -1.250291836360426
 -0.8015811523655455 -1.247671982229258
 -0.8682624529364310 -1.231348660902059
 -0.9280795242538894 -1.202518111839558
 -0.9780930029225829 -1.163713894361169
 -1.017063401441030 -1.118544830994470
 -1.045796777532869 -1.070690627918608
 -1.066263021364099 -1.022628907172613
 -1.080341183975956 -0.9753669194307684
 -1.089415842756145 -0.9292597262143676
 -1.094735243872178 -0.8846313686691898
 -1.097494088437429 -0.8415740429517926
 -1.098434507228599 -0.7997359343449792
 -1.097784257276749 -0.7587165134471234
 -1.095767017653955 -0.7184500456308649
 -1.092848257022474 -0.6789598071154825
 -1.089323846175957 -0.6399953890796102
 -1.085053124973890 -0.6012237454687992
 -1.079887813124035 -0.5626042511171032
 -1.074051946786790 -0.5242634909037225
 -1.067765596123267 -0.4861173054523849
 -1.060789099907191 -0.4479324679557332
 -1.052764327230255 -0.4097024033336871
 -1.043770937302527 -0.3716518862926424
 -1.034043618823914 -0.3338792466954853
 -1.023311068545666 -0.2963025282488464
 -1.011006303828256 -0.2590190921547218
 -0.9970501012665878 -0.2224490825763253
 -0.9817431678665064 -0.1870403720557520
 -0.9648547342404424 -0.1531163791326400
 -0.9456360605469215 -0.1212102470575253
 -0.9239930003037360 -9.238030519817392E-02
 -0.9008088778789097 -6.803284458575448E-02
 -0.8767655323877335 -4.960537401348747E-02
 -0.8521009559282248 -3.860708053509593E-02
 -0.8286851199742535 -3.667269812593416E-02
 -0.8111819847405026 -4.487079565458085E-02
 -0.8036616941398245 -6.235411780657163E-02
 -0.8042797484321121 -8.551035395563181E-02
 -0.8215655101145699 -0.1123487611145998
 -0.8476418755409054 -0.1379833730970426
 -0.8855846238982880 -0.1605659863557908
 -0.9329242303142826 -0.1780415118561493
 -0.9862062827753740 -0.1890558235555486
 -1.043898922173844 -0.1930663727776826
 -1.105322703312093 -0.1896929810371570
 -1.168828356544428 -0.1783708436269207
 -1.232129304818738 -0.1586092305103985
 -1.293523660081954 -0.1301616095943589
 -1.351669437024832 -9.282618735975896E-02
 -1.404403466401954 -4.645808917540332E-02
 -1.448609960108049 8.482378536613390E-03
 -1.481306208383397 7.035365002873814E-02
 -1.500510447725349 0.1362630109441103
 -1.505450995490899 0.2024813888162653
 -1.496852296714984 0.2651964406141795
 -1.477219939633498 0.3215303274101076
 -1.450143672137862 0.3703412625800632
 -1.418754122937851 0.4120964100309529
 -1.384863122225993 0.4479194503623512
 -1.349470450993487 0.4788319320048710
 -1.313480860188205 0.5057528472768640
 -1.277571544580543 0.5296707396141627
 -1.241808889076336 0.5514042204809192
 -1.205959903554341 0.5713507979527351
 -1.170079499693396 0.5897370511020044
 -1.134420569621827 0.6069544495052667
 -1.098914188335827 0.6233844291967457
 -1.063201599421355 0.6390716979486807
 -1.027173480306548 0.6539081538440848
 -0.9910514747927309 0.6680245254496313
 -0.9548727338026384 0.6816534788035914
 -0.9183154463831193 0.6947040745993894
 -0.8811948528936387 0.7068694499125908
 -0.8437454435450973 0.7181062042895615
 -0.8061697188466590 0.7285684191749597
 -0.7682610509418901 0.7380621172099222
 -0.7298202657852998 0.7460475964241174
 -0.6911716071929340 0.7522461752545495
 -0.6528532976668275 0.7566943373363292
 -0.6150300411845770 0.7590305212475864
 -0.5777891834242657 0.7583397276395110
 -0.5420001912628463 0.7540112585829509
 -0.5093226106424369 0.7461069499048126
 -0.4813422802537753 0.7344985372036215
 -0.4594851904734572 0.7186375341552991
 -0.4461020481895038 0.6993260165728918
 -0.4444502412951388 0.6800688080502657
 -0.4558310971209710 0.6648143842702418
 -0.4761940130282324 0.6537715169137507
 -0.5080796362662376 0.6553222220750388
 -0.5433180441723580 0.6650877109813902
 -0.5818465351169644 0.6866557883189096
 -0.6206505873527549 0.7189153273301385
 -0.6568302873201806 0.7595517824775192
 -0.6891498445289115 0.8075097991969022
 -0.7169402921538244 0.8623910499293843
 -0.7388878601475889 0.9230496276176295
 -0.7534242753060758 0.9877506634650879
 -0.7594850905471642 1.055143545230020
 -0.7562245549024212 1.124166976302636
 -0.7424356186381591 1.193020034479316
 -0.7169590247568015 1.258774214897040
 -0.6797250560178515 1.318025632257996
 -0.6322479947889180 1.367611671846169
 -0.5773714712370092 1.404999500655823
 -0.5187592937924015 1.428910334975348
 -0.4601565381924676 1.440075158404577
 -0.4043468946049927 1.441031890498672
 -0.3524911015737519 1.434725317203566
 -0.3045219382500375 1.423286369793120
 -0.2600546082373424 1.408091658219239
 -0.2187456163160268 1.390384215946054
 -0.1800774561431142 1.371244782565955
 -0.1433743818477362 1.351140154825898
 -0.1081756462775920 1.330067311399859
 -7.431248203944052E-02 1.308187096732869
 -4.157231259935357E-02 1.285914256620749
 -9.590342159869980E-03 1.263379818276356
 2.185152555253567E-02 1.240295443417480
 5.271433281748616E-02 1.216512404961188
 8.300047199405952E-02 1.192288016353354
 0.1128928623206283 1.167770784255976
 0.1424736535240713 1.142636542555123
 0.1715694743366161 1.116571853246278
 0.2000254937574294 1.089758090582204
 0.2278738999772552 1.062447665870445
 0.2550500176037754 1.034364645458769
 0.2811860380429563 1.005066688578839
 0.3058784940736538 0.9746952578308748
 0.3288898701996789 0.9437347093920812
 0.3498246930558654 0.9121469003802265
 0.3678468771226558 0.8795499746970362
 0.3819928090408897 0.8463915637811248
 0.3914862672364728 0.8141397944905671
 0.3954232521339581 0.7841039112171089
 0.3926157654547676 0.7572446146903951
 0.3825830717847498 0.7359987146988260
 0.3667317434453639 0.7249396037048466
 0.3478305970188535 0.7271685020768134
 0.3280857354038798 0.7392818708693826
 0.3134858738483323 0.7676709831896387
 0.3043238313685475 0.8030710840784328
 0.3037380887813236 0.8472217746747005
 0.3122736429615277 0.8969568391862879
 0.3293759954551934 0.9486076060330678
 0.3547490776449325 1.000576171974585
 0.3883824111582690 1.052084030966541
 0.4299404963968388 1.101420471244550
 0.4787050295126620 1.146359893975486
 0.5340385695347900 1.185305154824379
 0.5954448821224109 1.216993163662395
 0.6619678477637949 1.239478123654719
 0.7316509353512476 1.250291836360426
 0.8015811523655455 1.247671982229258
 0.8682624529364310 1.231348660902059
 0.9280795242538894 1.202518111839558
 0.9780930029225829 1.163713894361169
 1.017063401441030 1.118544830994470
 1.045796777532869 1.070690627918608
 1.066263021364099 1.022628907172613
 1.080341183975956 0.9753669194307684
 1.089415842756145 0.9292597262143676
 1.094735243872178 0.8846313686691898
 1.097494088437429 0.8415740429517926
 1.098434507228599 0.7997359343449792
 1.097784257276749 0.7587165134471234
 1.095767017653955 0.7184500456308649
 1.092848257022474 0.6789598071154825
 1.089323846175957 0.6399953890796102
 1.085053124973890 0.6012237454687992
 1.079887813124035 0.5626042511171032
 1.074051946786790 0.5242634909037225
 1.067765596123267 0.4861173054523849
 1.060789099907191 0.4479324679557332
 1.052764327230255 0.4097024033336871
 1.043770937302527 0.3716518862926424
 1.034043618823914 0.3338792466954853
 1.023311068545666 0.2963025282488464
 1.011006303828256 0.2590190921547218
 0.9970501012665878 0.2224490825763253
 0.9817431678665064 0.1870403720557520
 0.9648547342404424 0.1531163791326400
 0.9456360605469215 0.1212102470575253
 0.9239930003037360 9.238030519817392E-02
 0.9008088778789097 6.803284458575448E-02
 0.8767655323877335 4.960537401348747E-02
 0.8521009559282248 3.860708053509593E-02
 0.8286851199742535 3.667269812593416E-02
 0.8111819847405026 4.487079565458085E-02
 0.8036616941398245 6.235411780657163E-02
 0.8042797484321121 8.551035395563181E-02
 0.8215655101145699 0.1123487611145998
 0.8476418755409054 0.1379833730970426
 0.8855846238982880 0.1605659863557908
 0.9329242303142826 0.1780415118561493
 0.9862062827753740 0.1890558235555486
 1.043898922173844 0.1930663727776826
 1.105322703312093 0.1896929810371570
 1.168828356544428 0.1783708436269207
 1.232129304818738 0.1586092305103985
 1.293523660081954 0.1301616095943589
 1.351669437024832 9.282618735975896E-02
 1.404403466401954 4.645808917540332E-02
 1.448609960108049 -8.482378536613390E-03
 1.481306208383397 -7.035365002873814E-02
 1.500510447725349 -0.1362630109441103
 1.505450995490899 -0.2024813888162653
 1.496852296714984 -0.2651964406141795
 1.477219939633498 -0.3215303274101076
 1.450143672137862 -0.3703412625800632
 1.418754122937851 -0.4120964100309529
 1.384863122225993 -0.4479194503623512
 1.349470450993487 -0.4788319320048710
 1.313480860188205 -0.5057528472768640
 1.277571544580543 -0.5296707396141627
 1.241808889076336 -0.5514042204809192
 1.205959903554341 -0.5713507979527351
 1.170079499693396 -0.5897370511020044
 1.134420569621827 -0.6069544495052667
 1.098914188335827 -0.6233844291967457
 1.063201599421355 -0.6390716979486807
 1.027173480306548 -0.6539081538440848
 0.9910514747927309 -0.6680245254496313
 0.9548727338026384 -0.6816534788035914
 0.9183154463831193 -0.6947040745993894
 0.8811948528936387 -0.7068694499125908
 0.8437454435450973 -0.7181062042895615
 0.8061697188466590 -0.7285684191749597
 0.7682610509418901 -0.7380621172099222
 0.7298202657852998 -0.7460475964241174
 0.6911716071929340 -0.7522461752545495
 0.6528532976668275 -0.7566943373363292
 0.6150300411845770 -0.7590305212475864
 0.5777891834242657 -0.7583397276395110
 0.5420001912628463 -0.7540112585829509
 0.5093226106424369 -0.7461069499048126
 0.4813422802537753 -0.7344985372036215
 0.4594851904734572 -0.7186375341552991
 0.4461020481895038 -0.6993260165728918
 0.4444502412951388 -0.6800688080502657
 0.4558310971209710 -0.6648143842702418
 0.4761940130282324 -0.6537715169137507
   
   
 #BODY NUMBER  5
 -0.8237362101826357 2.668936461486072
 -0.7687961375103802 2.685075079975315
 -0.7136689191943844 2.700390080945342
 -0.6582888509864369 2.714498067453214
 -0.6026941784552402 2.727441622391207
 -0.5469251736533532 2.739338737307813
 -0.4909834898120671 2.750164399786793
 -0.4348726988593009 2.759839180691564
 -0.3786220883864769 2.768368039670594
 -0.3222572903618213 2.775804139345838
 -0.2657819790611051 2.782143253210348
 -0.2092022978572281 2.787334404075787
 -0.1525429406370011 2.791365094337986
 -9.582562690485230E-02 2.794266411421783
 -3.905394050085098E-02 2.796042800591816
 1.776682311949362E-02 2.796656559270018
 7.461417528690362E-02 2.796086565751354
 0.1314664417056637 2.794351995001336
 0.1883181664715956 2.791464185144250
 0.2451624786455218 2.787397266622030
 0.3019739851526164 2.782126905814210
 0.3587248080447865 2.775663610165850
 0.4154026540764788 2.768022225046971
 0.4719956260078784 2.759185455660701
 0.5284724144575825 2.749126492379531
 0.5847962425528601 2.737848039318597
 0.6409464984671893 2.725368067925426
 0.6969061451536204 2.711680246506829
 0.7526381368580427 2.696761355064949
 0.8080967850551301 2.680612079598065
 0.8632541463213459 2.663257852483709
 0.9180910020413598 2.644709034784129
 0.9725684676562755 2.624953024932850
 1.026635643680665 2.603993216140679
 1.080261866080721 2.581864611077656
 1.133432451315973 2.558596763860045
 1.186113667869821 2.534189983118290
 1.238254425434629 2.508648888119315
 1.289825980962208 2.482013826276106
 1.340824692244229 2.454330783315397
 1.391227451714844 2.425610280235129
 1.440983649032042 2.395850951236762
 1.490066123587474 2.365089940194024
 1.538486364764654 2.333386599514783
 1.586234516558188 2.300759436999852
 1.633252965422416 2.267190225860181
 1.679509016084921 2.232702433676259
 1.725039043665533 2.197375427493794
 1.769852783461023 2.161240763654043
 1.813850946193623 2.124229661888724
 1.856978073565544 2.086333929163691
 1.899498671642169 2.047844714778317
 1.940945161571966 2.008334525403001
 1.981771950628991 1.968250454386392
 2.021679859445030 1.927343901708930
 2.060686643102209 1.885669280450833
 2.098874349252676 1.843320463006926
 2.136220489892912 1.800286374909384
 2.172654491408875 1.756530394970236
 2.208166005186422 1.712080366811903
 2.242788255422585 1.666985069680994
 2.276515744717091 1.621245572340195
 2.309301253843377 1.574841706512332
 2.341121612615341 1.527788608928617
 2.371992883780418 1.480120632944063
 2.401917125130674 1.431843104887531
 2.430859037547963 1.382941759468983
 2.458789084764513 1.333425511594793
 2.485713035639716 1.283322719238417
 2.511637981325146 1.232643776413616
 2.536538082656745 1.181381698749233
 2.560379569563610 1.129546310482914
 2.583157602786046 1.077167008348443
 2.604878892168843 1.024261861293775
 2.625522511358648 0.9708325252323886
 2.645049587846272 0.9168927100702006
 2.663444075027751 0.8624756175708350
 2.680711230719927 0.8076080838234431
 2.696837052992173 0.7523016974968940
 2.711782909859414 0.6965769311564203
 2.725526551150923 0.6404736952247565
 2.738076030239954 0.5840289056053198
 2.749430710761958 0.5272643866383360
 2.759560237160793 0.4702075125563863
 2.768442098300503 0.4129040602122942
 2.776091275365641 0.3553980867733406
 2.782526021201440 0.2977170856167204
 2.787729737331408 0.2398904234079413
 2.791680879004227 0.1819646552847649
 2.794400016580429 0.1239848471635969
 2.795925153763409 6.597714615274453E-02
 2.796253848221735 7.966824490220681E-03
 2.795359611968169 -5.000297088136696E-02
 2.793261032236780 -0.1078901462483433
 2.790015254412315 -0.1656749755047719
 2.785633378717749 -0.2233396691991929
 2.780070813517904 -0.2808434459319898
 2.773331534697442 -0.3381462569764199
 2.765502463694083 -0.3952399205874684
 2.756615796749393 -0.4521170896088237
 2.746562323764874 -0.5087261671377563
 2.735307220215931 -0.5650232213966037
 2.723234881824805 -0.6210917467077561
 2.709741299082346 -0.6767405545723136
 2.695440869823376 -0.7321396265589508
 2.679968710431466 -0.7871541657442838
 2.663380821557450 -0.8417723419403736
 2.645799522906030 -0.8960182743008872
 2.627203979704979 -0.9498780248774082
 2.607527190268176 -1.003308785721327
 2.586788093572899 -1.056287672858691
 2.565045545784407 -1.108819069664844
 2.542297723778196 -1.160897680870153
 2.518503551700605 -1.212492697563455
 2.493664553252342 -1.263576485409369
 2.467818510685270 -1.314145778477720
 2.440971065631525 -1.364199695704285
 2.413092214428469 -1.413714799801035
 2.384174909477609 -1.462661054156561
 2.354246593934052 -1.511029275762919
 2.323319814853551 -1.558820408730634
 2.291375604011223 -1.606015567872797
 2.258405584410994 -1.652580595331296
 2.224432794741259 -1.698496601817406
 2.189476238092364 -1.743760363753196
 2.153526885350770 -1.788352930428312
 2.116577173388690 -1.832233782309331
 2.078647832474891 -1.875372421747762
 2.039764732252738 -1.917759984101983
 1.999930907838553 -1.959378549009936
 1.959144773001371 -2.000184423908529
 1.917429766095793 -2.040138384373308
 1.874821883918608 -2.079228946878389
 1.831339708720599 -2.117444648145793
 1.786991769504518 -2.154745512376464
 1.741806454619838 -2.191089155928385
 1.695829409284920 -2.226466524304316
 1.649093569885467 -2.260879678243325
 1.601616069461586 -2.294299559710349
 1.553426453569598 -2.326684232834550
 1.504574035618220 -2.358028979112509
 1.455100461519180 -2.388353637162652
 1.405026396506891 -2.417643455744908
 1.354375962936128 -2.445853922118129
 1.303194908649307 -2.472980086442367
 1.251528889647660 -2.499061575019554
 1.199398862159560 -2.524099106199045
 1.146817848095487 -2.548033671792171
 1.093822518612520 -2.570848690652679
 1.040463420028550 -2.592615348081262
 0.9867630132883699 -2.613357853262867
 0.9327113775712521 -2.632955829026480
 0.8783291466503879 -2.651357150560294
 0.8237362101826357 -2.668936461486072
 0.7687961375103802 -2.685075079975315
 0.7136689191943844 -2.700390080945342
 0.6582888509864369 -2.714498067453214
 0.6026941784552402 -2.727441622391207
 0.5469251736533532 -2.739338737307813
 0.4909834898120671 -2.750164399786793
 0.4348726988593009 -2.759839180691564
 0.3786220883864769 -2.768368039670594
 0.3222572903618213 -2.775804139345838
 0.2657819790611051 -2.782143253210348
 0.2092022978572281 -2.787334404075787
 0.1525429406370011 -2.791365094337986
 9.582562690485230E-02 -2.794266411421783
 3.905394050085098E-02 -2.796042800591816
 -1.776682311949362E-02 -2.796656559270018
 -7.461417528690362E-02 -2.796086565751354
 -0.1314664417056637 -2.794351995001336
 -0.1883181664715956 -2.791464185144250
 -0.2451624786455218 -2.787397266622030
 -0.3019739851526164 -2.782126905814210
 -0.3587248080447865 -2.775663610165850
 -0.4154026540764788 -2.768022225046971
 -0.4719956260078784 -2.759185455660701
 -0.5284724144575825 -2.749126492379531
 -0.5847962425528601 -2.737848039318597
 -0.6409464984671893 -2.725368067925426
 -0.6969061451536204 -2.711680246506829
 -0.7526381368580427 -2.696761355064949
 -0.8080967850551301 -2.680612079598065
 -0.8632541463213459 -2.663257852483709
 -0.9180910020413598 -2.644709034784129
 -0.9725684676562755 -2.624953024932850
 -1.026635643680665 -2.603993216140679
 -1.080261866080721 -2.581864611077656
 -1.133432451315973 -2.558596763860045
 -1.186113667869821 -2.534189983118290
 -1.238254425434629 -2.508648888119315
 -1.289825980962208 -2.482013826276106
 -1.340824692244229 -2.454330783315397
 -1.391227451714844 -2.425610280235129
 -1.440983649032042 -2.395850951236762
 -1.490066123587474 -2.365089940194024
 -1.538486364764654 -2.333386599514783
 -1.586234516558188 -2.300759436999852
 -1.633252965422416 -2.267190225860181
 -1.679509016084921 -2.232702433676259
 -1.725039043665533 -2.197375427493794
 -1.769852783461023 -2.161240763654043
 -1.813850946193623 -2.124229661888724
 -1.856978073565544 -2.086333929163691
 -1.899498671642169 -2.047844714778317
 -1.940945161571966 -2.008334525403001
 -1.981771950628991 -1.968250454386392
 -2.021679859445030 -1.927343901708930
 -2.060686643102209 -1.885669280450833
 -2.098874349252676 -1.843320463006926
 -2.136220489892912 -1.800286374909384
 -2.172654491408875 -1.756530394970236
 -2.208166005186422 -1.712080366811903
 -2.242788255422585 -1.666985069680994
 -2.276515744717091 -1.621245572340195
 -2.309301253843377 -1.574841706512332
 -2.341121612615341 -1.527788608928617
 -2.371992883780418 -1.480120632944063
 -2.401917125130674 -1.431843104887531
 -2.430859037547963 -1.382941759468983
 -2.458789084764513 -1.333425511594793
 -2.485713035639716 -1.283322719238417
 -2.511637981325146 -1.232643776413616
 -2.536538082656745 -1.181381698749233
 -2.560379569563610 -1.129546310482914
 -2.583157602786046 -1.077167008348443
 -2.604878892168843 -1.024261861293775
 -2.625522511358648 -0.9708325252323886
 -2.645049587846272 -0.9168927100702006
 -2.663444075027751 -0.8624756175708350
 -2.680711230719927 -0.8076080838234431
 -2.696837052992173 -0.7523016974968940
 -2.711782909859414 -0.6965769311564203
 -2.725526551150923 -0.6404736952247565
 -2.738076030239954 -0.5840289056053198
 -2.749430710761958 -0.5272643866383360
 -2.759560237160793 -0.4702075125563863
 -2.768442098300503 -0.4129040602122942
 -2.776091275365641 -0.3553980867733406
 -2.782526021201440 -0.2977170856167204
 -2.787729737331408 -0.2398904234079413
 -2.791680879004227 -0.1819646552847649
 -2.794400016580429 -0.1239848471635969
 -2.795925153763409 -6.597714615274453E-02
 -2.796253848221735 -7.966824490220681E-03
 -2.795359611968169 5.000297088136696E-02
 -2.793261032236780 0.1078901462483433
 -2.790015254412315 0.1656749755047719
 -2.785633378717749 0.2233396691991929
 -2.780070813517904 0.2808434459319898
 -2.773331534697442 0.3381462569764199
 -2.765502463694083 0.3952399205874684
 -2.756615796749393 0.4521170896088237
 -2.746562323764874 0.5087261671377563
 -2.735307220215931 0.5650232213966037
 -2.723234881824805 0.6210917467077561
 -2.709741299082346 0.6767405545723136
 -2.695440869823376 0.7321396265589508
 -2.679968710431466 0.7871541657442838
 -2.663380821557450 0.8417723419403736
 -2.645799522906030 0.8960182743008872
 -2.627203979704979 0.9498780248774082
 -2.607527190268176 1.003308785721327
 -2.586788093572899 1.056287672858691
 -2.565045545784407 1.108819069664844
 -2.542297723778196 1.160897680870153
 -2.518503551700605 1.212492697563455
 -2.493664553252342 1.263576485409369
 -2.467818510685270 1.314145778477720
 -2.440971065631525 1.364199695704285
 -2.413092214428469 1.413714799801035
 -2.384174909477609 1.462661054156561
 -2.354246593934052 1.511029275762919
 -2.323319814853551 1.558820408730634
 -2.291375604011223 1.606015567872797
 -2.258405584410994 1.652580595331296
 -2.224432794741259 1.698496601817406
 -2.189476238092364 1.743760363753196
 -2.153526885350770 1.788352930428312
 -2.116577173388690 1.832233782309331
 -2.078647832474891 1.875372421747762
 -2.039764732252738 1.917759984101983
 -1.999930907838553 1.959378549009936
 -1.959144773001371 2.000184423908529
 -1.917429766095793 2.040138384373308
 -1.874821883918608 2.079228946878389
 -1.831339708720599 2.117444648145793
 -1.786991769504518 2.154745512376464
 -1.741806454619838 2.191089155928385
 -1.695829409284920 2.226466524304316
 -1.649093569885467 2.260879678243325
 -1.601616069461586 2.294299559710349
 -1.553426453569598 2.326684232834550
 -1.504574035618220 2.358028979112509
 -1.455100461519180 2.388353637162652
 -1.405026396506891 2.417643455744908
 -1.354375962936128 2.445853922118129
 -1.303194908649307 2.472980086442367
 -1.251528889647660 2.499061575019554
 -1.199398862159560 2.524099106199045
 -1.146817848095487 2.548033671792171
 -1.093822518612520 2.570848690652679
 -1.040463420028550 2.592615348081262
 -0.9867630132883699 2.613357853262867
 -0.9327113775712521 2.632955829026480
 -0.8783291466503879 2.651357150560294
 -0.8237362101826357 2.668936461486072
   
   
 #BODY NUMBER  6
 -2.805817771937297 3.334929469877679E-03
 -2.804964023576523 6.072002771851071E-02
 -2.803185658049732 0.1180637772451723
 -2.800058744286804 0.1753219132938284
 -2.795640160332081 0.2324618021697253
 -2.790067793352022 0.2894705342254897
 -2.783318240624955 0.3463359650041244
 -2.775312654770349 0.4030293362326764
 -2.766070865437544 0.4595196756919420
 -2.755664892237096 0.5157942881026381
 -2.744101900888865 0.5718476624893223
 -2.731342205290522 0.6276584205610323
 -2.717393814434853 0.6831964985891268
 -2.702311499665403 0.7384473089560037
 -2.686117935719496 0.7934076497714924
 -2.668792584264650 0.8480601545834664
 -2.650337656431669 0.9023735867261147
 -2.630797332748884 0.9563287387787170
 -2.610201806027081 1.009921306594339
 -2.588540925796011 1.063135335740089
 -2.565810083274134 1.115936679486270
 -2.542041006198676 1.168299855670261
 -2.517264397158882 1.220218695073622
 -2.491475635170745 1.271679980214468
 -2.464664253682344 1.322648968530392
 -2.436851060754631 1.373095207715969
 -2.408066604608257 1.423011187286670
 -2.378312573128488 1.472387485882876
 -2.347576092807337 1.521189636409055
 -2.315869449241498 1.569381418312844
 -2.283223302018235 1.616952566335717
 -2.249647054641708 1.663897382021353
 -2.215128666462238 1.710181979466046
 -2.179673909928889 1.755763065613037
 -2.143314021593813 1.800626119263183
 -2.106068097760268 1.844769982253104
 -2.067928365379017 1.888162795672004
 -2.028895730860170 1.930753285773961
 -1.989002237968838 1.972521764532726
 -1.948278935209772 2.013474559060150
 -1.906725516313473 2.053585324574781
 -1.864337921723837 2.092793563968090
 -1.821147426675111 2.131073273483883
 -1.777199265523932 2.168444735002002
 -1.732503147940373 2.204893410609577
 -1.687045207123167 2.240343572281026
 -1.640850298939719 2.274758017105614
 -1.593984480502498 2.308189266201051
 -1.546472650362502 2.340649075979660
 -1.498266595342173 2.372006566578667
 -1.449371733609383 2.402196002330158
 -1.400020752327905 2.431576933622491
 -1.349896925265536 2.459530114977937
 -1.299346598663799 2.486661880017853
 -1.248196141390854 2.512582961288042
 -1.196502254077546 2.537326299772446
 -1.144345060389684 2.561004854436388
 -1.091723376374707 2.583592285699882
 -1.038622683737297 2.605005930591893
 -0.9850797200307634 2.625247475982891
 -0.9311414894947536 2.644372945045552
 -0.8768163476339295 2.662385787987586
 -0.8221029655401900 2.679240946490720
 -0.7670313836626631 2.694930324681843
 -0.7116416209205463 2.709494062127065
 -0.6559477876007289 2.722950194779846
 -0.5999546543256851 2.735272252696443
 -0.5436903784069385 2.746446532439396
 -0.4871936842229403 2.756501691758235
 -0.4304833956796701 2.765461726320643
 -0.3735682544861896 2.773309868345080
 -0.3164755281871048 2.780025053144801
 -0.2592431488511990 2.785622016664939
 -0.2018918104729859 2.790124263518523
 -0.1444306492355505 2.793521183075069
 -8.688451980456757E-02 2.795786339753521
 -2.929019868061511E-02 2.796922527710552
 2.833053575558298E-02 2.796952447239023
 8.596868042462802E-02 2.795872849410645
 0.1436008227001864 2.793655351892697
 0.2011894518654269 2.790292484047836
 0.2587103481520558 2.785805665228240
 0.3161538748000590 2.780200189879234
 0.3734967060808346 2.773448687540468
 0.4306984628828898 2.765534510771091
 0.4877309512027985 2.756477450619222
 0.5445836198900220 2.746293465886913
 0.6012327648430936 2.734959895460659
 0.6576335284904409 2.722451887441683
 0.7137528386186283 2.708787348531478
 0.7695806504148752 2.693996331079834
 0.8250943017639362 2.678065397458858
 0.8802434304110216 2.660960783435572
 0.9349898788255500 2.642696572279246
 0.9893285944523834 2.623322079031772
 1.043242132254621 2.602838443557660
 1.096671843238965 2.581195792841956
 1.149573080805919 2.558397051241893
 1.201958301021424 2.534525686453830
 1.253825235961707 2.509609139461607
 1.305084646929544 2.483540216497275
 1.355676896082648 2.456290741997897
 1.405797019609392 2.428242004152613
 1.455067098310987 2.398810087259427
 1.503839059385933 2.368598102772681
 1.551862602895950 2.337261047994213
 1.599137906254535 2.304864497602721
 1.645722732962338 2.271534320210898
 1.691594864250248 2.237256320695758
 1.736689971033053 2.201976594359216
 1.780991145406780 2.165727800290949
 1.824523402742342 2.128578656942913
 1.867285553254935 2.090538125498263
 1.909239239750332 2.051582525929688
 1.950362430772190 2.011733826092716
 1.990669878744857 1.971046753171061
 2.030170148118768 1.929542545008354
 2.068837929938965 1.887212098112976
 2.106647278024730 1.844072945713281
 2.143603648525943 1.800172952979518
 2.179718410347411 1.755540419726304
 2.214972671309821 1.710174532604990
 2.249334555087029 1.664088373658531
 2.282797857347477 1.617322160994679
 2.315372586685896 1.569905568444901
 2.347044985935194 1.521841202860601
 2.377779733877777 1.473137371223128
 2.407560862074016 1.423827319994582
 2.436397140363840 1.373941259952353
 2.464281253553116 1.323485363527769
 2.491176915507524 1.272465715483642
 2.517058901106925 1.220911065734992
 2.541933650170291 1.168853098892523
 2.565800929441767 1.116302807857881
 2.588625372543073 1.063266708074422
 2.610372372811779 1.009771445158054
 2.631044972796611 0.9558513313560394
 2.650651717650290 0.9015234836338089
 2.669161130222111 0.8467970997886554
 2.686529259350611 0.7916986016677223
 2.702755076587466 0.7362655839987523
 2.717859585624648 0.6805217720196841
 2.731819818077409 0.6244800728840767
 2.744581352134858 0.5681672194674817
 2.756137305500661 0.5116232987953625
 2.766527859976315 0.4548773440297695
 2.775745280194993 0.3979450329480837
 2.783717050362131 0.3408522205609290
 2.790423379745637 0.2836390341362799
 2.795942781523922 0.2263364202527789
 2.800297886324209 0.1689600634819466
 2.803351242271717 0.1115336499186083
 2.805048629692032 5.409473966773894E-02
 2.805817771937297 -3.334929469877679E-03
 2.804964023576523 -6.072002771851071E-02
 2.803185658049732 -0.1180637772451723
 2.800058744286804 -0.1753219132938284
 2.795640160332081 -0.2324618021697253
 2.790067793352022 -0.2894705342254897
 2.783318240624955 -0.3463359650041244
 2.775312654770349 -0.4030293362326764
 2.766070865437544 -0.4595196756919420
 2.755664892237096 -0.5157942881026381
 2.744101900888865 -0.5718476624893223
 2.731342205290522 -0.6276584205610323
 2.717393814434853 -0.6831964985891268
 2.702311499665403 -0.7384473089560037
 2.686117935719496 -0.7934076497714924
 2.668792584264650 -0.8480601545834664
 2.650337656431669 -0.9023735867261147
 2.630797332748884 -0.9563287387787170
 2.610201806027081 -1.009921306594339
 2.588540925796011 -1.063135335740089
 2.565810083274134 -1.115936679486270
 2.542041006198676 -1.168299855670261
 2.517264397158882 -1.220218695073622
 2.491475635170745 -1.271679980214468
 2.464664253682344 -1.322648968530392
 2.436851060754631 -1.373095207715969
 2.408066604608257 -1.423011187286670
 2.378312573128488 -1.472387485882876
 2.347576092807337 -1.521189636409055
 2.315869449241498 -1.569381418312844
 2.283223302018235 -1.616952566335717
 2.249647054641708 -1.663897382021353
 2.215128666462238 -1.710181979466046
 2.179673909928889 -1.755763065613037
 2.143314021593813 -1.800626119263183
 2.106068097760268 -1.844769982253104
 2.067928365379017 -1.888162795672004
 2.028895730860170 -1.930753285773961
 1.989002237968838 -1.972521764532726
 1.948278935209772 -2.013474559060150
 1.906725516313473 -2.053585324574781
 1.864337921723837 -2.092793563968090
 1.821147426675111 -2.131073273483883
 1.777199265523932 -2.168444735002002
 1.732503147940373 -2.204893410609577
 1.687045207123167 -2.240343572281026
 1.640850298939719 -2.274758017105614
 1.593984480502498 -2.308189266201051
 1.546472650362502 -2.340649075979660
 1.498266595342173 -2.372006566578667
 1.449371733609383 -2.402196002330158
 1.400020752327905 -2.431576933622491
 1.349896925265536 -2.459530114977937
 1.299346598663799 -2.486661880017853
 1.248196141390854 -2.512582961288042
 1.196502254077546 -2.537326299772446
 1.144345060389684 -2.561004854436388
 1.091723376374707 -2.583592285699882
 1.038622683737297 -2.605005930591893
 0.9850797200307634 -2.625247475982891
 0.9311414894947536 -2.644372945045552
 0.8768163476339295 -2.662385787987586
 0.8221029655401900 -2.679240946490720
 0.7670313836626631 -2.694930324681843
 0.7116416209205463 -2.709494062127065
 0.6559477876007289 -2.722950194779846
 0.5999546543256851 -2.735272252696443
 0.5436903784069385 -2.746446532439396
 0.4871936842229403 -2.756501691758235
 0.4304833956796701 -2.765461726320643
 0.3735682544861896 -2.773309868345080
 0.3164755281871048 -2.780025053144801
 0.2592431488511990 -2.785622016664939
 0.2018918104729859 -2.790124263518523
 0.1444306492355505 -2.793521183075069
 8.688451980456757E-02 -2.795786339753521
 2.929019868061511E-02 -2.796922527710552
 -2.833053575558298E-02 -2.796952447239023
 -8.596868042462802E-02 -2.795872849410645
 -0.1436008227001864 -2.793655351892697
 -0.2011894518654269 -2.790292484047836
 -0.2587103481520558 -2.785805665228240
 -0.3161538748000590 -2.780200189879234
 -0.3734967060808346 -2.773448687540468
 -0.4306984628828898 -2.765534510771091
 -0.4877309512027985 -2.756477450619222
 -0.5445836198900220 -2.746293465886913
 -0.6012327648430936 -2.734959895460659
 -0.6576335284904409 -2.722451887441683
 -0.7137528386186283 -2.708787348531478
 -0.7695806504148752 -2.693996331079834
 -0.8250943017639362 -2.678065397458858
 -0.8802434304110216 -2.660960783435572
 -0.9349898788255500 -2.642696572279246
 -0.9893285944523834 -2.623322079031772
 -1.043242132254621 -2.602838443557660
 -1.096671843238965 -2.581195792841956
 -1.149573080805919 -2.558397051241893
 -1.201958301021424 -2.534525686453830
 -1.253825235961707 -2.509609139461607
 -1.305084646929544 -2.483540216497275
 -1.355676896082648 -2.456290741997897
 -1.405797019609392 -2.428242004152613
 -1.455067098310987 -2.398810087259427
 -1.503839059385933 -2.368598102772681
 -1.551862602895950 -2.337261047994213
 -1.599137906254535 -2.304864497602721
 -1.645722732962338 -2.271534320210898
 -1.691594864250248 -2.237256320695758
 -1.736689971033053 -2.201976594359216
 -1.780991145406780 -2.165727800290949
 -1.824523402742342 -2.128578656942913
 -1.867285553254935 -2.090538125498263
 -1.909239239750332 -2.051582525929688
 -1.950362430772190 -2.011733826092716
 -1.990669878744857 -1.971046753171061
 -2.030170148118768 -1.929542545008354
 -2.068837929938965 -1.887212098112976
 -2.106647278024730 -1.844072945713281
 -2.143603648525943 -1.800172952979518
 -2.179718410347411 -1.755540419726304
 -2.214972671309821 -1.710174532604990
 -2.249334555087029 -1.664088373658531
 -2.282797857347477 -1.617322160994679
 -2.315372586685896 -1.569905568444901
 -2.347044985935194 -1.521841202860601
 -2.377779733877777 -1.473137371223128
 -2.407560862074016 -1.423827319994582
 -2.436397140363840 -1.373941259952353
 -2.464281253553116 -1.323485363527769
 -2.491176915507524 -1.272465715483642
 -2.517058901106925 -1.220911065734992
 -2.541933650170291 -1.168853098892523
 -2.565800929441767 -1.116302807857881
 -2.588625372543073 -1.063266708074422
 -2.610372372811779 -1.009771445158054
 -2.631044972796611 -0.9558513313560394
 -2.650651717650290 -0.9015234836338089
 -2.669161130222111 -0.8467970997886554
 -2.686529259350611 -0.7916986016677223
 -2.702755076587466 -0.7362655839987523
 -2.717859585624648 -0.6805217720196841
 -2.731819818077409 -0.6244800728840767
 -2.744581352134858 -0.5681672194674817
 -2.756137305500661 -0.5116232987953625
 -2.766527859976315 -0.4548773440297695
 -2.775745280194993 -0.3979450329480837
 -2.783717050362131 -0.3408522205609290
 -2.790423379745637 -0.2836390341362799
 -2.795942781523922 -0.2263364202527789
 -2.800297886324209 -0.1689600634819466
 -2.803351242271717 -0.1115336499186083
 -2.805048629692032 -5.409473966773894E-02
 -2.805817771937297 3.334929469877679E-03
   
   
