 # action(x) =  226.0105295862454
 # |grad_action(x)| =  7.824780867113249E-12
 # PRINTSTEPS = 50
 #
 #BODY NUMBER  1
 -5.999628889708575E-02 0.1425045437051082
 3.165567345494779E-02 -0.1484673178700193
 9.628602905916520E-02 -0.3340813035471692
 0.1284961276343044 -0.3990216810841282
 0.1315466967698664 -0.3936881981268294
 9.766765674578171E-02 -0.3349512142687364
 3.132223263513241E-02 -0.1838815330364289
 -8.459504664408670E-03 5.022852574464823E-02
 6.442428298330333E-02 0.2371216912241736
 0.2554449387724840 0.2361625934493002
 0.4380336470710625 7.111092537405825E-02
 0.4694387099586522 -9.317367854352288E-02
 0.3567651860947841 -0.1686000506180288
 0.2444564678206197 -0.2389969094645692
 0.2201331979966784 -0.3763313663747501
 0.2085591839035240 -0.4641692738814386
 0.1123321275782950 -0.3339724865045959
 -1.350507512408613E-02 -3.161711691209543E-02
 -3.218751337427016E-02 0.2042811804915340
 5.366550902543742E-02 0.2419660992191343
 7.701438665702048E-02 0.1881926199698458
 -5.817336050724617E-02 0.1691175571447185
 -0.2189920434323487 0.1288204721076246
 -0.2033699691215129 -3.339852271605320E-02
 -5.012023201486672E-04 -0.2296971537412244
 0.1981404692438958 -0.2577200742414212
 0.2242409139297650 -8.794675400692087E-02
 8.455967293069841E-02 7.480795728574442E-02
 -0.1074298750606904 4.771188381392533E-02
 -0.2634674415628718 -0.1289120667288122
 -0.3553093324967321 -0.2929925180475545
 -0.3867752397143367 -0.3627711098001120
 -0.3835332761964078 -0.3692310473240746
 -0.3810438874031453 -0.3614404508934559
 -0.3854428784375000 -0.3605161493888070
 -0.3644885583576012 -0.3658906164646516
 -0.2981991012754135 -0.3377376053266164
 -0.2108903626435021 -0.2063165233785261
 -0.1285916101155798 3.348342547506290E-02
 -3.612526704173811E-02 0.2651595636522347
 8.823885295159697E-02 0.3621205755442993
 0.2194467914414424 0.3393657617019170
 0.3060166932548738 0.3149729349855684
 0.3282532447649110 0.3257085779413951
 0.3024320753665148 0.2740431076084472
 0.2486079992216926 8.939784162599586E-02
 0.1971715012300160 -0.1384309200262957
 0.2029049307915372 -0.2500129546689156
 0.2853352257572015 -0.2013412653087518
 0.3567166606264621 -0.1008865269465386
 0.2851854280639157 -7.576214956310909E-02
 5.999628889708575E-02 -0.1425045437051082
 -3.165567345494779E-02 0.1484673178700193
 -9.628602905916520E-02 0.3340813035471692
 -0.1284961276343044 0.3990216810841282
 -0.1315466967698664 0.3936881981268294
 -9.766765674578171E-02 0.3349512142687364
 -3.132223263513241E-02 0.1838815330364289
 8.459504664408670E-03 -5.022852574464823E-02
 -6.442428298330333E-02 -0.2371216912241736
 -0.2554449387724840 -0.2361625934493002
 -0.4380336470710625 -7.111092537405825E-02
 -0.4694387099586522 9.317367854352288E-02
 -0.3567651860947841 0.1686000506180288
 -0.2444564678206197 0.2389969094645692
 -0.2201331979966784 0.3763313663747501
 -0.2085591839035240 0.4641692738814386
 -0.1123321275782950 0.3339724865045959
 1.350507512408613E-02 3.161711691209543E-02
 3.218751337427016E-02 -0.2042811804915340
 -5.366550902543742E-02 -0.2419660992191343
 -7.701438665702048E-02 -0.1881926199698458
 5.817336050724617E-02 -0.1691175571447185
 0.2189920434323487 -0.1288204721076246
 0.2033699691215129 3.339852271605320E-02
 5.012023201486672E-04 0.2296971537412244
 -0.1981404692438958 0.2577200742414212
 -0.2242409139297650 8.794675400692087E-02
 -8.455967293069841E-02 -7.480795728574442E-02
 0.1074298750606904 -4.771188381392533E-02
 0.2634674415628718 0.1289120667288122
 0.3553093324967321 0.2929925180475545
 0.3867752397143367 0.3627711098001120
 0.3835332761964078 0.3692310473240746
 0.3810438874031453 0.3614404508934559
 0.3854428784375000 0.3605161493888070
 0.3644885583576012 0.3658906164646516
 0.2981991012754135 0.3377376053266164
 0.2108903626435021 0.2063165233785261
 0.1285916101155798 -3.348342547506290E-02
 3.612526704173811E-02 -0.2651595636522347
 -8.823885295159697E-02 -0.3621205755442993
 -0.2194467914414424 -0.3393657617019170
 -0.3060166932548738 -0.3149729349855684
 -0.3282532447649110 -0.3257085779413951
 -0.3024320753665148 -0.2740431076084472
 -0.2486079992216926 -8.939784162599586E-02
 -0.1971715012300160 0.1384309200262957
 -0.2029049307915372 0.2500129546689156
 -0.2853352257572015 0.2013412653087518
 -0.3567166606264621 0.1008865269465386
 -0.2851854280639157 7.576214956310909E-02
 -5.999628889708575E-02 0.1425045437051082
   
   
 #BODY NUMBER  2
 0.1534106994518822 -1.929396153489016E-02
 -0.1444043056346443 4.681904154911756E-02
 -0.3374659103308461 8.365450457881837E-02
 -0.4098109762967747 8.822992972282649E-02
 -0.4067173291328838 8.292131787677977E-02
 -0.3389100889580567 8.289293526442053E-02
 -0.1749071952139367 6.481491735294184E-02
 4.772893162171454E-02 -1.778811692951506E-02
 0.1731412668968161 -0.1743539112962266
 7.680033596447217E-02 -0.3393031029697833
 -0.1574329556749738 -0.4149037287629178
 -0.3154101275620587 -0.3599590090722277
 -0.3243945199619442 -0.2246676890349528
 -0.3292056289325935 -9.220705651978657E-02
 -0.4359791225197790 -2.475258494059348E-03
 -0.5062619747892622 5.146708548771577E-02
 -0.3453947212671810 6.970376710833892E-02
 -2.062868887825229E-02 2.750429659352262E-02
 0.1930064485078794 -7.426538597899859E-02
 0.1827160342656791 -0.1674587437326198
 0.1244723963701281 -0.1607927252867807
 0.1755467809669168 -3.417917054957417E-02
 0.2210578230888828 0.1252424367852666
 7.276101543978329E-02 0.1928228209841134
 -0.1986729691568055 0.1152826308122965
 -0.3222623659802302 -4.273464276227233E-02
 -0.1882845801152569 -0.1502249510275557
 2.250575494932636E-02 -0.1106348035365601
 9.503464097561558E-02 6.918105902098383E-02
 2.009259613992911E-02 0.2926255308279457
 -7.608429749958769E-02 0.4542031671676394
 -0.1207813769888037 0.5163427380474880
 -0.1279968287503807 0.5167650840448006
 -0.1224946687274638 0.5107139118946296
 -0.1194947046265046 0.5140613991290762
 -0.1346262896859387 0.4986016591587762
 -0.1433897953884679 0.4271167997535059
 -7.323016914454122E-02 0.2857946731518498
 9.329330212491463E-02 9.462188833610587E-02
 0.2476975517000982 -0.1012943828494742
 0.2694861911786035 -0.2574773760290307
 0.1841759750877915 -0.3597293770182317
 0.1197662165746060 -0.4225046978336133
 0.1179452803452927 -0.4471299378117799
 8.611225523768620E-02 -0.3989354139908736
 -4.688319771924042E-02 -0.2599997637230038
 -0.2184704440270367 -0.1015400689543587
 -0.3179700354142616 -5.071434728413473E-02
 -0.3170342634660875 -0.1464369214459264
 -0.2657286255485222 -0.2584824265823968
 -0.2082046601989321 -0.2090967507109336
 -0.1534106994518822 1.929396153489016E-02
 0.1444043056346443 -4.681904154911756E-02
 0.3374659103308461 -8.365450457881837E-02
 0.4098109762967747 -8.822992972282649E-02
 0.4067173291328838 -8.292131787677977E-02
 0.3389100889580567 -8.289293526442053E-02
 0.1749071952139367 -6.481491735294184E-02
 -4.772893162171454E-02 1.778811692951506E-02
 -0.1731412668968161 0.1743539112962266
 -7.680033596447217E-02 0.3393031029697833
 0.1574329556749738 0.4149037287629178
 0.3154101275620587 0.3599590090722277
 0.3243945199619442 0.2246676890349528
 0.3292056289325935 9.220705651978657E-02
 0.4359791225197790 2.475258494059348E-03
 0.5062619747892622 -5.146708548771577E-02
 0.3453947212671810 -6.970376710833892E-02
 2.062868887825229E-02 -2.750429659352262E-02
 -0.1930064485078794 7.426538597899859E-02
 -0.1827160342656791 0.1674587437326198
 -0.1244723963701281 0.1607927252867807
 -0.1755467809669168 3.417917054957417E-02
 -0.2210578230888828 -0.1252424367852666
 -7.276101543978329E-02 -0.1928228209841134
 0.1986729691568055 -0.1152826308122965
 0.3222623659802302 4.273464276227233E-02
 0.1882845801152569 0.1502249510275557
 -2.250575494932636E-02 0.1106348035365601
 -9.503464097561558E-02 -6.918105902098383E-02
 -2.009259613992911E-02 -0.2926255308279457
 7.608429749958769E-02 -0.4542031671676394
 0.1207813769888037 -0.5163427380474880
 0.1279968287503807 -0.5167650840448006
 0.1224946687274638 -0.5107139118946296
 0.1194947046265046 -0.5140613991290762
 0.1346262896859387 -0.4986016591587762
 0.1433897953884679 -0.4271167997535059
 7.323016914454122E-02 -0.2857946731518498
 -9.329330212491463E-02 -9.462188833610587E-02
 -0.2476975517000982 0.1012943828494742
 -0.2694861911786035 0.2574773760290307
 -0.1841759750877915 0.3597293770182317
 -0.1197662165746060 0.4225046978336133
 -0.1179452803452927 0.4471299378117799
 -8.611225523768620E-02 0.3989354139908736
 4.688319771924042E-02 0.2599997637230038
 0.2184704440270367 0.1015400689543587
 0.3179700354142616 5.071434728413473E-02
 0.3170342634660875 0.1464369214459264
 0.2657286255485222 0.2584824265823968
 0.2082046601989321 0.2090967507109336
 0.1534106994518822 -1.929396153489016E-02
   
   
 #BODY NUMBER  3
 -9.341441055479294E-02 -0.1232105821702270
 0.1127486321796999 0.1016482763208930
 0.2411798812716842 0.2504267989683425
 0.2813148486624732 0.3107917513612937
 0.2751706323630202 0.3107668802500422
 0.2412424322122778 0.2520582790043087
 0.1435849625788070 0.1190666156834802
 -3.926942695730336E-02 -3.244040881513954E-02
 -0.2375655498801172 -6.276777992795286E-02
 -0.3322452747369539 0.1031405095204775
 -0.2806006913960866 0.3437928033888542
 -0.1540285823965916 0.4531326876157457
 -3.237066613283819E-02 0.3932677396529770
 8.474916111197528E-02 0.3312039659843515
 0.2158459245231022 0.3788066248688052
 0.2977027908857396 0.4127021883937190
 0.2330625936888873 0.2642687193962537
 3.413376400233961E-02 4.112820318569860E-03
 -0.1608189351336081 -0.1300157945125381
 -0.2363815432911156 -7.450735548651677E-02
 -0.2014867830271479 -2.739989468306706E-02
 -0.1173734204596700 -0.1349383865951459
 -2.065779656533481E-03 -0.2540629088928925
 0.1306089536817300 -0.1594242982680611
 0.1991741714769543 0.1144145229289273
 0.1241218967363344 0.3004547170036934
 -3.595633381450817E-02 0.2381717050344767
 -0.1070654278800249 3.582684625081620E-02
 1.239523408507458E-02 -0.1168929428349083
 0.2433748454229424 -0.1637134640991322
 0.4313936299963192 -0.1612106491200835
 0.5075566167031397 -0.1535716282473743
 0.5115301049467877 -0.1475340367207236
 0.5035385561306083 -0.1492734610011713
 0.5049375830640032 -0.1535452497402666
 0.4991148480435386 -0.1327110426941215
 0.4415888966638800 -8.937919442688610E-02
 0.2841205317880416 -7.947814977331964E-02
 3.529830799066341E-02 -0.1281053138111645
 -0.2115722846583620 -0.1638651808027560
 -0.3577250441302025 -0.1046431995152636
 -0.4036227665292362 2.036361531632004E-02
 -0.4257829098294820 0.1075317628480507
 -0.4461985251102061 0.1214213598703909
 -0.3885443306042038 0.1248923063824328
 -0.2017248015024550 0.1706019220970147
 2.129894279701796E-02 0.2399709889806613
 0.1150651046227215 0.3007273019530577
 3.169903770888285E-02 0.3477781867546858
 -9.098803507794315E-02 0.3593689535289436
 -7.698076786498703E-02 0.2848589002740512
 9.341441055479294E-02 0.1232105821702270
 -0.1127486321796999 -0.1016482763208930
 -0.2411798812716842 -0.2504267989683425
 -0.2813148486624732 -0.3107917513612937
 -0.2751706323630202 -0.3107668802500422
 -0.2412424322122778 -0.2520582790043087
 -0.1435849625788070 -0.1190666156834802
 3.926942695730336E-02 3.244040881513954E-02
 0.2375655498801172 6.276777992795286E-02
 0.3322452747369539 -0.1031405095204775
 0.2806006913960866 -0.3437928033888542
 0.1540285823965916 -0.4531326876157457
 3.237066613283819E-02 -0.3932677396529770
 -8.474916111197528E-02 -0.3312039659843515
 -0.2158459245231022 -0.3788066248688052
 -0.2977027908857396 -0.4127021883937190
 -0.2330625936888873 -0.2642687193962537
 -3.413376400233961E-02 -4.112820318569860E-03
 0.1608189351336081 0.1300157945125381
 0.2363815432911156 7.450735548651677E-02
 0.2014867830271479 2.739989468306706E-02
 0.1173734204596700 0.1349383865951459
 2.065779656533481E-03 0.2540629088928925
 -0.1306089536817300 0.1594242982680611
 -0.1991741714769543 -0.1144145229289273
 -0.1241218967363344 -0.3004547170036934
 3.595633381450817E-02 -0.2381717050344767
 0.1070654278800249 -3.582684625081620E-02
 -1.239523408507458E-02 0.1168929428349083
 -0.2433748454229424 0.1637134640991322
 -0.4313936299963192 0.1612106491200835
 -0.5075566167031397 0.1535716282473743
 -0.5115301049467877 0.1475340367207236
 -0.5035385561306083 0.1492734610011713
 -0.5049375830640032 0.1535452497402666
 -0.4991148480435386 0.1327110426941215
 -0.4415888966638800 8.937919442688610E-02
 -0.2841205317880416 7.947814977331964E-02
 -3.529830799066341E-02 0.1281053138111645
 0.2115722846583620 0.1638651808027560
 0.3577250441302025 0.1046431995152636
 0.4036227665292362 -2.036361531632004E-02
 0.4257829098294820 -0.1075317628480507
 0.4461985251102061 -0.1214213598703909
 0.3885443306042038 -0.1248923063824328
 0.2017248015024550 -0.1706019220970147
 -2.129894279701796E-02 -0.2399709889806613
 -0.1150651046227215 -0.3007273019530577
 -3.169903770888285E-02 -0.3477781867546858
 9.098803507794315E-02 -0.3593689535289436
 7.698076786498703E-02 -0.2848589002740512
 -9.341441055479294E-02 -0.1232105821702270
   
   
 #BODY NUMBER  4
 -0.1425045437051153 5.999628889708220E-02
 0.1484673178700124 -3.165567345495124E-02
 0.3340813035471625 -9.628602905916853E-02
 0.3990216810841219 -0.1284961276343077
 0.3936881981268233 -0.1315466967698695
 0.3349512142687307 -9.766765674578456E-02
 0.1838815330364235 -3.132223263513509E-02
 -5.022852574465327E-02 8.459504664406217E-03
 -0.2371216912241783 -6.442428298330573E-02
 -0.2361625934493047 -0.2554449387724863
 -7.111092537406261E-02 -0.4380336470710646
 9.317367854351878E-02 -0.4694387099586543
 0.1686000506180249 -0.3567651860947860
 0.2389969094645656 -0.2444564678206214
 0.3763313663747468 -0.2201331979966800
 0.4641692738814356 -0.2085591839035255
 0.3339724865045933 -0.1123321275782963
 3.161711691209312E-02 1.350507512408494E-02
 -0.2042811804915361 3.218751337426910E-02
 -0.2419660992191361 -5.366550902543828E-02
 -0.1881926199698474 -7.701438665702123E-02
 -0.1691175571447198 5.817336050724560E-02
 -0.1288204721076256 0.2189920434323483
 3.339852271605243E-02 0.2033699691215125
 0.2296971537412240 5.012023201484313E-04
 0.2577200742414212 -0.1981404692438959
 8.794675400692102E-02 -0.2242409139297649
 -7.480795728574392E-02 -8.455967293069820E-02
 -4.771188381392451E-02 0.1074298750606907
 0.1289120667288133 0.2634674415628723
 0.2929925180475557 0.3553093324967327
 0.3627711098001136 0.3867752397143375
 0.3692310473240765 0.3835332761964087
 0.3614404508934579 0.3810438874031464
 0.3605161493888092 0.3854428784375011
 0.3658906164646542 0.3644885583576024
 0.3377376053266193 0.2981991012754150
 0.2063165233785293 0.2108903626435037
 -3.348342547505943E-02 0.1285916101155816
 -0.2651595636522309 3.612526704173998E-02
 -0.3621205755442954 -8.823885295159498E-02
 -0.3393657617019125 -0.2194467914414402
 -0.3149729349855639 -0.3060166932548714
 -0.3257085779413903 -0.3282532447649085
 -0.2740431076084420 -0.3024320753665122
 -8.939784162599043E-02 -0.2486079992216899
 0.1384309200263015 -0.1971715012300131
 0.2500129546689216 -0.2029049307915343
 0.2013412653087581 -0.2853352257571984
 0.1008865269465453 -0.3567166606264589
 7.576214956311600E-02 -0.2851854280639124
 0.1425045437051153 -5.999628889708220E-02
 -0.1484673178700124 3.165567345495124E-02
 -0.3340813035471625 9.628602905916853E-02
 -0.3990216810841219 0.1284961276343077
 -0.3936881981268233 0.1315466967698695
 -0.3349512142687307 9.766765674578456E-02
 -0.1838815330364235 3.132223263513509E-02
 5.022852574465327E-02 -8.459504664406217E-03
 0.2371216912241783 6.442428298330573E-02
 0.2361625934493047 0.2554449387724863
 7.111092537406261E-02 0.4380336470710646
 -9.317367854351878E-02 0.4694387099586543
 -0.1686000506180249 0.3567651860947860
 -0.2389969094645656 0.2444564678206214
 -0.3763313663747468 0.2201331979966800
 -0.4641692738814356 0.2085591839035255
 -0.3339724865045933 0.1123321275782963
 -3.161711691209312E-02 -1.350507512408494E-02
 0.2042811804915361 -3.218751337426910E-02
 0.2419660992191361 5.366550902543828E-02
 0.1881926199698474 7.701438665702123E-02
 0.1691175571447198 -5.817336050724560E-02
 0.1288204721076256 -0.2189920434323483
 -3.339852271605243E-02 -0.2033699691215125
 -0.2296971537412240 -5.012023201484313E-04
 -0.2577200742414212 0.1981404692438959
 -8.794675400692102E-02 0.2242409139297649
 7.480795728574392E-02 8.455967293069820E-02
 4.771188381392451E-02 -0.1074298750606907
 -0.1289120667288133 -0.2634674415628723
 -0.2929925180475557 -0.3553093324967327
 -0.3627711098001136 -0.3867752397143375
 -0.3692310473240765 -0.3835332761964087
 -0.3614404508934579 -0.3810438874031464
 -0.3605161493888092 -0.3854428784375011
 -0.3658906164646542 -0.3644885583576024
 -0.3377376053266193 -0.2981991012754150
 -0.2063165233785293 -0.2108903626435037
 3.348342547505943E-02 -0.1285916101155816
 0.2651595636522309 -3.612526704173998E-02
 0.3621205755442954 8.823885295159498E-02
 0.3393657617019125 0.2194467914414402
 0.3149729349855639 0.3060166932548714
 0.3257085779413903 0.3282532447649085
 0.2740431076084420 0.3024320753665122
 8.939784162599043E-02 0.2486079992216899
 -0.1384309200263015 0.1971715012300131
 -0.2500129546689216 0.2029049307915343
 -0.2013412653087581 0.2853352257571984
 -0.1008865269465453 0.3567166606264589
 -7.576214956311600E-02 0.2851854280639124
 -0.1425045437051153 5.999628889708220E-02
   
   
 #BODY NUMBER  5
 0.1232105821702234 9.341441055479294E-02
 -0.1016482763208965 -0.1127486321796999
 -0.2504267989683459 -0.2411798812716842
 -0.3107917513612971 -0.2813148486624734
 -0.3107668802500452 -0.2751706323630203
 -0.2520582790043114 -0.2412424322122777
 -0.1190666156834829 -0.1435849625788070
 3.244040881513707E-02 3.926942695730335E-02
 6.276777992795050E-02 0.2375655498801172
 -0.1031405095204798 0.3322452747369539
 -0.3437928033888563 0.2806006913960865
 -0.4531326876157475 0.1540285823965916
 -0.3932677396529790 3.237066613283820E-02
 -0.3312039659843531 -8.474916111197528E-02
 -0.3788066248688070 -0.2158459245231020
 -0.4127021883937206 -0.2977027908857396
 -0.2642687193962551 -0.2330625936888873
 -4.112820318571123E-03 -3.413376400233960E-02
 0.1300157945125370 0.1608189351336081
 7.450735548651598E-02 0.2363815432911156
 2.739989468306648E-02 0.2014867830271479
 0.1349383865951454 0.1173734204596700
 0.2540629088928919 2.065779656533516E-03
 0.1594242982680606 -0.1306089536817299
 -0.1144145229289276 -0.1991741714769543
 -0.3004547170036936 -0.1241218967363344
 -0.2381717050344768 3.595633381450819E-02
 -3.582684625081609E-02 0.1070654278800248
 0.1168929428349086 -1.239523408507459E-02
 0.1637134640991327 -0.2433748454229424
 0.1612106491200842 -0.4313936299963194
 0.1535716282473752 -0.5075566167031397
 0.1475340367207247 -0.5115301049467876
 0.1492734610011724 -0.5035385561306083
 0.1535452497402678 -0.5049375830640029
 0.1327110426941227 -0.4991148480435386
 8.937919442688745E-02 -0.4415888966638801
 7.947814977332122E-02 -0.2841205317880416
 0.1281053138111662 -3.529830799066345E-02
 0.1638651808027578 0.2115722846583620
 0.1046431995152657 0.3577250441302026
 -2.036361531631780E-02 0.4036227665292362
 -0.1075317628480483 0.4257829098294821
 -0.1214213598703884 0.4461985251102061
 -0.1248923063824302 0.3885443306042038
 -0.1706019220970119 0.2017248015024550
 -0.2399709889806586 -2.129894279701799E-02
 -0.3007273019530549 -0.1150651046227214
 -0.3477781867546828 -3.169903770888276E-02
 -0.3593689535289404 9.098803507794315E-02
 -0.2848589002740479 7.698076786498703E-02
 -0.1232105821702234 -9.341441055479294E-02
 0.1016482763208965 0.1127486321796999
 0.2504267989683459 0.2411798812716842
 0.3107917513612971 0.2813148486624734
 0.3107668802500452 0.2751706323630203
 0.2520582790043114 0.2412424322122777
 0.1190666156834829 0.1435849625788070
 -3.244040881513707E-02 -3.926942695730335E-02
 -6.276777992795050E-02 -0.2375655498801172
 0.1031405095204798 -0.3322452747369539
 0.3437928033888563 -0.2806006913960865
 0.4531326876157475 -0.1540285823965916
 0.3932677396529790 -3.237066613283820E-02
 0.3312039659843531 8.474916111197528E-02
 0.3788066248688070 0.2158459245231020
 0.4127021883937206 0.2977027908857396
 0.2642687193962551 0.2330625936888873
 4.112820318571123E-03 3.413376400233960E-02
 -0.1300157945125370 -0.1608189351336081
 -7.450735548651598E-02 -0.2363815432911156
 -2.739989468306648E-02 -0.2014867830271479
 -0.1349383865951454 -0.1173734204596700
 -0.2540629088928919 -2.065779656533516E-03
 -0.1594242982680606 0.1306089536817299
 0.1144145229289276 0.1991741714769543
 0.3004547170036936 0.1241218967363344
 0.2381717050344768 -3.595633381450819E-02
 3.582684625081609E-02 -0.1070654278800248
 -0.1168929428349086 1.239523408507459E-02
 -0.1637134640991327 0.2433748454229424
 -0.1612106491200842 0.4313936299963194
 -0.1535716282473752 0.5075566167031397
 -0.1475340367207247 0.5115301049467876
 -0.1492734610011724 0.5035385561306083
 -0.1535452497402678 0.5049375830640029
 -0.1327110426941227 0.4991148480435386
 -8.937919442688745E-02 0.4415888966638801
 -7.947814977332122E-02 0.2841205317880416
 -0.1281053138111662 3.529830799066345E-02
 -0.1638651808027578 -0.2115722846583620
 -0.1046431995152657 -0.3577250441302026
 2.036361531631780E-02 -0.4036227665292362
 0.1075317628480483 -0.4257829098294821
 0.1214213598703884 -0.4461985251102061
 0.1248923063824302 -0.3885443306042038
 0.1706019220970119 -0.2017248015024550
 0.2399709889806586 2.129894279701799E-02
 0.3007273019530549 0.1150651046227214
 0.3477781867546828 3.169903770888276E-02
 0.3593689535289404 -9.098803507794315E-02
 0.2848589002740479 -7.698076786498703E-02
 0.1232105821702234 9.341441055479294E-02
   
   
 #BODY NUMBER  6
 1.929396153488927E-02 -0.1534106994518822
 -4.681904154911840E-02 0.1444043056346443
 -8.365450457881916E-02 0.3374659103308461
 -8.822992972282731E-02 0.4098109762967748
 -8.292131787678059E-02 0.4067173291328839
 -8.289293526442121E-02 0.3389100889580567
 -6.481491735294251E-02 0.1749071952139366
 1.778811692951438E-02 -4.772893162171454E-02
 0.1743539112962260 -0.1731412668968161
 0.3393031029697827 -7.680033596447222E-02
 0.4149037287629174 0.1574329556749738
 0.3599590090722273 0.3154101275620587
 0.2246676890349523 0.3243945199619442
 9.220705651978613E-02 0.3292056289325935
 2.475258494058987E-03 0.4359791225197790
 -5.146708548771604E-02 0.5062619747892620
 -6.970376710833925E-02 0.3453947212671811
 -2.750429659352293E-02 2.062868887825230E-02
 7.426538597899834E-02 -0.1930064485078794
 0.1674587437326197 -0.1827160342656790
 0.1607927252867805 -0.1244723963701281
 3.417917054957396E-02 -0.1755467809669168
 -0.1252424367852667 -0.2210578230888828
 -0.1928228209841134 -7.276101543978332E-02
 -0.1152826308122966 0.1986729691568055
 4.273464276227232E-02 0.3222623659802301
 0.1502249510275557 0.1882845801152569
 0.1106348035365601 -2.250575494932642E-02
 -6.918105902098370E-02 -9.503464097561561E-02
 -0.2926255308279455 -2.009259613992911E-02
 -0.4542031671676393 7.608429749958763E-02
 -0.5163427380474880 0.1207813769888037
 -0.5167650840448004 0.1279968287503807
 -0.5107139118946293 0.1224946687274637
 -0.5140613991290759 0.1194947046265046
 -0.4986016591587759 0.1346262896859387
 -0.4271167997535055 0.1433897953884679
 -0.2857946731518493 7.323016914454122E-02
 -9.462188833610551E-02 -9.329330212491468E-02
 0.1012943828494746 -0.2476975517000983
 0.2574773760290312 -0.2694861911786036
 0.3597293770182322 -0.1841759750877917
 0.4225046978336139 -0.1197662165746061
 0.4471299378117806 -0.1179452803452928
 0.3989354139908741 -8.611225523768622E-02
 0.2599997637230045 4.688319771924045E-02
 0.1015400689543594 0.2184704440270367
 5.071434728413546E-02 0.3179700354142616
 0.1464369214459272 0.3170342634660874
 0.2584824265823977 0.2657286255485222
 0.2090967507109344 0.2082046601989321
 -1.929396153488927E-02 0.1534106994518822
 4.681904154911840E-02 -0.1444043056346443
 8.365450457881916E-02 -0.3374659103308461
 8.822992972282731E-02 -0.4098109762967748
 8.292131787678059E-02 -0.4067173291328839
 8.289293526442121E-02 -0.3389100889580567
 6.481491735294251E-02 -0.1749071952139366
 -1.778811692951438E-02 4.772893162171454E-02
 -0.1743539112962260 0.1731412668968161
 -0.3393031029697827 7.680033596447222E-02
 -0.4149037287629174 -0.1574329556749738
 -0.3599590090722273 -0.3154101275620587
 -0.2246676890349523 -0.3243945199619442
 -9.220705651978613E-02 -0.3292056289325935
 -2.475258494058987E-03 -0.4359791225197790
 5.146708548771604E-02 -0.5062619747892620
 6.970376710833925E-02 -0.3453947212671811
 2.750429659352293E-02 -2.062868887825230E-02
 -7.426538597899834E-02 0.1930064485078794
 -0.1674587437326197 0.1827160342656790
 -0.1607927252867805 0.1244723963701281
 -3.417917054957396E-02 0.1755467809669168
 0.1252424367852667 0.2210578230888828
 0.1928228209841134 7.276101543978332E-02
 0.1152826308122966 -0.1986729691568055
 -4.273464276227232E-02 -0.3222623659802301
 -0.1502249510275557 -0.1882845801152569
 -0.1106348035365601 2.250575494932642E-02
 6.918105902098370E-02 9.503464097561561E-02
 0.2926255308279455 2.009259613992911E-02
 0.4542031671676393 -7.608429749958763E-02
 0.5163427380474880 -0.1207813769888037
 0.5167650840448004 -0.1279968287503807
 0.5107139118946293 -0.1224946687274637
 0.5140613991290759 -0.1194947046265046
 0.4986016591587759 -0.1346262896859387
 0.4271167997535055 -0.1433897953884679
 0.2857946731518493 -7.323016914454122E-02
 9.462188833610551E-02 9.329330212491468E-02
 -0.1012943828494746 0.2476975517000983
 -0.2574773760290312 0.2694861911786036
 -0.3597293770182322 0.1841759750877917
 -0.4225046978336139 0.1197662165746061
 -0.4471299378117806 0.1179452803452928
 -0.3989354139908741 8.611225523768622E-02
 -0.2599997637230045 -4.688319771924045E-02
 -0.1015400689543594 -0.2184704440270367
 -5.071434728413546E-02 -0.3179700354142616
 -0.1464369214459272 -0.3170342634660874
 -0.2584824265823977 -0.2657286255485222
 -0.2090967507109344 -0.2082046601989321
 1.929396153488927E-02 -0.1534106994518822
   
   
