 # action(x) =  120.4701438149095
 # |grad_action(x)| =  3.157626000454668E-13
 # PRINTSTEPS = 50
 #
 #BODY NUMBER  1
 -0.8546915783904330 -0.7249164032301403
 -0.8575748434200658 -0.7500787259543903
 -0.8559716615525130 -0.7648539580730397
 -0.8507174920944020 -0.7747003174227139
 -0.8441619422138389 -0.7872641168161792
 -0.8348325308280921 -0.7961209013146462
 -0.8202139699925169 -0.7933838567750302
 -0.8014391176729164 -0.7861780408556258
 -0.7805588668660851 -0.7834794562627431
 -0.7560871591010935 -0.7776951570377800
 -0.7257905846531814 -0.7581774473068577
 -0.6907084633466898 -0.7327649267523463
 -0.6516203329559132 -0.7142952022518183
 -0.6054395137766185 -0.6944945809584940
 -0.5507122864385562 -0.6564206855841912
 -0.4908588011910189 -0.6069447815455711
 -0.4219170903090665 -0.5680142541039094
 -0.3214832994187228 -0.5369206186220193
 -0.1658954120754552 -0.4866489598993734
 3.588345366867852E-02 -0.4090240675876098
 0.2350619785437492 -0.3226031413292612
 0.3762473028253179 -0.2282395633285616
 0.4355982223726511 -9.862729481083188E-02
 0.4306166464028668 6.048032158356387E-02
 0.4049813987044146 0.1740407159135749
 0.3997070183144842 0.1666386424372105
 0.4130429220957123 5.469967128073188E-02
 0.3791867945685467 -6.647077887261746E-02
 0.2198566175680703 -0.1190939436746550
 -4.734048266409298E-02 -9.283361028854438E-02
 -0.2698099495589465 -1.109318411733657E-02
 -0.2829314197497564 0.1030356943812178
 -8.924867801233957E-02 0.2193642966199082
 0.1240915468966148 0.3042741926319429
 0.1779556736585337 0.3541478375038859
 8.805140358055731E-02 0.3945100335864621
 2.654697320799414E-02 0.4261786325322128
 0.1170279791844865 0.4038346125725108
 0.3161767204213099 0.2964254981949763
 0.4996849315572426 0.1453510451020899
 0.6084198745814778 3.211851736259957E-02
 0.6728531119298341 4.394520206280963E-03
 0.7287524877573581 5.969615026483870E-02
 0.7676128773843511 0.1782831862574964
 0.7750150353617021 0.3308269647312591
 0.7715470655517096 0.4663576635831058
 0.7876667143004435 0.5420419788801549
 0.8196835642271134 0.5718744784706605
 0.8393055276203273 0.6080371309587834
 0.8387150265226486 0.6669815881954082
 0.8393382179182528 0.7128287012283070
 0.8546915783904330 0.7249164032301403
 0.8575748434200658 0.7500787259543903
 0.8559716615525130 0.7648539580730397
 0.8507174920944020 0.7747003174227139
 0.8441619422138389 0.7872641168161792
 0.8348325308280921 0.7961209013146462
 0.8202139699925169 0.7933838567750302
 0.8014391176729164 0.7861780408556258
 0.7805588668660851 0.7834794562627431
 0.7560871591010935 0.7776951570377800
 0.7257905846531814 0.7581774473068577
 0.6907084633466898 0.7327649267523463
 0.6516203329559132 0.7142952022518183
 0.6054395137766185 0.6944945809584940
 0.5507122864385562 0.6564206855841912
 0.4908588011910189 0.6069447815455711
 0.4219170903090665 0.5680142541039094
 0.3214832994187228 0.5369206186220193
 0.1658954120754552 0.4866489598993734
 -3.588345366867852E-02 0.4090240675876098
 -0.2350619785437492 0.3226031413292612
 -0.3762473028253179 0.2282395633285616
 -0.4355982223726511 9.862729481083188E-02
 -0.4306166464028668 -6.048032158356387E-02
 -0.4049813987044146 -0.1740407159135749
 -0.3997070183144842 -0.1666386424372105
 -0.4130429220957123 -5.469967128073188E-02
 -0.3791867945685467 6.647077887261746E-02
 -0.2198566175680703 0.1190939436746550
 4.734048266409298E-02 9.283361028854438E-02
 0.2698099495589465 1.109318411733657E-02
 0.2829314197497564 -0.1030356943812178
 8.924867801233957E-02 -0.2193642966199082
 -0.1240915468966148 -0.3042741926319429
 -0.1779556736585337 -0.3541478375038859
 -8.805140358055731E-02 -0.3945100335864621
 -2.654697320799414E-02 -0.4261786325322128
 -0.1170279791844865 -0.4038346125725108
 -0.3161767204213099 -0.2964254981949763
 -0.4996849315572426 -0.1453510451020899
 -0.6084198745814778 -3.211851736259957E-02
 -0.6728531119298341 -4.394520206280963E-03
 -0.7287524877573581 -5.969615026483870E-02
 -0.7676128773843511 -0.1782831862574964
 -0.7750150353617021 -0.3308269647312591
 -0.7715470655517096 -0.4663576635831058
 -0.7876667143004435 -0.5420419788801549
 -0.8196835642271134 -0.5718744784706605
 -0.8393055276203273 -0.6080371309587834
 -0.8387150265226486 -0.6669815881954082
 -0.8393382179182528 -0.7128287012283070
 -0.8546915783904330 -0.7249164032301403
   
   
 #BODY NUMBER  2
 -0.2004502316221286 1.102642820901804
 -0.2207998098047351 1.117720963025434
 -0.2343971271000738 1.123720182860572
 -0.2455514091607376 1.124093118308896
 -0.2597097535438116 1.124697745273285
 -0.2720446596082019 1.121046630260107
 -0.2769835899233924 1.107018062939921
 -0.2801305964419938 1.087155655919144
 -0.2882336790337121 1.067723535986597
 -0.2954601828442993 1.043638265775644
 -0.2937056376175856 1.007641807790644
 -0.2892388098964305 0.9645535392433194
 -0.2927876244734616 0.9214673630882045
 -0.2987301930123749 0.8715732898646970
 -0.2931208460662290 0.8051411730240977
 -0.2802001989173515 0.7285685822753830
 -0.2809562286111218 0.6493980455504196
 -0.3042452458329635 0.5468730135000628
 -0.3385026559604044 0.3869941211783186
 -0.3721669601244525 0.1734360513412073
 -0.3969135050036763 -4.226807421808886E-02
 -0.3857849114038605 -0.2117199406878209
 -0.3032128539990431 -0.3279254790126430
 -0.1629308282810150 -0.4031651158691256
 -5.176701807822103E-02 -0.4377445372949648
 -5.554021155446628E-02 -0.4294757531498806
 -0.1591501561400844 -0.3850554990286096
 -0.2471587803972980 -0.2951500074396438
 -0.2130666894431595 -0.1308544441667415
 -5.672602350285744E-02 8.741486575879352E-02
 0.1252979955250017 0.2392088625705141
 0.2306972387055821 0.1935079498414782
 0.2345993925623153 -3.239052589709028E-02
 0.2014634070869549 -0.2596035283233478
 0.2177231871444216 -0.3311880528878062
 0.2976300093434495 -0.2735097691328696
 0.3558080357190123 -0.2360796694578143
 0.2912170438229976 -0.3032665092135772
 9.862365155565268E-02 -0.4220298210675926
 -0.1239647682535939 -0.5054153671679054
 -0.2763944853228362 -0.5429663262362018
 -0.3326207898288338 -0.5849051480497915
 -0.3126778612411956 -0.6609662426013996
 -0.2294086703255513 -0.7539138452156657
 -0.1010029619666821 -0.8365961913037585
 1.810405113667174E-02 -0.9013581907746706
 7.558876647758046E-02 -0.9531603737396810
 8.541604401801230E-02 -0.9958040289205841
 0.1069228380443483 -1.030878473935297
 0.1582654859723902 -1.059839313602057
 0.1976586548512550 -1.083302569698520
 0.2004502316221286 -1.102642820901804
 0.2207998098047351 -1.117720963025434
 0.2343971271000738 -1.123720182860572
 0.2455514091607376 -1.124093118308896
 0.2597097535438116 -1.124697745273285
 0.2720446596082019 -1.121046630260107
 0.2769835899233924 -1.107018062939921
 0.2801305964419938 -1.087155655919144
 0.2882336790337121 -1.067723535986597
 0.2954601828442993 -1.043638265775644
 0.2937056376175856 -1.007641807790644
 0.2892388098964305 -0.9645535392433194
 0.2927876244734616 -0.9214673630882045
 0.2987301930123749 -0.8715732898646970
 0.2931208460662290 -0.8051411730240977
 0.2802001989173515 -0.7285685822753830
 0.2809562286111218 -0.6493980455504196
 0.3042452458329635 -0.5468730135000628
 0.3385026559604044 -0.3869941211783186
 0.3721669601244525 -0.1734360513412073
 0.3969135050036763 4.226807421808886E-02
 0.3857849114038605 0.2117199406878209
 0.3032128539990431 0.3279254790126430
 0.1629308282810150 0.4031651158691256
 5.176701807822103E-02 0.4377445372949648
 5.554021155446628E-02 0.4294757531498806
 0.1591501561400844 0.3850554990286096
 0.2471587803972980 0.2951500074396438
 0.2130666894431595 0.1308544441667415
 5.672602350285744E-02 -8.741486575879352E-02
 -0.1252979955250017 -0.2392088625705141
 -0.2306972387055821 -0.1935079498414782
 -0.2345993925623153 3.239052589709028E-02
 -0.2014634070869549 0.2596035283233478
 -0.2177231871444216 0.3311880528878062
 -0.2976300093434495 0.2735097691328696
 -0.3558080357190123 0.2360796694578143
 -0.2912170438229976 0.3032665092135772
 -9.862365155565268E-02 0.4220298210675926
 0.1239647682535939 0.5054153671679054
 0.2763944853228362 0.5429663262362018
 0.3326207898288338 0.5849051480497915
 0.3126778612411956 0.6609662426013996
 0.2294086703255513 0.7539138452156657
 0.1010029619666821 0.8365961913037585
 -1.810405113667174E-02 0.9013581907746706
 -7.558876647758046E-02 0.9531603737396810
 -8.541604401801230E-02 0.9958040289205841
 -0.1069228380443483 1.030878473935297
 -0.1582654859723902 1.059839313602057
 -0.1976586548512550 1.083302569698520
 -0.2004502316221286 1.102642820901804
   
   
 #BODY NUMBER  3
 1.055141810012562 -0.3777264176716638
 1.078374653224801 -0.3676422370710443
 1.090368788652587 -0.3588662247875322
 1.096268901255140 -0.3493928008861825
 1.103871695757651 -0.3374336284571063
 1.106877190436294 -0.3249257289454602
 1.097197559915909 -0.3136342061648918
 1.081569714114911 -0.3009776150635189
 1.068792545899797 -0.2842440797238534
 1.051547341945393 -0.2659431087378634
 1.019496222270768 -0.2494643604837865
 0.9799472732431207 -0.2317886124909730
 0.9444079574293752 -0.2071721608363860
 0.9041697067889936 -0.1770787089062033
 0.8438331325047855 -0.1487204874399066
 0.7710590001083708 -0.1216238007298123
 0.7028733189201883 -8.138379144651009E-02
 0.6257285452516863 -9.952394878043353E-03
 0.5043980680358596 9.965483872105479E-02
 0.3362835064557742 0.2355880162464025
 0.1618515264599271 0.3648712155473500
 9.537608578542680E-03 0.4399595040163828
 -0.1323853683736080 0.4265527738234748
 -0.2676858181218520 0.3426847942855618
 -0.3532143806261937 0.2637038213813901
 -0.3441668067600181 0.2628371107126701
 -0.2538927659556281 0.3303558277478779
 -0.1320280141712487 0.3616207863122613
 -6.789928124910893E-03 0.2499483878413965
 0.1040665061669504 5.418744529750784E-03
 0.1445119540339446 -0.2281156784531775
 5.223418104417376E-02 -0.2965436442226961
 -0.1453507145499758 -0.1869737707228179
 -0.3255549539835700 -4.467066430859511E-02
 -0.3956788608029553 -2.295978461607958E-02
 -0.3856814129240069 -0.1210002644535924
 -0.3823550089270068 -0.1900989630743986
 -0.4082450230074843 -0.1005681033589337
 -0.4148003719769630 0.1256043228726164
 -0.3757201633036490 0.3600643220658156
 -0.3320253892586422 0.5108478088736019
 -0.3402323221010008 0.5805106278435103
 -0.4160746265161627 0.6012700923365608
 -0.5382042070588006 0.5756306589581699
 -0.6740120733950201 0.5057692265724995
 -0.7896511166883815 0.4350005271915651
 -0.8632554807780243 0.4111183948595266
 -0.9050996082451264 0.4239295504499234
 -0.9462283656646757 0.4228413429765137
 -0.9969805124950389 0.3928577254066490
 -1.036996872769508 0.3704738684702127
 -1.055141810012562 0.3777264176716638
 -1.078374653224801 0.3676422370710443
 -1.090368788652587 0.3588662247875322
 -1.096268901255140 0.3493928008861825
 -1.103871695757651 0.3374336284571063
 -1.106877190436294 0.3249257289454602
 -1.097197559915909 0.3136342061648918
 -1.081569714114911 0.3009776150635189
 -1.068792545899797 0.2842440797238534
 -1.051547341945393 0.2659431087378634
 -1.019496222270768 0.2494643604837865
 -0.9799472732431207 0.2317886124909730
 -0.9444079574293752 0.2071721608363860
 -0.9041697067889936 0.1770787089062033
 -0.8438331325047855 0.1487204874399066
 -0.7710590001083708 0.1216238007298123
 -0.7028733189201883 8.138379144651009E-02
 -0.6257285452516863 9.952394878043353E-03
 -0.5043980680358596 -9.965483872105479E-02
 -0.3362835064557742 -0.2355880162464025
 -0.1618515264599271 -0.3648712155473500
 -9.537608578542680E-03 -0.4399595040163828
 0.1323853683736080 -0.4265527738234748
 0.2676858181218520 -0.3426847942855618
 0.3532143806261937 -0.2637038213813901
 0.3441668067600181 -0.2628371107126701
 0.2538927659556281 -0.3303558277478779
 0.1320280141712487 -0.3616207863122613
 6.789928124910893E-03 -0.2499483878413965
 -0.1040665061669504 -5.418744529750784E-03
 -0.1445119540339446 0.2281156784531775
 -5.223418104417376E-02 0.2965436442226961
 0.1453507145499758 0.1869737707228179
 0.3255549539835700 4.467066430859511E-02
 0.3956788608029553 2.295978461607958E-02
 0.3856814129240069 0.1210002644535924
 0.3823550089270068 0.1900989630743986
 0.4082450230074843 0.1005681033589337
 0.4148003719769630 -0.1256043228726164
 0.3757201633036490 -0.3600643220658156
 0.3320253892586422 -0.5108478088736019
 0.3402323221010008 -0.5805106278435103
 0.4160746265161627 -0.6012700923365608
 0.5382042070588006 -0.5756306589581699
 0.6740120733950201 -0.5057692265724995
 0.7896511166883815 -0.4350005271915651
 0.8632554807780243 -0.4111183948595266
 0.9050996082451264 -0.4239295504499234
 0.9462283656646757 -0.4228413429765137
 0.9969805124950389 -0.3928577254066490
 1.036996872769508 -0.3704738684702127
 1.055141810012562 -0.3777264176716638
   
   
 #BODY NUMBER  4
 0.7249164032301402 0.8546915783904330
 0.7500787259543902 0.8575748434200658
 0.7648539580730395 0.8559716615525130
 0.7747003174227139 0.8507174920944020
 0.7872641168161792 0.8441619422138389
 0.7961209013146460 0.8348325308280921
 0.7933838567750301 0.8202139699925169
 0.7861780408556257 0.8014391176729164
 0.7834794562627430 0.7805588668660851
 0.7776951570377800 0.7560871591010935
 0.7581774473068575 0.7257905846531814
 0.7327649267523462 0.6907084633466898
 0.7142952022518182 0.6516203329559132
 0.6944945809584938 0.6054395137766185
 0.6564206855841912 0.5507122864385562
 0.6069447815455711 0.4908588011910189
 0.5680142541039092 0.4219170903090666
 0.5369206186220193 0.3214832994187228
 0.4866489598993733 0.1658954120754552
 0.4090240675876098 -3.588345366867852E-02
 0.3226031413292610 -0.2350619785437492
 0.2282395633285617 -0.3762473028253179
 9.862729481083178E-02 -0.4355982223726511
 -6.048032158356387E-02 -0.4306166464028668
 -0.1740407159135748 -0.4049813987044146
 -0.1666386424372105 -0.3997070183144842
 -5.469967128073188E-02 -0.4130429220957123
 6.647077887261744E-02 -0.3791867945685467
 0.1190939436746550 -0.2198566175680703
 9.283361028854448E-02 4.734048266409298E-02
 1.109318411733657E-02 0.2698099495589465
 -0.1030356943812178 0.2829314197497564
 -0.2193642966199082 8.924867801233957E-02
 -0.3042741926319428 -0.1240915468966148
 -0.3541478375038857 -0.1779556736585337
 -0.3945100335864621 -8.805140358055728E-02
 -0.4261786325322129 -2.654697320799414E-02
 -0.4038346125725107 -0.1170279791844865
 -0.2964254981949762 -0.3161767204213100
 -0.1453510451020897 -0.4996849315572426
 -3.211851736259968E-02 -0.6084198745814778
 -4.394520206280851E-03 -0.6728531119298341
 -5.969615026483859E-02 -0.7287524877573581
 -0.1782831862574962 -0.7676128773843511
 -0.3308269647312592 -0.7750150353617021
 -0.4663576635831057 -0.7715470655517096
 -0.5420419788801549 -0.7876667143004435
 -0.5718744784706603 -0.8196835642271134
 -0.6080371309587833 -0.8393055276203273
 -0.6669815881954080 -0.8387150265226486
 -0.7128287012283068 -0.8393382179182528
 -0.7249164032301402 -0.8546915783904330
 -0.7500787259543902 -0.8575748434200658
 -0.7648539580730395 -0.8559716615525130
 -0.7747003174227139 -0.8507174920944020
 -0.7872641168161792 -0.8441619422138389
 -0.7961209013146460 -0.8348325308280921
 -0.7933838567750301 -0.8202139699925169
 -0.7861780408556257 -0.8014391176729164
 -0.7834794562627430 -0.7805588668660851
 -0.7776951570377800 -0.7560871591010935
 -0.7581774473068575 -0.7257905846531814
 -0.7327649267523462 -0.6907084633466898
 -0.7142952022518182 -0.6516203329559132
 -0.6944945809584938 -0.6054395137766185
 -0.6564206855841912 -0.5507122864385562
 -0.6069447815455711 -0.4908588011910189
 -0.5680142541039092 -0.4219170903090666
 -0.5369206186220193 -0.3214832994187228
 -0.4866489598993733 -0.1658954120754552
 -0.4090240675876098 3.588345366867852E-02
 -0.3226031413292610 0.2350619785437492
 -0.2282395633285617 0.3762473028253179
 -9.862729481083178E-02 0.4355982223726511
 6.048032158356387E-02 0.4306166464028668
 0.1740407159135748 0.4049813987044146
 0.1666386424372105 0.3997070183144842
 5.469967128073188E-02 0.4130429220957123
 -6.647077887261744E-02 0.3791867945685467
 -0.1190939436746550 0.2198566175680703
 -9.283361028854448E-02 -4.734048266409298E-02
 -1.109318411733657E-02 -0.2698099495589465
 0.1030356943812178 -0.2829314197497564
 0.2193642966199082 -8.924867801233957E-02
 0.3042741926319428 0.1240915468966148
 0.3541478375038857 0.1779556736585337
 0.3945100335864621 8.805140358055728E-02
 0.4261786325322129 2.654697320799414E-02
 0.4038346125725107 0.1170279791844865
 0.2964254981949762 0.3161767204213100
 0.1453510451020897 0.4996849315572426
 3.211851736259968E-02 0.6084198745814778
 4.394520206280851E-03 0.6728531119298341
 5.969615026483859E-02 0.7287524877573581
 0.1782831862574962 0.7676128773843511
 0.3308269647312592 0.7750150353617021
 0.4663576635831057 0.7715470655517096
 0.5420419788801549 0.7876667143004435
 0.5718744784706603 0.8196835642271134
 0.6080371309587833 0.8393055276203273
 0.6669815881954080 0.8387150265226486
 0.7128287012283068 0.8393382179182528
 0.7249164032301402 0.8546915783904330
   
   
 #BODY NUMBER  5
 0.3777264176716638 -1.055141810012562
 0.3676422370710443 -1.078374653224801
 0.3588662247875322 -1.090368788652587
 0.3493928008861825 -1.096268901255140
 0.3374336284571063 -1.103871695757651
 0.3249257289454602 -1.106877190436294
 0.3136342061648918 -1.097197559915909
 0.3009776150635189 -1.081569714114911
 0.2842440797238535 -1.068792545899797
 0.2659431087378634 -1.051547341945393
 0.2494643604837865 -1.019496222270768
 0.2317886124909730 -0.9799472732431209
 0.2071721608363860 -0.9444079574293754
 0.1770787089062033 -0.9041697067889936
 0.1487204874399066 -0.8438331325047858
 0.1216238007298123 -0.7710590001083709
 8.138379144651009E-02 -0.7028733189201883
 9.952394878043353E-03 -0.6257285452516864
 -9.965483872105479E-02 -0.5043980680358597
 -0.2355880162464025 -0.3362835064557742
 -0.3648712155473500 -0.1618515264599272
 -0.4399595040163827 -9.537608578542738E-03
 -0.4265527738234748 0.1323853683736080
 -0.3426847942855619 0.2676858181218520
 -0.2637038213813901 0.3532143806261938
 -0.2628371107126701 0.3441668067600180
 -0.3303558277478778 0.2538927659556281
 -0.3616207863122613 0.1320280141712487
 -0.2499483878413965 6.789928124910832E-03
 -5.418744529750804E-03 -0.1040665061669504
 0.2281156784531775 -0.1445119540339446
 0.2965436442226961 -5.223418104417379E-02
 0.1869737707228179 0.1453507145499758
 4.467066430859514E-02 0.3255549539835700
 2.295978461607958E-02 0.3956788608029552
 0.1210002644535925 0.3856814129240068
 0.1900989630743986 0.3823550089270067
 0.1005681033589337 0.4082450230074841
 -0.1256043228726164 0.4148003719769628
 -0.3600643220658156 0.3757201633036489
 -0.5108478088736019 0.3320253892586419
 -0.5805106278435103 0.3402323221010008
 -0.6012700923365608 0.4160746265161625
 -0.5756306589581699 0.5382042070588005
 -0.5057692265724995 0.6740120733950199
 -0.4350005271915651 0.7896511166883815
 -0.4111183948595266 0.8632554807780243
 -0.4239295504499234 0.9050996082451264
 -0.4228413429765137 0.9462283656646755
 -0.3928577254066489 0.9969805124950387
 -0.3704738684702127 1.036996872769508
 -0.3777264176716638 1.055141810012562
 -0.3676422370710443 1.078374653224801
 -0.3588662247875322 1.090368788652587
 -0.3493928008861825 1.096268901255140
 -0.3374336284571063 1.103871695757651
 -0.3249257289454602 1.106877190436294
 -0.3136342061648918 1.097197559915909
 -0.3009776150635189 1.081569714114911
 -0.2842440797238535 1.068792545899797
 -0.2659431087378634 1.051547341945393
 -0.2494643604837865 1.019496222270768
 -0.2317886124909730 0.9799472732431209
 -0.2071721608363860 0.9444079574293754
 -0.1770787089062033 0.9041697067889936
 -0.1487204874399066 0.8438331325047858
 -0.1216238007298123 0.7710590001083709
 -8.138379144651009E-02 0.7028733189201883
 -9.952394878043353E-03 0.6257285452516864
 9.965483872105479E-02 0.5043980680358597
 0.2355880162464025 0.3362835064557742
 0.3648712155473500 0.1618515264599272
 0.4399595040163827 9.537608578542738E-03
 0.4265527738234748 -0.1323853683736080
 0.3426847942855619 -0.2676858181218520
 0.2637038213813901 -0.3532143806261938
 0.2628371107126701 -0.3441668067600180
 0.3303558277478778 -0.2538927659556281
 0.3616207863122613 -0.1320280141712487
 0.2499483878413965 -6.789928124910832E-03
 5.418744529750804E-03 0.1040665061669504
 -0.2281156784531775 0.1445119540339446
 -0.2965436442226961 5.223418104417379E-02
 -0.1869737707228179 -0.1453507145499758
 -4.467066430859514E-02 -0.3255549539835700
 -2.295978461607958E-02 -0.3956788608029552
 -0.1210002644535925 -0.3856814129240068
 -0.1900989630743986 -0.3823550089270067
 -0.1005681033589337 -0.4082450230074841
 0.1256043228726164 -0.4148003719769628
 0.3600643220658156 -0.3757201633036489
 0.5108478088736019 -0.3320253892586419
 0.5805106278435103 -0.3402323221010008
 0.6012700923365608 -0.4160746265161625
 0.5756306589581699 -0.5382042070588005
 0.5057692265724995 -0.6740120733950199
 0.4350005271915651 -0.7896511166883815
 0.4111183948595266 -0.8632554807780243
 0.4239295504499234 -0.9050996082451264
 0.4228413429765137 -0.9462283656646755
 0.3928577254066489 -0.9969805124950387
 0.3704738684702127 -1.036996872769508
 0.3777264176716638 -1.055141810012562
   
   
 #BODY NUMBER  6
 -1.102642820901804 0.2004502316221286
 -1.117720963025434 0.2207998098047351
 -1.123720182860572 0.2343971271000738
 -1.124093118308896 0.2455514091607376
 -1.124697745273285 0.2597097535438116
 -1.121046630260107 0.2720446596082018
 -1.107018062939921 0.2769835899233924
 -1.087155655919144 0.2801305964419938
 -1.067723535986597 0.2882336790337121
 -1.043638265775644 0.2954601828442994
 -1.007641807790644 0.2937056376175856
 -0.9645535392433194 0.2892388098964305
 -0.9214673630882045 0.2927876244734615
 -0.8715732898646970 0.2987301930123747
 -0.8051411730240977 0.2931208460662289
 -0.7285685822753831 0.2802001989173514
 -0.6493980455504197 0.2809562286111217
 -0.5468730135000628 0.3042452458329636
 -0.3869941211783186 0.3385026559604044
 -0.1734360513412074 0.3721669601244524
 4.226807421808886E-02 0.3969135050036763
 0.2117199406878210 0.3857849114038605
 0.3279254790126430 0.3032128539990430
 0.4031651158691256 0.1629308282810148
 0.4377445372949648 5.176701807822098E-02
 0.4294757531498806 5.554021155446617E-02
 0.3850554990286096 0.1591501561400843
 0.2951500074396438 0.2471587803972979
 0.1308544441667415 0.2130666894431594
 -8.741486575879351E-02 5.672602350285731E-02
 -0.2392088625705141 -0.1252979955250018
 -0.1935079498414782 -0.2306972387055823
 3.239052589709027E-02 -0.2345993925623153
 0.2596035283233479 -0.2014634070869550
 0.3311880528878062 -0.2177231871444216
 0.2735097691328696 -0.2976300093434496
 0.2360796694578143 -0.3558080357190124
 0.3032665092135772 -0.2912170438229977
 0.4220298210675926 -9.862365155565274E-02
 0.5054153671679055 0.1239647682535938
 0.5429663262362018 0.2763944853228361
 0.5849051480497914 0.3326207898288338
 0.6609662426013995 0.3126778612411956
 0.7539138452156657 0.2294086703255513
 0.8365961913037585 0.1010029619666822
 0.9013581907746706 -1.810405113667178E-02
 0.9531603737396810 -7.558876647758046E-02
 0.9958040289205841 -8.541604401801230E-02
 1.030878473935297 -0.1069228380443483
 1.059839313602057 -0.1582654859723902
 1.083302569698520 -0.1976586548512550
 1.102642820901804 -0.2004502316221286
 1.117720963025434 -0.2207998098047351
 1.123720182860572 -0.2343971271000738
 1.124093118308896 -0.2455514091607376
 1.124697745273285 -0.2597097535438116
 1.121046630260107 -0.2720446596082018
 1.107018062939921 -0.2769835899233924
 1.087155655919144 -0.2801305964419938
 1.067723535986597 -0.2882336790337121
 1.043638265775644 -0.2954601828442994
 1.007641807790644 -0.2937056376175856
 0.9645535392433194 -0.2892388098964305
 0.9214673630882045 -0.2927876244734615
 0.8715732898646970 -0.2987301930123747
 0.8051411730240977 -0.2931208460662289
 0.7285685822753831 -0.2802001989173514
 0.6493980455504197 -0.2809562286111217
 0.5468730135000628 -0.3042452458329636
 0.3869941211783186 -0.3385026559604044
 0.1734360513412074 -0.3721669601244524
 -4.226807421808886E-02 -0.3969135050036763
 -0.2117199406878210 -0.3857849114038605
 -0.3279254790126430 -0.3032128539990430
 -0.4031651158691256 -0.1629308282810148
 -0.4377445372949648 -5.176701807822098E-02
 -0.4294757531498806 -5.554021155446617E-02
 -0.3850554990286096 -0.1591501561400843
 -0.2951500074396438 -0.2471587803972979
 -0.1308544441667415 -0.2130666894431594
 8.741486575879351E-02 -5.672602350285731E-02
 0.2392088625705141 0.1252979955250018
 0.1935079498414782 0.2306972387055823
 -3.239052589709027E-02 0.2345993925623153
 -0.2596035283233479 0.2014634070869550
 -0.3311880528878062 0.2177231871444216
 -0.2735097691328696 0.2976300093434496
 -0.2360796694578143 0.3558080357190124
 -0.3032665092135772 0.2912170438229977
 -0.4220298210675926 9.862365155565274E-02
 -0.5054153671679055 -0.1239647682535938
 -0.5429663262362018 -0.2763944853228361
 -0.5849051480497914 -0.3326207898288338
 -0.6609662426013995 -0.3126778612411956
 -0.7539138452156657 -0.2294086703255513
 -0.8365961913037585 -0.1010029619666822
 -0.9013581907746706 1.810405113667178E-02
 -0.9531603737396810 7.558876647758046E-02
 -0.9958040289205841 8.541604401801230E-02
 -1.030878473935297 0.1069228380443483
 -1.059839313602057 0.1582654859723902
 -1.083302569698520 0.1976586548512550
 -1.102642820901804 0.2004502316221286
   
   
