 # action(x) =  27.31528738734330
 # |grad_action(x)| =  2.228296302498643E-13
 # PRINTSTEPS = 50
 #
 #BODY NUMBER  1
 0.4710064174006610 -2.533522845470445
 0.3909868660305861 -2.606491248885622
 0.3117108324708858 -2.663502309449497
 0.2346737676177287 -2.703183039346210
 0.1610717878627985 -2.734191296780980
 9.059157573016385E-02 -2.761265011424119
 2.219950421909345E-02 -2.782649956423586
 -4.434566293013953E-02 -2.798088956685061
 -0.1086975209864729 -2.811057898598821
 -0.1711415503187381 -2.822878693861770
 -0.2324561444910171 -2.831178545792368
 -0.2927518197083583 -2.835354857918530
 -0.3515426164748747 -2.838204260449253
 -0.4089162967187210 -2.840801581666890
 -0.4655717875324914 -2.840708972952019
 -0.5216500422353962 -2.836940076215765
 -0.5765930594110986 -2.832081032259665
 -0.6303265435531546 -2.827475756072257
 -0.6835245446279445 -2.820712767171449
 -0.7364238151828353 -2.810309796835139
 -0.7884319146556760 -2.798696820053324
 -0.8393152247462811 -2.787688494997157
 -0.8897314778331535 -2.774980842257903
 -0.9400493313917210 -2.758492118969660
 -0.9896674929203816 -2.740441640588943
 -1.038181436030701 -2.723244930149426
 -1.086225523447882 -2.704809901813255
 -1.134330334316486 -2.682346918595699
 -1.181907121452763 -2.657750860440101
 -1.228357365493779 -2.634158635382720
 -1.274278516196540 -2.609829056322973
 -1.320398606607003 -2.581125870563283
 -1.366159664544893 -2.549441686859766
 -1.410727385548626 -2.518783112610710
 -1.454646139868093 -2.487954383201371
 -1.498896257365104 -2.452254000247214
 -1.542959561333769 -2.412283138082936
 -1.585680401548143 -2.373146949452178
 -1.627535159899982 -2.334493203862470
 -1.669859000577189 -2.290126487514338
 -1.712137755935502 -2.239301550121356
 -1.752670378557646 -2.188647609269425
 -1.791855353486232 -2.139169025134704
 -1.831590646908495 -2.082053201762226
 -1.870999821187800 -2.013744226570579
 -1.906843723348766 -1.943322648009687
 -1.939183382981437 -1.873976513830114
 -1.969978892230491 -1.789090029089583
 -1.990450126602275 -1.675610981888011
 -1.975756113815608 -1.555498449148458
 -1.904646191445207 -1.469791101123745
 -1.788312650534204 -1.425947234944974
 -1.695501030721564 -1.438932528107519
 -1.613803911557995 -1.456589367987864
 -1.545535184383382 -1.478712198355603
 -1.485389401836601 -1.501352745147009
 -1.428370702710236 -1.521676325503094
 -1.373819685003370 -1.539913565521138
 -1.322503588368568 -1.557003484646360
 -1.273376793287771 -1.572496699641805
 -1.224701756259922 -1.585494920815608
 -1.176321026805369 -1.596160843095730
 -1.129004723491013 -1.605168674144759
 -1.082517528788486 -1.612430511314730
 -1.035849824077472 -1.617365910998606
 -0.9888158793774831 -1.619979227821750
 -0.9420466143023055 -1.620761148590233
 -0.8956070578746445 -1.619753845919165
 -0.8488129150452756 -1.616522353723231
 -0.8014123299915822 -1.610969842811815
 -0.7538971278420192 -1.603459833678706
 -0.7064825174064566 -1.594101945808961
 -0.6586893740808641 -1.582556864116252
 -0.6102132177345191 -1.568661088365279
 -0.5614193450768603 -1.552678749343452
 -0.5126086147646950 -1.534757455639824
 -0.4634607149174585 -1.514631775671428
 -0.4136410155789335 -1.492093551226819
 -0.3634025034049950 -1.467323619155018
 -0.3130992514192646 -1.440490378102874
 -0.2625535002417521 -1.411391405743624
 -0.2114290456145967 -1.379791101447426
 -0.1598858619818984 -1.345799794381425
 -0.1083193386941091 -1.309597200057083
 -5.669998310477731E-02 -1.271039883771277
 -4.731128340825341E-03 -1.229881841726012
 4.748816589456628E-02 -1.186177278979232
 9.951142582150108E-02 -1.140115009437861
 0.1511898001489799 -1.091612650665323
 0.2027209691537211 -1.040433732945985
 0.2540222143038248 -0.9865965642064718
 0.3045746304780704 -0.9303070672942144
 0.3540119701665897 -0.8715563663509061
 0.4023809899132167 -0.8101502585220131
 0.4496066651499849 -0.7461139123123195
 0.4951294402217756 -0.6797089981229549
 0.5383807322422467 -0.6110436257344638
 0.5792860776961986 -0.5400340533225196
 0.6179175074727891 -0.4668025945027201
 0.6538536031119722 -0.3917413716917696
 0.6863554377641577 -0.3151014517298116
 0.7153292490519519 -0.2369447016054312
 0.7420171899947583 -0.1577151399810788
 0.7650455738557623 -7.776411246330538E-02
 0.7837868001771610 3.037406729771618E-03
 0.7986228590868759 8.418485882220944E-02
 0.8117159425418449 0.1647260298572769
 0.8222827792386603 0.2446778385457135
 0.8283211642602614 0.3244526060233462
 0.8308259802509811 0.4035453542169939
 0.8322622392422601 0.4810184506309919
 0.8322066110188840 0.5568700482040856
 0.8284575905244601 0.6316950619345281
 0.8215447030000774 0.7052601951927383
 0.8140815880306994 0.7766755815370331
 0.8061011286712186 0.8458626519145886
 0.7951788272002827 0.9135578845604310
 0.7812171516726146 0.9798076416564664
 0.7668863473464999 1.043767071397651
 0.7527646356810916 1.105215626762741
 0.7363018282913288 1.164956508708036
 0.7167136275455480 1.223300025619392
 0.6966546170973473 1.279446323049187
 0.6773473597470701 1.332974109858730
 0.6562425806466834 1.384679208179137
 0.6318128341965407 1.435131476217311
 0.6065989007326176 1.483599828915996
 0.5825599811596087 1.529419414094509
 0.5572829521132722 1.573311004168081
 0.5284176639502678 1.616118107082800
 0.4982571915174916 1.657230438238885
 0.4695986788083252 1.695706496861153
 0.4403206485201649 1.732119935576854
 0.4071300342842076 1.767620641886698
 0.3718895807333847 1.801805914672945
 0.3383735086882522 1.833425422839829
 0.3049500352280376 1.862812020168669
 0.2671784417939314 1.891482948497972
 0.2262192902163848 1.919394356735132
 0.1870563408435377 1.944951236298175
 0.1488304273673723 1.968100751967132
 0.1055391112098640 1.990857256163972
 5.716161566766291E-02 2.013861652100037
 1.036311792039042E-02 2.035157719716009
 -3.447994646633404E-02 2.054050492498878
 -8.600414869252433E-02 2.073447771438000
 -0.1465150417381993 2.095750875977045
 -0.2063764420526385 2.119031795307028
 -0.2631204746346964 2.141752481424494
 -0.3322643341755125 2.170794116861642
 -0.4204460353378076 2.220248780328266
 -0.4960061023658768 2.300290440008439
 -0.5130192167310789 2.408821684387143
 -0.4710064174006610 2.533522845470445
 -0.3909868660305861 2.606491248885622
 -0.3117108324708858 2.663502309449497
 -0.2346737676177287 2.703183039346210
 -0.1610717878627985 2.734191296780980
 -9.059157573016385E-02 2.761265011424119
 -2.219950421909345E-02 2.782649956423586
 4.434566293013953E-02 2.798088956685061
 0.1086975209864729 2.811057898598821
 0.1711415503187381 2.822878693861770
 0.2324561444910171 2.831178545792368
 0.2927518197083583 2.835354857918530
 0.3515426164748747 2.838204260449253
 0.4089162967187210 2.840801581666890
 0.4655717875324914 2.840708972952019
 0.5216500422353962 2.836940076215765
 0.5765930594110986 2.832081032259665
 0.6303265435531546 2.827475756072257
 0.6835245446279445 2.820712767171449
 0.7364238151828353 2.810309796835139
 0.7884319146556760 2.798696820053324
 0.8393152247462811 2.787688494997157
 0.8897314778331535 2.774980842257903
 0.9400493313917210 2.758492118969660
 0.9896674929203816 2.740441640588943
 1.038181436030701 2.723244930149426
 1.086225523447882 2.704809901813255
 1.134330334316486 2.682346918595699
 1.181907121452763 2.657750860440101
 1.228357365493779 2.634158635382720
 1.274278516196540 2.609829056322973
 1.320398606607003 2.581125870563283
 1.366159664544893 2.549441686859766
 1.410727385548626 2.518783112610710
 1.454646139868093 2.487954383201371
 1.498896257365104 2.452254000247214
 1.542959561333769 2.412283138082936
 1.585680401548143 2.373146949452178
 1.627535159899982 2.334493203862470
 1.669859000577189 2.290126487514338
 1.712137755935502 2.239301550121356
 1.752670378557646 2.188647609269425
 1.791855353486232 2.139169025134704
 1.831590646908495 2.082053201762226
 1.870999821187800 2.013744226570579
 1.906843723348766 1.943322648009687
 1.939183382981437 1.873976513830114
 1.969978892230491 1.789090029089583
 1.990450126602275 1.675610981888011
 1.975756113815608 1.555498449148458
 1.904646191445207 1.469791101123745
 1.788312650534204 1.425947234944974
 1.695501030721564 1.438932528107519
 1.613803911557995 1.456589367987864
 1.545535184383382 1.478712198355603
 1.485389401836601 1.501352745147009
 1.428370702710236 1.521676325503094
 1.373819685003370 1.539913565521138
 1.322503588368568 1.557003484646360
 1.273376793287771 1.572496699641805
 1.224701756259922 1.585494920815608
 1.176321026805369 1.596160843095730
 1.129004723491013 1.605168674144759
 1.082517528788486 1.612430511314730
 1.035849824077472 1.617365910998606
 0.9888158793774831 1.619979227821750
 0.9420466143023055 1.620761148590233
 0.8956070578746445 1.619753845919165
 0.8488129150452756 1.616522353723231
 0.8014123299915822 1.610969842811815
 0.7538971278420192 1.603459833678706
 0.7064825174064566 1.594101945808961
 0.6586893740808641 1.582556864116252
 0.6102132177345191 1.568661088365279
 0.5614193450768603 1.552678749343452
 0.5126086147646950 1.534757455639824
 0.4634607149174585 1.514631775671428
 0.4136410155789335 1.492093551226819
 0.3634025034049950 1.467323619155018
 0.3130992514192646 1.440490378102874
 0.2625535002417521 1.411391405743624
 0.2114290456145967 1.379791101447426
 0.1598858619818984 1.345799794381425
 0.1083193386941091 1.309597200057083
 5.669998310477731E-02 1.271039883771277
 4.731128340825341E-03 1.229881841726012
 -4.748816589456628E-02 1.186177278979232
 -9.951142582150108E-02 1.140115009437861
 -0.1511898001489799 1.091612650665323
 -0.2027209691537211 1.040433732945985
 -0.2540222143038248 0.9865965642064718
 -0.3045746304780704 0.9303070672942144
 -0.3540119701665897 0.8715563663509061
 -0.4023809899132167 0.8101502585220131
 -0.4496066651499849 0.7461139123123195
 -0.4951294402217756 0.6797089981229549
 -0.5383807322422467 0.6110436257344638
 -0.5792860776961986 0.5400340533225196
 -0.6179175074727891 0.4668025945027201
 -0.6538536031119722 0.3917413716917696
 -0.6863554377641577 0.3151014517298116
 -0.7153292490519519 0.2369447016054312
 -0.7420171899947583 0.1577151399810788
 -0.7650455738557623 7.776411246330538E-02
 -0.7837868001771610 -3.037406729771618E-03
 -0.7986228590868759 -8.418485882220944E-02
 -0.8117159425418449 -0.1647260298572769
 -0.8222827792386603 -0.2446778385457135
 -0.8283211642602614 -0.3244526060233462
 -0.8308259802509811 -0.4035453542169939
 -0.8322622392422601 -0.4810184506309919
 -0.8322066110188840 -0.5568700482040856
 -0.8284575905244601 -0.6316950619345281
 -0.8215447030000774 -0.7052601951927383
 -0.8140815880306994 -0.7766755815370331
 -0.8061011286712186 -0.8458626519145886
 -0.7951788272002827 -0.9135578845604310
 -0.7812171516726146 -0.9798076416564664
 -0.7668863473464999 -1.043767071397651
 -0.7527646356810916 -1.105215626762741
 -0.7363018282913288 -1.164956508708036
 -0.7167136275455480 -1.223300025619392
 -0.6966546170973473 -1.279446323049187
 -0.6773473597470701 -1.332974109858730
 -0.6562425806466834 -1.384679208179137
 -0.6318128341965407 -1.435131476217311
 -0.6065989007326176 -1.483599828915996
 -0.5825599811596087 -1.529419414094509
 -0.5572829521132722 -1.573311004168081
 -0.5284176639502678 -1.616118107082800
 -0.4982571915174916 -1.657230438238885
 -0.4695986788083252 -1.695706496861153
 -0.4403206485201649 -1.732119935576854
 -0.4071300342842076 -1.767620641886698
 -0.3718895807333847 -1.801805914672945
 -0.3383735086882522 -1.833425422839829
 -0.3049500352280376 -1.862812020168669
 -0.2671784417939314 -1.891482948497972
 -0.2262192902163848 -1.919394356735132
 -0.1870563408435377 -1.944951236298175
 -0.1488304273673723 -1.968100751967132
 -0.1055391112098640 -1.990857256163972
 -5.716161566766291E-02 -2.013861652100037
 -1.036311792039042E-02 -2.035157719716009
 3.447994646633404E-02 -2.054050492498878
 8.600414869252433E-02 -2.073447771438000
 0.1465150417381993 -2.095750875977045
 0.2063764420526385 -2.119031795307028
 0.2631204746346964 -2.141752481424494
 0.3322643341755125 -2.170794116861642
 0.4204460353378076 -2.220248780328266
 0.4960061023658768 -2.300290440008439
 0.5130192167310789 -2.408821684387143
 0.4710064174006610 -2.533522845470445
   
   
 #BODY NUMBER  2
 0.3407502046514231 -2.261697802744191
 0.3984016083120954 -2.187813228801334
 0.4545414397808125 -2.125889868129851
 0.5078347364701953 -2.077828831296477
 0.5575149164205132 -2.037061329076173
 0.6036250028679195 -1.997843477320041
 0.6466944248718931 -1.959719530192622
 0.6871527773003576 -1.923823446446438
 0.7251336926131064 -1.889025001397678
 0.7607280008675522 -1.853370293388314
 0.7941553252442052 -1.816804313767111
 0.8256144874228407 -1.780331108608223
 0.8551470202414453 -1.743702935630147
 0.8827550541010181 -1.705755217656036
 0.9085352252079926 -1.666329285117224
 0.9325970209948341 -1.626216873830034
 0.9549444495062205 -1.585495386887665
 0.9755429665870950 -1.543354724351147
 0.9944346436098649 -1.499528358084695
 1.011688385992720 -1.454623981390666
 1.027291522589536 -1.408882780308054
 1.041189760217680 -1.361720163215026
 1.053393743585219 -1.312790692465778
 1.063949568309250 -1.262542789684309
 1.072834637849309 -1.211310810404889
 1.079979237651861 -1.158684640610331
 1.085370412395896 -1.104270403151961
 1.089038278058670 -1.048377609325095
 1.090951635634508 -0.9913970946864112
 1.091024061936133 -0.9330737039336932
 1.089219622961884 -0.8729984753238524
 1.085553879351239 -0.8113651153730093
 1.079984774627351 -0.7486058990587707
 1.072402837016758 -0.6846235676485241
 1.062743354417506 -0.6190381981947254
 1.051003739935199 -0.5519626814457919
 1.037124274319873 -0.4838780819906999
 1.020959186643127 -0.4148721176105523
 1.002402528262358 -0.3446553573060683
 0.9814287950411620 -0.2733085913905488
 0.9579568688360243 -0.2013841663048401
 0.9317959391732363 -0.1291948237674075
 0.9028011997192020 -5.660296999623088E-02
 0.8709569347544562 1.631383757453086E-02
 0.8362099796662361 8.894017433214885E-02
 0.7983696688277198 0.1607295781626215
 0.7573262479340814 0.2316594326822943
 0.7132216591282362 0.3017309616632360
 0.6661847811544208 0.3703831448050710
 0.6160635808494518 0.4368505192644441
 0.5628647554084029 0.5010209509463204
 0.5075939127824122 0.5637481665896656
 0.4498684838238537 0.6236668457802814
 0.3892629286989724 0.6802979834692247
 0.3264052031893981 0.7337201134232992
 0.2632010447499668 0.7853296418267057
 0.1992441656956750 0.8344566951880080
 0.1331763829898489 0.8795734737533623
 6.593246179438411E-02 0.9212890821299549
 -4.430783143397621E-04 0.9612694671098152
 -6.616030284196100E-02 0.9991470904417511
 -0.1328351758182556 1.033312850319493
 -0.2000008938148445 1.064108680738978
 -0.2655799900947730 1.093353126756280
 -0.3294879803348984 1.121035381405878
 -0.3935749222567635 1.145424007187177
 -0.4579297326603125 1.166457720048838
 -0.5204856257908019 1.186026594316351
 -0.5807624915955283 1.204521110951734
 -0.6407310166995221 1.220134342507236
 -0.7010520848637738 1.232342221502639
 -0.7597057099905141 1.243043757594617
 -0.8157157618510742 1.253087075656645
 -0.8710460800519118 1.260662349974654
 -0.9269538990765838 1.264731702959905
 -0.9815356905251907 1.267129972400160
 -1.033236075067152 1.269221449959659
 -1.083885821606527 1.269276695710121
 -1.135390504274591 1.265682174330761
 -1.186075063680946 1.260118604591878
 -1.233725564239914 1.254537633862195
 -1.279899542350938 1.247388835217729
 -1.327239362985533 1.236395273277102
 -1.374464904429135 1.222968781654328
 -1.418606237779392 1.209752765911615
 -1.460767514327059 1.195500487476775
 -1.504483063327370 1.177124792186072
 -1.549134627704923 1.155608830521040
 -1.590849009334401 1.134471161258552
 -1.630010034727106 1.112941306939805
 -1.671363403541651 1.086828179482559
 -1.715474542592099 1.056434237339577
 -1.757316727021879 1.026553583239477
 -1.796099880393133 0.9971647366884664
 -1.838660517831800 0.9622421081204194
 -1.888231019468711 0.9209896898067048
 -1.938323587189152 0.8807886560932822
 -1.986372294849319 0.8430072254227809
 -2.046095018675744 0.7976477042633054
 -2.133014864154598 0.7460074426411420
 -2.240113008312731 0.7205913349232652
 -2.342610380231627 0.7601231678748626
 -2.429598353945973 0.8588578999207535
 -2.452781069292070 0.9646410659142606
 -2.462516079257228 1.061801655170166
 -2.458362066961912 1.148358075314346
 -2.448415015750045 1.227603388268329
 -2.436621434339497 1.302177899760876
 -2.420945304212033 1.372099643606638
 -2.401043287072889 1.437448948987693
 -2.380098791202243 1.499663763802088
 -2.359113885526759 1.559652277149965
 -2.335644471060167 1.616902199291191
 -2.309113425846886 1.671207941830825
 -2.282185682440841 1.723546966604718
 -2.255748188475180 1.774532691813313
 -2.227340241568605 1.823551481764478
 -2.196037153899316 1.870232226568961
 -2.164357589807377 1.915384753225634
 -2.133502561566610 1.959616677432799
 -2.101046640835603 2.002306003343715
 -2.065587768972097 2.042916630317761
 -2.029526586329066 2.082150477272882
 -1.994551442132007 2.120712553911904
 -1.958338165493905 2.158020483479134
 -1.918899585471031 2.193352661280637
 -1.878458331878538 2.227298010463178
 -1.839308572221231 2.260713962414709
 -1.799321325654031 2.293103848451543
 -1.755815406108542 2.323532345099222
 -1.710726201344696 2.352437022311883
 -1.667069613092697 2.380868001134699
 -1.623039004212193 2.408472094684431
 -1.575121270969527 2.434061671724881
 -1.524801434015163 2.457849818551388
 -1.475966469369802 2.481117310004869
 -1.427308629375185 2.503737702243425
 -1.374266132063546 2.524209236639205
 -1.317618698033783 2.542383746168605
 -1.262365344365060 2.559812984749890
 -1.207962839557033 2.576733395956988
 -1.148378215778448 2.591203558995108
 -1.083223151171216 2.602405566479304
 -1.019089240280577 2.612180876926123
 -0.9566470420123293 2.621376768593575
 -0.8873156413025676 2.627230630437843
 -0.8084537463404676 2.627205488910066
 -0.7295449192516503 2.623036429471782
 -0.6533195755815608 2.616370329173630
 -0.5644079687337734 2.600596780135524
 -0.4558966138740669 2.561585865547528
 -0.3592231156020578 2.488804210820964
 -0.3205533361068624 2.384367537574701
 -0.3407502046514231 2.261697802744191
 -0.3984016083120954 2.187813228801334
 -0.4545414397808125 2.125889868129851
 -0.5078347364701953 2.077828831296477
 -0.5575149164205132 2.037061329076173
 -0.6036250028679195 1.997843477320041
 -0.6466944248718931 1.959719530192622
 -0.6871527773003576 1.923823446446438
 -0.7251336926131064 1.889025001397678
 -0.7607280008675522 1.853370293388314
 -0.7941553252442052 1.816804313767111
 -0.8256144874228407 1.780331108608223
 -0.8551470202414453 1.743702935630147
 -0.8827550541010181 1.705755217656036
 -0.9085352252079926 1.666329285117224
 -0.9325970209948341 1.626216873830034
 -0.9549444495062205 1.585495386887665
 -0.9755429665870950 1.543354724351147
 -0.9944346436098649 1.499528358084695
 -1.011688385992720 1.454623981390666
 -1.027291522589536 1.408882780308054
 -1.041189760217680 1.361720163215026
 -1.053393743585219 1.312790692465778
 -1.063949568309250 1.262542789684309
 -1.072834637849309 1.211310810404889
 -1.079979237651861 1.158684640610331
 -1.085370412395896 1.104270403151961
 -1.089038278058670 1.048377609325095
 -1.090951635634508 0.9913970946864112
 -1.091024061936133 0.9330737039336932
 -1.089219622961884 0.8729984753238524
 -1.085553879351239 0.8113651153730093
 -1.079984774627351 0.7486058990587707
 -1.072402837016758 0.6846235676485241
 -1.062743354417506 0.6190381981947254
 -1.051003739935199 0.5519626814457919
 -1.037124274319873 0.4838780819906999
 -1.020959186643127 0.4148721176105523
 -1.002402528262358 0.3446553573060683
 -0.9814287950411620 0.2733085913905488
 -0.9579568688360243 0.2013841663048401
 -0.9317959391732363 0.1291948237674075
 -0.9028011997192020 5.660296999623088E-02
 -0.8709569347544562 -1.631383757453086E-02
 -0.8362099796662361 -8.894017433214885E-02
 -0.7983696688277198 -0.1607295781626215
 -0.7573262479340814 -0.2316594326822943
 -0.7132216591282362 -0.3017309616632360
 -0.6661847811544208 -0.3703831448050710
 -0.6160635808494518 -0.4368505192644441
 -0.5628647554084029 -0.5010209509463204
 -0.5075939127824122 -0.5637481665896656
 -0.4498684838238537 -0.6236668457802814
 -0.3892629286989724 -0.6802979834692247
 -0.3264052031893981 -0.7337201134232992
 -0.2632010447499668 -0.7853296418267057
 -0.1992441656956750 -0.8344566951880080
 -0.1331763829898489 -0.8795734737533623
 -6.593246179438411E-02 -0.9212890821299549
 4.430783143397621E-04 -0.9612694671098152
 6.616030284196100E-02 -0.9991470904417511
 0.1328351758182556 -1.033312850319493
 0.2000008938148445 -1.064108680738978
 0.2655799900947730 -1.093353126756280
 0.3294879803348984 -1.121035381405878
 0.3935749222567635 -1.145424007187177
 0.4579297326603125 -1.166457720048838
 0.5204856257908019 -1.186026594316351
 0.5807624915955283 -1.204521110951734
 0.6407310166995221 -1.220134342507236
 0.7010520848637738 -1.232342221502639
 0.7597057099905141 -1.243043757594617
 0.8157157618510742 -1.253087075656645
 0.8710460800519118 -1.260662349974654
 0.9269538990765838 -1.264731702959905
 0.9815356905251907 -1.267129972400160
 1.033236075067152 -1.269221449959659
 1.083885821606527 -1.269276695710121
 1.135390504274591 -1.265682174330761
 1.186075063680946 -1.260118604591878
 1.233725564239914 -1.254537633862195
 1.279899542350938 -1.247388835217729
 1.327239362985533 -1.236395273277102
 1.374464904429135 -1.222968781654328
 1.418606237779392 -1.209752765911615
 1.460767514327059 -1.195500487476775
 1.504483063327370 -1.177124792186072
 1.549134627704923 -1.155608830521040
 1.590849009334401 -1.134471161258552
 1.630010034727106 -1.112941306939805
 1.671363403541651 -1.086828179482559
 1.715474542592099 -1.056434237339577
 1.757316727021879 -1.026553583239477
 1.796099880393133 -0.9971647366884664
 1.838660517831800 -0.9622421081204194
 1.888231019468711 -0.9209896898067048
 1.938323587189152 -0.8807886560932822
 1.986372294849319 -0.8430072254227809
 2.046095018675744 -0.7976477042633054
 2.133014864154598 -0.7460074426411420
 2.240113008312731 -0.7205913349232652
 2.342610380231627 -0.7601231678748626
 2.429598353945973 -0.8588578999207535
 2.452781069292070 -0.9646410659142606
 2.462516079257228 -1.061801655170166
 2.458362066961912 -1.148358075314346
 2.448415015750045 -1.227603388268329
 2.436621434339497 -1.302177899760876
 2.420945304212033 -1.372099643606638
 2.401043287072889 -1.437448948987693
 2.380098791202243 -1.499663763802088
 2.359113885526759 -1.559652277149965
 2.335644471060167 -1.616902199291191
 2.309113425846886 -1.671207941830825
 2.282185682440841 -1.723546966604718
 2.255748188475180 -1.774532691813313
 2.227340241568605 -1.823551481764478
 2.196037153899316 -1.870232226568961
 2.164357589807377 -1.915384753225634
 2.133502561566610 -1.959616677432799
 2.101046640835603 -2.002306003343715
 2.065587768972097 -2.042916630317761
 2.029526586329066 -2.082150477272882
 1.994551442132007 -2.120712553911904
 1.958338165493905 -2.158020483479134
 1.918899585471031 -2.193352661280637
 1.878458331878538 -2.227298010463178
 1.839308572221231 -2.260713962414709
 1.799321325654031 -2.293103848451543
 1.755815406108542 -2.323532345099222
 1.710726201344696 -2.352437022311883
 1.667069613092697 -2.380868001134699
 1.623039004212193 -2.408472094684431
 1.575121270969527 -2.434061671724881
 1.524801434015163 -2.457849818551388
 1.475966469369802 -2.481117310004869
 1.427308629375185 -2.503737702243425
 1.374266132063546 -2.524209236639205
 1.317618698033783 -2.542383746168605
 1.262365344365060 -2.559812984749890
 1.207962839557033 -2.576733395956988
 1.148378215778448 -2.591203558995108
 1.083223151171216 -2.602405566479304
 1.019089240280577 -2.612180876926123
 0.9566470420123293 -2.621376768593575
 0.8873156413025676 -2.627230630437843
 0.8084537463404676 -2.627205488910066
 0.7295449192516503 -2.623036429471782
 0.6533195755815608 -2.616370329173630
 0.5644079687337734 -2.600596780135524
 0.4558966138740669 -2.561585865547528
 0.3592231156020578 -2.488804210820964
 0.3205533361068624 -2.384367537574701
 0.3407502046514231 -2.261697802744191
   
   
 #BODY NUMBER  3
 -0.2344232772123461 0.7214633065707444
 -0.3151770900319086 0.7014309582435867
 -0.3945238714781885 0.6772605767394531
 -0.4722176558974778 0.6495352546010898
 -0.5485148977918781 0.6206036119694289
 -0.6230386135429854 0.5897788566422945
 -0.6951447812704126 0.5551208677300161
 -0.7648935184565970 0.5177437279129609
 -0.8327053175565998 0.4802510164788233
 -0.8983669138608450 0.4422770422376655
 -0.9612927663427158 0.4016177883849646
 -1.021545596814922 0.3588484855462395
 -1.079661578125472 0.3166775452192469
 -1.135589109006117 0.2751727294912895
 -1.188753749457046 0.2318661226267456
 -1.239146884332927 0.1866500783923719
 -1.287371973137302 0.1422595229187001
 -1.333527127276620 9.930548418899277E-02
 -1.377032844990851 5.517783379920049E-02
 -1.417765712409322 9.042195883247173E-03
 -1.456360327087861 -3.640256545457010E-02
 -1.493063121598144 -7.988703420208532E-02
 -1.527288660698595 -0.1240168582044823
 -1.558766733273125 -0.1703997732574057
 -1.588134591257808 -0.2164698565158364
 -1.615796056226761 -0.2601979641348492
 -1.641168773719799 -0.3040343084579602
 -1.663808168224859 -0.3504359327520397
 -1.684332255198438 -0.3971118336470064
 -1.703324243048239 -0.4411688629989579
 -1.720220190871103 -0.4847311003591254
 -1.734369397269740 -0.5312253686095958
 -1.746354485162519 -0.5788371330186176
 -1.756979746467644 -0.6236726569282135
 -1.765717549555097 -0.6673115326918946
 -1.771661505121302 -0.7143581563118992
 -1.775353917921308 -0.7637855262140922
 -1.777905350177939 -0.8104800750396233
 -1.778840462094479 -0.8551594450273267
 -1.776902514751515 -0.9040290766814127
 -1.772636158259762 -0.9574274147604596
 -1.767679844942269 -1.008604136476533
 -1.761619933926799 -1.056885755810412
 -1.752656369139276 -1.111205663317580
 -1.741715977730512 -1.174761186170341
 -1.731947145136514 -1.238243139213746
 -1.723251820214623 -1.298745256001713
 -1.713830684500232 -1.373146412598337
 -1.712568828816790 -1.474241337687124
 -1.744106905946853 -1.579699105085173
 -1.829591163500548 -1.648698516512280
 -1.958591936545312 -1.674664945549692
 -2.061794203261484 -1.641850182971362
 -2.150805246786343 -1.601700654279331
 -2.223688299344183 -1.554824964031864
 -2.287343227887247 -1.506587908512651
 -2.346029858609334 -1.459087111663243
 -2.398745799992940 -1.410550312816948
 -2.445388950003029 -1.360640007697368
 -2.488796312188716 -1.311394134796732
 -2.530255435845497 -1.263226416711805
 -2.568100615551185 -1.214276346501177
 -2.601865245555244 -1.164146916087705
 -2.633728298915716 -1.114657293844535
 -2.664664485193900 -1.066268889853577
 -2.692912029101096 -1.017157491187541
 -2.717687196134713 -0.9667078496468040
 -2.740950649218475 -0.9166962790340307
 -2.763829105119764 -0.8678590786394578
 -2.784571185463548 -0.8184067638277344
 -2.802011584154933 -0.7673931665173777
 -2.817958500984742 -0.7165463427804417
 -2.833866666878288 -0.6669759410852536
 -2.848069643327059 -0.6169603587787691
 -2.858948916862752 -0.5651394576890232
 -2.868125824798919 -0.5131436301257648
 -2.877490008251932 -0.4625309677347167
 -2.885546849101913 -0.4117060533617118
 -2.890145740425028 -0.3588145734964772
 -2.892633322797459 -0.3053138381282179
 -2.895426978586475 -0.2532906342480208
 -2.897317520408734 -0.2013569616385427
 -2.895519877576529 -0.1470641988384018
 -2.890961098560056 -9.159186830837829E-02
 -2.886693854918428 -3.766580260584096E-02
 -2.881954769243277 1.578331904205443E-02
 -2.873162389428650 7.195523639199153E-02
 -2.860578259367552 0.1301006080856690
 -2.848045745913203 0.1866660352977121
 -2.835497999457015 0.2422401920945181
 -2.818237216355637 0.3010770714807706
 -2.795360907106717 0.3631040163579481
 -2.771759618838223 0.4235332676566982
 -2.748502395498562 0.4822077434588711
 -2.718906288211062 0.5451774286756175
 -2.679453567528268 0.6134612623394875
 -2.636388642600417 0.6797137814620947
 -2.592502958562998 0.7423938153435157
 -2.534386860964264 0.8115067510459408
 -2.446346740476342 0.8859748836595169
 -2.334979229417665 0.9333057616725060
 -2.225199527552070 0.9145764364509563
 -2.129062855185627 0.8357505677992165
 -2.093902639033660 0.7488807006938151
 -2.068345351338808 0.6693005001419874
 -2.053369920853577 0.5991166329408737
 -2.042904318257114 0.5357085839291640
 -2.031995705578156 0.4761671518169477
 -2.020514109875263 0.4198059646714848
 -2.009656365668926 0.3668199618000784
 -1.998510485900877 0.3165283017558727
 -1.985429757127475 0.2678753725727065
 -1.970476352049574 0.2206434706713803
 -1.954619210913854 0.1751624344634637
 -1.937664549029931 0.1312724243154161
 -1.918604878178491 8.838930665742985E-02
 -1.897351104585476 4.635005729547455E-02
 -1.874643635297140 5.455725239801164E-03
 -1.850551507380865 -3.425845903150065E-02
 -1.824355881632371 -7.316762937208465E-02
 -1.795846973601447 -0.1114414847271198
 -1.765585513834740 -0.1488358522880397
 -1.733774039995993 -0.1852191655009072
 -1.699879134298544 -0.2208367009012266
 -1.663606961319738 -0.2558703958995012
 -1.625368913386110 -0.2901359596591428
 -1.585443252614004 -0.3234466452349355
 -1.543439952569319 -0.3559471350610976
 -1.499011427974830 -0.3878231480748585
 -1.452440781463666 -0.4189460098299221
 -1.404050887053773 -0.4490932834164632
 -1.353577562177885 -0.4783177018099310
 -1.300648668576481 -0.5067926261235733
 -1.245439741333138 -0.5344346790084162
 -1.188304113321460 -0.5609913009983122
 -1.129102820121535 -0.5864163161227529
 -1.067474482758332 -0.6108436435312870
 -1.003515574040633 -0.6342145975334403
 -0.9376128484983723 -0.6562369274471613
 -0.8697693864941474 -0.6767405330547702
 -0.7996815591086368 -0.6957783756399165
 -0.7274065807373372 -0.7132879728159230
 -0.6533822383579538 -0.7289229009893744
 -0.5777839690066466 -0.7423615425834985
 -0.5004202098059853 -0.7535472885257821
 -0.4213502696044713 -0.7624277498868504
 -0.3410805394444605 -0.7686491724551038
 -0.2599889365854731 -0.7717732038970854
 -0.1780401702378828 -0.7716934860048139
 -9.530415165544724E-02 -0.7685335561659561
 -1.233117804244857E-02 -0.7621245164968407
 7.029185691470603E-02 -0.7519519709942557
 0.1524644936435491 -0.7379656525517516
 0.2344232772123461 -0.7214633065707444
 0.3151770900319086 -0.7014309582435867
 0.3945238714781885 -0.6772605767394531
 0.4722176558974778 -0.6495352546010898
 0.5485148977918781 -0.6206036119694289
 0.6230386135429854 -0.5897788566422945
 0.6951447812704126 -0.5551208677300161
 0.7648935184565970 -0.5177437279129609
 0.8327053175565998 -0.4802510164788233
 0.8983669138608450 -0.4422770422376655
 0.9612927663427158 -0.4016177883849646
 1.021545596814922 -0.3588484855462395
 1.079661578125472 -0.3166775452192469
 1.135589109006117 -0.2751727294912895
 1.188753749457046 -0.2318661226267456
 1.239146884332927 -0.1866500783923719
 1.287371973137302 -0.1422595229187001
 1.333527127276620 -9.930548418899277E-02
 1.377032844990851 -5.517783379920049E-02
 1.417765712409322 -9.042195883247173E-03
 1.456360327087861 3.640256545457010E-02
 1.493063121598144 7.988703420208532E-02
 1.527288660698595 0.1240168582044823
 1.558766733273125 0.1703997732574057
 1.588134591257808 0.2164698565158364
 1.615796056226761 0.2601979641348492
 1.641168773719799 0.3040343084579602
 1.663808168224859 0.3504359327520397
 1.684332255198438 0.3971118336470064
 1.703324243048239 0.4411688629989579
 1.720220190871103 0.4847311003591254
 1.734369397269740 0.5312253686095958
 1.746354485162519 0.5788371330186176
 1.756979746467644 0.6236726569282135
 1.765717549555097 0.6673115326918946
 1.771661505121302 0.7143581563118992
 1.775353917921308 0.7637855262140922
 1.777905350177939 0.8104800750396233
 1.778840462094479 0.8551594450273267
 1.776902514751515 0.9040290766814127
 1.772636158259762 0.9574274147604596
 1.767679844942269 1.008604136476533
 1.761619933926799 1.056885755810412
 1.752656369139276 1.111205663317580
 1.741715977730512 1.174761186170341
 1.731947145136514 1.238243139213746
 1.723251820214623 1.298745256001713
 1.713830684500232 1.373146412598337
 1.712568828816790 1.474241337687124
 1.744106905946853 1.579699105085173
 1.829591163500548 1.648698516512280
 1.958591936545312 1.674664945549692
 2.061794203261484 1.641850182971362
 2.150805246786343 1.601700654279331
 2.223688299344183 1.554824964031864
 2.287343227887247 1.506587908512651
 2.346029858609334 1.459087111663243
 2.398745799992940 1.410550312816948
 2.445388950003029 1.360640007697368
 2.488796312188716 1.311394134796732
 2.530255435845497 1.263226416711805
 2.568100615551185 1.214276346501177
 2.601865245555244 1.164146916087705
 2.633728298915716 1.114657293844535
 2.664664485193900 1.066268889853577
 2.692912029101096 1.017157491187541
 2.717687196134713 0.9667078496468040
 2.740950649218475 0.9166962790340307
 2.763829105119764 0.8678590786394578
 2.784571185463548 0.8184067638277344
 2.802011584154933 0.7673931665173777
 2.817958500984742 0.7165463427804417
 2.833866666878288 0.6669759410852536
 2.848069643327059 0.6169603587787691
 2.858948916862752 0.5651394576890232
 2.868125824798919 0.5131436301257648
 2.877490008251932 0.4625309677347167
 2.885546849101913 0.4117060533617118
 2.890145740425028 0.3588145734964772
 2.892633322797459 0.3053138381282179
 2.895426978586475 0.2532906342480208
 2.897317520408734 0.2013569616385427
 2.895519877576529 0.1470641988384018
 2.890961098560056 9.159186830837829E-02
 2.886693854918428 3.766580260584096E-02
 2.881954769243277 -1.578331904205443E-02
 2.873162389428650 -7.195523639199153E-02
 2.860578259367552 -0.1301006080856690
 2.848045745913203 -0.1866660352977121
 2.835497999457015 -0.2422401920945181
 2.818237216355637 -0.3010770714807706
 2.795360907106717 -0.3631040163579481
 2.771759618838223 -0.4235332676566982
 2.748502395498562 -0.4822077434588711
 2.718906288211062 -0.5451774286756175
 2.679453567528268 -0.6134612623394875
 2.636388642600417 -0.6797137814620947
 2.592502958562998 -0.7423938153435157
 2.534386860964264 -0.8115067510459408
 2.446346740476342 -0.8859748836595169
 2.334979229417665 -0.9333057616725060
 2.225199527552070 -0.9145764364509563
 2.129062855185627 -0.8357505677992165
 2.093902639033660 -0.7488807006938151
 2.068345351338808 -0.6693005001419874
 2.053369920853577 -0.5991166329408737
 2.042904318257114 -0.5357085839291640
 2.031995705578156 -0.4761671518169477
 2.020514109875263 -0.4198059646714848
 2.009656365668926 -0.3668199618000784
 1.998510485900877 -0.3165283017558727
 1.985429757127475 -0.2678753725727065
 1.970476352049574 -0.2206434706713803
 1.954619210913854 -0.1751624344634637
 1.937664549029931 -0.1312724243154161
 1.918604878178491 -8.838930665742985E-02
 1.897351104585476 -4.635005729547455E-02
 1.874643635297140 -5.455725239801164E-03
 1.850551507380865 3.425845903150065E-02
 1.824355881632371 7.316762937208465E-02
 1.795846973601447 0.1114414847271198
 1.765585513834740 0.1488358522880397
 1.733774039995993 0.1852191655009072
 1.699879134298544 0.2208367009012266
 1.663606961319738 0.2558703958995012
 1.625368913386110 0.2901359596591428
 1.585443252614004 0.3234466452349355
 1.543439952569319 0.3559471350610976
 1.499011427974830 0.3878231480748585
 1.452440781463666 0.4189460098299221
 1.404050887053773 0.4490932834164632
 1.353577562177885 0.4783177018099310
 1.300648668576481 0.5067926261235733
 1.245439741333138 0.5344346790084162
 1.188304113321460 0.5609913009983122
 1.129102820121535 0.5864163161227529
 1.067474482758332 0.6108436435312870
 1.003515574040633 0.6342145975334403
 0.9376128484983723 0.6562369274471613
 0.8697693864941474 0.6767405330547702
 0.7996815591086368 0.6957783756399165
 0.7274065807373372 0.7132879728159230
 0.6533822383579538 0.7289229009893744
 0.5777839690066466 0.7423615425834985
 0.5004202098059853 0.7535472885257821
 0.4213502696044713 0.7624277498868504
 0.3410805394444605 0.7686491724551038
 0.2599889365854731 0.7717732038970854
 0.1780401702378828 0.7716934860048139
 9.530415165544724E-02 0.7685335561659561
 1.233117804244857E-02 0.7621245164968407
 -7.029185691470603E-02 0.7519519709942557
 -0.1524644936435491 0.7379656525517516
 -0.2344232772123461 0.7214633065707444
   
   
 #BODY NUMBER  4
 1.787838962243079 2.492258001176656
 1.837765598602189 2.453651262286842
 1.887049361622900 2.414353767255049
 1.935385416254651 2.374071757347129
 1.982804476113239 2.332881674875459
 2.029406579851996 2.290907537033273
 2.075180626614509 2.248142164595393
 2.120062110320464 2.204543404535138
 2.164048976721178 2.160146785195513
 2.207186086342365 2.115014774552531
 2.249477070501067 2.069151561945079
 2.290878847084348 2.022533196355261
 2.331372050485716 1.975177990774144
 2.370979705896469 1.927129622090234
 2.409710486891880 1.878397461464564
 2.447531265982681 1.828965110805545
 2.484412718950403 1.778842586264041
 2.520363367766310 1.728064180363948
 2.555394137667201 1.676642401026291
 2.589479643244444 1.624565346513049
 2.622584280307297 1.571837744855513
 2.654704238992794 1.518487288586603
 2.685850168144082 1.464527803580813
 2.716002672910912 1.409949858327985
 2.745120696252376 1.354753873828986
 2.773186954559209 1.298962016341434
 2.800207704033232 1.242588479681037
 2.826166476868866 1.185625757091237
 2.851015262593890 1.128071748611028
 2.874719746355977 1.069945662103720
 2.897276334622519 1.011264174322265
 2.918668001101336 0.9520249297073079
 2.938838157019827 0.8922291040836717
 2.957732347297162 0.8319004418751331
 2.975333919713186 0.7710662379535864
 2.991626666872139 0.7097388332197004
 3.006550716129393 0.6479346054470013
 3.020036877159570 0.5856951681237348
 3.032063818258199 0.5230711019631403
 3.042633454157961 0.4601004451492503
 3.051705572953732 0.3968240486745023
 3.059217176092953 0.3333074559378166
 3.065164853401360 0.2696238676551079
 3.069600351645173 0.2058274640790456
 3.072532643587032 0.1419672619770083
 3.073914397186432 7.811249835803946E-02
 3.073761987715303 1.433273501889798E-02
 3.072195968636454 -4.933583739992442E-02
 3.069279602492308 -0.1128673927442976
 3.064914190699692 -0.1762025491782113
 3.059087909461644 -0.2392885175841153
 3.052278222925550 -0.3021849585897862
 3.043807124469255 -0.3647260634471907
 3.034416376976984 -0.4270558017331155
 3.023699160397105 -0.4890570579168834
 3.011737032521956 -0.5507182096138308
 2.998687414718052 -0.6120638842424849
 2.984538539165801 -0.6730880577917789
 2.969221647233096 -0.7337559428708001
 2.952766480243191 -0.7940479962765032
 2.935249567313091 -0.8539718343757763
 2.916676352175222 -0.9135285073119835
 2.897004551583170 -0.9726926803898210
 2.876240342249172 -1.031438426006575
 2.854433062063881 -1.089763846118582
 2.831595163478454 -1.147671766681854
 2.807695881584363 -1.205141697494917
 2.782729228513473 -1.262143234964197
 2.756729163448267 -1.318666613071352
 2.729711981184505 -1.374715039388480
 2.701654681810392 -1.430272480375830
 2.672543557825766 -1.485305737884092
 2.642400686736147 -1.539797666208694
 2.611243366521652 -1.593750574581075
 2.579053731829761 -1.647152382323295
 2.545811618737468 -1.699967322494490
 2.511527581982344 -1.752169343921160
 2.476217041870278 -1.803756767725157
 2.439865263456602 -1.854719085746786
 2.402446422885628 -1.905015769677957
 2.363959997228771 -1.954607498053174
 2.324418632211436 -2.003482820405432
 2.283811774713291 -2.051628169312851
 2.242112148642203 -2.098993949548375
 2.199313089731946 -2.145521129416754
 2.155429909924896 -2.191181640236356
 2.110465193056656 -2.235955275540388
 2.064403186372846 -2.279781995210850
 2.017245333048737 -2.322581071924144
 1.969024771414699 -2.364308741525673
 1.919775400870760 -2.404947643130565
 1.869512493461577 -2.444442526711226
 1.818261312159388 -2.482706062221282
 1.766083545556617 -2.519698696005229
 1.713051988511569 -2.555438151950843
 1.659213577171326 -2.589907692314824
 1.604604606524348 -2.623031707843159
 1.549293506489728 -2.654789599038954
 1.493371895812913 -2.685267672943271
 1.436893771870677 -2.714507803447892
 1.379861211549938 -2.742394824154462
 1.322314019669059 -2.768892100795672
 1.264439260682472 -2.794442959766442
 1.206041525867065 -2.818377325734033
 1.147367015354084 -2.841409568988164
 1.088313744142454 -2.863128815264012
 1.028932556408717 -2.883599884489290
 0.9692808348660561 -2.902971421275758
 0.9093579125512918 -2.921230222387171
 0.8491595369126320 -2.938299347405938
 0.7887175035220123 -2.954194781472017
 0.7280634809707264 -2.968986608928307
 0.6671992816741551 -2.982680069257062
 0.6061257044988225 -2.995225876745082
 0.5448682917634559 -3.006616416780719
 0.4834533561674128 -3.016893468208816
 0.4218846765865740 -3.026069228146419
 0.3601646156016821 -3.034106808300462
 0.2983165095630699 -3.040985821228238
 0.2363657956819578 -3.046730793435300
 0.1743178435173039 -3.051357440414771
 0.1121750385659474 -3.054837826888879
 4.995927751846854E-02 -3.057143482739605
 -1.230355225664707E-02 -3.058284954795297
 -7.460680162243026E-02 -3.058278378161888
 -0.1369489410811511 -3.057102240651280
 -0.1993090775149077 -3.054721196323476
 -0.2616593725768657 -3.051131360262595
 -0.3239906621629543 -3.046345247406194
 -0.3863012134122643 -3.040344842838023
 -0.4485688397082621 -3.033087518288985
 -0.5107597491272058 -3.024553160156894
 -0.5728577024110828 -3.014746994727698
 -0.6348562263880450 -3.003653099020159
 -0.6967260083776236 -2.991223053632047
 -0.7584192575652162 -2.977421571291887
 -0.8199040097882908 -2.962247878189943
 -0.8811614738154820 -2.945694108760089
 -0.9421475297565461 -2.927716600657851
 -1.002791544110833 -2.908276240047879
 -1.063039046843500 -2.887379843488814
 -1.122858053287201 -2.865048088279815
 -1.182193079492154 -2.841266575385728
 -1.240955863933565 -2.816013518159098
 -1.299081307844743 -2.789322563660336
 -1.356548363133604 -2.761265616029889
 -1.413319066415706 -2.731874954291833
 -1.469309790662084 -2.701144206201199
 -1.524468481225575 -2.669122334057853
 -1.578824072823540 -2.635931835543347
 -1.632385830621631 -2.601640410703594
 -1.685052979149754 -2.566192274976251
 -1.736773889792585 -2.529603583211557
 -1.787838962243079 -2.492258001176656
 -1.837765598602189 -2.453651262286842
 -1.887049361622900 -2.414353767255049
 -1.935385416254651 -2.374071757347129
 -1.982804476113239 -2.332881674875459
 -2.029406579851996 -2.290907537033273
 -2.075180626614509 -2.248142164595393
 -2.120062110320464 -2.204543404535138
 -2.164048976721178 -2.160146785195513
 -2.207186086342365 -2.115014774552531
 -2.249477070501067 -2.069151561945079
 -2.290878847084348 -2.022533196355261
 -2.331372050485716 -1.975177990774144
 -2.370979705896469 -1.927129622090234
 -2.409710486891880 -1.878397461464564
 -2.447531265982681 -1.828965110805545
 -2.484412718950403 -1.778842586264041
 -2.520363367766310 -1.728064180363948
 -2.555394137667201 -1.676642401026291
 -2.589479643244444 -1.624565346513049
 -2.622584280307297 -1.571837744855513
 -2.654704238992794 -1.518487288586603
 -2.685850168144082 -1.464527803580813
 -2.716002672910912 -1.409949858327985
 -2.745120696252376 -1.354753873828986
 -2.773186954559209 -1.298962016341434
 -2.800207704033232 -1.242588479681037
 -2.826166476868866 -1.185625757091237
 -2.851015262593890 -1.128071748611028
 -2.874719746355977 -1.069945662103720
 -2.897276334622519 -1.011264174322265
 -2.918668001101336 -0.9520249297073079
 -2.938838157019827 -0.8922291040836717
 -2.957732347297162 -0.8319004418751331
 -2.975333919713186 -0.7710662379535864
 -2.991626666872139 -0.7097388332197004
 -3.006550716129393 -0.6479346054470013
 -3.020036877159570 -0.5856951681237348
 -3.032063818258199 -0.5230711019631403
 -3.042633454157961 -0.4601004451492503
 -3.051705572953732 -0.3968240486745023
 -3.059217176092953 -0.3333074559378166
 -3.065164853401360 -0.2696238676551079
 -3.069600351645173 -0.2058274640790456
 -3.072532643587032 -0.1419672619770083
 -3.073914397186432 -7.811249835803946E-02
 -3.073761987715303 -1.433273501889798E-02
 -3.072195968636454 4.933583739992442E-02
 -3.069279602492308 0.1128673927442976
 -3.064914190699692 0.1762025491782113
 -3.059087909461644 0.2392885175841153
 -3.052278222925550 0.3021849585897862
 -3.043807124469255 0.3647260634471907
 -3.034416376976984 0.4270558017331155
 -3.023699160397105 0.4890570579168834
 -3.011737032521956 0.5507182096138308
 -2.998687414718052 0.6120638842424849
 -2.984538539165801 0.6730880577917789
 -2.969221647233096 0.7337559428708001
 -2.952766480243191 0.7940479962765032
 -2.935249567313091 0.8539718343757763
 -2.916676352175222 0.9135285073119835
 -2.897004551583170 0.9726926803898210
 -2.876240342249172 1.031438426006575
 -2.854433062063881 1.089763846118582
 -2.831595163478454 1.147671766681854
 -2.807695881584363 1.205141697494917
 -2.782729228513473 1.262143234964197
 -2.756729163448267 1.318666613071352
 -2.729711981184505 1.374715039388480
 -2.701654681810392 1.430272480375830
 -2.672543557825766 1.485305737884092
 -2.642400686736147 1.539797666208694
 -2.611243366521652 1.593750574581075
 -2.579053731829761 1.647152382323295
 -2.545811618737468 1.699967322494490
 -2.511527581982344 1.752169343921160
 -2.476217041870278 1.803756767725157
 -2.439865263456602 1.854719085746786
 -2.402446422885628 1.905015769677957
 -2.363959997228771 1.954607498053174
 -2.324418632211436 2.003482820405432
 -2.283811774713291 2.051628169312851
 -2.242112148642203 2.098993949548375
 -2.199313089731946 2.145521129416754
 -2.155429909924896 2.191181640236356
 -2.110465193056656 2.235955275540388
 -2.064403186372846 2.279781995210850
 -2.017245333048737 2.322581071924144
 -1.969024771414699 2.364308741525673
 -1.919775400870760 2.404947643130565
 -1.869512493461577 2.444442526711226
 -1.818261312159388 2.482706062221282
 -1.766083545556617 2.519698696005229
 -1.713051988511569 2.555438151950843
 -1.659213577171326 2.589907692314824
 -1.604604606524348 2.623031707843159
 -1.549293506489728 2.654789599038954
 -1.493371895812913 2.685267672943271
 -1.436893771870677 2.714507803447892
 -1.379861211549938 2.742394824154462
 -1.322314019669059 2.768892100795672
 -1.264439260682472 2.794442959766442
 -1.206041525867065 2.818377325734033
 -1.147367015354084 2.841409568988164
 -1.088313744142454 2.863128815264012
 -1.028932556408717 2.883599884489290
 -0.9692808348660561 2.902971421275758
 -0.9093579125512918 2.921230222387171
 -0.8491595369126320 2.938299347405938
 -0.7887175035220123 2.954194781472017
 -0.7280634809707264 2.968986608928307
 -0.6671992816741551 2.982680069257062
 -0.6061257044988225 2.995225876745082
 -0.5448682917634559 3.006616416780719
 -0.4834533561674128 3.016893468208816
 -0.4218846765865740 3.026069228146419
 -0.3601646156016821 3.034106808300462
 -0.2983165095630699 3.040985821228238
 -0.2363657956819578 3.046730793435300
 -0.1743178435173039 3.051357440414771
 -0.1121750385659474 3.054837826888879
 -4.995927751846854E-02 3.057143482739605
 1.230355225664707E-02 3.058284954795297
 7.460680162243026E-02 3.058278378161888
 0.1369489410811511 3.057102240651280
 0.1993090775149077 3.054721196323476
 0.2616593725768657 3.051131360262595
 0.3239906621629543 3.046345247406194
 0.3863012134122643 3.040344842838023
 0.4485688397082621 3.033087518288985
 0.5107597491272058 3.024553160156894
 0.5728577024110828 3.014746994727698
 0.6348562263880450 3.003653099020159
 0.6967260083776236 2.991223053632047
 0.7584192575652162 2.977421571291887
 0.8199040097882908 2.962247878189943
 0.8811614738154820 2.945694108760089
 0.9421475297565461 2.927716600657851
 1.002791544110833 2.908276240047879
 1.063039046843500 2.887379843488814
 1.122858053287201 2.865048088279815
 1.182193079492154 2.841266575385728
 1.240955863933565 2.816013518159098
 1.299081307844743 2.789322563660336
 1.356548363133604 2.761265616029889
 1.413319066415706 2.731874954291833
 1.469309790662084 2.701144206201199
 1.524468481225575 2.669122334057853
 1.578824072823540 2.635931835543347
 1.632385830621631 2.601640410703594
 1.685052979149754 2.566192274976251
 1.736773889792585 2.529603583211557
 1.787838962243079 2.492258001176656
   
   
 #BODY NUMBER  5
 -2.435962665029226 1.869940744513069
 -2.397633433865373 1.920642247609841
 -2.358410879985636 1.970759546119419
 -2.317890399803134 2.019981057018549
 -2.276131324185088 2.068269851361842
 -2.233267846175123 2.115650536036032
 -2.189286679451439 2.162058552153193
 -2.144139394722150 2.207384111436725
 -2.097882388745108 2.251573162941765
 -2.050618652349484 2.294623058447952
 -2.002388926500654 2.336508895200420
 -1.953200319880940 2.377172648978289
 -1.903111872305061 2.416582513554956
 -1.852218026691991 2.454754684296611
 -1.800572841662995 2.491704770028155
 -1.748192560872304 2.527416369017344
 -1.695118948922532 2.561876968943949
 -1.641423283032049 2.595112200663781
 -1.587150656599447 2.627156551689013
 -1.532309835560406 2.658012765826188
 -1.476922183550392 2.687670523242753
 -1.421037131834422 2.716148390917043
 -1.364690322911223 2.743482414199395
 -1.307885323978282 2.769681497245132
 -1.250630672368035 2.794729995780174
 -1.192961835407212 2.818633004863718
 -1.134910075595477 2.841421970446651
 -1.076478888955933 2.863109368742671
 -1.017670849882108 2.883674810816010
 -0.9585132870491174 2.903109698372632
 -0.8990362772759272 2.921439891480104
 -0.8392459934333409 2.938683019195540
 -0.7791426469704823 2.954817140167884
 -0.7187480698041330 2.969820801904585
 -0.6580918213790282 2.983713756865976
 -0.5971831507466018 2.996520899114752
 -0.5360210987715329 3.008221670675042
 -0.4746226556956596 3.018780714902545
 -0.4130161844277205 3.028209079574691
 -0.3512133758721689 3.036540449630342
 -0.2892125076161642 3.043757533818498
 -0.2270261909033100 3.049805918503153
 -0.1646813539428595 3.054681530460591
 -0.1021922892707701 3.058429518999739
 -3.955819999633392E-02 3.061038318265852
 2.321001669255951E-02 3.062420859651281
 8.608418898987025E-02 3.062545036263271
 0.1490442013250866 3.061483922893071
 0.2120843510255592 3.059243988165286
 0.2751865919995951 3.055649207568754
 0.3383123899317515 3.050611769018085
 0.4014348558052920 3.044575922842287
 0.4645082610790783 3.036732586495250
 0.5275223916972891 3.027823507688884
 0.5904097106398398 3.017342497926857
 0.6531085710682760 3.005322474774721
 0.7155731866498076 2.991891956260631
 0.7777542909083489 2.977007156648422
 0.8395810190532690 2.960571240802734
 0.9009783632142934 2.942606024276127
 0.9618925345507294 2.923199375632839
 1.022281596161550 2.902374126206428
 1.082091743256277 2.880107420185931
 1.141265910927314 2.856434484437427
 1.199770903313720 2.831445206611054
 1.257593208743748 2.805194207258566
 1.314710501073493 2.777687352931061
 1.371091062014472 2.748954556675264
 1.426721449929750 2.719070361800900
 1.481608985181688 2.688091064092779
 1.535751661008615 2.656025626977161
 1.589129858355643 2.622887391988799
 1.641734941065174 2.588728451348107
 1.693580304076926 2.553597695039606
 1.744671875016864 2.517502664424599
 1.794991836879990 2.480442930912818
 1.844526868453642 2.442451757639815
 1.893288571480298 2.403571941699926
 1.941286002666414 2.363812748844821
 1.988500217478895 2.323166214096810
 2.034910105239121 2.281651705635777
 2.080523023013060 2.239308200784795
 2.125351151576621 2.196149859935352
 2.169375383437831 2.152165895532230
 2.212566224234778 2.107364488323702
 2.254926000377527 2.061781113769997
 2.296471646231061 2.015436228815965
 2.337185837633686 1.968318723838117
 2.377029459712323 1.920425634495349
 2.415997898668515 1.871787047675870
 2.454114481062814 1.822429930469362
 2.491365093439010 1.772344145597048
 2.527696306584209 1.721513407898259
 2.563091128878571 1.669959001274429
 2.597581514502611 1.617715878079244
 2.631157845577657 1.564777565257736
 2.663739269883668 1.511109965747623
 2.695283896132863 1.456721423602227
 2.725844951165582 1.401665896812248
 2.755425185638738 1.345951558349372
 2.783863134808128 1.289506024331864
 2.811063484019323 1.232318760413118
 2.837397520834518 1.174635178329218
 2.862141694944451 1.116090338885409
 2.885933271682926 1.057063961569464
 2.908300110442974 0.9973614409083080
 2.929239895253364 0.9370526234128791
 2.948841032824930 0.8762414202245981
 2.967040970359788 0.8149486044952283
 2.983720413775419 0.7531871293660093
 2.998860751959401 0.6910328613343627
 3.012511186900213 0.6285763171848873
 3.024670522662204 0.5658652310060075
 3.035292063137217 0.5029347712076413
 3.044377783232375 0.4398519708824715
 3.051988930005711 0.3766905223144422
 3.058166050406742 0.3134894372304117
 3.062903061945797 0.2502709839137173
 3.066210010937004 0.1870775877313144
 3.068144732961799 0.1239581611371189
 3.068759641781134 6.093451240376626E-02
 3.068061496569021 -1.987138849027057E-03
 3.066052041906035 -6.478313125395348E-02
 3.062772072899596 -0.1274199395689357
 3.058270626988149 -0.1898847191597891
 3.052557198995145 -0.2521788328205334
 3.045622509248025 -0.3142870648673557
 3.037488703860853 -0.3761812472239037
 3.028198647075775 -0.4378500287467251
 3.017764891622347 -0.4992966198978495
 3.006171067361003 -0.5605085967191996
 2.993423392288238 -0.6214579927368549
 2.979559300288988 -0.6821316906953088
 2.964597145009962 -0.7425331592601889
 2.948518030408313 -0.8026512446356538
 2.931314294038911 -0.8624563135808826
 2.913017821756555 -0.9219326430959783
 2.893654796977663 -0.9810846702987868
 2.873206936405219 -1.039902946836926
 2.851652115407983 -1.098355080407196
 2.829014083096235 -1.156422031898821
 2.805327856934983 -1.214110519160980
 2.780577601055174 -1.271413388221450
 2.754722497487519 -1.328292510604895
 2.727772482821431 -1.384722529186163
 2.699773803773381 -1.440713640920495
 2.670716045573991 -1.496260753008116
 2.640529253191108 -1.551310893903658
 2.609199707142992 -1.605823612661044
 2.576800749840496 -1.659818026080823
 2.543340834613178 -1.713292429815913
 2.508676542808533 -1.766143183236890
 2.472751094087572 -1.818293008604966
 2.435962665029226 -1.869940744513069
 2.397633433865373 -1.920642247609841
 2.358410879985636 -1.970759546119419
 2.317890399803134 -2.019981057018549
 2.276131324185088 -2.068269851361842
 2.233267846175123 -2.115650536036032
 2.189286679451439 -2.162058552153193
 2.144139394722150 -2.207384111436725
 2.097882388745108 -2.251573162941765
 2.050618652349484 -2.294623058447952
 2.002388926500654 -2.336508895200420
 1.953200319880940 -2.377172648978289
 1.903111872305061 -2.416582513554956
 1.852218026691991 -2.454754684296611
 1.800572841662995 -2.491704770028155
 1.748192560872304 -2.527416369017344
 1.695118948922532 -2.561876968943949
 1.641423283032049 -2.595112200663781
 1.587150656599447 -2.627156551689013
 1.532309835560406 -2.658012765826188
 1.476922183550392 -2.687670523242753
 1.421037131834422 -2.716148390917043
 1.364690322911223 -2.743482414199395
 1.307885323978282 -2.769681497245132
 1.250630672368035 -2.794729995780174
 1.192961835407212 -2.818633004863718
 1.134910075595477 -2.841421970446651
 1.076478888955933 -2.863109368742671
 1.017670849882108 -2.883674810816010
 0.9585132870491174 -2.903109698372632
 0.8990362772759272 -2.921439891480104
 0.8392459934333409 -2.938683019195540
 0.7791426469704823 -2.954817140167884
 0.7187480698041330 -2.969820801904585
 0.6580918213790282 -2.983713756865976
 0.5971831507466018 -2.996520899114752
 0.5360210987715329 -3.008221670675042
 0.4746226556956596 -3.018780714902545
 0.4130161844277205 -3.028209079574691
 0.3512133758721689 -3.036540449630342
 0.2892125076161642 -3.043757533818498
 0.2270261909033100 -3.049805918503153
 0.1646813539428595 -3.054681530460591
 0.1021922892707701 -3.058429518999739
 3.955819999633392E-02 -3.061038318265852
 -2.321001669255951E-02 -3.062420859651281
 -8.608418898987025E-02 -3.062545036263271
 -0.1490442013250866 -3.061483922893071
 -0.2120843510255592 -3.059243988165286
 -0.2751865919995951 -3.055649207568754
 -0.3383123899317515 -3.050611769018085
 -0.4014348558052920 -3.044575922842287
 -0.4645082610790783 -3.036732586495250
 -0.5275223916972891 -3.027823507688884
 -0.5904097106398398 -3.017342497926857
 -0.6531085710682760 -3.005322474774721
 -0.7155731866498076 -2.991891956260631
 -0.7777542909083489 -2.977007156648422
 -0.8395810190532690 -2.960571240802734
 -0.9009783632142934 -2.942606024276127
 -0.9618925345507294 -2.923199375632839
 -1.022281596161550 -2.902374126206428
 -1.082091743256277 -2.880107420185931
 -1.141265910927314 -2.856434484437427
 -1.199770903313720 -2.831445206611054
 -1.257593208743748 -2.805194207258566
 -1.314710501073493 -2.777687352931061
 -1.371091062014472 -2.748954556675264
 -1.426721449929750 -2.719070361800900
 -1.481608985181688 -2.688091064092779
 -1.535751661008615 -2.656025626977161
 -1.589129858355643 -2.622887391988799
 -1.641734941065174 -2.588728451348107
 -1.693580304076926 -2.553597695039606
 -1.744671875016864 -2.517502664424599
 -1.794991836879990 -2.480442930912818
 -1.844526868453642 -2.442451757639815
 -1.893288571480298 -2.403571941699926
 -1.941286002666414 -2.363812748844821
 -1.988500217478895 -2.323166214096810
 -2.034910105239121 -2.281651705635777
 -2.080523023013060 -2.239308200784795
 -2.125351151576621 -2.196149859935352
 -2.169375383437831 -2.152165895532230
 -2.212566224234778 -2.107364488323702
 -2.254926000377527 -2.061781113769997
 -2.296471646231061 -2.015436228815965
 -2.337185837633686 -1.968318723838117
 -2.377029459712323 -1.920425634495349
 -2.415997898668515 -1.871787047675870
 -2.454114481062814 -1.822429930469362
 -2.491365093439010 -1.772344145597048
 -2.527696306584209 -1.721513407898259
 -2.563091128878571 -1.669959001274429
 -2.597581514502611 -1.617715878079244
 -2.631157845577657 -1.564777565257736
 -2.663739269883668 -1.511109965747623
 -2.695283896132863 -1.456721423602227
 -2.725844951165582 -1.401665896812248
 -2.755425185638738 -1.345951558349372
 -2.783863134808128 -1.289506024331864
 -2.811063484019323 -1.232318760413118
 -2.837397520834518 -1.174635178329218
 -2.862141694944451 -1.116090338885409
 -2.885933271682926 -1.057063961569464
 -2.908300110442974 -0.9973614409083080
 -2.929239895253364 -0.9370526234128791
 -2.948841032824930 -0.8762414202245981
 -2.967040970359788 -0.8149486044952283
 -2.983720413775419 -0.7531871293660093
 -2.998860751959401 -0.6910328613343627
 -3.012511186900213 -0.6285763171848873
 -3.024670522662204 -0.5658652310060075
 -3.035292063137217 -0.5029347712076413
 -3.044377783232375 -0.4398519708824715
 -3.051988930005711 -0.3766905223144422
 -3.058166050406742 -0.3134894372304117
 -3.062903061945797 -0.2502709839137173
 -3.066210010937004 -0.1870775877313144
 -3.068144732961799 -0.1239581611371189
 -3.068759641781134 -6.093451240376626E-02
 -3.068061496569021 1.987138849027057E-03
 -3.066052041906035 6.478313125395348E-02
 -3.062772072899596 0.1274199395689357
 -3.058270626988149 0.1898847191597891
 -3.052557198995145 0.2521788328205334
 -3.045622509248025 0.3142870648673557
 -3.037488703860853 0.3761812472239037
 -3.028198647075775 0.4378500287467251
 -3.017764891622347 0.4992966198978495
 -3.006171067361003 0.5605085967191996
 -2.993423392288238 0.6214579927368549
 -2.979559300288988 0.6821316906953088
 -2.964597145009962 0.7425331592601889
 -2.948518030408313 0.8026512446356538
 -2.931314294038911 0.8624563135808826
 -2.913017821756555 0.9219326430959783
 -2.893654796977663 0.9810846702987868
 -2.873206936405219 1.039902946836926
 -2.851652115407983 1.098355080407196
 -2.829014083096235 1.156422031898821
 -2.805327856934983 1.214110519160980
 -2.780577601055174 1.271413388221450
 -2.754722497487519 1.328292510604895
 -2.727772482821431 1.384722529186163
 -2.699773803773381 1.440713640920495
 -2.670716045573991 1.496260753008116
 -2.640529253191108 1.551310893903658
 -2.609199707142992 1.605823612661044
 -2.576800749840496 1.659818026080823
 -2.543340834613178 1.713292429815913
 -2.508676542808533 1.766143183236890
 -2.472751094087572 1.818293008604966
 -2.435962665029226 1.869940744513069
   
   
 #BODY NUMBER  6
 7.079035794638350E-02 -0.2884414040458246
 8.565645095238629E-02 -0.2814199904533060
 9.963311758919996E-02 -0.2729817125345627
 0.1122141353580105 -0.2625761983240719
 0.1232550415803898 -0.2505025123495672
 0.1326833012680025 -0.2372284409674276
 0.1403569050163304 -0.2229520978623831
 0.1461636884880385 -0.2077588407533135
 0.1501025579538709 -0.1918880646195922
 0.1522130293191207 -0.1756658879880524
 0.1525054415890866 -0.1592953859709729
 0.1510044018970043 -0.1428683643530246
 0.1477969961782197 -0.1265308534689356
 0.1429886724193149 -0.1105002365551950
 0.1366526665526321 -9.493009605020691E-02
 0.1288612004630848 -7.987460816944519E-02
 0.1197268130142783 -6.540265897934636E-02
 0.1093706195083869 -5.165138479330224E-02
 9.787926494114507E-02 -3.873566125834436E-02
 8.533133391536538E-02 -2.668652999666446E-02
 7.183862239706480E-02 -1.552610228230339E-02
 5.752147896834006E-02 -5.339987089361630E-03
 4.246654971363753E-02 3.778175147970662E-03
 2.674914742293149E-02 1.180332633827343E-02
 1.047742244450661E-02 1.873843790052398E-02
 -6.226864546428724E-03 2.453251368946867E-02
 -2.327374366600152E-02 2.910416329550269E-02
 -4.058736343029166E-02 3.242533483894257E-02
 -5.805667169512206E-02 3.451322934649637E-02
 -7.554891270100578E-02 3.534584183903414E-02
 -9.296097324086273E-02 3.485456620359702E-02
 -0.1102078831425205 3.300840564305492E-02
 -0.1271661349693122 2.983847468561351E-02
 -0.1436799824935475 2.535809340774403E-02
 -0.1596217633285068 1.952411926844533E-02
 -0.1748894935743603 1.231510567046652E-02
 -0.1893404124226846 3.790470165698487E-03
 -0.2027876563809830 -5.976740923912469E-03
 -0.2150745400984020 -1.697217534195254E-02
 -0.2260873579982752 -2.917673919327950E-02
 -0.2356760199783534 -4.246845130633159E-02
 -0.2436367008629867 -5.666680492759078E-02
 -0.2498094117646927 -7.164764717434083E-02
 -0.2541179810811117 -8.731195557349808E-02
 -0.2564686243386430 -0.1034403418340797
 -0.2567032142214524 -0.1196971489484966
 -0.2547372214432170 -0.1358154341326257
 -0.2506522523590731 -0.1516426054684535
 -0.2445297792532443 -0.1669074206509149
 -0.2363013437862965 -0.1810996234213476
 -0.2260276998560627 -0.1938545847442565
 -0.2144024044337439 -0.2055269503474740
 -0.2008886353891440 -0.2148906577494353
 -0.1865925390289123 -0.2227756671577707
 -0.1712905904987819 -0.2284683910457787
 -0.1553140186163554 -0.2319932533279084
 -0.1391042057439681 -0.2335213300397881
 -0.1229037280676928 -0.2330286942718932
 -0.1068425897091560 -0.2304608877181332
 -9.112865966666134E-02 -0.2259366606708742
 -7.602460691644466E-02 -0.2196532941713703
 -6.170113016196649E-02 -0.2117212796169993
 -4.822543197834833E-02 -0.2022078303025931
 -3.568043537751472E-02 -0.1912613800278376
 -2.420167577133128E-02 -0.1790819410461355
 -1.388554148685991E-02 -0.1658097287545670
 -4.742839560525201E-03 -0.1515343772479131
 3.223042355974759E-03 -0.1363877910741875
 9.953898382548475E-03 -0.1205434273185561
 1.539356578845762E-02 -0.1041337605719514
 1.955445404171581E-02 -8.724236790785130E-02
 2.247331220030211E-02 -6.997712310988756E-02
 2.413617500890193E-02 -5.248505559451561E-02
 2.450527051490839E-02 -3.488802328909955E-02
 2.359655416956849E-02 -1.726377802869701E-02
 2.146667447134421E-02 2.955049471380141E-04
 1.813234780055501E-02 1.765887972786628E-02
 1.356807293679520E-02 3.470773490367583E-02
 7.787481981595037E-03 5.136235522273538E-02
 8.609975331434275E-04 6.753516722039686E-02
 -7.164059399752447E-03 8.310019854688090E-02
 -1.629554685022981E-02 9.793384748891105E-02
 -2.651782374595308E-02 0.1119470293202570
 -3.774219039673590E-02 0.1250483407273117
 -4.987923816412873E-02 0.1371095615585876
 -6.290249839126248E-02 0.1479985616735769
 -7.677955242626637E-02 0.1576162971256247
 -9.138756275556037E-02 0.1658688422039168
 -0.1065698376624377 0.1726308915378845
 -0.1222356050528157 0.1777739277614948
 -0.1383114763401108 0.1812090259043735
 -0.1546167676798423 0.1828671947108971
 -0.1708932430500842 0.1826621697777812
 -0.1869533884567099 0.1805174731055007
 -0.2026733621213035 0.1764166493879070
 -0.2178162759737807 0.1703881730338730
 -0.2320123788606941 0.1624629302746483
 -0.2449882269064745 0.1527011879929751
 -0.2566524748112783 0.1412499153245186
 -0.2668109559904499 0.1283152904896530
 -0.2749875463918305 0.1140931549566591
 -0.2808968449566407 9.881843766218636E-02
 -0.2851927623801274 8.291445369835060E-02
 -0.2865450863415303 6.652933270387068E-02
 -0.2862256566181122 5.020604537679201E-02
 -0.2835047258567925 3.410780727829322E-02
 -0.2785690601967452 1.850925902165875E-02
 -0.2717875070119707 3.707110927639617E-03
 -0.2632606330840232 -1.007659640951006E-02
 -0.2530062781971945 -2.270204696481967E-02
 -0.2412312176205322 -3.404859605128203E-02
 -0.2282376362355654 -4.398740618331793E-02
 -0.2142065717510531 -5.242589364602641E-02
 -0.1992298338753526 -5.933946594956847E-02
 -0.1834774315557344 -6.473052655890206E-02
 -0.1671903481906462 -6.858170449094055E-02
 -0.1505382080394921 -7.087963270436005E-02
 -0.1336040400236100 -7.165976907846790E-02
 -0.1165037706583035 -7.098513209484116E-02
 -9.941672112583846E-02 -6.889204252525388E-02
 -8.248569915268744E-02 -6.539809931360703E-02
 -6.577687987364957E-02 -6.055583791118684E-02
 -4.936531019676269E-02 -5.445102082758417E-02
 -3.338530395943812E-02 -4.714506850515398E-02
 -1.796127919872914E-02 -3.866619843707021E-02
 -3.152593253362999E-03 -2.906710436697044E-02
 1.098925202683760E-02 -1.844293295338597E-02
 2.435921234698374E-02 -6.873633961602394E-03
 3.684181660279671E-02 5.603571608173141E-03
 4.837484541188670E-02 1.893702038379281E-02
 5.891766922826549E-02 3.302193787390049E-02
 6.838485330125334E-02 4.775435670784677E-02
 7.666542639063292E-02 6.307928128531404E-02
 8.369005939656744E-02 7.893862367720211E-02
 8.942394457257628E-02 9.520986604169825E-02
 9.380074432941882E-02 0.1117514681508436
 9.671926493724431E-02 0.1284744424051315
 9.810994114809399E-02 0.1453011914551582
 9.795284966712418E-02 0.1620783720382183
 9.621781871854522E-02 0.1786076324617970
 9.283893504558628E-02 0.1947461031034473
 8.777588165816450E-02 0.2103857650976530
 8.105925229851112E-02 0.2253356460172287
 7.274345781290253E-02 0.2393289747053720
 6.285602330798287E-02 0.2521651202798416
 5.144461895980819E-02 0.2637286049614051
 3.865234836486230E-02 0.2738285148679527
 2.469083536075836E-02 0.2821600792231449
 9.748994536742503E-03 0.2885166221256008
 -6.000222452205176E-03 0.2928925207929721
 -2.228117673720563E-02 0.2952227111405680
 -3.868620260553405E-02 0.2951927783780067
 -5.486914510057805E-02 0.2926730224064428
 -7.079035794638350E-02 0.2884414040458246
 -8.565645095238629E-02 0.2814199904533060
 -9.963311758919996E-02 0.2729817125345627
 -0.1122141353580105 0.2625761983240719
 -0.1232550415803898 0.2505025123495672
 -0.1326833012680025 0.2372284409674276
 -0.1403569050163304 0.2229520978623831
 -0.1461636884880385 0.2077588407533135
 -0.1501025579538709 0.1918880646195922
 -0.1522130293191207 0.1756658879880524
 -0.1525054415890866 0.1592953859709729
 -0.1510044018970043 0.1428683643530246
 -0.1477969961782197 0.1265308534689356
 -0.1429886724193149 0.1105002365551950
 -0.1366526665526321 9.493009605020691E-02
 -0.1288612004630848 7.987460816944519E-02
 -0.1197268130142783 6.540265897934636E-02
 -0.1093706195083869 5.165138479330224E-02
 -9.787926494114507E-02 3.873566125834436E-02
 -8.533133391536538E-02 2.668652999666446E-02
 -7.183862239706480E-02 1.552610228230339E-02
 -5.752147896834006E-02 5.339987089361630E-03
 -4.246654971363753E-02 -3.778175147970662E-03
 -2.674914742293149E-02 -1.180332633827343E-02
 -1.047742244450661E-02 -1.873843790052398E-02
 6.226864546428724E-03 -2.453251368946867E-02
 2.327374366600152E-02 -2.910416329550269E-02
 4.058736343029166E-02 -3.242533483894257E-02
 5.805667169512206E-02 -3.451322934649637E-02
 7.554891270100578E-02 -3.534584183903414E-02
 9.296097324086273E-02 -3.485456620359702E-02
 0.1102078831425205 -3.300840564305492E-02
 0.1271661349693122 -2.983847468561351E-02
 0.1436799824935475 -2.535809340774403E-02
 0.1596217633285068 -1.952411926844533E-02
 0.1748894935743603 -1.231510567046652E-02
 0.1893404124226846 -3.790470165698487E-03
 0.2027876563809830 5.976740923912469E-03
 0.2150745400984020 1.697217534195254E-02
 0.2260873579982752 2.917673919327950E-02
 0.2356760199783534 4.246845130633159E-02
 0.2436367008629867 5.666680492759078E-02
 0.2498094117646927 7.164764717434083E-02
 0.2541179810811117 8.731195557349808E-02
 0.2564686243386430 0.1034403418340797
 0.2567032142214524 0.1196971489484966
 0.2547372214432170 0.1358154341326257
 0.2506522523590731 0.1516426054684535
 0.2445297792532443 0.1669074206509149
 0.2363013437862965 0.1810996234213476
 0.2260276998560627 0.1938545847442565
 0.2144024044337439 0.2055269503474740
 0.2008886353891440 0.2148906577494353
 0.1865925390289123 0.2227756671577707
 0.1712905904987819 0.2284683910457787
 0.1553140186163554 0.2319932533279084
 0.1391042057439681 0.2335213300397881
 0.1229037280676928 0.2330286942718932
 0.1068425897091560 0.2304608877181332
 9.112865966666134E-02 0.2259366606708742
 7.602460691644466E-02 0.2196532941713703
 6.170113016196649E-02 0.2117212796169993
 4.822543197834833E-02 0.2022078303025931
 3.568043537751472E-02 0.1912613800278376
 2.420167577133128E-02 0.1790819410461355
 1.388554148685991E-02 0.1658097287545670
 4.742839560525201E-03 0.1515343772479131
 -3.223042355974759E-03 0.1363877910741875
 -9.953898382548475E-03 0.1205434273185561
 -1.539356578845762E-02 0.1041337605719514
 -1.955445404171581E-02 8.724236790785130E-02
 -2.247331220030211E-02 6.997712310988756E-02
 -2.413617500890193E-02 5.248505559451561E-02
 -2.450527051490839E-02 3.488802328909955E-02
 -2.359655416956849E-02 1.726377802869701E-02
 -2.146667447134421E-02 -2.955049471380141E-04
 -1.813234780055501E-02 -1.765887972786628E-02
 -1.356807293679520E-02 -3.470773490367583E-02
 -7.787481981595037E-03 -5.136235522273538E-02
 -8.609975331434275E-04 -6.753516722039686E-02
 7.164059399752447E-03 -8.310019854688090E-02
 1.629554685022981E-02 -9.793384748891105E-02
 2.651782374595308E-02 -0.1119470293202570
 3.774219039673590E-02 -0.1250483407273117
 4.987923816412873E-02 -0.1371095615585876
 6.290249839126248E-02 -0.1479985616735769
 7.677955242626637E-02 -0.1576162971256247
 9.138756275556037E-02 -0.1658688422039168
 0.1065698376624377 -0.1726308915378845
 0.1222356050528157 -0.1777739277614948
 0.1383114763401108 -0.1812090259043735
 0.1546167676798423 -0.1828671947108971
 0.1708932430500842 -0.1826621697777812
 0.1869533884567099 -0.1805174731055007
 0.2026733621213035 -0.1764166493879070
 0.2178162759737807 -0.1703881730338730
 0.2320123788606941 -0.1624629302746483
 0.2449882269064745 -0.1527011879929751
 0.2566524748112783 -0.1412499153245186
 0.2668109559904499 -0.1283152904896530
 0.2749875463918305 -0.1140931549566591
 0.2808968449566407 -9.881843766218636E-02
 0.2851927623801274 -8.291445369835060E-02
 0.2865450863415303 -6.652933270387068E-02
 0.2862256566181122 -5.020604537679201E-02
 0.2835047258567925 -3.410780727829322E-02
 0.2785690601967452 -1.850925902165875E-02
 0.2717875070119707 -3.707110927639617E-03
 0.2632606330840232 1.007659640951006E-02
 0.2530062781971945 2.270204696481967E-02
 0.2412312176205322 3.404859605128203E-02
 0.2282376362355654 4.398740618331793E-02
 0.2142065717510531 5.242589364602641E-02
 0.1992298338753526 5.933946594956847E-02
 0.1834774315557344 6.473052655890206E-02
 0.1671903481906462 6.858170449094055E-02
 0.1505382080394921 7.087963270436005E-02
 0.1336040400236100 7.165976907846790E-02
 0.1165037706583035 7.098513209484116E-02
 9.941672112583846E-02 6.889204252525388E-02
 8.248569915268744E-02 6.539809931360703E-02
 6.577687987364957E-02 6.055583791118684E-02
 4.936531019676269E-02 5.445102082758417E-02
 3.338530395943812E-02 4.714506850515398E-02
 1.796127919872914E-02 3.866619843707021E-02
 3.152593253362999E-03 2.906710436697044E-02
 -1.098925202683760E-02 1.844293295338597E-02
 -2.435921234698374E-02 6.873633961602394E-03
 -3.684181660279671E-02 -5.603571608173141E-03
 -4.837484541188670E-02 -1.893702038379281E-02
 -5.891766922826549E-02 -3.302193787390049E-02
 -6.838485330125334E-02 -4.775435670784677E-02
 -7.666542639063292E-02 -6.307928128531404E-02
 -8.369005939656744E-02 -7.893862367720211E-02
 -8.942394457257628E-02 -9.520986604169825E-02
 -9.380074432941882E-02 -0.1117514681508436
 -9.671926493724431E-02 -0.1284744424051315
 -9.810994114809399E-02 -0.1453011914551582
 -9.795284966712418E-02 -0.1620783720382183
 -9.621781871854522E-02 -0.1786076324617970
 -9.283893504558628E-02 -0.1947461031034473
 -8.777588165816450E-02 -0.2103857650976530
 -8.105925229851112E-02 -0.2253356460172287
 -7.274345781290253E-02 -0.2393289747053720
 -6.285602330798287E-02 -0.2521651202798416
 -5.144461895980819E-02 -0.2637286049614051
 -3.865234836486230E-02 -0.2738285148679527
 -2.469083536075836E-02 -0.2821600792231449
 -9.748994536742503E-03 -0.2885166221256008
 6.000222452205176E-03 -0.2928925207929721
 2.228117673720563E-02 -0.2952227111405680
 3.868620260553405E-02 -0.2951927783780067
 5.486914510057805E-02 -0.2926730224064428
 7.079035794638350E-02 -0.2884414040458246
   
   
