 # action(x) =  24.67760287064164
 # |grad_action(x)| =  2.426428234639223E-11
 # PRINTSTEPS = 50
 #
 #BODY NUMBER  1
 -0.1485700681452337 7.138084894460558E-02
 -0.1081230204732710 4.401890118766758E-02
 -6.742638236228576E-02 1.718178907052351E-02
 -2.626430644952847E-02 -8.909777949808111E-03
 1.541873449392766E-02 -3.430764750622407E-02
 5.750148501445979E-02 -5.907785792458621E-02
 9.989581111480945E-02 -8.316689203290967E-02
 0.1426876531783342 -0.1064863061059669
 0.1859717887893574 -0.1290027706959769
 0.2296619148471267 -0.1506984525826880
 0.2736119575531973 -0.1715119790728714
 0.3178305440721610 -0.1913703496799546
 0.3623978013308978 -0.2102413062774940
 0.4072364030438680 -0.2281124712288614
 0.4521624038249409 -0.2449465526625006
 0.4971285416524779 -0.2606960202780139
 0.5422098751018780 -0.2753425798703111
 0.5873534629860289 -0.2888859962819237
 0.6323587058269893 -0.3013068047762918
 0.6771340198530316 -0.3125726524782336
 0.7217541543366213 -0.3226716373856209
 0.7662030821021695 -0.3316073964515520
 0.8102802055676823 -0.3393663619428920
 0.8538568479893206 -0.3459191294637451
 0.8970104776187631 -0.3512508505918391
 0.9397750102697525 -0.3553612478480078
 0.9819669059866380 -0.3582346711853426
 1.023426541467424 -0.3598377719423702
 1.064236262310118 -0.3601486711636873
 1.104494141556778 -0.3591612055369363
 1.144051640878670 -0.3568561452914630
 1.182722007800308 -0.3531951430487885
 1.220592387132023 -0.3481497321017259
 1.257841765586310 -0.3417096064325831
 1.294377969246851 -0.3338532713273416
 1.329989477527670 -0.3245373690632877
 1.364768658373720 -0.3137266830250440
 1.399004366302226 -0.3014072447664489
 1.432697339093105 -0.2875544478762364
 1.465618945614695 -0.2721157783085068
 1.497878498475678 -0.2550439113459430
 1.529944498249296 -0.2363176306344695
 1.561996020334291 -0.2159047134835046
 1.593818713729680 -0.1937337385122919
 1.625596272109786 -0.1697360631355851
 1.658190818506833 -0.1438867963212344
 1.692221869526467 -0.1161619612907527
 1.727609024670446 -8.649337847641014E-02
 1.764884582447738 -5.485991761683617E-02
 1.806311438254800 -2.146228193186595E-02
 1.854084105868815 1.322266590744470E-02
 1.906959409686670 4.856354232406601E-02
 1.973258258369379 8.184037711019676E-02
 2.054096807777990 0.1065137359748186
 2.150698812831951 0.1105413033335103
 2.250502500767513 8.416428807029652E-02
 2.338338322115234 2.879125768805357E-02
 2.406906751438610 -4.353090092090417E-02
 2.457829118393386 -0.1203528610951248
 2.495989230881212 -0.1965123746640647
 2.524915020571579 -0.2720861821276432
 2.546373893110979 -0.3467966409080768
 2.561701400652614 -0.4190653250805968
 2.572189125284860 -0.4885486547928130
 2.578698549668766 -0.5564202257092014
 2.581647064422866 -0.6231526617417859
 2.581373523089652 -0.6879575548491841
 2.578271939816824 -0.7505257295523449
 2.572652080851713 -0.8116841560432025
 2.564682435393409 -0.8719607475625822
 2.554480406617484 -0.9308253402351031
 2.542174336799646 -0.9878663606438294
 2.527891802348313 -1.043628098751269
 2.511735896104516 -1.098658745418724
 2.493765815371140 -1.152615722463457
 2.474001128034015 -1.205017803413584
 2.452474949418401 -1.256183023355674
 2.429262488020315 -1.306664006186086
 2.404412404486798 -1.356284487506824
 2.377890176858617 -1.404528324596547
 2.349659047178991 -1.451514973667897
 2.319769847235286 -1.497780295679392
 2.288276953269015 -1.543304300775877
 2.255114769738474 -1.587564935836620
 2.220178956560221 -1.630491896354612
 2.183485703451982 -1.672575449813867
 2.145098909052076 -1.713945546093829
 2.104930426314296 -1.754098066315499
 2.062794667494353 -1.792762390064029
 2.018649328179425 -1.830339326668788
 1.972562793494876 -1.867102134443012
 1.924420276170691 -1.902579700440151
 1.873915358141899 -1.936250700151697
 1.820896382587551 -1.968339772854045
 1.765419433642731 -1.999245716285358
 1.707317387695731 -2.028511537033702
 1.646055526199407 -2.055175080266651
 1.581252139829565 -2.079027870318942
 1.512936635132931 -2.100509246361456
 1.440838046132252 -2.118946142407907
 1.363852322411373 -2.131871015880680
 1.281216823306326 -2.137360761039173
 1.194515269455698 -2.137236369908247
 1.101281189436015 -2.121249196867110
 1.007236433675993 -2.086753138392554
 0.9218330862997488 -2.025832363508722
 0.8599420408206013 -1.944512535537634
 0.8280283587701035 -1.856932699738777
 0.8192008848581230 -1.775451785381158
 0.8217962899598784 -1.704654051538095
 0.8289615259579423 -1.642788162191145
 0.8389997126951176 -1.586894942821340
 0.8506625655498768 -1.535671194645131
 0.8618424336155412 -1.488627122077164
 0.8716407935754893 -1.444700171225488
 0.8806437510284340 -1.402653339273180
 0.8889403468788434 -1.362032204923916
 0.8956116213934457 -1.322892659442777
 0.9002475185988893 -1.284927193849435
 0.9034344213871913 -1.247511771929409
 0.9054535153859966 -1.210406990050515
 0.9057248348159396 -1.173789431556454
 0.9038958368906153 -1.137627394795319
 0.9004309163027797 -1.101550207237026
 0.8956828025153931 -1.065373025977991
 0.8892626384275418 -1.029278779231050
 0.8808220196666166 -0.9933622460535639
 0.8707104428240283 -0.9573957307864859
 0.8593200032725935 -0.9212108112931828
 0.8464041283823442 -0.8849644741065843
 0.8316149423921947 -0.8488193632736948
 0.8151993774569221 -0.8126494147144223
 0.7975692032678657 -0.7762971994453884
 0.7785950631083589 -0.7398854611369974
 0.7579344135748014 -0.7036162540993264
 0.7357394022588146 -0.6674465224763354
 0.7124238558783517 -0.6312330020811140
 0.6879584855209960 -0.5950615671145630
 0.6620126767448057 -0.5591540250780952
 0.6346490931732683 -0.5235371929237369
 0.6062681869585905 -0.4880839784089410
 0.5769294863814849 -0.4528380995485843
 0.5463244373095858 -0.4180208374081628
 0.5144333780459240 -0.3837148202052544
 0.4816328073822167 -0.3498073969093817
 0.4480675491842827 -0.3162895075060317
 0.4134671042800694 -0.2833585575252736
 0.3777384841100397 -0.2511401215127869
 0.3412262939911458 -0.2195338932187442
 0.3041653356077226 -0.1884581911879498
 0.2663426939999019 -0.1580576988927354
 0.2275826162216001 -0.1285096773125008
 0.1881786060496314 -9.973126007637309E-02
 0.1485700681452337 -7.138084894460558E-02
 0.1081230204732710 -4.401890118766758E-02
 6.742638236228576E-02 -1.718178907052351E-02
 2.626430644952847E-02 8.909777949808111E-03
 -1.541873449392766E-02 3.430764750622407E-02
 -5.750148501445979E-02 5.907785792458621E-02
 -9.989581111480945E-02 8.316689203290967E-02
 -0.1426876531783342 0.1064863061059669
 -0.1859717887893574 0.1290027706959769
 -0.2296619148471267 0.1506984525826880
 -0.2736119575531973 0.1715119790728714
 -0.3178305440721610 0.1913703496799546
 -0.3623978013308978 0.2102413062774940
 -0.4072364030438680 0.2281124712288614
 -0.4521624038249409 0.2449465526625006
 -0.4971285416524779 0.2606960202780139
 -0.5422098751018780 0.2753425798703111
 -0.5873534629860289 0.2888859962819237
 -0.6323587058269893 0.3013068047762918
 -0.6771340198530316 0.3125726524782336
 -0.7217541543366213 0.3226716373856209
 -0.7662030821021695 0.3316073964515520
 -0.8102802055676823 0.3393663619428920
 -0.8538568479893206 0.3459191294637451
 -0.8970104776187631 0.3512508505918391
 -0.9397750102697525 0.3553612478480078
 -0.9819669059866380 0.3582346711853426
 -1.023426541467424 0.3598377719423702
 -1.064236262310118 0.3601486711636873
 -1.104494141556778 0.3591612055369363
 -1.144051640878670 0.3568561452914630
 -1.182722007800308 0.3531951430487885
 -1.220592387132023 0.3481497321017259
 -1.257841765586310 0.3417096064325831
 -1.294377969246851 0.3338532713273416
 -1.329989477527670 0.3245373690632877
 -1.364768658373720 0.3137266830250440
 -1.399004366302226 0.3014072447664489
 -1.432697339093105 0.2875544478762364
 -1.465618945614695 0.2721157783085068
 -1.497878498475678 0.2550439113459430
 -1.529944498249296 0.2363176306344695
 -1.561996020334291 0.2159047134835046
 -1.593818713729680 0.1937337385122919
 -1.625596272109786 0.1697360631355851
 -1.658190818506833 0.1438867963212344
 -1.692221869526467 0.1161619612907527
 -1.727609024670446 8.649337847641014E-02
 -1.764884582447738 5.485991761683617E-02
 -1.806311438254800 2.146228193186595E-02
 -1.854084105868815 -1.322266590744470E-02
 -1.906959409686670 -4.856354232406601E-02
 -1.973258258369379 -8.184037711019676E-02
 -2.054096807777990 -0.1065137359748186
 -2.150698812831951 -0.1105413033335103
 -2.250502500767513 -8.416428807029652E-02
 -2.338338322115234 -2.879125768805357E-02
 -2.406906751438610 4.353090092090417E-02
 -2.457829118393386 0.1203528610951248
 -2.495989230881212 0.1965123746640647
 -2.524915020571579 0.2720861821276432
 -2.546373893110979 0.3467966409080768
 -2.561701400652614 0.4190653250805968
 -2.572189125284860 0.4885486547928130
 -2.578698549668766 0.5564202257092014
 -2.581647064422866 0.6231526617417859
 -2.581373523089652 0.6879575548491841
 -2.578271939816824 0.7505257295523449
 -2.572652080851713 0.8116841560432025
 -2.564682435393409 0.8719607475625822
 -2.554480406617484 0.9308253402351031
 -2.542174336799646 0.9878663606438294
 -2.527891802348313 1.043628098751269
 -2.511735896104516 1.098658745418724
 -2.493765815371140 1.152615722463457
 -2.474001128034015 1.205017803413584
 -2.452474949418401 1.256183023355674
 -2.429262488020315 1.306664006186086
 -2.404412404486798 1.356284487506824
 -2.377890176858617 1.404528324596547
 -2.349659047178991 1.451514973667897
 -2.319769847235286 1.497780295679392
 -2.288276953269015 1.543304300775877
 -2.255114769738474 1.587564935836620
 -2.220178956560221 1.630491896354612
 -2.183485703451982 1.672575449813867
 -2.145098909052076 1.713945546093829
 -2.104930426314296 1.754098066315499
 -2.062794667494353 1.792762390064029
 -2.018649328179425 1.830339326668788
 -1.972562793494876 1.867102134443012
 -1.924420276170691 1.902579700440151
 -1.873915358141899 1.936250700151697
 -1.820896382587551 1.968339772854045
 -1.765419433642731 1.999245716285358
 -1.707317387695731 2.028511537033702
 -1.646055526199407 2.055175080266651
 -1.581252139829565 2.079027870318942
 -1.512936635132931 2.100509246361456
 -1.440838046132252 2.118946142407907
 -1.363852322411373 2.131871015880680
 -1.281216823306326 2.137360761039173
 -1.194515269455698 2.137236369908247
 -1.101281189436015 2.121249196867110
 -1.007236433675993 2.086753138392554
 -0.9218330862997488 2.025832363508722
 -0.8599420408206013 1.944512535537634
 -0.8280283587701035 1.856932699738777
 -0.8192008848581230 1.775451785381158
 -0.8217962899598784 1.704654051538095
 -0.8289615259579423 1.642788162191145
 -0.8389997126951176 1.586894942821340
 -0.8506625655498768 1.535671194645131
 -0.8618424336155412 1.488627122077164
 -0.8716407935754893 1.444700171225488
 -0.8806437510284340 1.402653339273180
 -0.8889403468788434 1.362032204923916
 -0.8956116213934457 1.322892659442777
 -0.9002475185988893 1.284927193849435
 -0.9034344213871913 1.247511771929409
 -0.9054535153859966 1.210406990050515
 -0.9057248348159396 1.173789431556454
 -0.9038958368906153 1.137627394795319
 -0.9004309163027797 1.101550207237026
 -0.8956828025153931 1.065373025977991
 -0.8892626384275418 1.029278779231050
 -0.8808220196666166 0.9933622460535639
 -0.8707104428240283 0.9573957307864859
 -0.8593200032725935 0.9212108112931828
 -0.8464041283823442 0.8849644741065843
 -0.8316149423921947 0.8488193632736948
 -0.8151993774569221 0.8126494147144223
 -0.7975692032678657 0.7762971994453884
 -0.7785950631083589 0.7398854611369974
 -0.7579344135748014 0.7036162540993264
 -0.7357394022588146 0.6674465224763354
 -0.7124238558783517 0.6312330020811140
 -0.6879584855209960 0.5950615671145630
 -0.6620126767448057 0.5591540250780952
 -0.6346490931732683 0.5235371929237369
 -0.6062681869585905 0.4880839784089410
 -0.5769294863814849 0.4528380995485843
 -0.5463244373095858 0.4180208374081628
 -0.5144333780459240 0.3837148202052544
 -0.4816328073822167 0.3498073969093817
 -0.4480675491842827 0.3162895075060317
 -0.4134671042800694 0.2833585575252736
 -0.3777384841100397 0.2511401215127869
 -0.3412262939911458 0.2195338932187442
 -0.3041653356077226 0.1884581911879498
 -0.2663426939999019 0.1580576988927354
 -0.2275826162216001 0.1285096773125008
 -0.1881786060496314 9.973126007637309E-02
 -0.1485700681452337 7.138084894460558E-02
   
   
 #BODY NUMBER  2
 0.9114224434929328 1.675757063936466
 0.9157532835519605 1.749811968530418
 0.9348048026828134 1.832156885355669
 0.9796178295617141 1.917830459468258
 1.052362838823448 1.991074480980223
 1.144235200492859 2.039456018438500
 1.241152241766432 2.062676940825662
 1.333143194323211 2.068366024142221
 1.418179324057691 2.063333894183479
 1.498091056027048 2.050597459148074
 1.573521647528993 2.031826158513550
 1.643771917691287 2.008965827335043
 1.709190108677720 1.983306798438357
 1.771223325478023 1.955008339860639
 1.830489567715711 1.924195610524831
 1.886475480769646 1.891556270227582
 1.939110317894592 1.857586132969781
 1.989265139408602 1.822139979094880
 2.037481376188770 1.785099767909144
 2.083358594438634 1.746832255482792
 2.126604532261459 1.707654376195436
 2.167754346796010 1.667404469476436
 2.207334331674813 1.625897720914420
 2.245077404140278 1.583356685968893
 2.280576593785694 1.540038924162022
 2.314123884737955 1.495814096663455
 2.346235467578055 1.450471023993141
 2.376783023183067 1.404139979706581
 2.405302297864714 1.357049138270760
 2.431878364759394 1.309106938254997
 2.457000708963765 1.260089470799209
 2.480679206876197 1.210053822037485
 2.502428949461163 1.159204211124703
 2.522136881187869 1.107485429151473
 2.540235681010985 1.054666363082618
 2.556869838146487 1.000737375822469
 2.571558699315531 0.9458741892292395
 2.583975106491932 0.8900513898091696
 2.594445018530587 0.8330319362013784
 2.603239276635235 0.7747384225050545
 2.609892491391104 0.7153069965016081
 2.613799973497725 0.6547329546168509
 2.615080437864670 0.5927726385529850
 2.614107295531702 0.5292752197266622
 2.610401216788869 0.4643244615505375
 2.602861591835345 0.3979383615951223
 2.591117020786846 0.3298905877214353
 2.575562685799593 0.2599869371605386
 2.555480211642412 0.1883292794857120
 2.528180618550094 0.1151952502783133
 2.491617127765128 4.088593621969050E-02
 2.448158624960426 -3.413761639707502E-02
 2.387696286962263 -0.1068871116720230
 2.310799446112853 -0.1710842300156270
 2.215338833757098 -0.2145853109697656
 2.113968274163183 -0.2275246146359416
 2.022165070476854 -0.2113727561205438
 1.947186791763581 -0.1782771156007537
 1.887171858275997 -0.1406305619279902
 1.837177044472853 -0.1034923408560813
 1.793791189967893 -6.685240644885271E-02
 1.755261549197620 -3.114020550792707E-02
 1.720110121289113 2.063880531880558E-03
 1.686967445920745 3.251298459845775E-02
 1.655055300027864 6.133319043805219E-02
 1.624024663676065 8.882882038407147E-02
 1.593464460254123 0.1141760863299062
 1.562903351186508 0.1371736238758243
 1.532094096704602 0.1586412736098987
 1.500969959995003 0.1789422512449393
 1.469393883829555 0.1974860000108409
 1.437162142379162 0.2139830597246088
 1.404185921162667 0.2290209442525940
 1.370481506261335 0.2429975477221756
 1.336012889604095 0.2554846458991022
 1.300687950076063 0.2661331222172243
 1.264484245747878 0.2753594974327635
 1.227451966457066 0.2835875471676014
 1.189603780214210 0.2905252399938433
 1.150906603015249 0.2957899846415257
 1.111374726241706 0.2996586626697427
 1.071077697240354 0.3025665915833922
 1.030057136789583 0.3043403733444883
 0.9883167573530640 0.3045823295085758
 0.9458953452614951 0.3034457516831437
 0.9028757434485359 0.3013606564121592
 0.8593176766974884 0.2982587416529699
 0.8152479287183543 0.2937427831492898
 0.7707210554845849 0.2878536407149390
 0.7258272179616136 0.2810016622080024
 0.6806340412012830 0.2732165416243820
 0.6351788831615062 0.2641204227142589
 0.5895234711292907 0.2536549638397869
 0.5437584958463391 0.2422025480343261
 0.4979485230428337 0.2298931264520063
 0.4521292613366359 0.2163937371730929
 0.4063629671946041 0.2015610624699255
 0.3607350755147056 0.1857436924261775
 0.3152922489238905 0.1691858119929324
 0.2700533295047713 0.1516306896699325
 0.2250839532955664 0.1328374884513797
 0.1804591078023876 0.1131018232495383
 0.1361026626023449 9.297502878345476E-02
 9.218299691183263E-02 7.162783186992386E-02
 4.859305699868206E-02 4.980206547576073E-02
 5.416059178151978E-03 2.720044557297518E-02
 -3.742066153143572E-02 3.800807987163284E-03
 -7.991366827108937E-02 -2.025881781555927E-02
 -0.1219725468117021 -4.492886414062204E-02
 -0.1635636728321005 -7.032797940583736E-02
 -0.2047055709759734 -9.655490813082912E-02
 -0.2453396456711758 -0.1235438262480462
 -0.2853397097070503 -0.1511989164838227
 -0.3246468563900324 -0.1795641504251438
 -0.3632732128265835 -0.2087250490894365
 -0.4011693965261748 -0.2386208347673575
 -0.4382111390876188 -0.2691108520173865
 -0.4743336470525021 -0.3001779358783493
 -0.5095586064621742 -0.3318962360858584
 -0.5438593430707372 -0.3642200218057022
 -0.5771187001828818 -0.3969853011622775
 -0.6092628675009512 -0.4301289367202850
 -0.6403189122249789 -0.4637216142496580
 -0.6702819704609465 -0.4977476353326367
 -0.6990399934162902 -0.5320400612338440
 -0.7265031777652617 -0.5665021568221869
 -0.7526973985228066 -0.6012084357827420
 -0.7776393732917892 -0.6361884088113835
 -0.8012237787561910 -0.6712909506673628
 -0.8233419224769957 -0.7063944978468518
 -0.8440160295220206 -0.7415813032073185
 -0.8632897988272200 -0.7769393821507873
 -0.8810723077583325 -0.8123497115964680
 -0.8972369702736837 -0.8476697328456093
 -0.9118027058868529 -0.8829891488713592
 -0.9248500826809544 -0.9184681197225236
 -0.9363143987294421 -0.9540375678030147
 -0.9460523448500082 -0.9895359897733113
 -0.9540796065315765 -1.025060986927926
 -0.9605285140035318 -1.060869698839853
 -0.9653781263785818 -1.096975067650879
 -0.9684686495930888 -1.133205350015836
 -0.9698137555439720 -1.169678875789456
 -0.9696293206162464 -1.206811986546892
 -0.9679769768406613 -1.244775877477938
 -0.9646876959866162 -1.283420625860794
 -0.9597938786686692 -1.322939636376563
 -0.9537050301367630 -1.364091974988412
 -0.9467101441944500 -1.407426147204140
 -0.9387099753549364 -1.452906613933658
 -0.9299523735295706 -1.501004924338815
 -0.9217426005035796 -1.553580451709130
 -0.9155908883528061 -1.612295269389073
 -0.9114224434929328 -1.675757063936466
 -0.9157532835519605 -1.749811968530418
 -0.9348048026828134 -1.832156885355669
 -0.9796178295617141 -1.917830459468258
 -1.052362838823448 -1.991074480980223
 -1.144235200492859 -2.039456018438500
 -1.241152241766432 -2.062676940825662
 -1.333143194323211 -2.068366024142221
 -1.418179324057691 -2.063333894183479
 -1.498091056027048 -2.050597459148074
 -1.573521647528993 -2.031826158513550
 -1.643771917691287 -2.008965827335043
 -1.709190108677720 -1.983306798438357
 -1.771223325478023 -1.955008339860639
 -1.830489567715711 -1.924195610524831
 -1.886475480769646 -1.891556270227582
 -1.939110317894592 -1.857586132969781
 -1.989265139408602 -1.822139979094880
 -2.037481376188770 -1.785099767909144
 -2.083358594438634 -1.746832255482792
 -2.126604532261459 -1.707654376195436
 -2.167754346796010 -1.667404469476436
 -2.207334331674813 -1.625897720914420
 -2.245077404140278 -1.583356685968893
 -2.280576593785694 -1.540038924162022
 -2.314123884737955 -1.495814096663455
 -2.346235467578055 -1.450471023993141
 -2.376783023183067 -1.404139979706581
 -2.405302297864714 -1.357049138270760
 -2.431878364759394 -1.309106938254997
 -2.457000708963765 -1.260089470799209
 -2.480679206876197 -1.210053822037485
 -2.502428949461163 -1.159204211124703
 -2.522136881187869 -1.107485429151473
 -2.540235681010985 -1.054666363082618
 -2.556869838146487 -1.000737375822469
 -2.571558699315531 -0.9458741892292395
 -2.583975106491932 -0.8900513898091696
 -2.594445018530587 -0.8330319362013784
 -2.603239276635235 -0.7747384225050545
 -2.609892491391104 -0.7153069965016081
 -2.613799973497725 -0.6547329546168509
 -2.615080437864670 -0.5927726385529850
 -2.614107295531702 -0.5292752197266622
 -2.610401216788869 -0.4643244615505375
 -2.602861591835345 -0.3979383615951223
 -2.591117020786846 -0.3298905877214353
 -2.575562685799593 -0.2599869371605386
 -2.555480211642412 -0.1883292794857120
 -2.528180618550094 -0.1151952502783133
 -2.491617127765128 -4.088593621969050E-02
 -2.448158624960426 3.413761639707502E-02
 -2.387696286962263 0.1068871116720230
 -2.310799446112853 0.1710842300156270
 -2.215338833757098 0.2145853109697656
 -2.113968274163183 0.2275246146359416
 -2.022165070476854 0.2113727561205438
 -1.947186791763581 0.1782771156007537
 -1.887171858275997 0.1406305619279902
 -1.837177044472853 0.1034923408560813
 -1.793791189967893 6.685240644885271E-02
 -1.755261549197620 3.114020550792707E-02
 -1.720110121289113 -2.063880531880558E-03
 -1.686967445920745 -3.251298459845775E-02
 -1.655055300027864 -6.133319043805219E-02
 -1.624024663676065 -8.882882038407147E-02
 -1.593464460254123 -0.1141760863299062
 -1.562903351186508 -0.1371736238758243
 -1.532094096704602 -0.1586412736098987
 -1.500969959995003 -0.1789422512449393
 -1.469393883829555 -0.1974860000108409
 -1.437162142379162 -0.2139830597246088
 -1.404185921162667 -0.2290209442525940
 -1.370481506261335 -0.2429975477221756
 -1.336012889604095 -0.2554846458991022
 -1.300687950076063 -0.2661331222172243
 -1.264484245747878 -0.2753594974327635
 -1.227451966457066 -0.2835875471676014
 -1.189603780214210 -0.2905252399938433
 -1.150906603015249 -0.2957899846415257
 -1.111374726241706 -0.2996586626697427
 -1.071077697240354 -0.3025665915833922
 -1.030057136789583 -0.3043403733444883
 -0.9883167573530640 -0.3045823295085758
 -0.9458953452614951 -0.3034457516831437
 -0.9028757434485359 -0.3013606564121592
 -0.8593176766974884 -0.2982587416529699
 -0.8152479287183543 -0.2937427831492898
 -0.7707210554845849 -0.2878536407149390
 -0.7258272179616136 -0.2810016622080024
 -0.6806340412012830 -0.2732165416243820
 -0.6351788831615062 -0.2641204227142589
 -0.5895234711292907 -0.2536549638397869
 -0.5437584958463391 -0.2422025480343261
 -0.4979485230428337 -0.2298931264520063
 -0.4521292613366359 -0.2163937371730929
 -0.4063629671946041 -0.2015610624699255
 -0.3607350755147056 -0.1857436924261775
 -0.3152922489238905 -0.1691858119929324
 -0.2700533295047713 -0.1516306896699325
 -0.2250839532955664 -0.1328374884513797
 -0.1804591078023876 -0.1131018232495383
 -0.1361026626023449 -9.297502878345476E-02
 -9.218299691183263E-02 -7.162783186992386E-02
 -4.859305699868206E-02 -4.980206547576073E-02
 -5.416059178151978E-03 -2.720044557297518E-02
 3.742066153143572E-02 -3.800807987163284E-03
 7.991366827108937E-02 2.025881781555927E-02
 0.1219725468117021 4.492886414062204E-02
 0.1635636728321005 7.032797940583736E-02
 0.2047055709759734 9.655490813082912E-02
 0.2453396456711758 0.1235438262480462
 0.2853397097070503 0.1511989164838227
 0.3246468563900324 0.1795641504251438
 0.3632732128265835 0.2087250490894365
 0.4011693965261748 0.2386208347673575
 0.4382111390876188 0.2691108520173865
 0.4743336470525021 0.3001779358783493
 0.5095586064621742 0.3318962360858584
 0.5438593430707372 0.3642200218057022
 0.5771187001828818 0.3969853011622775
 0.6092628675009512 0.4301289367202850
 0.6403189122249789 0.4637216142496580
 0.6702819704609465 0.4977476353326367
 0.6990399934162902 0.5320400612338440
 0.7265031777652617 0.5665021568221869
 0.7526973985228066 0.6012084357827420
 0.7776393732917892 0.6361884088113835
 0.8012237787561910 0.6712909506673628
 0.8233419224769957 0.7063944978468518
 0.8440160295220206 0.7415813032073185
 0.8632897988272200 0.7769393821507873
 0.8810723077583325 0.8123497115964680
 0.8972369702736837 0.8476697328456093
 0.9118027058868529 0.8829891488713592
 0.9248500826809544 0.9184681197225236
 0.9363143987294421 0.9540375678030147
 0.9460523448500082 0.9895359897733113
 0.9540796065315765 1.025060986927926
 0.9605285140035318 1.060869698839853
 0.9653781263785818 1.096975067650879
 0.9684686495930888 1.133205350015836
 0.9698137555439720 1.169678875789456
 0.9696293206162464 1.206811986546892
 0.9679769768406613 1.244775877477938
 0.9646876959866162 1.283420625860794
 0.9597938786686692 1.322939636376563
 0.9537050301367630 1.364091974988412
 0.9467101441944500 1.407426147204140
 0.9387099753549364 1.452906613933658
 0.9299523735295706 1.501004924338815
 0.9217426005035796 1.553580451709130
 0.9155908883528061 1.612295269389073
 0.9114224434929328 1.675757063936466
   
   
 #BODY NUMBER  3
 1.253643355504728 2.103098753511172
 1.286415097526248 2.014362085195087
 1.303563012436860 1.915668908376927
 1.293505747457350 1.811247052538956
 1.254026233342582 1.716987920901693
 1.194136711706750 1.645559943618234
 1.127985906905458 1.597174669780404
 1.065375568316119 1.564023489610105
 1.008215518514911 1.539295821335064
 0.9547914772727756 1.520042536372487
 0.9045989836477426 1.504530989137204
 0.8582676876735719 1.490691002609044
 0.8153266523452559 1.477213155823945
 0.7744115489994298 1.463986529711232
 0.7350843167972214 1.450861025307987
 0.6978528388606777 1.437068745772683
 0.6626558325876182 1.422100817725260
 0.6286596753174110 1.406153045539307
 0.5955164446090062 1.389349241295455
 0.5636690490136149 1.371275431567295
 0.5332663054885471 1.351610454519927
 0.5037550048598872 1.330571151489619
 0.4747987037459419 1.308370573700166
 0.4467502511765530 1.284763425130152
 0.4198659304094463 1.259495368270788
 0.3937738029238499 1.232755228219249
 0.3681319631844722 1.204798358460784
 0.3431996518318658 1.175489714100427
 0.3192916606230542 1.144609347915220
 0.2961753487847843 1.112308077384165
 0.2735084939724885 1.078863791028781
 0.2514620736812243 1.044225834481486
 0.2303823437782626 1.008198583607902
 0.2101559430026805 0.9708922741594792
 0.1904518875701843 0.9325936584932732
 0.1713591911764923 0.8933203087675330
 0.1532352519735486 0.8528968082273849
 0.1360719623113166 0.8113908336386759
 0.1195590310030231 0.7690856406169434
 0.1037045548197981 0.7260546411729664
 8.885444585192043E-02 0.6821412601224217
 7.509009308336667E-02 0.6373697840450413
 6.212568846412236E-02 0.5920099449437078
 4.988097385855103E-02 0.5461826339580380
 3.866215705656642E-02 0.4997522946983665
 2.862448308456439E-02 0.4527011839827124
 1.950878152355986E-02 0.4052775856449217
 1.112691331616783E-02 0.3576440031808822
 3.710635504869469E-03 0.3096883885626679
 -2.498662926033651E-03 0.2613471657638805
 -7.719498247243842E-03 0.2128330833259114
 -1.246740554288875E-02 0.1643558777280603
 -1.594002356143837E-02 0.1156467330575914
 -1.883332536360370E-02 6.698385454628424E-02
 -2.084824727137649E-02 1.829066762316707E-02
 -2.200192703750806E-02 -3.050683951906079E-02
 -2.241218325662958E-02 -7.933667574014548E-02
 -2.207673569689268E-02 -0.1280957561735317
 -2.087601965376625E-02 -0.1768142855118043
 -1.873378218661606E-02 -0.2255576788268060
 -1.567773082404915E-02 -0.2742422788307343
 -1.172775215385299E-02 -0.3227108955566941
 -6.816312317871415E-03 -0.3709345001050984
 -8.754114956857073E-04 -0.4189663553669306
 6.067006517693124E-03 -0.4667333059962189
 1.395126473732203E-02 -0.5140574046798871
 2.279489459997577E-02 -0.5608739561563632
 3.265126863970375E-02 -0.6072388159561695
 4.349411991529162E-02 -0.6531060180876258
 5.524000564410747E-02 -0.6982921059385694
 6.787115235208047E-02 -0.7427015891985186
 8.143524211164227E-02 -0.7863932516352790
 9.592111164122297E-02 -0.8293550317841887
 0.1112402121513921 -0.8714064231767360
 0.1273536702240589 -0.9124212862859320
 0.1443130790959565 -0.9524592863745811
 0.1621356369779633 -0.9915496566593913
 0.1807431272304470 -1.029525621852705
 0.2000846189904278 -1.066232269789222
 0.2202202327880979 -1.101729974371006
 0.2412043427295578 -1.136100587687724
 0.2629793331203372 -1.169205856887931
 0.2854850375266242 -1.200864875894398
 0.3087896812451701 -1.231138880973085
 0.3329916829053555 -1.260177726155107
 0.3580635705174085 -1.287890839130356
 0.3839371326776618 -1.314073358836599
 0.4106890518421437 -1.338787669952970
 0.4384758522986937 -1.362276943606302
 0.4673192127145238 -1.384529515527116
 0.4971502960216060 -1.405321128324343
 0.5280647429317062 -1.424722787135400
 0.5603151776330497 -1.443129617181362
 0.5940190434936299 -1.460680590961443
 0.6291310177430632 -1.477154364373086
 0.6658023934411168 -1.492675699512148
 0.7044857883700701 -1.507978771309646
 0.7455117253320169 -1.523588108494893
 0.7888990493155096 -1.539399992410068
 0.8349322089181674 -1.555864841955651
 0.8845688377512201 -1.575042733640996
 0.9384932175160089 -1.599072603481628
 0.9955369661937370 -1.627193521612400
 1.057504974817418 -1.667971591420221
 1.119292005095176 -1.725643149380851
 1.171080983270237 -1.807289156134748
 1.198139661944065 -1.906910192909926
 1.194103121622376 -2.010664760750446
 1.165754509672179 -2.106207841746566
 1.124685924070175 -2.188718885237346
 1.077809906823521 -2.259846268847544
 1.026823964544531 -2.322683641275717
 0.9728522455819855 -2.378622799421627
 0.9179294829613261 -2.428031152415640
 0.8629990166071401 -2.471855453231170
 0.8074752241907436 -2.511428565569840
 0.7511574967071556 -2.547348272266617
 0.6948980423200061 -2.579513825076766
 0.6391616219222325 -2.608111862522126
 0.5833869414431110 -2.633824135138083
 0.5272010592046383 -2.657060515471726
 0.4711218121788493 -2.677657595717895
 0.4155698045381865 -2.695520736839265
 0.3601374555523032 -2.711032568227705
 0.3044015644297025 -2.724556466333144
 0.2486884112308626 -2.735972408432350
 0.1934245342483210 -2.745056727575607
 0.1383510646804463 -2.751997120019128
 8.302702044226042E-02 -2.757135030179227
 2.762938130373207E-02 -2.760424467213405
 -2.741212100609768E-02 -2.761577462867308
 -8.221931758040345E-02 -2.760621911922894
 -0.1372308617284784 -2.757869766478601
 -0.1924022536071820 -2.753358122813363
 -0.2473141797226884 -2.746769146961324
 -0.3019579246276474 -2.737977325506086
 -0.3567499775590026 -2.727241812896485
 -0.4117709290944105 -2.714682921916298
 -0.4666282730012353 -2.699972255544739
 -0.5211804389975793 -2.682813779873198
 -0.5757956903511621 -2.663371262870166
 -0.6306764831403586 -2.641840556948067
 -0.6854722152204128 -2.617886696941759
 -0.7398846153558261 -2.590983654768548
 -0.7941840552771193 -2.561112411407030
 -0.8486878618889708 -2.528520936012020
 -0.9030838290931383 -2.492835998584239
 -0.9568060656359391 -2.453113441861773
 -1.009864880957281 -2.408918458040378
 -1.062626050666662 -2.360496183521995
 -1.114642165510160 -2.307275421893619
 -1.164328296138721 -2.247066266158994
 -1.210400304458802 -2.178246697258864
 -1.253643355504728 -2.103098753511172
 -1.286415097526248 -2.014362085195087
 -1.303563012436860 -1.915668908376927
 -1.293505747457350 -1.811247052538956
 -1.254026233342582 -1.716987920901693
 -1.194136711706750 -1.645559943618234
 -1.127985906905458 -1.597174669780404
 -1.065375568316119 -1.564023489610105
 -1.008215518514911 -1.539295821335064
 -0.9547914772727756 -1.520042536372487
 -0.9045989836477426 -1.504530989137204
 -0.8582676876735719 -1.490691002609044
 -0.8153266523452559 -1.477213155823945
 -0.7744115489994298 -1.463986529711232
 -0.7350843167972214 -1.450861025307987
 -0.6978528388606777 -1.437068745772683
 -0.6626558325876182 -1.422100817725260
 -0.6286596753174110 -1.406153045539307
 -0.5955164446090062 -1.389349241295455
 -0.5636690490136149 -1.371275431567295
 -0.5332663054885471 -1.351610454519927
 -0.5037550048598872 -1.330571151489619
 -0.4747987037459419 -1.308370573700166
 -0.4467502511765530 -1.284763425130152
 -0.4198659304094463 -1.259495368270788
 -0.3937738029238499 -1.232755228219249
 -0.3681319631844722 -1.204798358460784
 -0.3431996518318658 -1.175489714100427
 -0.3192916606230542 -1.144609347915220
 -0.2961753487847843 -1.112308077384165
 -0.2735084939724885 -1.078863791028781
 -0.2514620736812243 -1.044225834481486
 -0.2303823437782626 -1.008198583607902
 -0.2101559430026805 -0.9708922741594792
 -0.1904518875701843 -0.9325936584932732
 -0.1713591911764923 -0.8933203087675330
 -0.1532352519735486 -0.8528968082273849
 -0.1360719623113166 -0.8113908336386759
 -0.1195590310030231 -0.7690856406169434
 -0.1037045548197981 -0.7260546411729664
 -8.885444585192043E-02 -0.6821412601224217
 -7.509009308336667E-02 -0.6373697840450413
 -6.212568846412236E-02 -0.5920099449437078
 -4.988097385855103E-02 -0.5461826339580380
 -3.866215705656642E-02 -0.4997522946983665
 -2.862448308456439E-02 -0.4527011839827124
 -1.950878152355986E-02 -0.4052775856449217
 -1.112691331616783E-02 -0.3576440031808822
 -3.710635504869469E-03 -0.3096883885626679
 2.498662926033651E-03 -0.2613471657638805
 7.719498247243842E-03 -0.2128330833259114
 1.246740554288875E-02 -0.1643558777280603
 1.594002356143837E-02 -0.1156467330575914
 1.883332536360370E-02 -6.698385454628424E-02
 2.084824727137649E-02 -1.829066762316707E-02
 2.200192703750806E-02 3.050683951906079E-02
 2.241218325662958E-02 7.933667574014548E-02
 2.207673569689268E-02 0.1280957561735317
 2.087601965376625E-02 0.1768142855118043
 1.873378218661606E-02 0.2255576788268060
 1.567773082404915E-02 0.2742422788307343
 1.172775215385299E-02 0.3227108955566941
 6.816312317871415E-03 0.3709345001050984
 8.754114956857073E-04 0.4189663553669306
 -6.067006517693124E-03 0.4667333059962189
 -1.395126473732203E-02 0.5140574046798871
 -2.279489459997577E-02 0.5608739561563632
 -3.265126863970375E-02 0.6072388159561695
 -4.349411991529162E-02 0.6531060180876258
 -5.524000564410747E-02 0.6982921059385694
 -6.787115235208047E-02 0.7427015891985186
 -8.143524211164227E-02 0.7863932516352790
 -9.592111164122297E-02 0.8293550317841887
 -0.1112402121513921 0.8714064231767360
 -0.1273536702240589 0.9124212862859320
 -0.1443130790959565 0.9524592863745811
 -0.1621356369779633 0.9915496566593913
 -0.1807431272304470 1.029525621852705
 -0.2000846189904278 1.066232269789222
 -0.2202202327880979 1.101729974371006
 -0.2412043427295578 1.136100587687724
 -0.2629793331203372 1.169205856887931
 -0.2854850375266242 1.200864875894398
 -0.3087896812451701 1.231138880973085
 -0.3329916829053555 1.260177726155107
 -0.3580635705174085 1.287890839130356
 -0.3839371326776618 1.314073358836599
 -0.4106890518421437 1.338787669952970
 -0.4384758522986937 1.362276943606302
 -0.4673192127145238 1.384529515527116
 -0.4971502960216060 1.405321128324343
 -0.5280647429317062 1.424722787135400
 -0.5603151776330497 1.443129617181362
 -0.5940190434936299 1.460680590961443
 -0.6291310177430632 1.477154364373086
 -0.6658023934411168 1.492675699512148
 -0.7044857883700701 1.507978771309646
 -0.7455117253320169 1.523588108494893
 -0.7888990493155096 1.539399992410068
 -0.8349322089181674 1.555864841955651
 -0.8845688377512201 1.575042733640996
 -0.9384932175160089 1.599072603481628
 -0.9955369661937370 1.627193521612400
 -1.057504974817418 1.667971591420221
 -1.119292005095176 1.725643149380851
 -1.171080983270237 1.807289156134748
 -1.198139661944065 1.906910192909926
 -1.194103121622376 2.010664760750446
 -1.165754509672179 2.106207841746566
 -1.124685924070175 2.188718885237346
 -1.077809906823521 2.259846268847544
 -1.026823964544531 2.322683641275717
 -0.9728522455819855 2.378622799421627
 -0.9179294829613261 2.428031152415640
 -0.8629990166071401 2.471855453231170
 -0.8074752241907436 2.511428565569840
 -0.7511574967071556 2.547348272266617
 -0.6948980423200061 2.579513825076766
 -0.6391616219222325 2.608111862522126
 -0.5833869414431110 2.633824135138083
 -0.5272010592046383 2.657060515471726
 -0.4711218121788493 2.677657595717895
 -0.4155698045381865 2.695520736839265
 -0.3601374555523032 2.711032568227705
 -0.3044015644297025 2.724556466333144
 -0.2486884112308626 2.735972408432350
 -0.1934245342483210 2.745056727575607
 -0.1383510646804463 2.751997120019128
 -8.302702044226042E-02 2.757135030179227
 -2.762938130373207E-02 2.760424467213405
 2.741212100609768E-02 2.761577462867308
 8.221931758040345E-02 2.760621911922894
 0.1372308617284784 2.757869766478601
 0.1924022536071820 2.753358122813363
 0.2473141797226884 2.746769146961324
 0.3019579246276474 2.737977325506086
 0.3567499775590026 2.727241812896485
 0.4117709290944105 2.714682921916298
 0.4666282730012353 2.699972255544739
 0.5211804389975793 2.682813779873198
 0.5757956903511621 2.663371262870166
 0.6306764831403586 2.641840556948067
 0.6854722152204128 2.617886696941759
 0.7398846153558261 2.590983654768548
 0.7941840552771193 2.561112411407030
 0.8486878618889708 2.528520936012020
 0.9030838290931383 2.492835998584239
 0.9568060656359391 2.453113441861773
 1.009864880957281 2.408918458040378
 1.062626050666662 2.360496183521995
 1.114642165510160 2.307275421893619
 1.164328296138721 2.247066266158994
 1.210400304458802 2.178246697258864
 1.253643355504728 2.103098753511172
   
   
 #BODY NUMBER  4
 -1.256418778206541 -2.405701164194847
 -1.305767741207937 -2.379255700606007
 -1.354691838777223 -2.352005358647645
 -1.402968822942797 -2.323592616667044
 -1.450583744790941 -2.294084100229803
 -1.497572179855829 -2.263611679621561
 -1.543904122699946 -2.232164578248709
 -1.589512129659246 -2.199690478584030
 -1.634367502044165 -2.166226480838604
 -1.678479624603614 -2.131849031902377
 -1.721838376135263 -2.096574043892573
 -1.764401348383884 -2.060382140318244
 -1.806139239468655 -2.023299666366331
 -1.847056997219038 -1.985387779272285
 -1.887157795308884 -1.946673747950579
 -1.926415795489988 -1.907151329113884
 -1.964803632340006 -1.866839233705834
 -2.002323519075615 -1.825787688321677
 -2.038986943311671 -1.784027701164313
 -2.074780177374043 -1.741558756162581
 -2.109677062832105 -1.698392482582944
 -2.143675207790686 -1.654569088153560
 -2.176789801880061 -1.610119732856798
 -2.209015833649447 -1.565046777072626
 -2.240327104312874 -1.519355874627679
 -2.270714247361788 -1.473078329273269
 -2.300192345923749 -1.426244223289417
 -2.328762896097532 -1.378858231956578
 -2.356399020521555 -1.330921796745657
 -2.383082395812141 -1.282458856800972
 -2.408825026179960 -1.233498401085992
 -2.433633891426958 -1.184047967001891
 -2.457481670250849 -1.134106903246535
 -2.480339454636916 -1.083693574820296
 -2.502213733370403 -1.032836497140603
 -2.523117165326744 -0.9815472309464439
 -2.543023267028228 -0.9298254215342893
 -2.561890937321806 -0.8776858718733613
 -2.579718922328456 -0.8251576890578506
 -2.596527610174276 -0.7722581190809015
 -2.612294368697920 -0.7189898056466009
 -2.626963558980185 -0.6653661662115603
 -2.640523635836282 -0.6114182183762964
 -2.653008934998334 -0.5571709645329787
 -2.664407392444106 -0.5026329228051342
 -2.674642171146616 -0.4478178564333167
 -2.683686036828621 -0.3927595258500784
 -2.691608014586890 -0.3374930924224759
 -2.698423668411204 -0.2820355718148720
 -2.703991489447478 -0.2263993116892071
 -2.708249692668883 -0.1706194009905924
 -2.711607711209806 -0.1147600023787527
 -2.713379749427713 -5.879981497470488E-02
 -2.714242309814601 -2.805132643294295E-03
 -2.713774645551015 5.321033305249268E-02
 -2.712026981612446 0.1092003231908163
 -2.709131308783348 0.1651297119452055
 -2.705063291541133 0.2209779021413256
 -2.699743899746143 0.2767126446163974
 -2.693190913778879 0.3322905354706607
 -2.685475230962528 0.3876814786901093
 -2.676605570993670 0.4428687529977965
 -2.666543949211295 0.4978253200128392
 -2.655298530276149 0.5525126309685955
 -2.642924751822489 0.6069043921933476
 -2.629447816259909 0.6609897177120373
 -2.614849397618875 0.7147493525889951
 -2.599132017340730 0.7681502422014682
 -2.582340279541245 0.8211691899536995
 -2.564506781919283 0.8738006403105316
 -2.545624213707046 0.9260329627930142
 -2.525689566929402 0.9778376889024708
 -2.504736466552780 1.029192643332840
 -2.482799492728632 1.080095400698630
 -2.459878183880579 1.130540440766167
 -2.435964336973131 1.180502247807939
 -2.411080378595883 1.229957058313936
 -2.385259902331315 1.278902893515781
 -2.358507705140458 1.327338711432794
 -2.330811596692945 1.375240514851607
 -2.302183147204061 1.422580465684311
 -2.272653463957935 1.469354465400565
 -2.242232564436435 1.515564789985580
 -2.210906223944224 1.561188104148581
 -2.178675893030807 1.606190190314261
 -2.145569511164698 1.650562410226770
 -2.111603419677264 1.694309946424320
 -2.076764069647383 1.737410040894199
 -2.041043730245928 1.779819697509130
 -2.004466982016387 1.821523276830932
 -1.967058954489987 1.862529812498170
 -1.928810621100952 1.902818382632131
 -1.889705782247963 1.942334093787041
 -1.849765527368635 1.981051438739322
 -1.809028677035805 2.018987651909167
 -1.767496576149722 2.056128026485083
 -1.725142725512853 2.092399138029477
 -1.681982745378809 2.127760520750127
 -1.638081598933079 2.162254371450805
 -1.593461804168151 2.195885661109863
 -1.548063300045904 2.228525665633835
 -1.501885581970778 2.260103333147355
 -1.455188933003266 2.290941161816094
 -1.407612008219776 2.320455885631302
 -1.359550471037379 2.349200226004351
 -1.310805822608218 2.376802949719536
 -1.261443236821505 2.403284423420619
 -1.211559128927519 2.428741391566766
 -1.161159168841187 2.453142480390035
 -1.110231770086896 2.476403123200427
 -1.058823411734713 2.498517016309265
 -1.006995606358914 2.519530510592486
 -0.9547671948584077 2.539442796890369
 -0.9021426008274110 2.558207460331083
 -0.8491592908074943 2.575812297334926
 -0.7958677546034515 2.592292171465632
 -0.7422900209510251 2.607663465662617
 -0.6884336021288868 2.621900681702880
 -0.6343283850007242 2.634989475907302
 -0.5800167604656293 2.646956878275376
 -0.5255198386076124 2.657828341474844
 -0.4708440363330026 2.667591718955595
 -0.4160125040972964 2.676230171485415
 -0.3610612587620940 2.683761731486400
 -0.3060096908485703 2.690215133555428
 -0.2508623502311320 2.695587217838793
 -0.1956372326602582 2.699858122435618
 -0.1403661312340947 2.703035387587205
 -8.506755640756605E-02 2.705147116805198
 -2.974480904292720E-02 2.706196943389373
 2.558742382860918E-02 2.706162311597264
 8.089924860807962E-02 2.705039322485283
 0.1361715622220249 2.702852866486557
 0.1914013269905228 2.699612756987471
 0.2465754463066250 2.695295007395115
 0.3016635616061091 2.689883765134558
 0.3566442222057057 2.683398907367373
 0.4115137456494802 2.675857177370764
 0.4662591973808453 2.667235462428488
 0.5208472070758782 2.657505569382492
 0.5752519403120686 2.646680965888783
 0.6294686556842894 2.634787931579072
 0.6834837475969675 2.621808188278732
 0.7372577767322223 2.607700259998601
 0.7907581084676468 2.592469657115618
 0.8439802579625292 2.576158616442145
 0.8969108162943843 2.558760949290217
 0.9494994456337628 2.540216994462793
 1.001703291449812 2.520520046600206
 1.053526415653812 2.499747463873281
 1.104961864243052 2.477921232924735
 1.155928189401575 2.454924977323042
 1.206364110698105 2.430722734137948
 1.256418778206541 2.405701164194847
 1.305767741207937 2.379255700606007
 1.354691838777223 2.352005358647645
 1.402968822942797 2.323592616667044
 1.450583744790941 2.294084100229803
 1.497572179855829 2.263611679621561
 1.543904122699946 2.232164578248709
 1.589512129659246 2.199690478584030
 1.634367502044165 2.166226480838604
 1.678479624603614 2.131849031902377
 1.721838376135263 2.096574043892573
 1.764401348383884 2.060382140318244
 1.806139239468655 2.023299666366331
 1.847056997219038 1.985387779272285
 1.887157795308884 1.946673747950579
 1.926415795489988 1.907151329113884
 1.964803632340006 1.866839233705834
 2.002323519075615 1.825787688321677
 2.038986943311671 1.784027701164313
 2.074780177374043 1.741558756162581
 2.109677062832105 1.698392482582944
 2.143675207790686 1.654569088153560
 2.176789801880061 1.610119732856798
 2.209015833649447 1.565046777072626
 2.240327104312874 1.519355874627679
 2.270714247361788 1.473078329273269
 2.300192345923749 1.426244223289417
 2.328762896097532 1.378858231956578
 2.356399020521555 1.330921796745657
 2.383082395812141 1.282458856800972
 2.408825026179960 1.233498401085992
 2.433633891426958 1.184047967001891
 2.457481670250849 1.134106903246535
 2.480339454636916 1.083693574820296
 2.502213733370403 1.032836497140603
 2.523117165326744 0.9815472309464439
 2.543023267028228 0.9298254215342893
 2.561890937321806 0.8776858718733613
 2.579718922328456 0.8251576890578506
 2.596527610174276 0.7722581190809015
 2.612294368697920 0.7189898056466009
 2.626963558980185 0.6653661662115603
 2.640523635836282 0.6114182183762964
 2.653008934998334 0.5571709645329787
 2.664407392444106 0.5026329228051342
 2.674642171146616 0.4478178564333167
 2.683686036828621 0.3927595258500784
 2.691608014586890 0.3374930924224759
 2.698423668411204 0.2820355718148720
 2.703991489447478 0.2263993116892071
 2.708249692668883 0.1706194009905924
 2.711607711209806 0.1147600023787527
 2.713379749427713 5.879981497470488E-02
 2.714242309814601 2.805132643294295E-03
 2.713774645551015 -5.321033305249268E-02
 2.712026981612446 -0.1092003231908163
 2.709131308783348 -0.1651297119452055
 2.705063291541133 -0.2209779021413256
 2.699743899746143 -0.2767126446163974
 2.693190913778879 -0.3322905354706607
 2.685475230962528 -0.3876814786901093
 2.676605570993670 -0.4428687529977965
 2.666543949211295 -0.4978253200128392
 2.655298530276149 -0.5525126309685955
 2.642924751822489 -0.6069043921933476
 2.629447816259909 -0.6609897177120373
 2.614849397618875 -0.7147493525889951
 2.599132017340730 -0.7681502422014682
 2.582340279541245 -0.8211691899536995
 2.564506781919283 -0.8738006403105316
 2.545624213707046 -0.9260329627930142
 2.525689566929402 -0.9778376889024708
 2.504736466552780 -1.029192643332840
 2.482799492728632 -1.080095400698630
 2.459878183880579 -1.130540440766167
 2.435964336973131 -1.180502247807939
 2.411080378595883 -1.229957058313936
 2.385259902331315 -1.278902893515781
 2.358507705140458 -1.327338711432794
 2.330811596692945 -1.375240514851607
 2.302183147204061 -1.422580465684311
 2.272653463957935 -1.469354465400565
 2.242232564436435 -1.515564789985580
 2.210906223944224 -1.561188104148581
 2.178675893030807 -1.606190190314261
 2.145569511164698 -1.650562410226770
 2.111603419677264 -1.694309946424320
 2.076764069647383 -1.737410040894199
 2.041043730245928 -1.779819697509130
 2.004466982016387 -1.821523276830932
 1.967058954489987 -1.862529812498170
 1.928810621100952 -1.902818382632131
 1.889705782247963 -1.942334093787041
 1.849765527368635 -1.981051438739322
 1.809028677035805 -2.018987651909167
 1.767496576149722 -2.056128026485083
 1.725142725512853 -2.092399138029477
 1.681982745378809 -2.127760520750127
 1.638081598933079 -2.162254371450805
 1.593461804168151 -2.195885661109863
 1.548063300045904 -2.228525665633835
 1.501885581970778 -2.260103333147355
 1.455188933003266 -2.290941161816094
 1.407612008219776 -2.320455885631302
 1.359550471037379 -2.349200226004351
 1.310805822608218 -2.376802949719536
 1.261443236821505 -2.403284423420619
 1.211559128927519 -2.428741391566766
 1.161159168841187 -2.453142480390035
 1.110231770086896 -2.476403123200427
 1.058823411734713 -2.498517016309265
 1.006995606358914 -2.519530510592486
 0.9547671948584077 -2.539442796890369
 0.9021426008274110 -2.558207460331083
 0.8491592908074943 -2.575812297334926
 0.7958677546034515 -2.592292171465632
 0.7422900209510251 -2.607663465662617
 0.6884336021288868 -2.621900681702880
 0.6343283850007242 -2.634989475907302
 0.5800167604656293 -2.646956878275376
 0.5255198386076124 -2.657828341474844
 0.4708440363330026 -2.667591718955595
 0.4160125040972964 -2.676230171485415
 0.3610612587620940 -2.683761731486400
 0.3060096908485703 -2.690215133555428
 0.2508623502311320 -2.695587217838793
 0.1956372326602582 -2.699858122435618
 0.1403661312340947 -2.703035387587205
 8.506755640756605E-02 -2.705147116805198
 2.974480904292720E-02 -2.706196943389373
 -2.558742382860918E-02 -2.706162311597264
 -8.089924860807962E-02 -2.705039322485283
 -0.1361715622220249 -2.702852866486557
 -0.1914013269905228 -2.699612756987471
 -0.2465754463066250 -2.695295007395115
 -0.3016635616061091 -2.689883765134558
 -0.3566442222057057 -2.683398907367373
 -0.4115137456494802 -2.675857177370764
 -0.4662591973808453 -2.667235462428488
 -0.5208472070758782 -2.657505569382492
 -0.5752519403120686 -2.646680965888783
 -0.6294686556842894 -2.634787931579072
 -0.6834837475969675 -2.621808188278732
 -0.7372577767322223 -2.607700259998601
 -0.7907581084676468 -2.592469657115618
 -0.8439802579625292 -2.576158616442145
 -0.8969108162943843 -2.558760949290217
 -0.9494994456337628 -2.540216994462793
 -1.001703291449812 -2.520520046600206
 -1.053526415653812 -2.499747463873281
 -1.104961864243052 -2.477921232924735
 -1.155928189401575 -2.454924977323042
 -1.206364110698105 -2.430722734137948
 -1.256418778206541 -2.405701164194847
   
   
 #BODY NUMBER  5
 2.085938583960800 -2.010381854452529
 2.044517717211567 -2.052989958136374
 2.002455838550135 -2.095022728139595
 1.959468798797165 -2.136193060121026
 1.915606586568242 -2.176500043974572
 1.870964985292780 -2.216001815044133
 1.825525169454137 -2.254661393934233
 1.779239603341962 -2.292396293486494
 1.732133399957041 -2.329178367863402
 1.684259384471214 -2.365020988240234
 1.635621423946421 -2.399903034551849
 1.586200759543666 -2.433763470173594
 1.536019151597626 -2.466562030425512
 1.485124276046550 -2.498296174335098
 1.433536169590112 -2.528952568718745
 1.381254253226458 -2.558483028406645
 1.328304028115744 -2.586843921107946
 1.274735674650417 -2.614026540376296
 1.220582720451996 -2.640027241642173
 1.165858870539014 -2.664813817224150
 1.110594352806584 -2.688347992403929
 1.054841886909214 -2.710622606320394
 0.9986435470251096 -2.731647406168043
 0.9420213033931424 -2.751410316093895
 0.8850058918751121 -2.769884292352612
 0.8276475945650732 -2.787067138613559
 0.7699895553798712 -2.802981930554640
 0.7120544025932686 -2.817636558514526
 0.6538675077241196 -2.831015309772050
 0.5954712825841436 -2.843118174202423
 0.5369039402364351 -2.853976104141492
 0.4781836502083401 -2.863612257946532
 0.4193274135677620 -2.872018202619707
 0.3603679501024459 -2.879189712698357
 0.3013368770752072 -2.885157904010388
 0.2422470701808894 -2.889955959070243
 0.1831080411545150 -2.893578903755928
 0.1239447655032664 -2.896012039038731
 6.478407128508379E-02 -2.897279957705850
 5.635302298192535E-03 -2.897423606632631
 -5.349673149158107E-02 -2.896440734371488
 -0.1125910012993265 -2.894300800301049
 -0.1716222606524547 -2.891016404811154
 -0.2305827950295465 -2.886639148627351
 -0.2894698973168857 -2.881173197698430
 -0.3482616403199321 -2.874563541036350
 -0.4069304764792359 -2.866803114090190
 -0.4654710148220467 -2.857970597561094
 -0.5238820001239930 -2.848089722955866
 -0.5821291925206662 -2.837038172182853
 -0.6401763940749681 -2.824768808183286
 -0.6980724652827600 -2.811666731670456
 -0.7556825988546672 -2.797099260660773
 -0.8131149847996019 -2.781688990210685
 -0.8702630580542446 -2.765046287741836
 -0.9271010361358061 -2.747213989612178
 -0.9836313740142535 -2.728304114376793
 -1.039831459352011 -2.708281868962292
 -1.095653624029610 -2.687064842656734
 -1.151060936536362 -2.664660711038010
 -1.206038564063814 -2.641121907634530
 -1.260566282568054 -2.616441221387602
 -1.314600612201070 -2.590571888353784
 -1.368095802559806 -2.563512621195721
 -1.421025815128397 -2.535303438000834
 -1.473369084681288 -2.505955024468247
 -1.525084171138269 -2.475442786582739
 -1.576120537246958 -2.443766992851406
 -1.626445552807413 -2.410966747545704
 -1.676039297719082 -2.377069264152835
 -1.724867026802389 -2.342070307726295
 -1.772880479231406 -2.305976919032003
 -1.820047093691240 -2.268831174199489
 -1.866354274410840 -2.230674384133166
 -1.911780578275314 -2.191519537691537
 -1.956287216783289 -2.151379731039057
 -1.999847146809611 -2.110297411581216
 -2.042458780519131 -2.068321480884973
 -2.084117637008704 -2.025475480779585
 -2.124797422903208 -1.981773527284330
 -2.164476923528457 -1.937252345043182
 -2.203163837862057 -1.891960503707460
 -2.240869136866043 -1.845925317728061
 -2.277577016816108 -1.799157293962759
 -2.313267458460373 -1.751682655847620
 -2.347951600264857 -1.703544342649392
 -2.381651741282607 -1.654770096304123
 -2.414358817930103 -1.605365667154980
 -2.446047612721479 -1.555345335111299
 -2.476726009606228 -1.504744630346390
 -2.506424797719493 -1.453592118264555
 -2.535139622267554 -1.401890838694599
 -2.562833519904003 -1.349643732787781
 -2.589504779650244 -1.296878964825637
 -2.615194231784743 -1.243629016142468
 -2.639904130568128 -1.189898314141919
 -2.663575871489997 -1.135678342837475
 -2.686189562690061 -1.080989426839971
 -2.707810648167923 -1.025875575219331
 -2.728459052399160 -0.9703497407851522
 -2.748011724876855 -0.9143804170840074
 -2.766409744742102 -0.8579753839196029
 -2.784011049243560 -0.8012848772179275
 -2.800200316066235 -0.7441093025243997
 -2.815570823349737 -0.6866662620710895
 -2.829731856851410 -0.6288532276208108
 -2.842707622704048 -0.5707139456376062
 -2.854596359307034 -0.5123022993326602
 -2.865356628806149 -0.4536204750280584
 -2.874893227371572 -0.3946685491702405
 -2.883194336493403 -0.3354823431746078
 -2.890297948535028 -0.2761009193942958
 -2.896187706514475 -0.2165381868357535
 -2.900801371744737 -0.1568084181801898
 -2.904114954157432 -9.695059077020918E-02
 -2.906150091174946 -3.700726366573628E-02
 -2.906905254271400 2.299754425049777E-02
 -2.906338424364728 8.304024182390608E-02
 -2.904424565362701 0.1430769282565397
 -2.901181227457829 0.2030597928305923
 -2.896622018171079 0.2629579774893377
 -2.890725897341403 0.3227435094978554
 -2.883474832037989 0.3823710733719255
 -2.874888980600454 0.4417914321209059
 -2.864997821435949 0.5009730220348773
 -2.853801881668457 0.5598907784023583
 -2.841293108658401 0.6185045613135547
 -2.827494741374684 0.6767697270323426
 -2.812448335899003 0.7346604496696664
 -2.796172039601972 0.7921610777349402
 -2.778664930627327 0.8492417824877199
 -2.759948206112601 0.9058658291592409
 -2.740067778098492 0.9620156004340311
 -2.719052787074383 1.017686940218472
 -2.696904430383871 1.072860908656948
 -2.673635408562820 1.127507056850737
 -2.649288477340065 1.181613561360996
 -2.623898811463496 1.235185862766120
 -2.597466859084618 1.288213236600947
 -2.569992378224746 1.340666703927432
 -2.541510080891312 1.392535327359460
 -2.512060100017685 1.443831488368076
 -2.481642890775973 1.494549895676888
 -2.450242518604677 1.544657067513268
 -2.417882518997789 1.594137439985517
 -2.384611436755197 1.643010132484883
 -2.350434233251242 1.691274883556511
 -2.315314231170065 1.738885198198875
 -2.279259086210825 1.785813687250219
 -2.242339633345876 1.832095022341762
 -2.204577052275167 1.877739982170713
 -2.165882532356188 1.922657755098846
 -2.126233350667134 1.966793424263683
 -2.085938583960800 2.010381854452529
 -2.044517717211567 2.052989958136374
 -2.002455838550135 2.095022728139595
 -1.959468798797165 2.136193060121026
 -1.915606586568242 2.176500043974572
 -1.870964985292780 2.216001815044133
 -1.825525169454137 2.254661393934233
 -1.779239603341962 2.292396293486494
 -1.732133399957041 2.329178367863402
 -1.684259384471214 2.365020988240234
 -1.635621423946421 2.399903034551849
 -1.586200759543666 2.433763470173594
 -1.536019151597626 2.466562030425512
 -1.485124276046550 2.498296174335098
 -1.433536169590112 2.528952568718745
 -1.381254253226458 2.558483028406645
 -1.328304028115744 2.586843921107946
 -1.274735674650417 2.614026540376296
 -1.220582720451996 2.640027241642173
 -1.165858870539014 2.664813817224150
 -1.110594352806584 2.688347992403929
 -1.054841886909214 2.710622606320394
 -0.9986435470251096 2.731647406168043
 -0.9420213033931424 2.751410316093895
 -0.8850058918751121 2.769884292352612
 -0.8276475945650732 2.787067138613559
 -0.7699895553798712 2.802981930554640
 -0.7120544025932686 2.817636558514526
 -0.6538675077241196 2.831015309772050
 -0.5954712825841436 2.843118174202423
 -0.5369039402364351 2.853976104141492
 -0.4781836502083401 2.863612257946532
 -0.4193274135677620 2.872018202619707
 -0.3603679501024459 2.879189712698357
 -0.3013368770752072 2.885157904010388
 -0.2422470701808894 2.889955959070243
 -0.1831080411545150 2.893578903755928
 -0.1239447655032664 2.896012039038731
 -6.478407128508379E-02 2.897279957705850
 -5.635302298192535E-03 2.897423606632631
 5.349673149158107E-02 2.896440734371488
 0.1125910012993265 2.894300800301049
 0.1716222606524547 2.891016404811154
 0.2305827950295465 2.886639148627351
 0.2894698973168857 2.881173197698430
 0.3482616403199321 2.874563541036350
 0.4069304764792359 2.866803114090190
 0.4654710148220467 2.857970597561094
 0.5238820001239930 2.848089722955866
 0.5821291925206662 2.837038172182853
 0.6401763940749681 2.824768808183286
 0.6980724652827600 2.811666731670456
 0.7556825988546672 2.797099260660773
 0.8131149847996019 2.781688990210685
 0.8702630580542446 2.765046287741836
 0.9271010361358061 2.747213989612178
 0.9836313740142535 2.728304114376793
 1.039831459352011 2.708281868962292
 1.095653624029610 2.687064842656734
 1.151060936536362 2.664660711038010
 1.206038564063814 2.641121907634530
 1.260566282568054 2.616441221387602
 1.314600612201070 2.590571888353784
 1.368095802559806 2.563512621195721
 1.421025815128397 2.535303438000834
 1.473369084681288 2.505955024468247
 1.525084171138269 2.475442786582739
 1.576120537246958 2.443766992851406
 1.626445552807413 2.410966747545704
 1.676039297719082 2.377069264152835
 1.724867026802389 2.342070307726295
 1.772880479231406 2.305976919032003
 1.820047093691240 2.268831174199489
 1.866354274410840 2.230674384133166
 1.911780578275314 2.191519537691537
 1.956287216783289 2.151379731039057
 1.999847146809611 2.110297411581216
 2.042458780519131 2.068321480884973
 2.084117637008704 2.025475480779585
 2.124797422903208 1.981773527284330
 2.164476923528457 1.937252345043182
 2.203163837862057 1.891960503707460
 2.240869136866043 1.845925317728061
 2.277577016816108 1.799157293962759
 2.313267458460373 1.751682655847620
 2.347951600264857 1.703544342649392
 2.381651741282607 1.654770096304123
 2.414358817930103 1.605365667154980
 2.446047612721479 1.555345335111299
 2.476726009606228 1.504744630346390
 2.506424797719493 1.453592118264555
 2.535139622267554 1.401890838694599
 2.562833519904003 1.349643732787781
 2.589504779650244 1.296878964825637
 2.615194231784743 1.243629016142468
 2.639904130568128 1.189898314141919
 2.663575871489997 1.135678342837475
 2.686189562690061 1.080989426839971
 2.707810648167923 1.025875575219331
 2.728459052399160 0.9703497407851522
 2.748011724876855 0.9143804170840074
 2.766409744742102 0.8579753839196029
 2.784011049243560 0.8012848772179275
 2.800200316066235 0.7441093025243997
 2.815570823349737 0.6866662620710895
 2.829731856851410 0.6288532276208108
 2.842707622704048 0.5707139456376062
 2.854596359307034 0.5123022993326602
 2.865356628806149 0.4536204750280584
 2.874893227371572 0.3946685491702405
 2.883194336493403 0.3354823431746078
 2.890297948535028 0.2761009193942958
 2.896187706514475 0.2165381868357535
 2.900801371744737 0.1568084181801898
 2.904114954157432 9.695059077020918E-02
 2.906150091174946 3.700726366573628E-02
 2.906905254271400 -2.299754425049777E-02
 2.906338424364728 -8.304024182390608E-02
 2.904424565362701 -0.1430769282565397
 2.901181227457829 -0.2030597928305923
 2.896622018171079 -0.2629579774893377
 2.890725897341403 -0.3227435094978554
 2.883474832037989 -0.3823710733719255
 2.874888980600454 -0.4417914321209059
 2.864997821435949 -0.5009730220348773
 2.853801881668457 -0.5598907784023583
 2.841293108658401 -0.6185045613135547
 2.827494741374684 -0.6767697270323426
 2.812448335899003 -0.7346604496696664
 2.796172039601972 -0.7921610777349402
 2.778664930627327 -0.8492417824877199
 2.759948206112601 -0.9058658291592409
 2.740067778098492 -0.9620156004340311
 2.719052787074383 -1.017686940218472
 2.696904430383871 -1.072860908656948
 2.673635408562820 -1.127507056850737
 2.649288477340065 -1.181613561360996
 2.623898811463496 -1.235185862766120
 2.597466859084618 -1.288213236600947
 2.569992378224746 -1.340666703927432
 2.541510080891312 -1.392535327359460
 2.512060100017685 -1.443831488368076
 2.481642890775973 -1.494549895676888
 2.450242518604677 -1.544657067513268
 2.417882518997789 -1.594137439985517
 2.384611436755197 -1.643010132484883
 2.350434233251242 -1.691274883556511
 2.315314231170065 -1.738885198198875
 2.279259086210825 -1.785813687250219
 2.242339633345876 -1.832095022341762
 2.204577052275167 -1.877739982170713
 2.165882532356188 -1.922657755098846
 2.126233350667134 -1.966793424263683
 2.085938583960800 -2.010381854452529
   
   
 #BODY NUMBER  6
 -2.846015536606689 0.5658463522551331
 -2.832795336608571 0.6240527038292101
 -2.818705432530301 0.6820205039841223
 -2.803359246423906 0.7396179427306642
 -2.786830648437263 0.7968293898286831
 -2.769266202651025 0.8536753905335448
 -2.750655006540894 0.9101412536097879
 -2.730933889500383 0.9661835644241634
 -2.710132529274839 1.021777903879443
 -2.688324208014554 1.076928477204738
 -2.665515636541094 1.131631909866538
 -2.641669560596806 1.185859130227706
 -2.616794474482847 1.239583048807034
 -2.590938556348835 1.292801555264374
 -2.564114662619106 1.345516233499007
 -2.536295319019276 1.397705361798279
 -2.507476421359829 1.449338783989050
 -2.477690433286846 1.500407200345709
 -2.446952303765094 1.550912738378180
 -2.415240356470255 1.600837538814879
 -2.382542282061110 1.650147281657132
 -2.348879112876600 1.698823469959450
 -2.314266986133489 1.746865206353148
 -2.278689973049848 1.794256111531219
 -2.242131789376145 1.840956725139320
 -2.204606045134844 1.886937390852132
 -2.166131546205289 1.932191442575475
 -2.126700722978096 1.976702868606465
 -2.086298708000454 2.020427291495412
 -2.044936741872962 2.063323220901169
 -2.002639757871401 2.105377388690954
 -1.959413047139114 2.146575711478240
 -1.915249423688363 2.186872043235363
 -1.870163085242390 2.226215190640282
 -1.824188681532824 2.264587650902441
 -1.777348411704795 2.301982874489973
 -1.729647383789090 2.338360010858637
 -1.681105263286937 2.373662932230696
 -1.631766537583346 2.407874517821614
 -1.581670469193644 2.441004440344018
 -1.530834335529202 2.473026194740003
 -1.479280004550877 2.503881858485187
 -1.427056250174347 2.533556753174263
 -1.374215253092054 2.562085997987921
 -1.320782356194231 2.589465427390245
 -1.266773081960198 2.615628648213067
 -1.212231158529016 2.640556427864664
 -1.157219594377271 2.664326128118561
 -1.101769761059824 2.686967544339193
 -1.045872711910719 2.708357349761734
 -0.9895556486428501 2.728446523720832
 -0.9329704526116408 2.747644930394160
 -0.8759521734878227 2.765299077139717
 -0.8187056339130346 2.782080762348506
 -0.7611516957124136 2.797589294702435
 -0.7033408301449380 2.811880832506071
 -0.6453285265378610 2.825092576604225
 -0.5871220566121551 2.837207739516160
 -0.5287274332398668 2.848149906575258
 -0.4701806428522073 2.857932569914305
 -0.4115146846890825 2.866621296351654
 -0.3527358365930224 2.874220210362505
 -0.2938506482114909 2.880682512994762
 -0.2348868268739663 2.886002015788413
 -0.1758702892634376 2.890219387074858
 -0.1168060918950589 2.893346552793814
 -5.769930918660826E-02 2.895348858669390
 1.425994944649789E-03 2.896207672282630
 6.054553487704895E-02 2.895946458112936
 0.1196536786058455 2.894579226098518
 0.1787457977103151 2.892078274356063
 0.2377983248703568 2.888415782684036
 0.2967847250918136 2.883600717149516
 0.3556961526222274 2.877646604307824
 0.4145263869565969 2.870531459775655
 0.4732493965503852 2.862221450802061
 0.5318326932612506 2.852713535849584
 0.5902611011426178 2.842020668240384
 0.6485245384577242 2.830128286648996
 0.7065920069341868 2.817001326758752
 0.7644219545822624 2.802628778044751
 0.8219904242240106 2.787025599290827
 0.8792825737172542 2.770189331068269
 0.9362620324236239 2.752090677115310
 0.9928773667641069 2.732716336359934
 1.049096094011628 2.712087564954687
 1.104901442532644 2.690220313157262
 1.160255480702691 2.667098579379963
 1.215099767689775 2.642711330557562
 1.269397232767051 2.617088533503360
 1.323136621491714 2.590269026909357
 1.376286341104604 2.562254520923761
 1.428785295247727 2.533034992494013
 1.480596385091359 2.502645341867478
 1.531723934391919 2.471148318439742
 1.582151664244366 2.438563787029593
 1.631814315238768 2.404871993914372
 1.680673367392583 2.370101192477501
 1.728764313728671 2.334344630547120
 1.776097272012120 2.297644374368915
 1.822569911464598 2.259931012520473
 1.868126178088157 2.221203592043512
 1.913045083995048 2.181798578139027
 1.956843163120748 2.141246373310507
 1.999999798617267 2.100060258364384
 2.042207550711492 2.057971351971771
 2.083489818292325 2.015051442677388
 2.123937676113164 1.971417186070681
 2.163532949928739 1.927066485906372
 2.202206456260516 1.881966342151095
 2.239951886422631 1.836154666034863
 2.276809523325471 1.789692819146916
 2.312779799948071 1.742588300495967
 2.347818912385315 1.694823382767057
 2.381907647608881 1.646418966981379
 2.415068267085398 1.597417831810483
 2.447308570724048 1.547830319294808
 2.478596009832668 1.497643496871111
 2.508902416304479 1.446868888293580
 2.538235968163895 1.395539257767227
 2.566605982370940 1.343666487720339
 2.593986154180570 1.291240735541185
 2.620340606931466 1.238268501026904
 2.645663837968413 1.184777247190066
 2.669963138755716 1.130781397954676
 2.693216360006445 1.076275348244436
 2.715381185926530 1.021264725662741
 2.736438738396095 0.9657761449974521
 2.756392647347907 0.9098292256649089
 2.775225261435820 0.8534254180425308
 2.792890714934641 0.7965740352633401
 2.809358696455225 0.7393055571435820
 2.824630182095411 0.6816482105998729
 2.838695620856368 0.6236136195900289
 2.851511456111987 0.5652186338799468
 2.863040452006497 0.5065011457196513
 2.873284775544452 0.4474999140522463
 2.882249854237439 0.3882374386672897
 2.889902864491781 0.3287385685213258
 2.896205030976712 0.2690483983268664
 2.901163770350397 0.2092140156817458
 2.904807090685358 0.1492645865653388
 2.907120676633806 8.922832618375846E-02
 2.908065299798603 2.915313400882554E-02
 2.907652635265706 -3.091141130678608E-02
 2.905939187483973 -9.093767954817994E-02
 2.902934020438596 -0.1509016403606516
 2.898587397198966 -0.2107566542986954
 2.892904525921598 -0.2704552353871632
 2.885983908105942 -0.3299814975714401
 2.877867033071944 -0.3893231699702780
 2.868442623375317 -0.4484263372412607
 2.857681826731007 -0.5072429316773197
 2.846015536606689 -0.5658463522551331
 2.832795336608571 -0.6240527038292101
 2.818705432530301 -0.6820205039841223
 2.803359246423906 -0.7396179427306642
 2.786830648437263 -0.7968293898286831
 2.769266202651025 -0.8536753905335448
 2.750655006540894 -0.9101412536097879
 2.730933889500383 -0.9661835644241634
 2.710132529274839 -1.021777903879443
 2.688324208014554 -1.076928477204738
 2.665515636541094 -1.131631909866538
 2.641669560596806 -1.185859130227706
 2.616794474482847 -1.239583048807034
 2.590938556348835 -1.292801555264374
 2.564114662619106 -1.345516233499007
 2.536295319019276 -1.397705361798279
 2.507476421359829 -1.449338783989050
 2.477690433286846 -1.500407200345709
 2.446952303765094 -1.550912738378180
 2.415240356470255 -1.600837538814879
 2.382542282061110 -1.650147281657132
 2.348879112876600 -1.698823469959450
 2.314266986133489 -1.746865206353148
 2.278689973049848 -1.794256111531219
 2.242131789376145 -1.840956725139320
 2.204606045134844 -1.886937390852132
 2.166131546205289 -1.932191442575475
 2.126700722978096 -1.976702868606465
 2.086298708000454 -2.020427291495412
 2.044936741872962 -2.063323220901169
 2.002639757871401 -2.105377388690954
 1.959413047139114 -2.146575711478240
 1.915249423688363 -2.186872043235363
 1.870163085242390 -2.226215190640282
 1.824188681532824 -2.264587650902441
 1.777348411704795 -2.301982874489973
 1.729647383789090 -2.338360010858637
 1.681105263286937 -2.373662932230696
 1.631766537583346 -2.407874517821614
 1.581670469193644 -2.441004440344018
 1.530834335529202 -2.473026194740003
 1.479280004550877 -2.503881858485187
 1.427056250174347 -2.533556753174263
 1.374215253092054 -2.562085997987921
 1.320782356194231 -2.589465427390245
 1.266773081960198 -2.615628648213067
 1.212231158529016 -2.640556427864664
 1.157219594377271 -2.664326128118561
 1.101769761059824 -2.686967544339193
 1.045872711910719 -2.708357349761734
 0.9895556486428501 -2.728446523720832
 0.9329704526116408 -2.747644930394160
 0.8759521734878227 -2.765299077139717
 0.8187056339130346 -2.782080762348506
 0.7611516957124136 -2.797589294702435
 0.7033408301449380 -2.811880832506071
 0.6453285265378610 -2.825092576604225
 0.5871220566121551 -2.837207739516160
 0.5287274332398668 -2.848149906575258
 0.4701806428522073 -2.857932569914305
 0.4115146846890825 -2.866621296351654
 0.3527358365930224 -2.874220210362505
 0.2938506482114909 -2.880682512994762
 0.2348868268739663 -2.886002015788413
 0.1758702892634376 -2.890219387074858
 0.1168060918950589 -2.893346552793814
 5.769930918660826E-02 -2.895348858669390
 -1.425994944649789E-03 -2.896207672282630
 -6.054553487704895E-02 -2.895946458112936
 -0.1196536786058455 -2.894579226098518
 -0.1787457977103151 -2.892078274356063
 -0.2377983248703568 -2.888415782684036
 -0.2967847250918136 -2.883600717149516
 -0.3556961526222274 -2.877646604307824
 -0.4145263869565969 -2.870531459775655
 -0.4732493965503852 -2.862221450802061
 -0.5318326932612506 -2.852713535849584
 -0.5902611011426178 -2.842020668240384
 -0.6485245384577242 -2.830128286648996
 -0.7065920069341868 -2.817001326758752
 -0.7644219545822624 -2.802628778044751
 -0.8219904242240106 -2.787025599290827
 -0.8792825737172542 -2.770189331068269
 -0.9362620324236239 -2.752090677115310
 -0.9928773667641069 -2.732716336359934
 -1.049096094011628 -2.712087564954687
 -1.104901442532644 -2.690220313157262
 -1.160255480702691 -2.667098579379963
 -1.215099767689775 -2.642711330557562
 -1.269397232767051 -2.617088533503360
 -1.323136621491714 -2.590269026909357
 -1.376286341104604 -2.562254520923761
 -1.428785295247727 -2.533034992494013
 -1.480596385091359 -2.502645341867478
 -1.531723934391919 -2.471148318439742
 -1.582151664244366 -2.438563787029593
 -1.631814315238768 -2.404871993914372
 -1.680673367392583 -2.370101192477501
 -1.728764313728671 -2.334344630547120
 -1.776097272012120 -2.297644374368915
 -1.822569911464598 -2.259931012520473
 -1.868126178088157 -2.221203592043512
 -1.913045083995048 -2.181798578139027
 -1.956843163120748 -2.141246373310507
 -1.999999798617267 -2.100060258364384
 -2.042207550711492 -2.057971351971771
 -2.083489818292325 -2.015051442677388
 -2.123937676113164 -1.971417186070681
 -2.163532949928739 -1.927066485906372
 -2.202206456260516 -1.881966342151095
 -2.239951886422631 -1.836154666034863
 -2.276809523325471 -1.789692819146916
 -2.312779799948071 -1.742588300495967
 -2.347818912385315 -1.694823382767057
 -2.381907647608881 -1.646418966981379
 -2.415068267085398 -1.597417831810483
 -2.447308570724048 -1.547830319294808
 -2.478596009832668 -1.497643496871111
 -2.508902416304479 -1.446868888293580
 -2.538235968163895 -1.395539257767227
 -2.566605982370940 -1.343666487720339
 -2.593986154180570 -1.291240735541185
 -2.620340606931466 -1.238268501026904
 -2.645663837968413 -1.184777247190066
 -2.669963138755716 -1.130781397954676
 -2.693216360006445 -1.076275348244436
 -2.715381185926530 -1.021264725662741
 -2.736438738396095 -0.9657761449974521
 -2.756392647347907 -0.9098292256649089
 -2.775225261435820 -0.8534254180425308
 -2.792890714934641 -0.7965740352633401
 -2.809358696455225 -0.7393055571435820
 -2.824630182095411 -0.6816482105998729
 -2.838695620856368 -0.6236136195900289
 -2.851511456111987 -0.5652186338799468
 -2.863040452006497 -0.5065011457196513
 -2.873284775544452 -0.4474999140522463
 -2.882249854237439 -0.3882374386672897
 -2.889902864491781 -0.3287385685213258
 -2.896205030976712 -0.2690483983268664
 -2.901163770350397 -0.2092140156817458
 -2.904807090685358 -0.1492645865653388
 -2.907120676633806 -8.922832618375846E-02
 -2.908065299798603 -2.915313400882554E-02
 -2.907652635265706 3.091141130678608E-02
 -2.905939187483973 9.093767954817994E-02
 -2.902934020438596 0.1509016403606516
 -2.898587397198966 0.2107566542986954
 -2.892904525921598 0.2704552353871632
 -2.885983908105942 0.3299814975714401
 -2.877867033071944 0.3893231699702780
 -2.868442623375317 0.4484263372412607
 -2.857681826731007 0.5072429316773197
 -2.846015536606689 0.5658463522551331
   
   
