 # action(x) =  157.3227731892144
 # |grad_action(x)| =  2.303706273027806E-11
 # PRINTSTEPS = 50
 #
 #BODY NUMBER  1
 -0.1597602648904513 -0.8431660241226808
 -0.2546846568683430 -0.8222827255719212
 -0.1981403966481205 -0.8663166143623490
 -4.139562461897885E-02 -0.9360163533650047
 5.237681941996163E-02 -0.9546232397465425
 2.658240750289716E-02 -0.9256359795688009
 -5.085374309911852E-02 -0.9050231585752920
 -0.1358340891355702 -0.8925848683376131
 -0.2468211587081517 -0.8409886507407783
 -0.3684725179023091 -0.7583189777696200
 -0.4374711860826612 -0.7078049649925555
 -0.4395038126187197 -0.6980543415127400
 -0.4194066315297186 -0.6652182453578145
 -0.3797894759217195 -0.5897736343755897
 -0.2773609776178916 -0.5383581824514901
 -0.1471351036853032 -0.5373126300013540
 -0.1059370048504744 -0.4889857046191511
 -0.1667057951289126 -0.2976525460033273
 -0.1683015365964575 -2.411578279487598E-02
 2.938277174406486E-03 0.1805427692494523
 0.2156124487903565 0.2665003419312927
 0.2554994904360459 0.3083033483941111
 0.1275556063823592 0.3403413058053848
 3.596247422454037E-02 0.2820768585008399
 7.748120440430770E-02 7.344451174761121E-02
 0.1296106089352501 -0.1981019893568291
 8.810086268517130E-02 -0.3742231551191532
 4.769107870975929E-02 -0.3841008243991925
 0.1343610209756979 -0.2685352858020060
 0.2765342467462136 -8.806991246976770E-02
 0.2948806068485656 0.1185365457864988
 0.1701837435305382 0.3013592693832551
 7.441635631710733E-02 0.4041816304199544
 0.1343424613709930 0.4209587352570069
 0.2908505592159288 0.3970349689432167
 0.4246104581616759 0.3575098356149262
 0.5122630553947946 0.2794806707152835
 0.5957896791267354 0.1553313632690824
 0.6764514255441901 3.708536560691235E-02
 0.7210602024953994 -1.847947874899909E-02
 0.7342560876850451 -1.630650376318951E-02
 0.7485006276743242 6.635324847768699E-03
 0.7567409291677595 5.393218003019517E-02
 0.7209536154741503 0.1612392769765356
 0.6472601997974149 0.3196475221750977
 0.5911696051531009 0.4607558831462253
 0.5709774658653318 0.5380809339203041
 0.5283441236609562 0.5847644120479374
 0.4108219387013392 0.6590797316158977
 0.2598540527360427 0.7579631535484255
 0.1686544765399270 0.8259028983623885
 0.1597602648904513 0.8431660241226808
 0.2546846568683430 0.8222827255719212
 0.1981403966481205 0.8663166143623490
 4.139562461897885E-02 0.9360163533650047
 -5.237681941996163E-02 0.9546232397465425
 -2.658240750289716E-02 0.9256359795688009
 5.085374309911852E-02 0.9050231585752920
 0.1358340891355702 0.8925848683376131
 0.2468211587081517 0.8409886507407783
 0.3684725179023091 0.7583189777696200
 0.4374711860826612 0.7078049649925555
 0.4395038126187197 0.6980543415127400
 0.4194066315297186 0.6652182453578145
 0.3797894759217195 0.5897736343755897
 0.2773609776178916 0.5383581824514901
 0.1471351036853032 0.5373126300013540
 0.1059370048504744 0.4889857046191511
 0.1667057951289126 0.2976525460033273
 0.1683015365964575 2.411578279487598E-02
 -2.938277174406486E-03 -0.1805427692494523
 -0.2156124487903565 -0.2665003419312927
 -0.2554994904360459 -0.3083033483941111
 -0.1275556063823592 -0.3403413058053848
 -3.596247422454037E-02 -0.2820768585008399
 -7.748120440430770E-02 -7.344451174761121E-02
 -0.1296106089352501 0.1981019893568291
 -8.810086268517130E-02 0.3742231551191532
 -4.769107870975929E-02 0.3841008243991925
 -0.1343610209756979 0.2685352858020060
 -0.2765342467462136 8.806991246976770E-02
 -0.2948806068485656 -0.1185365457864988
 -0.1701837435305382 -0.3013592693832551
 -7.441635631710733E-02 -0.4041816304199544
 -0.1343424613709930 -0.4209587352570069
 -0.2908505592159288 -0.3970349689432167
 -0.4246104581616759 -0.3575098356149262
 -0.5122630553947946 -0.2794806707152835
 -0.5957896791267354 -0.1553313632690824
 -0.6764514255441901 -3.708536560691235E-02
 -0.7210602024953994 1.847947874899909E-02
 -0.7342560876850451 1.630650376318951E-02
 -0.7485006276743242 -6.635324847768699E-03
 -0.7567409291677595 -5.393218003019517E-02
 -0.7209536154741503 -0.1612392769765356
 -0.6472601997974149 -0.3196475221750977
 -0.5911696051531009 -0.4607558831462253
 -0.5709774658653318 -0.5380809339203041
 -0.5283441236609562 -0.5847644120479374
 -0.4108219387013392 -0.6590797316158977
 -0.2598540527360427 -0.7579631535484255
 -0.1686544765399270 -0.8259028983623885
 -0.1597602648904513 -0.8431660241226808
   
   
 #BODY NUMBER  2
 -0.6503230640529125 0.5599394599718153
 -0.5847754010041949 0.6317047455880809
 -0.6511819974342364 0.6047529241943841
 -0.7899161280622536 0.5038578392080741
 -0.8529163863734673 0.4319519636861653
 -0.8149154767149027 0.4397969495931519
 -0.7583461747898562 0.4965522126890202
 -0.7050841264461569 0.5639282060601396
 -0.6049069564818188 0.6342477190031682
 -0.4724872399691662 0.6982660499846342
 -0.3942414875669618 0.7327636430675795
 -0.3847808866626763 0.7296486375443040
 -0.3663925837759037 0.6958259200993100
 -0.3208642118906633 0.6237941514259885
 -0.3275513735292506 0.5093807438613323
 -0.3917588355127388 0.3960790525806122
 -0.3705055398623717 0.3362369897109264
 -0.1744217687755326 0.2931977265413906
 6.326588776572618E-02 0.1578112975859306
 0.1548854860524211 -9.281600730111866E-02
 0.1229898418345659 -0.3199760289902635
 0.1392487865630860 -0.3754207235686481
 0.2309664135934553 -0.2806370484249420
 0.2263044881691680 -0.1721828455118136
 2.486421073982338E-02 -0.1038229472037500
 -0.2363666597908734 -1.319508525948202E-02
 -0.3681371903601376 0.1108139923788937
 -0.3564866108991278 0.1507487265030608
 -0.2997388898049034 1.790758545763347E-02
 -0.2145379048810010 -0.1954507264637334
 -4.478464349632205E-02 -0.3146423695074812
 0.1758929111865423 -0.2980630799002122
 0.3128233815281334 -0.2665372702376702
 0.2973897279920319 -0.3268233519827169
 0.1984170896876182 -0.4504014574575171
 9.730737066447688E-02 -0.5464783612880284
 -1.409416699125924E-02 -0.5833731547497737
 -0.1633739329678855 -0.5936346790708792
 -0.3061088440478885 -0.6043668017509284
 -0.3765337992930414 -0.6152167136444745
 -0.3812498903483664 -0.6277311729370358
 -0.3685039539566484 -0.6515382207384546
 -0.3316638265962720 -0.6823229587578259
 -0.2208394977875780 -0.7049837844391285
 -4.680722543834228E-02 -0.7203675369707110
 0.1034414971711948 -0.7423458375809238
 0.1805030251343524 -0.7635214573880018
 0.2422487742320851 -0.7499416390545945
 0.3653688213481046 -0.6853221011552932
 0.5264883197374559 -0.6040217877199786
 0.6309256527710365 -0.5590105103267500
 0.6503230640529125 -0.5599394599718153
 0.5847754010041949 -0.6317047455880809
 0.6511819974342364 -0.6047529241943841
 0.7899161280622536 -0.5038578392080741
 0.8529163863734673 -0.4319519636861653
 0.8149154767149027 -0.4397969495931519
 0.7583461747898562 -0.4965522126890202
 0.7050841264461569 -0.5639282060601396
 0.6049069564818188 -0.6342477190031682
 0.4724872399691662 -0.6982660499846342
 0.3942414875669618 -0.7327636430675795
 0.3847808866626763 -0.7296486375443040
 0.3663925837759037 -0.6958259200993100
 0.3208642118906633 -0.6237941514259885
 0.3275513735292506 -0.5093807438613323
 0.3917588355127388 -0.3960790525806122
 0.3705055398623717 -0.3362369897109264
 0.1744217687755326 -0.2931977265413906
 -6.326588776572618E-02 -0.1578112975859306
 -0.1548854860524211 9.281600730111866E-02
 -0.1229898418345659 0.3199760289902635
 -0.1392487865630860 0.3754207235686481
 -0.2309664135934553 0.2806370484249420
 -0.2263044881691680 0.1721828455118136
 -2.486421073982338E-02 0.1038229472037500
 0.2363666597908734 1.319508525948202E-02
 0.3681371903601376 -0.1108139923788937
 0.3564866108991278 -0.1507487265030608
 0.2997388898049034 -1.790758545763347E-02
 0.2145379048810010 0.1954507264637334
 4.478464349632205E-02 0.3146423695074812
 -0.1758929111865423 0.2980630799002122
 -0.3128233815281334 0.2665372702376702
 -0.2973897279920319 0.3268233519827169
 -0.1984170896876182 0.4504014574575171
 -9.730737066447688E-02 0.5464783612880284
 1.409416699125924E-02 0.5833731547497737
 0.1633739329678855 0.5936346790708792
 0.3061088440478885 0.6043668017509284
 0.3765337992930414 0.6152167136444745
 0.3812498903483664 0.6277311729370358
 0.3685039539566484 0.6515382207384546
 0.3316638265962720 0.6823229587578259
 0.2208394977875780 0.7049837844391285
 4.680722543834228E-02 0.7203675369707110
 -0.1034414971711948 0.7423458375809238
 -0.1805030251343524 0.7635214573880018
 -0.2422487742320851 0.7499416390545945
 -0.3653688213481046 0.6853221011552932
 -0.5264883197374559 0.6040217877199786
 -0.6309256527710365 0.5590105103267500
 -0.6503230640529125 0.5599394599718153
   
   
 #BODY NUMBER  3
 0.8100833289433922 0.2832265641508513
 0.8394600578725652 0.1905779799838265
 0.8493223940823832 0.2615636901679521
 0.8313117526812575 0.4321585141569184
 0.8005395669535296 0.5226712760603653
 0.7883330692120286 0.4858390299756377
 0.8091999178889965 0.4084709458862609
 0.8409182155817481 0.3286566622774631
 0.8517281151899903 0.2067409317376003
 0.8409597578714937 6.005292778497608E-02
 0.8317126736496403 -2.495867807503288E-02
 0.8242846992814120 -3.159429603157257E-02
 0.7857992153056376 -3.060767474150308E-02
 0.7006536878123967 -3.402051705040582E-02
 0.6049123511471548 2.897743859015160E-02
 0.5388939391980536 0.1412335774207359
 0.4764425447128565 0.1527487149082194
 0.3411275639044545 4.454819461932311E-03
 0.1050356488307395 -0.1336955147910584
 -0.1578237632268203 -8.772676194833695E-02
 -0.3386022906249165 5.347568705896796E-02
 -0.3947482769991270 6.711737517453456E-02
 -0.3585220199758105 -5.970425738044464E-02
 -0.2622669623937056 -0.1098940129890275
 -0.1023454151441295 3.037843545613811E-02
 0.1067560508556236 0.2112970746163111
 0.2800363276749657 0.2634091627402602
 0.3087955321893666 0.2333520978961326
 0.1653778688292026 0.2506277003443740
 -6.199634186521665E-02 0.2835206389335028
 -0.2500959633522485 0.1961058237209848
 -0.3460766547170866 -3.296189483040019E-03
 -0.3872397378452481 -0.1376443601822808
 -0.4317321893630332 -9.413538327428590E-02
 -0.4892676489035565 5.336648851430529E-02
 -0.5219178288261631 0.1889685256731081
 -0.4981688884035470 0.3038924840344969
 -0.4324157461588631 0.4383033158018036
 -0.3703425814963155 0.5672814361440235
 -0.3445264032023730 0.6336961923934813
 -0.3530061973366951 0.6440376767002336
 -0.3799966737176932 0.6449028958906946
 -0.4250771025715058 0.6283907787276399
 -0.5001141176865918 0.5437445074626026
 -0.6004529743590937 0.4007200147956236
 -0.6946111023243178 0.2815899544347095
 -0.7514804909997072 0.2254405234677091
 -0.7705928978930652 0.1651772270066690
 -0.7761907600494687 2.624236953940812E-02
 -0.7863423724735246 -0.1539413658284335
 -0.7995801293109913 -0.2668923880356246
 -0.8100833289433922 -0.2832265641508513
 -0.8394600578725652 -0.1905779799838265
 -0.8493223940823832 -0.2615636901679521
 -0.8313117526812575 -0.4321585141569184
 -0.8005395669535296 -0.5226712760603653
 -0.7883330692120286 -0.4858390299756377
 -0.8091999178889965 -0.4084709458862609
 -0.8409182155817481 -0.3286566622774631
 -0.8517281151899903 -0.2067409317376003
 -0.8409597578714937 -6.005292778497608E-02
 -0.8317126736496403 2.495867807503288E-02
 -0.8242846992814120 3.159429603157257E-02
 -0.7857992153056376 3.060767474150308E-02
 -0.7006536878123967 3.402051705040582E-02
 -0.6049123511471548 -2.897743859015160E-02
 -0.5388939391980536 -0.1412335774207359
 -0.4764425447128565 -0.1527487149082194
 -0.3411275639044545 -4.454819461932311E-03
 -0.1050356488307395 0.1336955147910584
 0.1578237632268203 8.772676194833695E-02
 0.3386022906249165 -5.347568705896796E-02
 0.3947482769991270 -6.711737517453456E-02
 0.3585220199758105 5.970425738044464E-02
 0.2622669623937056 0.1098940129890275
 0.1023454151441295 -3.037843545613811E-02
 -0.1067560508556236 -0.2112970746163111
 -0.2800363276749657 -0.2634091627402602
 -0.3087955321893666 -0.2333520978961326
 -0.1653778688292026 -0.2506277003443740
 6.199634186521665E-02 -0.2835206389335028
 0.2500959633522485 -0.1961058237209848
 0.3460766547170866 3.296189483040019E-03
 0.3872397378452481 0.1376443601822808
 0.4317321893630332 9.413538327428590E-02
 0.4892676489035565 -5.336648851430529E-02
 0.5219178288261631 -0.1889685256731081
 0.4981688884035470 -0.3038924840344969
 0.4324157461588631 -0.4383033158018036
 0.3703425814963155 -0.5672814361440235
 0.3445264032023730 -0.6336961923934813
 0.3530061973366951 -0.6440376767002336
 0.3799966737176932 -0.6449028958906946
 0.4250771025715058 -0.6283907787276399
 0.5001141176865918 -0.5437445074626026
 0.6004529743590937 -0.4007200147956236
 0.6946111023243178 -0.2815899544347095
 0.7514804909997072 -0.2254405234677091
 0.7705928978930652 -0.1651772270066690
 0.7761907600494687 -2.624236953940812E-02
 0.7863423724735246 0.1539413658284335
 0.7995801293109913 0.2668923880356246
 0.8100833289433922 0.2832265641508513
   
   
 #BODY NUMBER  4
 0.8431660241226808 0.1597602648904655
 0.8222827255719211 0.2546846568683566
 0.8663166143623486 0.1981403966481336
 0.9360163533650047 4.139562461899124E-02
 0.9546232397465423 -5.237681941994980E-02
 0.9256359795688009 -2.658240750288574E-02
 0.9050231585752918 5.085374309912936E-02
 0.8925848683376129 0.1358340891355805
 0.8409886507407781 0.2468211587081615
 0.7583189777696200 0.3684725179023184
 0.7078049649925555 0.4374711860826698
 0.6980543415127400 0.4395038126187277
 0.6652182453578144 0.4194066315297262
 0.5897736343755897 0.3797894759217264
 0.5383581824514899 0.2773609776178980
 0.5373126300013538 0.1471351036853090
 0.4889857046191510 0.1059370048504797
 0.2976525460033273 0.1667057951289174
 2.411578279487595E-02 0.1683015365964617
 -0.1805427692494524 -2.938277174402861E-03
 -0.2665003419312927 -0.2156124487903535
 -0.3083033483941111 -0.2554994904360435
 -0.3403413058053847 -0.1275556063823572
 -0.2820768585008396 -3.596247422453896E-02
 -7.344451174761098E-02 -7.748120440430695E-02
 0.1981019893568293 -0.1296106089352499
 0.3742231551191535 -8.810086268517150E-02
 0.3841008243991928 -4.769107870976017E-02
 0.2685352858020063 -0.1343610209756994
 8.806991246976775E-02 -0.2765342467462156
 -0.1185365457864987 -0.2948806068485681
 -0.3013592693832550 -0.1701837435305412
 -0.4041816304199544 -7.441635631711098E-02
 -0.4209587352570070 -0.1343424613709973
 -0.3970349689432168 -0.2908505592159334
 -0.3575098356149261 -0.4246104581616812
 -0.2794806707152835 -0.5122630553948003
 -0.1553313632690823 -0.5957896791267420
 -3.708536560691220E-02 -0.6764514255441970
 1.847947874899917E-02 -0.7210602024954071
 1.630650376318952E-02 -0.7342560876850530
 -6.635324847768643E-03 -0.7485006276743326
 -5.393218003019515E-02 -0.7567409291677688
 -0.1612392769765356 -0.7209536154741600
 -0.3196475221750979 -0.6472601997974252
 -0.4607558831462256 -0.5911696051531118
 -0.5380809339203043 -0.5709774658653434
 -0.5847644120479376 -0.5283441236609683
 -0.6590797316158977 -0.4108219387013518
 -0.7579631535484255 -0.2598540527360557
 -0.8259028983623886 -0.1686544765399406
 -0.8431660241226808 -0.1597602648904655
 -0.8222827255719211 -0.2546846568683566
 -0.8663166143623486 -0.1981403966481336
 -0.9360163533650047 -4.139562461899124E-02
 -0.9546232397465423 5.237681941994980E-02
 -0.9256359795688009 2.658240750288574E-02
 -0.9050231585752918 -5.085374309912936E-02
 -0.8925848683376129 -0.1358340891355805
 -0.8409886507407781 -0.2468211587081615
 -0.7583189777696200 -0.3684725179023184
 -0.7078049649925555 -0.4374711860826698
 -0.6980543415127400 -0.4395038126187277
 -0.6652182453578144 -0.4194066315297262
 -0.5897736343755897 -0.3797894759217264
 -0.5383581824514899 -0.2773609776178980
 -0.5373126300013538 -0.1471351036853090
 -0.4889857046191510 -0.1059370048504797
 -0.2976525460033273 -0.1667057951289174
 -2.411578279487595E-02 -0.1683015365964617
 0.1805427692494524 2.938277174402861E-03
 0.2665003419312927 0.2156124487903535
 0.3083033483941111 0.2554994904360435
 0.3403413058053847 0.1275556063823572
 0.2820768585008396 3.596247422453896E-02
 7.344451174761098E-02 7.748120440430695E-02
 -0.1981019893568293 0.1296106089352499
 -0.3742231551191535 8.810086268517150E-02
 -0.3841008243991928 4.769107870976017E-02
 -0.2685352858020063 0.1343610209756994
 -8.806991246976775E-02 0.2765342467462156
 0.1185365457864987 0.2948806068485681
 0.3013592693832550 0.1701837435305412
 0.4041816304199544 7.441635631711098E-02
 0.4209587352570070 0.1343424613709973
 0.3970349689432168 0.2908505592159334
 0.3575098356149261 0.4246104581616812
 0.2794806707152835 0.5122630553948003
 0.1553313632690823 0.5957896791267420
 3.708536560691220E-02 0.6764514255441970
 -1.847947874899917E-02 0.7210602024954071
 -1.630650376318952E-02 0.7342560876850530
 6.635324847768643E-03 0.7485006276743326
 5.393218003019515E-02 0.7567409291677688
 0.1612392769765356 0.7209536154741600
 0.3196475221750979 0.6472601997974252
 0.4607558831462256 0.5911696051531118
 0.5380809339203043 0.5709774658653434
 0.5847644120479376 0.5283441236609683
 0.6590797316158977 0.4108219387013518
 0.7579631535484255 0.2598540527360557
 0.8259028983623886 0.1686544765399406
 0.8431660241226808 0.1597602648904655
   
   
 #BODY NUMBER  5
 -0.2832265641508513 -0.8100833289433780
 -0.1905779799838264 -0.8394600578725516
 -0.2615636901679520 -0.8493223940823703
 -0.4321585141569184 -0.8313117526812450
 -0.5226712760603656 -0.8005395669535176
 -0.4858390299756377 -0.7883330692120171
 -0.4084709458862609 -0.8091999178889856
 -0.3286566622774633 -0.8409182155817375
 -0.2067409317376005 -0.8517281151899805
 -6.005292778497626E-02 -0.8409597578714846
 2.495867807503265E-02 -0.8317126736496316
 3.159429603157250E-02 -0.8242846992814040
 3.060767474150310E-02 -0.7857992153056300
 3.402051705040597E-02 -0.7006536878123899
 -2.897743859015144E-02 -0.6049123511471484
 -0.1412335774207357 -0.5388939391980477
 -0.1527487149082191 -0.4764425447128509
 -4.454819461932089E-03 -0.3411275639044498
 0.1336955147910586 -0.1050356488307354
 8.772676194833703E-02 0.1578237632268241
 -5.347568705896792E-02 0.3386022906249196
 -6.711737517453459E-02 0.3947482769991295
 5.970425738044457E-02 0.3585220199758125
 0.1098940129890274 0.2622669623937069
 -3.037843545613837E-02 0.1023454151441303
 -0.2112970746163113 -0.1067560508556234
 -0.2634091627402602 -0.2800363276749659
 -0.2333520978961326 -0.3087955321893674
 -0.2506277003443740 -0.1653778688292040
 -0.2835206389335028 6.199634186521465E-02
 -0.1961058237209848 0.2500959633522461
 3.296189483040071E-03 0.3460766547170838
 0.1376443601822808 0.3872397378452446
 9.413538327428589E-02 0.4317321893630290
 -5.336648851430525E-02 0.4892676489035516
 -0.1889685256731080 0.5219178288261580
 -0.3038924840344969 0.4981688884035410
 -0.4383033158018035 0.4324157461588566
 -0.5672814361440235 0.3703425814963087
 -0.6336961923934812 0.3445264032023654
 -0.6440376767002335 0.3530061973366871
 -0.6449028958906945 0.3799966737176845
 -0.6283907787276398 0.4250771025714965
 -0.5437445074626026 0.5001141176865819
 -0.4007200147956235 0.6004529743590834
 -0.2815899544347095 0.6946111023243069
 -0.2254405234677092 0.7514804909996958
 -0.1651772270066691 0.7705928978930532
 -2.624236953940833E-02 0.7761907600494561
 0.1539413658284334 0.7863423724735116
 0.2668923880356244 0.7995801293109775
 0.2832265641508513 0.8100833289433780
 0.1905779799838264 0.8394600578725516
 0.2615636901679520 0.8493223940823703
 0.4321585141569184 0.8313117526812450
 0.5226712760603656 0.8005395669535176
 0.4858390299756377 0.7883330692120171
 0.4084709458862609 0.8091999178889856
 0.3286566622774633 0.8409182155817375
 0.2067409317376005 0.8517281151899805
 6.005292778497626E-02 0.8409597578714846
 -2.495867807503265E-02 0.8317126736496316
 -3.159429603157250E-02 0.8242846992814040
 -3.060767474150310E-02 0.7857992153056300
 -3.402051705040597E-02 0.7006536878123899
 2.897743859015144E-02 0.6049123511471484
 0.1412335774207357 0.5388939391980477
 0.1527487149082191 0.4764425447128509
 4.454819461932089E-03 0.3411275639044498
 -0.1336955147910586 0.1050356488307354
 -8.772676194833703E-02 -0.1578237632268241
 5.347568705896792E-02 -0.3386022906249196
 6.711737517453459E-02 -0.3947482769991295
 -5.970425738044457E-02 -0.3585220199758125
 -0.1098940129890274 -0.2622669623937069
 3.037843545613837E-02 -0.1023454151441303
 0.2112970746163113 0.1067560508556234
 0.2634091627402602 0.2800363276749659
 0.2333520978961326 0.3087955321893674
 0.2506277003443740 0.1653778688292040
 0.2835206389335028 -6.199634186521465E-02
 0.1961058237209848 -0.2500959633522461
 -3.296189483040071E-03 -0.3460766547170838
 -0.1376443601822808 -0.3872397378452446
 -9.413538327428589E-02 -0.4317321893630290
 5.336648851430525E-02 -0.4892676489035516
 0.1889685256731080 -0.5219178288261580
 0.3038924840344969 -0.4981688884035410
 0.4383033158018035 -0.4324157461588566
 0.5672814361440235 -0.3703425814963087
 0.6336961923934812 -0.3445264032023654
 0.6440376767002335 -0.3530061973366871
 0.6449028958906945 -0.3799966737176845
 0.6283907787276398 -0.4250771025714965
 0.5437445074626026 -0.5001141176865819
 0.4007200147956235 -0.6004529743590834
 0.2815899544347095 -0.6946111023243069
 0.2254405234677092 -0.7514804909996958
 0.1651772270066691 -0.7705928978930532
 2.624236953940833E-02 -0.7761907600494561
 -0.1539413658284334 -0.7863423724735116
 -0.2668923880356244 -0.7995801293109775
 -0.2832265641508513 -0.8100833289433780
   
   
 #BODY NUMBER  6
 -0.5599394599718082 0.6503230640529125
 -0.6317047455880740 0.5847754010041948
 -0.6047529241943775 0.6511819974342364
 -0.5038578392080678 0.7899161280622538
 -0.4319519636861593 0.8529163863734674
 -0.4397969495931461 0.8149154767149028
 -0.4965522126890149 0.7583461747898562
 -0.5639282060601344 0.7050841264461569
 -0.6342477190031635 0.6049069564818188
 -0.6982660499846295 0.4724872399691664
 -0.7327636430675752 0.3942414875669618
 -0.7296486375443000 0.3847808866626762
 -0.6958259200993061 0.3663925837759036
 -0.6237941514259850 0.3208642118906632
 -0.5093807438613290 0.3275513735292505
 -0.3960790525806094 0.3917588355127387
 -0.3362369897109238 0.3705055398623717
 -0.2931977265413881 0.1744217687755327
 -0.1578112975859284 -6.326588776572614E-02
 9.281600730112061E-02 -0.1548854860524211
 0.3199760289902651 -0.1229898418345660
 0.3754207235686494 -0.1392487865630860
 0.2806370484249429 -0.2309664135934552
 0.1721828455118142 -0.2263044881691679
 0.1038229472037503 -2.486421073982330E-02
 1.319508525948209E-02 0.2363666597908733
 -0.1108139923788939 0.3681371903601376
 -0.1507487265030612 0.3564866108991277
 -1.790758545763408E-02 0.2997388898049034
 0.1954507264637324 0.2145379048810009
 0.3146423695074800 4.478464349632207E-02
 0.2980630799002107 -0.1758929111865424
 0.2665372702376683 -0.3128233815281335
 0.3268233519827149 -0.2973897279920319
 0.4504014574575148 -0.1984170896876181
 0.5464783612880257 -9.730737066447688E-02
 0.5833731547497709 1.409416699125923E-02
 0.5936346790708760 0.1633739329678855
 0.6043668017509249 0.3061088440478886
 0.6152167136444707 0.3765337992930416
 0.6277311729370318 0.3812498903483665
 0.6515382207384504 0.3685039539566484
 0.6823229587578215 0.3316638265962720
 0.7049837844391236 0.2208394977875781
 0.7203675369707059 4.680722543834225E-02
 0.7423458375809184 -0.1034414971711949
 0.7635214573879963 -0.1805030251343524
 0.7499416390545884 -0.2422487742320849
 0.6853221011552869 -0.3653688213481044
 0.6040217877199721 -0.5264883197374560
 0.5590105103267431 -0.6309256527710365
 0.5599394599718082 -0.6503230640529125
 0.6317047455880740 -0.5847754010041948
 0.6047529241943775 -0.6511819974342364
 0.5038578392080678 -0.7899161280622538
 0.4319519636861593 -0.8529163863734674
 0.4397969495931461 -0.8149154767149028
 0.4965522126890149 -0.7583461747898562
 0.5639282060601344 -0.7050841264461569
 0.6342477190031635 -0.6049069564818188
 0.6982660499846295 -0.4724872399691664
 0.7327636430675752 -0.3942414875669618
 0.7296486375443000 -0.3847808866626762
 0.6958259200993061 -0.3663925837759036
 0.6237941514259850 -0.3208642118906632
 0.5093807438613290 -0.3275513735292505
 0.3960790525806094 -0.3917588355127387
 0.3362369897109238 -0.3705055398623717
 0.2931977265413881 -0.1744217687755327
 0.1578112975859284 6.326588776572614E-02
 -9.281600730112061E-02 0.1548854860524211
 -0.3199760289902651 0.1229898418345660
 -0.3754207235686494 0.1392487865630860
 -0.2806370484249429 0.2309664135934552
 -0.1721828455118142 0.2263044881691679
 -0.1038229472037503 2.486421073982330E-02
 -1.319508525948209E-02 -0.2363666597908733
 0.1108139923788939 -0.3681371903601376
 0.1507487265030612 -0.3564866108991277
 1.790758545763408E-02 -0.2997388898049034
 -0.1954507264637324 -0.2145379048810009
 -0.3146423695074800 -4.478464349632207E-02
 -0.2980630799002107 0.1758929111865424
 -0.2665372702376683 0.3128233815281335
 -0.3268233519827149 0.2973897279920319
 -0.4504014574575148 0.1984170896876181
 -0.5464783612880257 9.730737066447688E-02
 -0.5833731547497709 -1.409416699125923E-02
 -0.5936346790708760 -0.1633739329678855
 -0.6043668017509249 -0.3061088440478886
 -0.6152167136444707 -0.3765337992930416
 -0.6277311729370318 -0.3812498903483665
 -0.6515382207384504 -0.3685039539566484
 -0.6823229587578215 -0.3316638265962720
 -0.7049837844391236 -0.2208394977875781
 -0.7203675369707059 -4.680722543834225E-02
 -0.7423458375809184 0.1034414971711949
 -0.7635214573879963 0.1805030251343524
 -0.7499416390545884 0.2422487742320849
 -0.6853221011552869 0.3653688213481044
 -0.6040217877199721 0.5264883197374560
 -0.5590105103267431 0.6309256527710365
 -0.5599394599718082 0.6503230640529125
   
   
