 # action(x) =  156.0884913890629
 # |grad_action(x)| =  5.258592251016188E-12
 # PRINTSTEPS = 50
 #
 #BODY NUMBER  1
 0.6918587552062156 0.2769498232253076
 0.7070138641871088 0.1173766726709477
 0.7153595200590582 -8.074999668174893E-03
 0.6822410822287850 -2.553502720195409E-02
 0.5964917850010697 7.822187418315120E-02
 0.5071988460817360 0.1704200963206409
 0.4551939391058055 9.475219148114025E-02
 0.4072603161783257 -0.1352736384884584
 0.3207648125789358 -0.3519577109457714
 0.2393828007606967 -0.4332940780068129
 0.2476755223858814 -0.4012316050014305
 0.3444110320545711 -0.3217544186149191
 0.4364615259319330 -0.2067664358535639
 0.4588409108780909 -5.156825855780983E-02
 0.4324149619980676 0.1074964344842386
 0.3984912347817697 0.2232756091688597
 0.3652952018045524 0.2756069895658931
 0.3299306630819984 0.2444889959390029
 0.2848163790249112 0.1073915458885396
 0.1899066107755787 -8.520575056944739E-02
 1.679885511137639E-02 -0.1905891576433404
 -0.1558135789552447 -0.1097078724565714
 -0.1805290718534100 7.895109247418981E-02
 -2.671464114471525E-02 0.1881009002887779
 0.1522718604256661 0.1162066744842831
 0.2035496839238746 -7.789216259804363E-02
 0.1512858853045101 -0.2763807962877595
 0.1059115350044174 -0.4115155963991458
 7.248672849163204E-02 -0.4749374805002285
 -2.766591702039094E-02 -0.4873993899605754
 -0.1856701555419025 -0.4835019948358875
 -0.2968081204613938 -0.4856090881406273
 -0.3236411527582579 -0.4794942711474592
 -0.3310735302014509 -0.4476278216826521
 -0.3338140697538813 -0.4167497628357241
 -0.2510255427475110 -0.4161422328431099
 -7.902963120954391E-02 -0.3959361898526902
 2.096389974632022E-02 -0.2723941238291057
 -8.277328137695783E-02 -7.911568296193403E-02
 -0.2992571761854230 1.778669786077127E-02
 -0.4360187553551803 -8.379140676228514E-02
 -0.4525237788588549 -0.2818813067413590
 -0.4646059794038418 -0.4032332388852738
 -0.5339476859465366 -0.4174034271503022
 -0.5965026351357035 -0.4241771445575620
 -0.6051184880695046 -0.4702714538829125
 -0.6083483957842341 -0.4973368688649779
 -0.6468237890961006 -0.4692376963015879
 -0.6805372875882343 -0.4323904377969627
 -0.6741232598268656 -0.4162988988355915
 -0.6658378438783068 -0.3744706780824957
 -0.6918587552062156 -0.2769498232253076
 -0.7070138641871088 -0.1173766726709477
 -0.7153595200590582 8.074999668174893E-03
 -0.6822410822287850 2.553502720195409E-02
 -0.5964917850010697 -7.822187418315120E-02
 -0.5071988460817360 -0.1704200963206409
 -0.4551939391058055 -9.475219148114025E-02
 -0.4072603161783257 0.1352736384884584
 -0.3207648125789358 0.3519577109457714
 -0.2393828007606967 0.4332940780068129
 -0.2476755223858814 0.4012316050014305
 -0.3444110320545711 0.3217544186149191
 -0.4364615259319330 0.2067664358535639
 -0.4588409108780909 5.156825855780983E-02
 -0.4324149619980676 -0.1074964344842386
 -0.3984912347817697 -0.2232756091688597
 -0.3652952018045524 -0.2756069895658931
 -0.3299306630819984 -0.2444889959390029
 -0.2848163790249112 -0.1073915458885396
 -0.1899066107755787 8.520575056944739E-02
 -1.679885511137639E-02 0.1905891576433404
 0.1558135789552447 0.1097078724565714
 0.1805290718534100 -7.895109247418981E-02
 2.671464114471525E-02 -0.1881009002887779
 -0.1522718604256661 -0.1162066744842831
 -0.2035496839238746 7.789216259804363E-02
 -0.1512858853045101 0.2763807962877595
 -0.1059115350044174 0.4115155963991458
 -7.248672849163204E-02 0.4749374805002285
 2.766591702039094E-02 0.4873993899605754
 0.1856701555419025 0.4835019948358875
 0.2968081204613938 0.4856090881406273
 0.3236411527582579 0.4794942711474592
 0.3310735302014509 0.4476278216826521
 0.3338140697538813 0.4167497628357241
 0.2510255427475110 0.4161422328431099
 7.902963120954391E-02 0.3959361898526902
 -2.096389974632022E-02 0.2723941238291057
 8.277328137695783E-02 7.911568296193403E-02
 0.2992571761854230 -1.778669786077127E-02
 0.4360187553551803 8.379140676228514E-02
 0.4525237788588549 0.2818813067413590
 0.4646059794038418 0.4032332388852738
 0.5339476859465366 0.4174034271503022
 0.5965026351357035 0.4241771445575620
 0.6051184880695046 0.4702714538829125
 0.6083483957842341 0.4973368688649779
 0.6468237890961006 0.4692376963015879
 0.6805372875882343 0.4323904377969627
 0.6741232598268656 0.4162988988355915
 0.6658378438783068 0.3744706780824957
 0.6918587552062156 0.2769498232253076
   
   
 #BODY NUMBER  2
 -0.1060837951163816 -0.7376421694519184
 -0.2518557517488227 -0.6709803035493133
 -0.3646729148777192 -0.6154820173761031
 -0.3632345233576111 -0.5780705951145408
 -0.2305037623262955 -0.5556879760512298
 -0.1060112903118018 -0.5244571336372592
 -0.1455391646659874 -0.4415856106549064
 -0.3207805654825199 -0.2850609605194854
 -0.4651867250263259 -0.1018116208606291
 -0.4949350792436043 9.335452315572311E-03
 -0.4713145239253828 -1.387749178104113E-02
 -0.4508530163276980 -0.1373914937954173
 -0.3972957490651182 -0.2746035513047942
 -0.2740798773790328 -0.3715837558371147
 -0.1231128379194333 -0.4282305593089298
 -5.883267805206397E-03 -0.4567413370908726
 5.603505352234015E-02 -0.4541584194262528
 4.676834988792797E-02 -0.4079728336859575
 -4.940438262129809E-02 -0.3003539925937408
 -0.1687436499294515 -0.1218610739935318
 -0.1734544797606984 8.074634354072356E-02
 -1.710301506491181E-02 0.1897924538580995
 0.1586381876658876 0.1168672161095841
 0.1762574786971628 -7.091489226008081E-02
 2.450200197986492E-02 -0.1899746366522868
 -0.1692314335275513 -0.1373331159113464
 -0.3149957333556268 7.172978236155253E-03
 -0.4093387280373733 0.1140357183319431
 -0.4475512875683906 0.1746933919391362
 -0.4082672949847012 0.2676590819389389
 -0.3258899325373798 0.4025460688418397
 -0.2721457464076832 0.4998479164393929
 -0.2534336434036749 0.5200285955724619
 -0.2221202999171422 0.5105319985163778
 -0.1940088467599365 0.4974663459653950
 -0.2348769738559567 0.4254656134396769
 -0.3033759830852765 0.2664097632055269
 -0.2463821809507698 0.1180417921718505
 -2.712955059431176E-02 0.1112416059080111
 0.1650323202895775 0.2502709679109875
 0.1454438908026158 0.4194990220452025
 -1.785448306054328E-02 0.5328377416789812
 -0.1169072388230054 0.6039772003565154
 -9.450812856558091E-02 0.6711139738967690
 -6.909686532374168E-02 0.7286750077306621
 -0.1047077817024924 0.7591837099092802
 -0.1265321647835643 0.7755135995331479
 -8.295987086241281E-02 0.7947846812801272
 -3.419245969152811E-02 0.8055577981724510
 -2.346379204567753E-02 0.7919573177098418
 8.617801747327160E-03 0.7638678266409210
 0.1060837951163816 0.7376421694519184
 0.2518557517488227 0.6709803035493133
 0.3646729148777192 0.6154820173761031
 0.3632345233576111 0.5780705951145408
 0.2305037623262955 0.5556879760512298
 0.1060112903118018 0.5244571336372592
 0.1455391646659874 0.4415856106549064
 0.3207805654825199 0.2850609605194854
 0.4651867250263259 0.1018116208606291
 0.4949350792436043 -9.335452315572311E-03
 0.4713145239253828 1.387749178104113E-02
 0.4508530163276980 0.1373914937954173
 0.3972957490651182 0.2746035513047942
 0.2740798773790328 0.3715837558371147
 0.1231128379194333 0.4282305593089298
 5.883267805206397E-03 0.4567413370908726
 -5.603505352234015E-02 0.4541584194262528
 -4.676834988792797E-02 0.4079728336859575
 4.940438262129809E-02 0.3003539925937408
 0.1687436499294515 0.1218610739935318
 0.1734544797606984 -8.074634354072356E-02
 1.710301506491181E-02 -0.1897924538580995
 -0.1586381876658876 -0.1168672161095841
 -0.1762574786971628 7.091489226008081E-02
 -2.450200197986492E-02 0.1899746366522868
 0.1692314335275513 0.1373331159113464
 0.3149957333556268 -7.172978236155253E-03
 0.4093387280373733 -0.1140357183319431
 0.4475512875683906 -0.1746933919391362
 0.4082672949847012 -0.2676590819389389
 0.3258899325373798 -0.4025460688418397
 0.2721457464076832 -0.4998479164393929
 0.2534336434036749 -0.5200285955724619
 0.2221202999171422 -0.5105319985163778
 0.1940088467599365 -0.4974663459653950
 0.2348769738559567 -0.4254656134396769
 0.3033759830852765 -0.2664097632055269
 0.2463821809507698 -0.1180417921718505
 2.712955059431176E-02 -0.1112416059080111
 -0.1650323202895775 -0.2502709679109875
 -0.1454438908026158 -0.4194990220452025
 1.785448306054328E-02 -0.5328377416789812
 0.1169072388230054 -0.6039772003565154
 9.450812856558091E-02 -0.6711139738967690
 6.909686532374168E-02 -0.7286750077306621
 0.1047077817024924 -0.7591837099092802
 0.1265321647835643 -0.7755135995331479
 8.295987086241281E-02 -0.7947846812801272
 3.419245969152811E-02 -0.8055577981724510
 2.346379204567753E-02 -0.7919573177098418
 -8.617801747327160E-03 -0.7638678266409210
 -0.1060837951163816 -0.7376421694519184
   
   
 #BODY NUMBER  3
 -0.5857749600898373 0.4606923462266117
 -0.4551581124382888 0.5536036308783664
 -0.3506866051813419 0.6235570170442789
 -0.3190065588711767 0.6036056223164959
 -0.3659880226747771 0.4774661018680794
 -0.4011875557699368 0.3540370373166192
 -0.3096547744398201 0.3468334191737666
 -8.647975069580796E-02 0.4203345990079444
 0.1444219124473878 0.4537693318064007
 0.2555522784829055 0.4239586256912409
 0.2236390015394996 0.4151090967824718
 0.1064419842731250 0.4591459124103369
 -3.916577686681657E-02 0.4813699871583584
 -0.1847610334990597 0.4231520143949250
 -0.3093021240786358 0.3207341248246914
 -0.3926079669765646 0.2334657279220132
 -0.4213302553268937 0.1785514298603602
 -0.3766990129699274 0.1634838377469548
 -0.2354119964036141 0.1929624467052017
 -2.116296084612817E-02 0.2070668245629795
 0.1566556246493212 0.1098428141026172
 0.1729165940201559 -8.008458140152776E-02
 2.189088418752199E-02 -0.1958183085837737
 -0.1495428375524479 -0.1171860080286971
 -0.1767738624055311 7.376796216800383E-02
 -3.431825039632341E-02 0.2152252785093903
 0.1637098480511166 0.2692078180516042
 0.3034271930329560 0.2974798780672029
 0.3750645590767589 0.3002440885610925
 0.4359332120050924 0.2197403080216364
 0.5115600880792828 8.095592599404740E-02
 0.5689538668690776 -1.423882829876592E-02
 0.5770747961619337 -4.053432442500250E-02
 0.5531938301185942 -6.290417683372598E-02
 0.5278229165138191 -8.071658312967088E-02
 0.4859025166034688 -9.323380596567486E-03
 0.3824056142948217 0.1295264266471631
 0.2254182812044510 0.1543523316572546
 0.1099028319712713 -3.212592294607761E-02
 0.1342248558958473 -0.2680576657717593
 0.2905748645525664 -0.3357076152829178
 0.4703782619194004 -0.2509564349376225
 0.5815132182268500 -0.2007439614712423
 0.6284558145121197 -0.2537105467464673
 0.6655995004594472 -0.3044978631731005
 0.7098262697719998 -0.2889122560263680
 0.7348805605678010 -0.2781767306681709
 0.7297836599585158 -0.3255469849785396
 0.7147297472797651 -0.3731673603754888
 0.6975870518725464 -0.3756584188742511
 0.6572200421309825 -0.3893971485584261
 0.5857749600898373 -0.4606923462266117
 0.4551581124382888 -0.5536036308783664
 0.3506866051813419 -0.6235570170442789
 0.3190065588711767 -0.6036056223164959
 0.3659880226747771 -0.4774661018680794
 0.4011875557699368 -0.3540370373166192
 0.3096547744398201 -0.3468334191737666
 8.647975069580796E-02 -0.4203345990079444
 -0.1444219124473878 -0.4537693318064007
 -0.2555522784829055 -0.4239586256912409
 -0.2236390015394996 -0.4151090967824718
 -0.1064419842731250 -0.4591459124103369
 3.916577686681657E-02 -0.4813699871583584
 0.1847610334990597 -0.4231520143949250
 0.3093021240786358 -0.3207341248246914
 0.3926079669765646 -0.2334657279220132
 0.4213302553268937 -0.1785514298603602
 0.3766990129699274 -0.1634838377469548
 0.2354119964036141 -0.1929624467052017
 2.116296084612817E-02 -0.2070668245629795
 -0.1566556246493212 -0.1098428141026172
 -0.1729165940201559 8.008458140152776E-02
 -2.189088418752199E-02 0.1958183085837737
 0.1495428375524479 0.1171860080286971
 0.1767738624055311 -7.376796216800383E-02
 3.431825039632341E-02 -0.2152252785093903
 -0.1637098480511166 -0.2692078180516042
 -0.3034271930329560 -0.2974798780672029
 -0.3750645590767589 -0.3002440885610925
 -0.4359332120050924 -0.2197403080216364
 -0.5115600880792828 -8.095592599404740E-02
 -0.5689538668690776 1.423882829876592E-02
 -0.5770747961619337 4.053432442500250E-02
 -0.5531938301185942 6.290417683372598E-02
 -0.5278229165138191 8.071658312967088E-02
 -0.4859025166034688 9.323380596567486E-03
 -0.3824056142948217 -0.1295264266471631
 -0.2254182812044510 -0.1543523316572546
 -0.1099028319712713 3.212592294607761E-02
 -0.1342248558958473 0.2680576657717593
 -0.2905748645525664 0.3357076152829178
 -0.4703782619194004 0.2509564349376225
 -0.5815132182268500 0.2007439614712423
 -0.6284558145121197 0.2537105467464673
 -0.6655995004594472 0.3044978631731005
 -0.7098262697719998 0.2889122560263680
 -0.7348805605678010 0.2781767306681709
 -0.7297836599585158 0.3255469849785396
 -0.7147297472797651 0.3731673603754888
 -0.6975870518725464 0.3756584188742511
 -0.6572200421309825 0.3893971485584261
 -0.5857749600898373 0.4606923462266117
   
   
 #BODY NUMBER  4
 -0.2769498232253067 -0.6918587552062174
 -0.1173766726709468 -0.7070138641871104
 8.074999668175792E-03 -0.7153595200590599
 2.553502720195484E-02 -0.6822410822287865
 -7.822187418315052E-02 -0.5964917850010712
 -0.1704200963206402 -0.5071988460817375
 -9.475219148113952E-02 -0.4551939391058066
 0.1352736384884591 -0.4072603161783271
 0.3519577109457719 -0.3207648125789370
 0.4332940780068135 -0.2393828007606978
 0.4012316050014310 -0.2476755223858823
 0.3217544186149195 -0.3444110320545720
 0.2067664358535643 -0.4364615259319339
 5.156825855781028E-02 -0.4588409108780918
 -0.1074964344842383 -0.4324149619980686
 -0.2232756091688592 -0.3984912347817705
 -0.2756069895658927 -0.3652952018045530
 -0.2444889959390026 -0.3299306630819989
 -0.1073915458885392 -0.2848163790249116
 8.520575056944783E-02 -0.1899066107755791
 0.1905891576433409 -1.679885511137678E-02
 0.1097078724565717 0.1558135789552443
 -7.895109247418958E-02 0.1805290718534099
 -0.1881009002887777 2.671464114471524E-02
 -0.1162066744842829 -0.1522718604256662
 7.789216259804388E-02 -0.2035496839238747
 0.2763807962877596 -0.1512858853045101
 0.4115155963991461 -0.1059115350044173
 0.4749374805002286 -7.248672849163171E-02
 0.4873993899605755 2.766591702039123E-02
 0.4835019948358875 0.1856701555419028
 0.4856090881406271 0.2968081204613942
 0.4794942711474592 0.3236411527582582
 0.4476278216826520 0.3310735302014513
 0.4167497628357239 0.3338140697538819
 0.4161422328431095 0.2510255427475117
 0.3959361898526900 7.902963120954463E-02
 0.2723941238291050 -2.096389974631948E-02
 7.911568296193351E-02 8.277328137695869E-02
 -1.778669786077183E-02 0.2992571761854239
 8.379140676228472E-02 0.4360187553551815
 0.2818813067413585 0.4525237788588560
 0.4032332388852732 0.4646059794038430
 0.4174034271503014 0.5339476859465380
 0.4241771445575613 0.5965026351357047
 0.4702714538829118 0.6051184880695061
 0.4973368688649773 0.6083483957842356
 0.4692376963015871 0.6468237890961021
 0.4323904377969621 0.6805372875882358
 0.4162988988355906 0.6741232598268674
 0.3744706780824950 0.6658378438783082
 0.2769498232253067 0.6918587552062174
 0.1173766726709468 0.7070138641871104
 -8.074999668175792E-03 0.7153595200590599
 -2.553502720195484E-02 0.6822410822287865
 7.822187418315052E-02 0.5964917850010712
 0.1704200963206402 0.5071988460817375
 9.475219148113952E-02 0.4551939391058066
 -0.1352736384884591 0.4072603161783271
 -0.3519577109457719 0.3207648125789370
 -0.4332940780068135 0.2393828007606978
 -0.4012316050014310 0.2476755223858823
 -0.3217544186149195 0.3444110320545720
 -0.2067664358535643 0.4364615259319339
 -5.156825855781028E-02 0.4588409108780918
 0.1074964344842383 0.4324149619980686
 0.2232756091688592 0.3984912347817705
 0.2756069895658927 0.3652952018045530
 0.2444889959390026 0.3299306630819989
 0.1073915458885392 0.2848163790249116
 -8.520575056944783E-02 0.1899066107755791
 -0.1905891576433409 1.679885511137678E-02
 -0.1097078724565717 -0.1558135789552443
 7.895109247418958E-02 -0.1805290718534099
 0.1881009002887777 -2.671464114471524E-02
 0.1162066744842829 0.1522718604256662
 -7.789216259804388E-02 0.2035496839238747
 -0.2763807962877596 0.1512858853045101
 -0.4115155963991461 0.1059115350044173
 -0.4749374805002286 7.248672849163171E-02
 -0.4873993899605755 -2.766591702039123E-02
 -0.4835019948358875 -0.1856701555419028
 -0.4856090881406271 -0.2968081204613942
 -0.4794942711474592 -0.3236411527582582
 -0.4476278216826520 -0.3310735302014513
 -0.4167497628357239 -0.3338140697538819
 -0.4161422328431095 -0.2510255427475117
 -0.3959361898526900 -7.902963120954463E-02
 -0.2723941238291050 2.096389974631948E-02
 -7.911568296193351E-02 -8.277328137695869E-02
 1.778669786077183E-02 -0.2992571761854239
 -8.379140676228472E-02 -0.4360187553551815
 -0.2818813067413585 -0.4525237788588560
 -0.4032332388852732 -0.4646059794038430
 -0.4174034271503014 -0.5339476859465380
 -0.4241771445575613 -0.5965026351357047
 -0.4702714538829118 -0.6051184880695061
 -0.4973368688649773 -0.6083483957842356
 -0.4692376963015871 -0.6468237890961021
 -0.4323904377969621 -0.6805372875882358
 -0.4162988988355906 -0.6741232598268674
 -0.3744706780824950 -0.6658378438783082
 -0.2769498232253067 -0.6918587552062174
   
   
 #BODY NUMBER  5
 -0.4606923462266135 0.5857749600898359
 -0.5536036308783682 0.4551581124382875
 -0.6235570170442803 0.3506866051813405
 -0.6036056223164975 0.3190065588711752
 -0.4774661018680808 0.3659880226747758
 -0.3540370373166206 0.4011875557699355
 -0.3468334191737681 0.3096547744398191
 -0.4203345990079456 8.647975069580685E-02
 -0.4537693318064018 -0.1444219124473890
 -0.4239586256912422 -0.2555522784829065
 -0.4151090967824729 -0.2236390015395003
 -0.4591459124103378 -0.1064419842731257
 -0.4813699871583593 3.916577686681575E-02
 -0.4231520143949258 0.1847610334990590
 -0.3207341248246923 0.3093021240786352
 -0.2334657279220140 0.3926079669765640
 -0.1785514298603608 0.4213302553268931
 -0.1634838377469554 0.3766990129699271
 -0.1929624467052023 0.2354119964036137
 -0.2070668245629800 2.116296084612797E-02
 -0.1098428141026175 -0.1566556246493215
 8.008458140152740E-02 -0.1729165940201560
 0.1958183085837734 -2.189088418752207E-02
 0.1171860080286969 0.1495428375524478
 -7.376796216800385E-02 0.1767738624055312
 -0.2152252785093902 3.431825039632328E-02
 -0.2692078180516043 -0.1637098480511167
 -0.2974798780672030 -0.3034271930329561
 -0.3002440885610923 -0.3750645590767590
 -0.2197403080216362 -0.4359332120050925
 -8.095592599404718E-02 -0.5115600880792828
 1.423882829876619E-02 -0.5689538668690773
 4.053432442500308E-02 -0.5770747961619335
 6.290417683372665E-02 -0.5531938301185939
 8.071658312967166E-02 -0.5278229165138186
 9.323380596568131E-03 -0.4859025166034686
 -0.1295264266471624 -0.3824056142948210
 -0.1543523316572538 -0.2254182812044504
 3.212592294607857E-02 -0.1099028319712706
 0.2680576657717602 -0.1342248558958466
 0.3357076152829188 -0.2905748645525656
 0.2509564349376237 -0.4703782619193996
 0.2007439614712434 -0.5815132182268489
 0.2537105467464686 -0.6284558145121190
 0.3044978631731017 -0.6655995004594460
 0.2889122560263696 -0.7098262697719983
 0.2781767306681723 -0.7348805605677999
 0.3255469849785412 -0.7297836599585145
 0.3731673603754904 -0.7147297472797641
 0.3756584188742527 -0.6975870518725450
 0.3893971485584277 -0.6572200421309812
 0.4606923462266135 -0.5857749600898359
 0.5536036308783682 -0.4551581124382875
 0.6235570170442803 -0.3506866051813405
 0.6036056223164975 -0.3190065588711752
 0.4774661018680808 -0.3659880226747758
 0.3540370373166206 -0.4011875557699355
 0.3468334191737681 -0.3096547744398191
 0.4203345990079456 -8.647975069580685E-02
 0.4537693318064018 0.1444219124473890
 0.4239586256912422 0.2555522784829065
 0.4151090967824729 0.2236390015395003
 0.4591459124103378 0.1064419842731257
 0.4813699871583593 -3.916577686681575E-02
 0.4231520143949258 -0.1847610334990590
 0.3207341248246923 -0.3093021240786352
 0.2334657279220140 -0.3926079669765640
 0.1785514298603608 -0.4213302553268931
 0.1634838377469554 -0.3766990129699271
 0.1929624467052023 -0.2354119964036137
 0.2070668245629800 -2.116296084612797E-02
 0.1098428141026175 0.1566556246493215
 -8.008458140152740E-02 0.1729165940201560
 -0.1958183085837734 2.189088418752207E-02
 -0.1171860080286969 -0.1495428375524478
 7.376796216800385E-02 -0.1767738624055312
 0.2152252785093902 -3.431825039632328E-02
 0.2692078180516043 0.1637098480511167
 0.2974798780672030 0.3034271930329561
 0.3002440885610923 0.3750645590767590
 0.2197403080216362 0.4359332120050925
 8.095592599404718E-02 0.5115600880792828
 -1.423882829876619E-02 0.5689538668690773
 -4.053432442500308E-02 0.5770747961619335
 -6.290417683372665E-02 0.5531938301185939
 -8.071658312967166E-02 0.5278229165138186
 -9.323380596568131E-03 0.4859025166034686
 0.1295264266471624 0.3824056142948210
 0.1543523316572538 0.2254182812044504
 -3.212592294607857E-02 0.1099028319712706
 -0.2680576657717602 0.1342248558958466
 -0.3357076152829188 0.2905748645525656
 -0.2509564349376237 0.4703782619193996
 -0.2007439614712434 0.5815132182268489
 -0.2537105467464686 0.6284558145121190
 -0.3044978631731017 0.6655995004594460
 -0.2889122560263696 0.7098262697719983
 -0.2781767306681723 0.7348805605677999
 -0.3255469849785412 0.7297836599585145
 -0.3731673603754904 0.7147297472797641
 -0.3756584188742527 0.6975870518725450
 -0.3893971485584277 0.6572200421309812
 -0.4606923462266135 0.5857749600898359
   
   
 #BODY NUMBER  6
 0.7376421694519184 0.1060837951163816
 0.6709803035493134 0.2518557517488227
 0.6154820173761030 0.3646729148777192
 0.5780705951145410 0.3632345233576111
 0.5556879760512299 0.2305037623262955
 0.5244571336372592 0.1060112903118018
 0.4415856106549064 0.1455391646659874
 0.2850609605194854 0.3207805654825200
 0.1018116208606290 0.4651867250263259
 -9.335452315572389E-03 0.4949350792436043
 1.387749178104106E-02 0.4713145239253826
 0.1373914937954173 0.4508530163276981
 0.2746035513047942 0.3972957490651183
 0.3715837558371148 0.2740798773790329
 0.4282305593089299 0.1231128379194335
 0.4567413370908727 5.883267805206458E-03
 0.4541584194262528 -5.603505352234012E-02
 0.4079728336859574 -4.676834988792797E-02
 0.3003539925937407 4.940438262129807E-02
 0.1218610739935317 0.1687436499294515
 -8.074634354072369E-02 0.1734544797606984
 -0.1897924538580996 1.710301506491183E-02
 -0.1168672161095842 -0.1586381876658876
 7.091489226008078E-02 -0.1762574786971628
 0.1899746366522868 -2.450200197986492E-02
 0.1373331159113465 0.1692314335275513
 -7.172978236155121E-03 0.3149957333556268
 -0.1140357183319430 0.4093387280373733
 -0.1746933919391362 0.4475512875683906
 -0.2676590819389391 0.4082672949847011
 -0.4025460688418399 0.3258899325373798
 -0.4998479164393930 0.2721457464076831
 -0.5200285955724622 0.2534336434036749
 -0.5105319985163778 0.2221202999171422
 -0.4974663459653948 0.1940088467599365
 -0.4254656134396768 0.2348769738559567
 -0.2664097632055267 0.3033759830852765
 -0.1180417921718504 0.2463821809507699
 -0.1112416059080110 2.712955059431176E-02
 -0.2502709679109874 -0.1650323202895775
 -0.4194990220452026 -0.1454438908026158
 -0.5328377416789812 1.785448306054321E-02
 -0.6039772003565156 0.1169072388230054
 -0.6711139738967690 9.450812856558086E-02
 -0.7286750077306621 6.909686532374168E-02
 -0.7591837099092802 0.1047077817024925
 -0.7755135995331479 0.1265321647835642
 -0.7947846812801272 8.295987086241274E-02
 -0.8055577981724505 3.419245969152809E-02
 -0.7919573177098417 2.346379204567752E-02
 -0.7638678266409209 -8.617801747327160E-03
 -0.7376421694519184 -0.1060837951163816
 -0.6709803035493134 -0.2518557517488227
 -0.6154820173761030 -0.3646729148777192
 -0.5780705951145410 -0.3632345233576111
 -0.5556879760512299 -0.2305037623262955
 -0.5244571336372592 -0.1060112903118018
 -0.4415856106549064 -0.1455391646659874
 -0.2850609605194854 -0.3207805654825200
 -0.1018116208606290 -0.4651867250263259
 9.335452315572389E-03 -0.4949350792436043
 -1.387749178104106E-02 -0.4713145239253826
 -0.1373914937954173 -0.4508530163276981
 -0.2746035513047942 -0.3972957490651183
 -0.3715837558371148 -0.2740798773790329
 -0.4282305593089299 -0.1231128379194335
 -0.4567413370908727 -5.883267805206458E-03
 -0.4541584194262528 5.603505352234012E-02
 -0.4079728336859574 4.676834988792797E-02
 -0.3003539925937407 -4.940438262129807E-02
 -0.1218610739935317 -0.1687436499294515
 8.074634354072369E-02 -0.1734544797606984
 0.1897924538580996 -1.710301506491183E-02
 0.1168672161095842 0.1586381876658876
 -7.091489226008078E-02 0.1762574786971628
 -0.1899746366522868 2.450200197986492E-02
 -0.1373331159113465 -0.1692314335275513
 7.172978236155121E-03 -0.3149957333556268
 0.1140357183319430 -0.4093387280373733
 0.1746933919391362 -0.4475512875683906
 0.2676590819389391 -0.4082672949847011
 0.4025460688418399 -0.3258899325373798
 0.4998479164393930 -0.2721457464076831
 0.5200285955724622 -0.2534336434036749
 0.5105319985163778 -0.2221202999171422
 0.4974663459653948 -0.1940088467599365
 0.4254656134396768 -0.2348769738559567
 0.2664097632055267 -0.3033759830852765
 0.1180417921718504 -0.2463821809507699
 0.1112416059080110 -2.712955059431176E-02
 0.2502709679109874 0.1650323202895775
 0.4194990220452026 0.1454438908026158
 0.5328377416789812 -1.785448306054321E-02
 0.6039772003565156 -0.1169072388230054
 0.6711139738967690 -9.450812856558086E-02
 0.7286750077306621 -6.909686532374168E-02
 0.7591837099092802 -0.1047077817024925
 0.7755135995331479 -0.1265321647835642
 0.7947846812801272 -8.295987086241274E-02
 0.8055577981724505 -3.419245969152809E-02
 0.7919573177098417 -2.346379204567752E-02
 0.7638678266409209 8.617801747327160E-03
 0.7376421694519184 0.1060837951163816
   
   
