 # action(x) =  32.07735057312655
 # |grad_action(x)| =  4.634091052187495E-05
 # PRINTSTEPS = 50
 #
 #BODY NUMBER  1
 -1.525188298636515 0.6630954032175764
 -1.551136958299536 0.5996608240667199
 -1.575088095025484 0.5353453322931091
 -1.596103839896513 0.4698445810692513
 -1.614247131038411 0.4033641990754188
 -1.629731290931755 0.3361453685014330
 -1.642435813949616 0.2682541180472929
 -1.652152405954491 0.1997563635465839
 -1.658891003202080 0.1308435397254548
 -1.662755512377405 6.171200477827499E-02
 -1.663712162300842 -7.535080575607367E-03
 -1.661657770662703 -7.679503474361848E-02
 -1.656609772719756 -0.1458842835122032
 -1.648672838047300 -0.2146191963783006
 -1.637877659965013 -0.2828932051880853
 -1.624189899259592 -0.3506082401769842
 -1.607647809748922 -0.4176028584569988
 -1.588368417878748 -0.4837153964347407
 -1.566425559759518 -0.5488565842982174
 -1.541828517745358 -0.6129529413227629
 -1.514626645281281 -0.6758731581582305
 -1.484938657016925 -0.7374794571385281
 -1.452859332692046 -0.7977034038651100
 -1.418420727266208 -0.8564986994807815
 -1.381672331201890 -0.9137607139559690
 -1.342725110514874 -0.9693678594996239
 -1.301681417632976 -1.023265947293735
 -1.258585533391449 -1.075431107293115
 -1.213483479830371 -1.125778728356114
 -1.166476171206318 -1.174193981493163
 -1.117668916974992 -1.220629040890732
 -1.067115508629094 -1.265078500630183
 -1.014860190666470 -1.307473597386748
 -0.9609958813405175 -1.347698680893181
 -0.9056306657274078 -1.385706001601170
 -0.8488285367650804 -1.421508096956377
 -0.7906355837906218 -1.455051680613535
 -0.7311403578729052 -1.486213884619579
 -0.6704551840455699 -1.514941650411642
 -0.6086559269558206 -1.541269575653748
 -0.5457945085718582 -1.565163933056016
 -0.4819594299688501 -1.586486440534813
 -0.4172695807337561 -1.605171911433649
 -0.3518144563206566 -1.621290100918624
 -0.2856557508733051 -1.634838748707414
 -0.2188874838813248 -1.645644509430646
 -0.1516386841573030 -1.653614977357027
 -8.401291076027972E-02 -1.658901051180375
 -1.608466071290315E-02 -1.661567113641229
 5.203516966951893E-02 -1.661297156192010
 0.1202014388954891 -1.657924107690792
 0.1883366849991505 -1.652399513782777
 0.2562469718536774 -1.643154422669681
 0.3239213899494874 -1.631738969637061
 0.3911545769118276 -1.617188762962896
 0.4577999221427291 -1.599661123003121
 0.5237552169791549 -1.579461383540024
 0.5889030260760627 -1.556518197989386
 0.6530821175783039 -1.530684136253462
 0.7161316722777179 -1.502063520745182
 0.7779335923322497 -1.470844516390581
 0.8383816523484595 -1.437049456849864
 0.8973353363038337 -1.400640324417908
 0.9546443818943371 -1.361724005576772
 1.010202095227060 -1.320482962089199
 1.063931532233392 -1.276997059226670
 1.115730592399220 -1.231285593240403
 1.165478588991219 -1.183462414352479
 1.213094030453520 -1.133709702234523
 1.258536524916370 -1.082136035739893
 1.301747077382584 -1.028786193985405
 1.342636647341686 -0.9737685729832757
 1.381145273159585 -0.9172548714689404
 1.417261078778526 -0.8593613883040644
 1.450959995691794 -0.8001390333265443
 1.482176156867020 -0.7396829815489193
 1.510859747196256 -0.6781501262553372
 1.537015014000411 -0.6156562016574307
 1.560643425631590 -0.5522514911060252
 1.581694717711721 -0.4880181564277852
 1.600119902547033 -0.4231010064272964
 1.615930216495905 -0.3576151546752180
 1.629147873641814 -0.2916098889300563
 1.639735445447587 -0.2251579077133082
 1.647639234970531 -0.1583975057265137
 1.652871932426877 -9.144616216556323E-02
 1.655476392032036 -2.435302781754423E-02
 1.655429511125873 4.281533960814843E-02
 1.652669158474162 0.1099208186598075
 1.647205546530391 0.1768396037233863
 1.639106570074118 0.2435232929191677
 1.628368981399605 0.3099100568587351
 1.614917275247123 0.3758541103209150
 1.598754443109643 0.4412198985749098
 1.579985642460093 0.5059647938670127
 1.558639762908437 0.5700342373603060
 1.534613692705982 0.6332601331036386
 1.507891920548266 0.6954845360018439
 1.478656908067054 0.7566932106259101
 1.447001660862541 0.8168538320319868
 1.412707955662366 0.8757123569200422
 1.375703675359129 0.9330595535003323
 1.336851613637364 0.9893041105652003
 1.294889986445858 1.043493598602961
 1.251166705075996 1.096393637343952
 1.204949262984685 1.147344181893645
 1.156447208895682 1.196296923927702
 1.105976073952600 1.243316015038591
 1.053532787873553 1.288264079942093
 0.9990702883761871 1.330927772706878
 0.9427593309243625 1.371219981019727
 0.8848219200451554 1.409132511612306
 0.8253305099523823 1.444584537425472
 0.7643224343588694 1.477435359161527
 0.7019653908254186 1.507608289088975
 0.6384707428202406 1.535102158467500
 0.5739461277316210 1.559890264414755
 0.5084593068603718 1.581893833417387
 0.4421692207577027 1.601065272809478
 0.3752743874252281 1.617425098669263
 0.3078890348431472 1.630992620038110
 0.2400814403627739 1.641739135308168
 0.1719899979395950 1.649641731141506
 0.1037933838573400 1.654734328607468
 3.559825391352009E-02 1.657064792169174
 -3.253926842558623E-02 1.656637732807326
 -0.1005038256651298 1.653443695504888
 -0.1681346366813815 1.647517985754961
 -0.2353335963674352 1.638922148951166
 -0.3020578922401413 1.627682598399140
 -0.3682112378813507 1.613796884783900
 -0.4336437313407148 1.597294987920459
 -0.4982612995209122 1.578244195565950
 -0.5620323650127196 1.556688389560239
 -0.6248752547811163 1.532631505100057
 -0.6866433536300138 1.506096186619695
 -0.7472412666994696 1.477152163766734
 -0.8066478552669556 1.445861124773922
 -0.8647939273352513 1.412236341005386
 -0.9215288006012571 1.376293065959771
 -0.9767503624848213 1.338102046688256
 -1.030450643118298 1.297746282734581
 -1.082574472827747 1.255253876197281
 -1.132957845278273 1.210632330213898
 -1.181484862375887 1.163952012858739
 -1.228171186139437 1.115325307051612
 -1.272984012035132 1.064804511347108
 -1.315726208824657 1.012384376327007
 -1.356253236390963 0.9581304413551825
 -1.394643997306774 0.9022078405544648
 -1.430917000149638 0.8447132816092424
 -1.464743125331885 0.7855847992719683
 -1.495905114254618 0.7248645541904596
 -1.525188298636515 0.6630954032175764
 -1.551136958299536 0.5996608240667199
 -1.575088095025484 0.5353453322931091
 -1.596103839896513 0.4698445810692513
 -1.614247131038411 0.4033641990754188
 -1.629731290931755 0.3361453685014330
 -1.642435813949616 0.2682541180472929
 -1.652152405954491 0.1997563635465839
 -1.658891003202080 0.1308435397254548
 -1.662755512377405 6.171200477827499E-02
 -1.663712162300842 -7.535080575607367E-03
 -1.661657770662703 -7.679503474361848E-02
 -1.656609772719756 -0.1458842835122032
 -1.648672838047300 -0.2146191963783006
 -1.637877659965013 -0.2828932051880853
 -1.624189899259592 -0.3506082401769842
 -1.607647809748922 -0.4176028584569988
 -1.588368417878748 -0.4837153964347407
 -1.566425559759518 -0.5488565842982174
 -1.541828517745358 -0.6129529413227629
 -1.514626645281281 -0.6758731581582305
 -1.484938657016925 -0.7374794571385281
 -1.452859332692046 -0.7977034038651100
 -1.418420727266208 -0.8564986994807815
 -1.381672331201890 -0.9137607139559690
 -1.342725110514874 -0.9693678594996239
 -1.301681417632976 -1.023265947293735
 -1.258585533391449 -1.075431107293115
 -1.213483479830371 -1.125778728356114
 -1.166476171206318 -1.174193981493163
 -1.117668916974992 -1.220629040890732
 -1.067115508629094 -1.265078500630183
 -1.014860190666470 -1.307473597386748
 -0.9609958813405175 -1.347698680893181
 -0.9056306657274078 -1.385706001601170
 -0.8488285367650804 -1.421508096956377
 -0.7906355837906218 -1.455051680613535
 -0.7311403578729052 -1.486213884619579
 -0.6704551840455699 -1.514941650411642
 -0.6086559269558206 -1.541269575653748
 -0.5457945085718582 -1.565163933056016
 -0.4819594299688501 -1.586486440534813
 -0.4172695807337561 -1.605171911433649
 -0.3518144563206566 -1.621290100918624
 -0.2856557508733051 -1.634838748707414
 -0.2188874838813248 -1.645644509430646
 -0.1516386841573030 -1.653614977357027
 -8.401291076027972E-02 -1.658901051180375
 -1.608466071290315E-02 -1.661567113641229
 5.203516966951893E-02 -1.661297156192010
 0.1202014388954891 -1.657924107690792
 0.1883366849991505 -1.652399513782777
 0.2562469718536774 -1.643154422669681
 0.3239213899494874 -1.631738969637061
 0.3911545769118276 -1.617188762962896
 0.4577999221427291 -1.599661123003121
 0.5237552169791549 -1.579461383540024
 0.5889030260760627 -1.556518197989386
 0.6530821175783039 -1.530684136253462
 0.7161316722777179 -1.502063520745182
 0.7779335923322497 -1.470844516390581
 0.8383816523484595 -1.437049456849864
 0.8973353363038337 -1.400640324417908
 0.9546443818943371 -1.361724005576772
 1.010202095227060 -1.320482962089199
 1.063931532233392 -1.276997059226670
 1.115730592399220 -1.231285593240403
 1.165478588991219 -1.183462414352479
 1.213094030453520 -1.133709702234523
 1.258536524916370 -1.082136035739893
 1.301747077382584 -1.028786193985405
 1.342636647341686 -0.9737685729832757
 1.381145273159585 -0.9172548714689404
 1.417261078778526 -0.8593613883040644
 1.450959995691794 -0.8001390333265443
 1.482176156867020 -0.7396829815489193
 1.510859747196256 -0.6781501262553372
 1.537015014000411 -0.6156562016574307
 1.560643425631590 -0.5522514911060252
 1.581694717711721 -0.4880181564277852
 1.600119902547033 -0.4231010064272964
 1.615930216495905 -0.3576151546752180
 1.629147873641814 -0.2916098889300563
 1.639735445447587 -0.2251579077133082
 1.647639234970531 -0.1583975057265137
 1.652871932426877 -9.144616216556323E-02
 1.655476392032036 -2.435302781754423E-02
 1.655429511125873 4.281533960814843E-02
 1.652669158474162 0.1099208186598075
 1.647205546530391 0.1768396037233863
 1.639106570074118 0.2435232929191677
 1.628368981399605 0.3099100568587351
 1.614917275247123 0.3758541103209150
 1.598754443109643 0.4412198985749098
 1.579985642460093 0.5059647938670127
 1.558639762908437 0.5700342373603060
 1.534613692705982 0.6332601331036386
 1.507891920548266 0.6954845360018439
 1.478656908067054 0.7566932106259101
 1.447001660862541 0.8168538320319868
 1.412707955662366 0.8757123569200422
 1.375703675359129 0.9330595535003323
 1.336851613637364 0.9893041105652003
 1.294889986445858 1.043493598602961
 1.251166705075996 1.096393637343952
 1.204949262984685 1.147344181893645
 1.156447208895682 1.196296923927702
 1.105976073952600 1.243316015038591
 1.053532787873553 1.288264079942093
 0.9990702883761871 1.330927772706878
 0.9427593309243625 1.371219981019727
 0.8848219200451554 1.409132511612306
 0.8253305099523823 1.444584537425472
 0.7643224343588694 1.477435359161527
 0.7019653908254186 1.507608289088975
 0.6384707428202406 1.535102158467500
 0.5739461277316210 1.559890264414755
 0.5084593068603718 1.581893833417387
 0.4421692207577027 1.601065272809478
 0.3752743874252281 1.617425098669263
 0.3078890348431472 1.630992620038110
 0.2400814403627739 1.641739135308168
 0.1719899979395950 1.649641731141506
 0.1037933838573400 1.654734328607468
 3.559825391352009E-02 1.657064792169174
 -3.253926842558623E-02 1.656637732807326
 -0.1005038256651298 1.653443695504888
 -0.1681346366813815 1.647517985754961
 -0.2353335963674352 1.638922148951166
 -0.3020578922401413 1.627682598399140
 -0.3682112378813507 1.613796884783900
 -0.4336437313407148 1.597294987920459
 -0.4982612995209122 1.578244195565950
 -0.5620323650127196 1.556688389560239
 -0.6248752547811163 1.532631505100057
 -0.6866433536300138 1.506096186619695
 -0.7472412666994696 1.477152163766734
 -0.8066478552669556 1.445861124773922
 -0.8647939273352513 1.412236341005386
 -0.9215288006012571 1.376293065959771
 -0.9767503624848213 1.338102046688256
 -1.030450643118298 1.297746282734581
 -1.082574472827747 1.255253876197281
 -1.132957845278273 1.210632330213898
 -1.181484862375887 1.163952012858739
 -1.228171186139437 1.115325307051612
 -1.272984012035132 1.064804511347108
 -1.315726208824657 1.012384376327007
 -1.356253236390963 0.9581304413551825
 -1.394643997306774 0.9022078405544648
 -1.430917000149638 0.8447132816092424
 -1.464743125331885 0.7855847992719683
 -1.495905114254618 0.7248645541904596
 -1.525188298636515 0.6630954032175764
   
   
 #BODY NUMBER  2
 -0.2333764566826795 -0.6584481525802124
 -0.2055038105764990 -0.6724086024026190
 -0.1760270298524528 -0.6851884704986786
 -0.1443542733320622 -0.6960370449036175
 -0.1108571229352696 -0.7046540893900965
 -7.608715880089112E-02 -0.7108933445218434
 -4.034484869159100E-02 -0.7145648847447303
 -3.895970292738637E-03 -0.7155116763770104
 3.280769928432614E-02 -0.7137407216130052
 6.929705500353889E-02 -0.7093876883892949
 0.1052891358598973 -0.7025945449839821
 0.1405933782440929 -0.6934883474107002
 0.1749541650240862 -0.6822503890152974
 0.2081193355933276 -0.6691241285202395
 0.2399733026604393 -0.6543382713310070
 0.2704797089135239 -0.6380701508110627
 0.2995524942575697 -0.6204966266668972
 0.3270892241949414 -0.6018298504120543
 0.3530806369051575 -0.5822726107334908
 0.3775797726961579 -0.5619735831599800
 0.4005924987325588 -0.5410593684514400
 0.4220934701557078 -0.5196826507180332
 0.4421251841827853 -0.4980004235323507
 0.4607852989389458 -0.4761232465260588
 0.4781279155009325 -0.4541273277261991
 0.4941667327883540 -0.4321073593078538
 0.5089687924439567 -0.4101747884711947
 0.5226553987010002 -0.3884047251098875
 0.5353080214708056 -0.3668279239087087
 0.5469598842958279 -0.3454834283817903
 0.5576882383106561 -0.3244364910961600
 0.5676272952292010 -0.3037271820326978
 0.5768737704417455 -0.2833417131456898
 0.5854661892931152 -0.2632604043823379
 0.5934796462238090 -0.2434960525299684
 0.6010514711294768 -0.2240488472116776
 0.6082808048382372 -0.2048555154248217
 0.6151922800856692 -0.1858273995569951
 0.6218384113029111 -0.1669117425718543
 0.6283415354513440 -0.1480594170117012
 0.6347786771600283 -0.1291487909168172
 0.6411210511447368 -0.1100068867301763
 0.6473531383851724 -9.050065173255806E-02
 0.6535412099740617 -7.053047762825571E-02
 0.6596863532452497 -4.992258926767629E-02
 0.6656186435092561 -2.842131783919033E-02
 0.6711595552806764 -5.833210739959627E-03
 0.6762584370526870 1.791701818999830E-02
 0.6807682119171279 4.295134158265618E-02
 0.6842132204147185 6.953170237077488E-02
 0.6861561103651407 9.775832531716153E-02
 0.6869210555507359 0.1271141361577071
 0.6850748366921078 0.1582327806675561
 0.6814041367582864 0.1901503556443933
 0.6749628995276139 0.2230040546014003
 0.6656769037600490 0.2563219600426502
 0.6536952751376450 0.2895532598375693
 0.6390037671870314 0.3223427784936080
 0.6215992735932503 0.3543818289426039
 0.6017137469901364 0.3852826618264495
 0.5796992317752793 0.4147068542351597
 0.5558201565865484 0.4424803388891732
 0.5302818369641082 0.4685016108686090
 0.5033690861170202 0.4926399459164023
 0.4754188257869872 0.5147986959026803
 0.4466869143108273 0.5349921119994957
 0.4173451055421862 0.5532773745328632
 0.3875895945272969 0.5696683831274960
 0.3576553271151570 0.5841825026629901
 0.3277225543705118 0.5969131065110012
 0.2978935129242306 0.6079804666900167
 0.2682749086682323 0.6174529646936013
 0.2390116423499982 0.6253849932853883
 0.2102184257830328 0.6318918529213413
 0.1819421773544150 0.6371133978345631
 0.1542218446131635 0.6411345849454065
 0.1271325839286345 0.6440146239537980
 0.1007373905859847 0.6458672982255531
 7.504065954457417E-02 0.6468352152550942
 5.002829018704405E-02 0.6470043073976577
 2.571748341725827E-02 0.6464228688420792
 2.126124048630385E-03 0.6451904273168982
 -2.077819215442361E-02 0.6434432485662864
 -4.305576368490210E-02 0.6412581965523092
 -6.474289664088878E-02 0.6386587951758758
 -8.586605589972174E-02 0.6357164765238041
 -0.1064937421908072 0.6325502665859748
 -0.1267303219558681 0.6292143873367686
 -0.1466648913072757 0.6256858425447587
 -0.1663693963943011 0.6219837325232046
 -0.1859475513240248 0.6181894404596350
 -0.2055432047780055 0.6143088556596740
 -0.2252917670727984 0.6102305605574125
 -0.2453007057331427 0.6058745889274215
 -0.2656894196199113 0.6012485290716852
 -0.2866089460941208 0.5962664350741393
 -0.3081957384968573 0.5906533134311490
 -0.3305280689539049 0.5841578302357120
 -0.3536458114389499 0.5766984769161874
 -0.3775810588957671 0.5680868948178128
 -0.4023228308288290 0.5577801792989203
 -0.4277392483386556 0.5453494598795500
 -0.4535445988680564 0.5313340164225053
 -0.4795710261156088 0.5141758217350629
 -0.5053771069058336 0.4950381148542852
 -0.5306086261955517 0.4730329903022172
 -0.5548197808247795 0.4483321293474463
 -0.5776081163367539 0.4213400846842741
 -0.5986589184954404 0.3922221062511223
 -0.6177033033005117 0.3611298474344064
 -0.6345214462744625 0.3284580597865556
 -0.6489962867788182 0.2946808341541353
 -0.6611092924464457 0.2601142060948088
 -0.6708752152082011 0.2249867365420913
 -0.6783232511411065 0.1896104430988952
 -0.6835381613803149 0.1543254326175592
 -0.6866602169712666 0.1193461593315113
 -0.6878248144557101 8.479277627819937E-02
 -0.6871420887848666 5.082824353940112E-02
 -0.6847445513100984 1.764734774906427E-02
 -0.6808031912756694 -1.464049577751041E-02
 -0.6754732856203884 -4.600688353003671E-02
 -0.6688674074007911 -7.639359624216140E-02
 -0.6611051125057060 -0.1057023425673552
 -0.6523436099658182 -0.1338914293889906
 -0.6427274762933608 -0.1609901513085044
 -0.6323497601140959 -0.1870072572192074
 -0.6212993167169886 -0.2119072646459443
 -0.6097061830299414 -0.2356925097543584
 -0.5976960582455744 -0.2584304901452067
 -0.5853363116578496 -0.2801763834889490
 -0.5726773677130861 -0.3009394404602890
 -0.5598143623592865 -0.3207539362207382
 -0.5468491030747773 -0.3397160665335886
 -0.5338180067568434 -0.3579164834066194
 -0.5207232926522265 -0.3753983907935378
 -0.5076135903240873 -0.3922204239938358
 -0.4945577289386695 -0.4085014193742972
 -0.4815504828823692 -0.4243588719119469
 -0.4685273887783935 -0.4398584429877636
 -0.4554690149086100 -0.4550719899513503
 -0.4423939841273192 -0.4701300234479338
 -0.4292354723820229 -0.4851600647428568
 -0.4158292840719384 -0.5002236738272363
 -0.4020524326520297 -0.5153739371948635
 -0.3878517903541503 -0.5307180514434295
 -0.3730774071511289 -0.5463438458064631
 -0.3574229050123988 -0.5622319955919587
 -0.3406314863267715 -0.5783246194957523
 -0.3226126256137370 -0.5946154951061857
 -0.3031871530213608 -0.6110382364004691
 -0.2818903895858896 -0.6273118816696952
 -0.2584168620264850 -0.6431077851967115
 -0.2333764566826795 -0.6584481525802124
 -0.2055038105764990 -0.6724086024026190
 -0.1760270298524528 -0.6851884704986786
 -0.1443542733320622 -0.6960370449036175
 -0.1108571229352696 -0.7046540893900965
 -7.608715880089112E-02 -0.7108933445218434
 -4.034484869159100E-02 -0.7145648847447303
 -3.895970292738637E-03 -0.7155116763770104
 3.280769928432614E-02 -0.7137407216130052
 6.929705500353889E-02 -0.7093876883892949
 0.1052891358598973 -0.7025945449839821
 0.1405933782440929 -0.6934883474107002
 0.1749541650240862 -0.6822503890152974
 0.2081193355933276 -0.6691241285202395
 0.2399733026604393 -0.6543382713310070
 0.2704797089135239 -0.6380701508110627
 0.2995524942575697 -0.6204966266668972
 0.3270892241949414 -0.6018298504120543
 0.3530806369051575 -0.5822726107334908
 0.3775797726961579 -0.5619735831599800
 0.4005924987325588 -0.5410593684514400
 0.4220934701557078 -0.5196826507180332
 0.4421251841827853 -0.4980004235323507
 0.4607852989389458 -0.4761232465260588
 0.4781279155009325 -0.4541273277261991
 0.4941667327883540 -0.4321073593078538
 0.5089687924439567 -0.4101747884711947
 0.5226553987010002 -0.3884047251098875
 0.5353080214708056 -0.3668279239087087
 0.5469598842958279 -0.3454834283817903
 0.5576882383106561 -0.3244364910961600
 0.5676272952292010 -0.3037271820326978
 0.5768737704417455 -0.2833417131456898
 0.5854661892931152 -0.2632604043823379
 0.5934796462238090 -0.2434960525299684
 0.6010514711294768 -0.2240488472116776
 0.6082808048382372 -0.2048555154248217
 0.6151922800856692 -0.1858273995569951
 0.6218384113029111 -0.1669117425718543
 0.6283415354513440 -0.1480594170117012
 0.6347786771600283 -0.1291487909168172
 0.6411210511447368 -0.1100068867301763
 0.6473531383851724 -9.050065173255806E-02
 0.6535412099740617 -7.053047762825571E-02
 0.6596863532452497 -4.992258926767629E-02
 0.6656186435092561 -2.842131783919033E-02
 0.6711595552806764 -5.833210739959627E-03
 0.6762584370526870 1.791701818999830E-02
 0.6807682119171279 4.295134158265618E-02
 0.6842132204147185 6.953170237077488E-02
 0.6861561103651407 9.775832531716153E-02
 0.6869210555507359 0.1271141361577071
 0.6850748366921078 0.1582327806675561
 0.6814041367582864 0.1901503556443933
 0.6749628995276139 0.2230040546014003
 0.6656769037600490 0.2563219600426502
 0.6536952751376450 0.2895532598375693
 0.6390037671870314 0.3223427784936080
 0.6215992735932503 0.3543818289426039
 0.6017137469901364 0.3852826618264495
 0.5796992317752793 0.4147068542351597
 0.5558201565865484 0.4424803388891732
 0.5302818369641082 0.4685016108686090
 0.5033690861170202 0.4926399459164023
 0.4754188257869872 0.5147986959026803
 0.4466869143108273 0.5349921119994957
 0.4173451055421862 0.5532773745328632
 0.3875895945272969 0.5696683831274960
 0.3576553271151570 0.5841825026629901
 0.3277225543705118 0.5969131065110012
 0.2978935129242306 0.6079804666900167
 0.2682749086682323 0.6174529646936013
 0.2390116423499982 0.6253849932853883
 0.2102184257830328 0.6318918529213413
 0.1819421773544150 0.6371133978345631
 0.1542218446131635 0.6411345849454065
 0.1271325839286345 0.6440146239537980
 0.1007373905859847 0.6458672982255531
 7.504065954457417E-02 0.6468352152550942
 5.002829018704405E-02 0.6470043073976577
 2.571748341725827E-02 0.6464228688420792
 2.126124048630385E-03 0.6451904273168982
 -2.077819215442361E-02 0.6434432485662864
 -4.305576368490210E-02 0.6412581965523092
 -6.474289664088878E-02 0.6386587951758758
 -8.586605589972174E-02 0.6357164765238041
 -0.1064937421908072 0.6325502665859748
 -0.1267303219558681 0.6292143873367686
 -0.1466648913072757 0.6256858425447587
 -0.1663693963943011 0.6219837325232046
 -0.1859475513240248 0.6181894404596350
 -0.2055432047780055 0.6143088556596740
 -0.2252917670727984 0.6102305605574125
 -0.2453007057331427 0.6058745889274215
 -0.2656894196199113 0.6012485290716852
 -0.2866089460941208 0.5962664350741393
 -0.3081957384968573 0.5906533134311490
 -0.3305280689539049 0.5841578302357120
 -0.3536458114389499 0.5766984769161874
 -0.3775810588957671 0.5680868948178128
 -0.4023228308288290 0.5577801792989203
 -0.4277392483386556 0.5453494598795500
 -0.4535445988680564 0.5313340164225053
 -0.4795710261156088 0.5141758217350629
 -0.5053771069058336 0.4950381148542852
 -0.5306086261955517 0.4730329903022172
 -0.5548197808247795 0.4483321293474463
 -0.5776081163367539 0.4213400846842741
 -0.5986589184954404 0.3922221062511223
 -0.6177033033005117 0.3611298474344064
 -0.6345214462744625 0.3284580597865556
 -0.6489962867788182 0.2946808341541353
 -0.6611092924464457 0.2601142060948088
 -0.6708752152082011 0.2249867365420913
 -0.6783232511411065 0.1896104430988952
 -0.6835381613803149 0.1543254326175592
 -0.6866602169712666 0.1193461593315113
 -0.6878248144557101 8.479277627819937E-02
 -0.6871420887848666 5.082824353940112E-02
 -0.6847445513100984 1.764734774906427E-02
 -0.6808031912756694 -1.464049577751041E-02
 -0.6754732856203884 -4.600688353003671E-02
 -0.6688674074007911 -7.639359624216140E-02
 -0.6611051125057060 -0.1057023425673552
 -0.6523436099658182 -0.1338914293889906
 -0.6427274762933608 -0.1609901513085044
 -0.6323497601140959 -0.1870072572192074
 -0.6212993167169886 -0.2119072646459443
 -0.6097061830299414 -0.2356925097543584
 -0.5976960582455744 -0.2584304901452067
 -0.5853363116578496 -0.2801763834889490
 -0.5726773677130861 -0.3009394404602890
 -0.5598143623592865 -0.3207539362207382
 -0.5468491030747773 -0.3397160665335886
 -0.5338180067568434 -0.3579164834066194
 -0.5207232926522265 -0.3753983907935378
 -0.5076135903240873 -0.3922204239938358
 -0.4945577289386695 -0.4085014193742972
 -0.4815504828823692 -0.4243588719119469
 -0.4685273887783935 -0.4398584429877636
 -0.4554690149086100 -0.4550719899513503
 -0.4423939841273192 -0.4701300234479338
 -0.4292354723820229 -0.4851600647428568
 -0.4158292840719384 -0.5002236738272363
 -0.4020524326520297 -0.5153739371948635
 -0.3878517903541503 -0.5307180514434295
 -0.3730774071511289 -0.5463438458064631
 -0.3574229050123988 -0.5622319955919587
 -0.3406314863267715 -0.5783246194957523
 -0.3226126256137370 -0.5946154951061857
 -0.3031871530213608 -0.6110382364004691
 -0.2818903895858896 -0.6273118816696952
 -0.2584168620264850 -0.6431077851967115
 -0.2333764566826795 -0.6584481525802124
   
   
 #BODY NUMBER  3
 -1.351348587601149 -1.500508213904594
 -1.288945100023341 -1.553994900251720
 -1.224776254357820 -1.605368556914055
 -1.158150621335687 -1.653608762794954
 -1.089347952289812 -1.698741747263636
 -1.018741307510682 -1.740971030941205
 -0.9463691329785081 -1.780160172947901
 -0.8722340585334740 -1.816069315190492
 -0.7965629103358571 -1.848682122352693
 -0.7196159523674449 -1.878094814911936
 -0.6414861542107005 -1.904266325222390
 -0.5622366981222419 -1.927067030198131
 -0.4820678009408379 -1.946480317141852
 -0.4012077165852755 -1.962589391271813
 -0.3197634941581299 -1.975407372068591
 -0.2378089642360314 -1.984863929368209
 -0.1555218325546664 -1.990948061427673
 -7.310994304883589E-02 -1.993738556971847
 9.319195576315220E-03 -1.993281783036050
 9.169638638486421E-02 -1.989546661037067
 0.1738640336236484 -1.982527255769904
 0.2556283712281170 -1.972297553486437
 0.3368846538719378 -1.958925347496432
 0.4175734309014461 -1.942409069942621
 0.4975546577479918 -1.922747725930388
 0.5766430195295720 -1.900009600958375
 0.6547356743212369 -1.874276918568138
 0.7317847340605153 -1.845572756563387
 0.8076656105497020 -1.813901987960830
 0.8821958600866500 -1.779326838495052
 0.9552716248610398 -1.741939615932559
 1.026857451904657 -1.701785944213739
 1.096842768894518 -1.658878626779981
 1.165041631019545 -1.613274303715048
 1.231344441335083 -1.565073001243158
 1.295729471172564 -1.514343299497734
 1.358099947302742 -1.461109902757020
 1.418258280159542 -1.405425873677701
 1.476082518188899 -1.347398989049678
 1.531569255233706 -1.287124839795062
 1.584639180299074 -1.224647435188551
 1.635071806013070 -1.160020340445681
 1.682724379373770 -1.093361770999183
 1.727628565962592 -1.024803760183945
 1.769738104016077 -0.9544215406030094
 1.808787533820701 -0.8822719598132052
 1.844599090185894 -0.8084851851657999
 1.877302577239033 -0.7332479079689265
 1.906935563550510 -0.6566827091961757
 1.933063267829979 -0.5788238152314686
 1.955425201302157 -0.4997995248755203
 1.975152525629167 -0.4200480992785188
 1.990271610981125 -0.3392617505778278
 2.002678079903246 -0.2580030717687959
 2.011142507168830 -0.1761834780879595
 2.015827483744379 -9.403212661171778E-02
 2.017095793803208 -1.177033671822281E-02
 2.014848499067436 7.050037595710867E-02
 2.008879191255112 0.1526578048592543
 1.999287136647492 0.2344973451130280
 1.986285796613292 0.3158417117372281
 1.969886090319179 0.3965898568887462
 1.950007352008136 0.4766222515853213
 1.926735303081653 0.5557571966096603
 1.900256128331865 0.6338386208787105
 1.870634714113523 0.7107803768904778
 1.837847068006286 0.7864833604080360
 1.801972515089080 0.8607881728783856
 1.763183210366566 0.9335542105363980
 1.721573063221803 1.004711551629950
 1.677149757280176 1.074184730563060
 1.629986950379962 1.141834297807463
 1.580245599527094 1.207529440154807
 1.528036788113200 1.271213342146442
 1.473388883660891 1.332833734077389
 1.416371046850480 1.392268836346227
 1.357135072099501 1.449392304306763
 1.295803588046207 1.504156186010195
 1.232420524686110 1.556530548079739
 1.167052396274323 1.606409930479526
 1.099844313728841 1.653667445196027
 1.030928146825584 1.698259302610378
 0.9603611335400571 1.740177611521660
 0.8882096481392490 1.779333015209907
 0.8146157147801105 1.815592800786906
 0.7397207571861877 1.848912067626518
 0.6635950318295025 1.879306288216485
 0.5863083198572191 1.906704006620992
 0.5080053696610576 1.930960636584641
 0.4288404944560427 1.952024453358531
 0.3488981814876463 1.969940302585133
 0.2682561994032048 1.984661503565423
 0.1870711807260974 1.996023891241861
 0.1055168795251520 2.003962945604680
 2.369180723181652E-02 2.008572106519257
 -5.831575192675131E-02 2.009848926424735
 -0.1403238366654315 2.007591934243934
 -0.2221308361559985 2.001712264481547
 -0.3036399730466318 1.992415676463464
 -0.3847638733853778 1.979795996012824
 -0.4652555056091076 1.963493804679058
 -0.5448735153094852 1.943347661965728
 -0.6238039380280185 1.920556313183113
 -0.7013265109577838 1.893256650829548
 -0.7779018255454260 1.863371628682851
 -0.8529918858331431 1.829792240882914
 -0.9264795314545675 1.792773873875354
 -0.9983544862925263 1.752741367659427
 -1.068479366088928 1.709659796990792
 -1.136645132721638 1.663411510331238
 -1.202724226311635 1.614184777239665
 -1.266669844245847 1.562253103174708
 -1.328399936108479 1.507676468333644
 -1.387770653885894 1.450444778612809
 -1.444667502140816 1.390723120532191
 -1.499048411746590 1.328750770393102
 -1.550871219955393 1.264626995178113
 -1.600038103770255 1.198380568960173
 -1.646450682534413 1.130159888549288
 -1.690073267317730 1.060184346435449
 -1.730892258798119 0.9885702314061005
 -1.768846143665040 0.9153619304740077
 -1.803850984003610 0.8406929579624405
 -1.835873970755211 0.7647681133316302
 -1.864921441985138 0.6877120053499901
 -1.890962314562337 0.6095753358652324
 -1.913925704598471 0.5304788895841613
 -1.933778091629073 0.4506172966516119
 -1.950539262367444 0.3701207325579431
 -1.964205258746625 0.2890422084836479
 -1.974718006824025 0.2074920574813041
 -1.982040173815491 0.1256593932990247
 -1.986199771686624 4.368031332218065E-02
 -1.987218585444714 -3.839166730792074E-02
 -1.985052417033767 -0.1204543884299265
 -1.979657345799656 -0.2023184970718590
 -1.971065198521271 -0.2838390663833603
 -1.959324503002067 -0.3649629887187500
 -1.944408267159961 -0.4455941038639722
 -1.926263649820599 -0.5255347629069400
 -1.904923012644941 -0.6046254643088529
 -1.880467436721352 -0.6828154627900713
 -1.852895379702279 -0.7600140683768724
 -1.822142986739168 -0.8360035507961804
 -1.788241258898922 -0.9106011746054964
 -1.751320373194409 -0.9837683463353117
 -1.711422352089326 -1.055427385821726
 -1.668463697155270 -1.125319974430729
 -1.622468254029896 -1.193227079315747
 -1.573662604192401 -1.259167768494537
 -1.522171690165132 -1.323113286816649
 -1.467807762220872 -1.384669989447590
 -1.410551685992671 -1.443548137090207
 -1.351348587601149 -1.500508213904594
 -1.288945100023341 -1.553994900251720
 -1.224776254357820 -1.605368556914055
 -1.158150621335687 -1.653608762794954
 -1.089347952289812 -1.698741747263636
 -1.018741307510682 -1.740971030941205
 -0.9463691329785081 -1.780160172947901
 -0.8722340585334740 -1.816069315190492
 -0.7965629103358571 -1.848682122352693
 -0.7196159523674449 -1.878094814911936
 -0.6414861542107005 -1.904266325222390
 -0.5622366981222419 -1.927067030198131
 -0.4820678009408379 -1.946480317141852
 -0.4012077165852755 -1.962589391271813
 -0.3197634941581299 -1.975407372068591
 -0.2378089642360314 -1.984863929368209
 -0.1555218325546664 -1.990948061427673
 -7.310994304883589E-02 -1.993738556971847
 9.319195576315220E-03 -1.993281783036050
 9.169638638486421E-02 -1.989546661037067
 0.1738640336236484 -1.982527255769904
 0.2556283712281170 -1.972297553486437
 0.3368846538719378 -1.958925347496432
 0.4175734309014461 -1.942409069942621
 0.4975546577479918 -1.922747725930388
 0.5766430195295720 -1.900009600958375
 0.6547356743212369 -1.874276918568138
 0.7317847340605153 -1.845572756563387
 0.8076656105497020 -1.813901987960830
 0.8821958600866500 -1.779326838495052
 0.9552716248610398 -1.741939615932559
 1.026857451904657 -1.701785944213739
 1.096842768894518 -1.658878626779981
 1.165041631019545 -1.613274303715048
 1.231344441335083 -1.565073001243158
 1.295729471172564 -1.514343299497734
 1.358099947302742 -1.461109902757020
 1.418258280159542 -1.405425873677701
 1.476082518188899 -1.347398989049678
 1.531569255233706 -1.287124839795062
 1.584639180299074 -1.224647435188551
 1.635071806013070 -1.160020340445681
 1.682724379373770 -1.093361770999183
 1.727628565962592 -1.024803760183945
 1.769738104016077 -0.9544215406030094
 1.808787533820701 -0.8822719598132052
 1.844599090185894 -0.8084851851657999
 1.877302577239033 -0.7332479079689265
 1.906935563550510 -0.6566827091961757
 1.933063267829979 -0.5788238152314686
 1.955425201302157 -0.4997995248755203
 1.975152525629167 -0.4200480992785188
 1.990271610981125 -0.3392617505778278
 2.002678079903246 -0.2580030717687959
 2.011142507168830 -0.1761834780879595
 2.015827483744379 -9.403212661171778E-02
 2.017095793803208 -1.177033671822281E-02
 2.014848499067436 7.050037595710867E-02
 2.008879191255112 0.1526578048592543
 1.999287136647492 0.2344973451130280
 1.986285796613292 0.3158417117372281
 1.969886090319179 0.3965898568887462
 1.950007352008136 0.4766222515853213
 1.926735303081653 0.5557571966096603
 1.900256128331865 0.6338386208787105
 1.870634714113523 0.7107803768904778
 1.837847068006286 0.7864833604080360
 1.801972515089080 0.8607881728783856
 1.763183210366566 0.9335542105363980
 1.721573063221803 1.004711551629950
 1.677149757280176 1.074184730563060
 1.629986950379962 1.141834297807463
 1.580245599527094 1.207529440154807
 1.528036788113200 1.271213342146442
 1.473388883660891 1.332833734077389
 1.416371046850480 1.392268836346227
 1.357135072099501 1.449392304306763
 1.295803588046207 1.504156186010195
 1.232420524686110 1.556530548079739
 1.167052396274323 1.606409930479526
 1.099844313728841 1.653667445196027
 1.030928146825584 1.698259302610378
 0.9603611335400571 1.740177611521660
 0.8882096481392490 1.779333015209907
 0.8146157147801105 1.815592800786906
 0.7397207571861877 1.848912067626518
 0.6635950318295025 1.879306288216485
 0.5863083198572191 1.906704006620992
 0.5080053696610576 1.930960636584641
 0.4288404944560427 1.952024453358531
 0.3488981814876463 1.969940302585133
 0.2682561994032048 1.984661503565423
 0.1870711807260974 1.996023891241861
 0.1055168795251520 2.003962945604680
 2.369180723181652E-02 2.008572106519257
 -5.831575192675131E-02 2.009848926424735
 -0.1403238366654315 2.007591934243934
 -0.2221308361559985 2.001712264481547
 -0.3036399730466318 1.992415676463464
 -0.3847638733853778 1.979795996012824
 -0.4652555056091076 1.963493804679058
 -0.5448735153094852 1.943347661965728
 -0.6238039380280185 1.920556313183113
 -0.7013265109577838 1.893256650829548
 -0.7779018255454260 1.863371628682851
 -0.8529918858331431 1.829792240882914
 -0.9264795314545675 1.792773873875354
 -0.9983544862925263 1.752741367659427
 -1.068479366088928 1.709659796990792
 -1.136645132721638 1.663411510331238
 -1.202724226311635 1.614184777239665
 -1.266669844245847 1.562253103174708
 -1.328399936108479 1.507676468333644
 -1.387770653885894 1.450444778612809
 -1.444667502140816 1.390723120532191
 -1.499048411746590 1.328750770393102
 -1.550871219955393 1.264626995178113
 -1.600038103770255 1.198380568960173
 -1.646450682534413 1.130159888549288
 -1.690073267317730 1.060184346435449
 -1.730892258798119 0.9885702314061005
 -1.768846143665040 0.9153619304740077
 -1.803850984003610 0.8406929579624405
 -1.835873970755211 0.7647681133316302
 -1.864921441985138 0.6877120053499901
 -1.890962314562337 0.6095753358652324
 -1.913925704598471 0.5304788895841613
 -1.933778091629073 0.4506172966516119
 -1.950539262367444 0.3701207325579431
 -1.964205258746625 0.2890422084836479
 -1.974718006824025 0.2074920574813041
 -1.982040173815491 0.1256593932990247
 -1.986199771686624 4.368031332218065E-02
 -1.987218585444714 -3.839166730792074E-02
 -1.985052417033767 -0.1204543884299265
 -1.979657345799656 -0.2023184970718590
 -1.971065198521271 -0.2838390663833603
 -1.959324503002067 -0.3649629887187500
 -1.944408267159961 -0.4455941038639722
 -1.926263649820599 -0.5255347629069400
 -1.904923012644941 -0.6046254643088529
 -1.880467436721352 -0.6828154627900713
 -1.852895379702279 -0.7600140683768724
 -1.822142986739168 -0.8360035507961804
 -1.788241258898922 -0.9106011746054964
 -1.751320373194409 -0.9837683463353117
 -1.711422352089326 -1.055427385821726
 -1.668463697155270 -1.125319974430729
 -1.622468254029896 -1.193227079315747
 -1.573662604192401 -1.259167768494537
 -1.522171690165132 -1.323113286816649
 -1.467807762220872 -1.384669989447590
 -1.410551685992671 -1.443548137090207
 -1.351348587601149 -1.500508213904594
   
   
 #BODY NUMBER  4
 1.773345201988541E-02 1.649927821901974
 -5.167903268335661E-02 1.650146824077088
 -0.1213608021928149 1.648383862729484
 -0.1913445832124755 1.643719568621621
 -0.2614676616274417 1.636227574554174
 -0.3315685800051864 1.626116140138869
 -0.4015471322273566 1.613255012571087
 -0.4712730054535876 1.597433881141838
 -0.5405523771850347 1.578660739057097
 -0.6092001631032828 1.557025056354244
 -0.6770658737053674 1.532473905551057
 -0.7439695114786167 1.504897070167238
 -0.8096785970334582 1.474315469590391
 -0.8739707661934428 1.440835127701891
 -0.9366619724474097 1.404491274804356
 -0.9975520126883521 1.365276701804495
 -1.056400688967458 1.323282062903974
 -1.112989267930565 1.278687036817573
 -1.167158635976496 1.231636512928530
 -1.218760608871273 1.182235063960910
 -1.267625611893270 1.130653350228389
 -1.313618903653432 1.077136043607218
 -1.356685674020488 1.021896050858266
 -1.396801066399896 0.9650866189199958
 -1.433919174589023 0.9068853276092376
 -1.468017037101987 0.8475168046952537
 -1.499146103487810 0.7871667211192601
 -1.527382823319311 0.7259457691491783
 -1.552759686134713 0.6639636270918947
 -1.575300455214781 0.6013677836035248
 -1.595087923002109 0.5382764634165551
 -1.612225385421195 0.4747381206153199
 -1.626753056237394 0.4107967507040494
 -1.638675453740930 0.3465406692840584
 -1.648051734198536 0.2820467730151640
 -1.654973799436353 0.2173330095251559
 -1.659463399025922 0.1524146380080910
 -1.661484342143902 8.735914273961476E-02
 -1.661059298762211 2.223619821349987E-02
 -1.658270699883190 -4.293813271279467E-02
 -1.653129027822945 -0.1081504841795726
 -1.645557174712299 -0.1733278670090659
 -1.635543729390272 -0.2383872505372729
 -1.623182164917041 -0.3033026833297288
 -1.608491951634180 -0.3680515461127127
 -1.591348008957028 -0.4325371414784043
 -1.571700559984835 -0.4966495654397470
 -1.549701190127960 -0.5603589375420586
 -1.525415687597318 -0.6236353338602959
 -1.498585352533439 -0.6863176403746631
 -1.469086244704453 -0.7482483240842328
 -1.437746134187779 -0.8096062910049739
 -1.403229553283290 -0.8698287671853369
 -1.366861899215646 -0.9292934690873775
 -1.327830611517685 -0.9875690542493595
 -1.286280815122791 -1.044551424514566
 -1.242473596861564 -1.100204883450659
 -1.196346257555467 -1.154377523611223
 -1.147781819208010 -1.206851335411568
 -1.096884115388045 -1.257462460246856
 -1.043823171580031 -1.306095345414188
 -0.9886283959912858 -1.352593199439883
 -0.9312943371062932 -1.396745031665200
 -0.8719553513409338 -1.438359968726714
 -0.8108144401581123 -1.477298449539417
 -0.7479941371504588 -1.513418700300475
 -0.6835883006135486 -1.546543735486657
 -0.6177955383633905 -1.576510864673189
 -0.5508808234085837 -1.603220498576100
 -0.4830491904363398 -1.626607285466305
 -0.4144652941992326 -1.646595180394767
 -0.3453617182251344 -1.663122657501560
 -0.2760177252689976 -1.676195363258944
 -0.2066451030600093 -1.685872284081289
 -0.1373889956372003 -1.692208516995502
 -6.842614473446140E-02 -1.695253095972327
 3.743555068891347E-05 -1.695098449666310
 6.786667424092496E-02 -1.691881970164528
 0.1350039338066333 -1.685725210873111
 0.2013704748169181 -1.676711147710961
 0.2668504499891948 -1.664934104610953
 0.3313828699230726 -1.650524894297861
 0.3949774201128496 -1.633597200708573
 0.4576161062168873 -1.614207847737584
 0.5192247038260085 -1.592404906139666
 0.5797661966127126 -1.568278055074513
 0.6392709923884661 -1.541915857672112
 0.6977367510893446 -1.513344779210966
 0.7550869342066135 -1.482567219656502
 0.8112725368446285 -1.449637649027191
 0.8663208636619428 -1.414635486093846
 0.9202255806425693 -1.377576491738356
 0.9728849233697714 -1.338430383176066
 1.024221279598740 -1.297228793383680
 1.074258911258052 -1.254065648123116
 1.122987964652839 -1.208969118841654
 1.170262157079116 -1.161879231279371
 1.215961420441741 -1.112807829369222
 1.260135670213060 -1.061901130154762
 1.302791885619265 -1.009231069860437
 1.343661187896570 -0.9546541648458855
 1.382545179348304 -0.8981418462222219
 1.420012682167894 -0.8403215308970005
 1.454908585966647 -0.7803180568917507
 1.488222701408461 -0.7190903936421060
 1.519175194730160 -0.6561505143722612
 1.547748476750233 -0.5916761500396090
 1.574042176866750 -0.5259112566882100
 1.597893389782824 -0.4588774889598639
 1.619054824661597 -0.3905825457302701
 1.637436492573080 -0.3211982788102405
 1.653023334683314 -0.2509297109400555
 1.665694269696653 -0.1798807061111738
 1.675263848584910 -0.1081520385020387
 1.681633948374392 -3.595550086367725E-02
 1.684785206351555 3.646332183752585E-02
 1.684656109597868 0.1089274254961185
 1.681140313301901 0.1812670336821620
 1.674196227330848 0.2532288017692145
 1.663870091339148 0.3245334617585275
 1.650207826412836 0.3949707725377750
 1.633225903070505 0.4643601164338571
 1.612987330118404 0.5324693072731703
 1.589636628922429 0.5990593196517260
 1.563330777080497 0.6639762332230230
 1.534190062037096 0.7271218980755063
 1.502345319323485 0.7883677683630890
 1.467979601551298 0.8475816449710564
 1.431279429246885 0.9047152490452683
 1.392378889512677 0.9597794417239329
 1.351389211317795 1.012747520619066
 1.308450005225586 1.063566321007428
 1.263705053079036 1.112248430881305
 1.217247965308346 1.158859080093253
 1.169136950020507 1.203411097033534
 1.119450749914921 1.245864236855608
 1.068285537585823 1.286231282059349
 1.015702807047887 1.324582848146956
 0.9617266479365769 1.360930141202875
 0.9063974079372882 1.395208076916888
 0.8497867619175828 1.427401450813691
 0.7919498362212473 1.457573618806641
 0.7329034471803755 1.485726975917929
 0.6726722513425279 1.511758250185132
 0.6113224497915319 1.535616043920953
 0.5489232536589886 1.557368331452844
 0.4855039869813411 1.577020664954367
 0.4210858518779123 1.594416372757775
 0.3557391395430948 1.609457394808969
 0.2895655199148997 1.622260067696821
 0.2226238019780532 1.632866403720733
 0.1549241646368689 1.640971805220549
 8.654106535614908E-02 1.646390170306455
 1.773345201988541E-02 1.649927821901974
 -5.167903268335661E-02 1.650146824077088
 -0.1213608021928149 1.648383862729484
 -0.1913445832124755 1.643719568621621
 -0.2614676616274417 1.636227574554174
 -0.3315685800051864 1.626116140138869
 -0.4015471322273566 1.613255012571087
 -0.4712730054535876 1.597433881141838
 -0.5405523771850347 1.578660739057097
 -0.6092001631032828 1.557025056354244
 -0.6770658737053674 1.532473905551057
 -0.7439695114786167 1.504897070167238
 -0.8096785970334582 1.474315469590391
 -0.8739707661934428 1.440835127701891
 -0.9366619724474097 1.404491274804356
 -0.9975520126883521 1.365276701804495
 -1.056400688967458 1.323282062903974
 -1.112989267930565 1.278687036817573
 -1.167158635976496 1.231636512928530
 -1.218760608871273 1.182235063960910
 -1.267625611893270 1.130653350228389
 -1.313618903653432 1.077136043607218
 -1.356685674020488 1.021896050858266
 -1.396801066399896 0.9650866189199958
 -1.433919174589023 0.9068853276092376
 -1.468017037101987 0.8475168046952537
 -1.499146103487810 0.7871667211192601
 -1.527382823319311 0.7259457691491783
 -1.552759686134713 0.6639636270918947
 -1.575300455214781 0.6013677836035248
 -1.595087923002109 0.5382764634165551
 -1.612225385421195 0.4747381206153199
 -1.626753056237394 0.4107967507040494
 -1.638675453740930 0.3465406692840584
 -1.648051734198536 0.2820467730151640
 -1.654973799436353 0.2173330095251559
 -1.659463399025922 0.1524146380080910
 -1.661484342143902 8.735914273961476E-02
 -1.661059298762211 2.223619821349987E-02
 -1.658270699883190 -4.293813271279467E-02
 -1.653129027822945 -0.1081504841795726
 -1.645557174712299 -0.1733278670090659
 -1.635543729390272 -0.2383872505372729
 -1.623182164917041 -0.3033026833297288
 -1.608491951634180 -0.3680515461127127
 -1.591348008957028 -0.4325371414784043
 -1.571700559984835 -0.4966495654397470
 -1.549701190127960 -0.5603589375420586
 -1.525415687597318 -0.6236353338602959
 -1.498585352533439 -0.6863176403746631
 -1.469086244704453 -0.7482483240842328
 -1.437746134187779 -0.8096062910049739
 -1.403229553283290 -0.8698287671853369
 -1.366861899215646 -0.9292934690873775
 -1.327830611517685 -0.9875690542493595
 -1.286280815122791 -1.044551424514566
 -1.242473596861564 -1.100204883450659
 -1.196346257555467 -1.154377523611223
 -1.147781819208010 -1.206851335411568
 -1.096884115388045 -1.257462460246856
 -1.043823171580031 -1.306095345414188
 -0.9886283959912858 -1.352593199439883
 -0.9312943371062932 -1.396745031665200
 -0.8719553513409338 -1.438359968726714
 -0.8108144401581123 -1.477298449539417
 -0.7479941371504588 -1.513418700300475
 -0.6835883006135486 -1.546543735486657
 -0.6177955383633905 -1.576510864673189
 -0.5508808234085837 -1.603220498576100
 -0.4830491904363398 -1.626607285466305
 -0.4144652941992326 -1.646595180394767
 -0.3453617182251344 -1.663122657501560
 -0.2760177252689976 -1.676195363258944
 -0.2066451030600093 -1.685872284081289
 -0.1373889956372003 -1.692208516995502
 -6.842614473446140E-02 -1.695253095972327
 3.743555068891347E-05 -1.695098449666310
 6.786667424092496E-02 -1.691881970164528
 0.1350039338066333 -1.685725210873111
 0.2013704748169181 -1.676711147710961
 0.2668504499891948 -1.664934104610953
 0.3313828699230726 -1.650524894297861
 0.3949774201128496 -1.633597200708573
 0.4576161062168873 -1.614207847737584
 0.5192247038260085 -1.592404906139666
 0.5797661966127126 -1.568278055074513
 0.6392709923884661 -1.541915857672112
 0.6977367510893446 -1.513344779210966
 0.7550869342066135 -1.482567219656502
 0.8112725368446285 -1.449637649027191
 0.8663208636619428 -1.414635486093846
 0.9202255806425693 -1.377576491738356
 0.9728849233697714 -1.338430383176066
 1.024221279598740 -1.297228793383680
 1.074258911258052 -1.254065648123116
 1.122987964652839 -1.208969118841654
 1.170262157079116 -1.161879231279371
 1.215961420441741 -1.112807829369222
 1.260135670213060 -1.061901130154762
 1.302791885619265 -1.009231069860437
 1.343661187896570 -0.9546541648458855
 1.382545179348304 -0.8981418462222219
 1.420012682167894 -0.8403215308970005
 1.454908585966647 -0.7803180568917507
 1.488222701408461 -0.7190903936421060
 1.519175194730160 -0.6561505143722612
 1.547748476750233 -0.5916761500396090
 1.574042176866750 -0.5259112566882100
 1.597893389782824 -0.4588774889598639
 1.619054824661597 -0.3905825457302701
 1.637436492573080 -0.3211982788102405
 1.653023334683314 -0.2509297109400555
 1.665694269696653 -0.1798807061111738
 1.675263848584910 -0.1081520385020387
 1.681633948374392 -3.595550086367725E-02
 1.684785206351555 3.646332183752585E-02
 1.684656109597868 0.1089274254961185
 1.681140313301901 0.1812670336821620
 1.674196227330848 0.2532288017692145
 1.663870091339148 0.3245334617585275
 1.650207826412836 0.3949707725377750
 1.633225903070505 0.4643601164338571
 1.612987330118404 0.5324693072731703
 1.589636628922429 0.5990593196517260
 1.563330777080497 0.6639762332230230
 1.534190062037096 0.7271218980755063
 1.502345319323485 0.7883677683630890
 1.467979601551298 0.8475816449710564
 1.431279429246885 0.9047152490452683
 1.392378889512677 0.9597794417239329
 1.351389211317795 1.012747520619066
 1.308450005225586 1.063566321007428
 1.263705053079036 1.112248430881305
 1.217247965308346 1.158859080093253
 1.169136950020507 1.203411097033534
 1.119450749914921 1.245864236855608
 1.068285537585823 1.286231282059349
 1.015702807047887 1.324582848146956
 0.9617266479365769 1.360930141202875
 0.9063974079372882 1.395208076916888
 0.8497867619175828 1.427401450813691
 0.7919498362212473 1.457573618806641
 0.7329034471803755 1.485726975917929
 0.6726722513425279 1.511758250185132
 0.6113224497915319 1.535616043920953
 0.5489232536589886 1.557368331452844
 0.4855039869813411 1.577020664954367
 0.4210858518779123 1.594416372757775
 0.3557391395430948 1.609457394808969
 0.2895655199148997 1.622260067696821
 0.2226238019780532 1.632866403720733
 0.1549241646368689 1.640971805220549
 8.654106535614908E-02 1.646390170306455
 1.773345201988541E-02 1.649927821901974
   
   
 #BODY NUMBER  5
 0.7305367047915217 -0.5248263777443991
 0.7260317441994286 -0.4289649849230337
 0.7182073293106623 -0.3331514363914196
 0.7056682870867541 -0.2377073765016930
 0.6888493624423961 -0.1431650261156341
 0.6684991384078637 -4.999643103346862E-02
 0.6448189610149178 4.150787660956326E-02
 0.6178812675672547 0.1311497332235998
 0.5881205983306929 0.2187548025916726
 0.5560673586702636 0.3042239527844992
 0.5219387110111244 0.3875622761415822
 0.4857802003377422 0.4688072112279888
 0.4477920536998226 0.5479714922042090
 0.4082458941334478 0.6250760897935168
 0.3672131369120049 0.7001774383510384
 0.3246208964270842 0.7733177767447839
 0.2805044651607071 0.8444828989391912
 0.2349976535041658 0.9136378025128870
 0.1881251333414282 0.9807636837310900
 0.1398071637422790 1.045823649863662
 9.006100791452648E-02 1.108726844570871
 3.902739142220057E-02 1.169366591786408
 -1.320169671412408E-02 1.227667965400694
 -6.661682548770875E-02 1.283563439498965
 -0.1211322093467991 1.336954339255454
 -0.1765414029887117 1.387744014271641
 -0.2326669136682765 1.435889771759538
 -0.2894215207979828 1.481379996332660
 -0.3466794139436669 1.524182633077829
 -0.4042152356522930 1.564266481109924
 -0.4618305582608837 1.601656693915699
 -0.5194295072685089 1.636414686962520
 -0.5769073000242213 1.668573294734365
 -0.6340720216556999 1.698147632325340
 -0.6907509529761056 1.725201245403817
 -0.7468766283650244 1.749835990154212
 -0.8023871222021983 1.772114223183256
 -0.8571331144352956 1.792058165592074
 -0.9109723202229082 1.809732921251774
 -0.9638682465624632 1.825252864966086
 -1.015796202191069 1.838685638643707
 -1.066634346968676 1.850032438174420
 -1.116257574034205 1.859335927886196
 -1.164656719507069 1.866714202269409
 -1.211836852176501 1.872233283967926
 -1.257679266680376 1.875849145354165
 -1.302058118245456 1.877562072612101
 -1.345009247022465 1.877512571170159
 -1.386577932665062 1.875778392717866
 -1.426580313793064 1.872197494215823
 -1.464860715632632 1.866692869066409
 -1.501908755298320 1.859863234289888
 -1.536842568421251 1.850767732873101
 -1.570555649962275 1.840323644285880
 -1.602455855264616 1.827956889185748
 -1.632583362852758 1.813779153773067
 -1.661121299228042 1.797947892085343
 -1.688052678666560 1.780376904373831
 -1.713259128763828 1.760969830239162
 -1.736740925117705 1.739795996705075
 -1.758596098254554 1.716934813400836
 -1.778851371070198 1.692341415628446
 -1.797441133600127 1.665967105095161
 -1.814340160103644 1.637873283762645
 -1.829607889061637 1.608130824433695
 -1.843281006282559 1.576716084643492
 -1.855311177261505 1.543597539253394
 -1.865649284120973 1.508834179785216
 -1.874319370940616 1.472498451103313
 -1.881354120181290 1.434579360366757
 -1.886711622856113 1.395051446627039
 -1.890320670951336 1.353972269524775
 -1.892169919232711 1.311420384765808
 -1.892280392522444 1.267395464745388
 -1.890611927838709 1.221874001351390
 -1.887072586774528 1.174913396368185
 -1.881613969960388 1.126602994604861
 -1.874239104329654 1.076955031322814
 -1.864906594585705 1.025947326223599
 -1.853504705709371 0.9736395622447812
 -1.839945256578774 0.9201387002266922
 -1.824207251351229 0.8654756617015154
 -1.806246298739035 0.8096327218016952
 -1.785932224814656 0.7526775685055175
 -1.763133778793455 0.6947471106488540
 -1.737800201653836 0.6359041687572762
 -1.709884568311849 0.5761444594212803
 -1.679241885533224 0.5155557887332756
 -1.645695231790111 0.4543280561891723
 -1.609160657679137 0.3925814915054492
 -1.569596837789936 0.3303432700372128
 -1.526857185123823 0.2677442111416022
 -1.480723696470199 0.2050704811669909
 -1.431088535798916 0.1425467405001825
 -1.377953380313051 8.025962558124278E-02
 -1.321219869901642 1.841766119346411E-02
 -1.260662894418938 -4.251938206406680E-02
 -1.196207042938564 -0.1021503574394901
 -1.128037834747744 -0.1603377720192710
 -1.056265840569552 -0.2168047426283853
 -0.9807103731250330 -0.2707786366606356
 -0.9014630032008119 -0.3216618018464532
 -0.8197813280985784 -0.3702501558742313
 -0.7345104463770702 -0.4142794419691136
 -0.6476212718775761 -0.4554100741714999
 -0.5586947702607954 -0.4922729750113329
 -0.4684092307707999 -0.5249785341980122
 -0.3775477485774724 -0.5539390207524851
 -0.2864626049064273 -0.5791835393855881
 -0.1953616331124379 -0.6006757408475725
 -0.1046130829211079 -0.6187047799391202
 -1.456800778403791E-02 -0.6336804352160108
 7.466942118156759E-02 -0.6457933210249296
 0.1631088542319045 -0.6551015997619731
 0.2506612059486003 -0.6617850402189565
 0.3372088259927046 -0.6660893602070168
 0.4227648803127095 -0.6681046243446886
 0.5074023916455438 -0.6677888312775240
 0.5910914109625128 -0.6651654421737350
 0.6737347200818673 -0.6603328390207843
 0.7553036985496167 -0.6533029864295569
 0.8358062667893540 -0.6439883803636954
 0.9151551092988720 -0.6323585430298470
 0.9931874791127564 -0.6184820083082685
 1.069792493806418 -0.6024009779728580
 1.144906958718888 -0.5840898565576521
 1.218402526168461 -0.5635735991168642
 1.290092271803392 -0.5409826673278503
 1.359850476212138 -0.5164494280229209
 1.427623469881174 -0.4900436087533507
 1.493320587224289 -0.4618581370945979
 1.556802128755831 -0.4320725778833629
 1.617990664202834 -0.4008713512599749
 1.676891443669756 -0.3683681947114973
 1.733480511328371 -0.3346702699175161
 1.787674999797991 -0.2999513375798772
 1.839443581648310 -0.2643927497362909
 1.888840734112357 -0.2281038614201256
 1.935889496785526 -0.1911694800950359
 1.980534453679724 -0.1537300312701968
 2.022760843980514 -0.1159412891683962
 2.062649472672190 -7.789204505878705E-02
 2.100246573734599 -3.963750315663357E-02
 2.135492262768650 -1.283778063311503E-03
 2.168360934735659 3.703945233731199E-02
 2.198950280524046 7.526520464666447E-02
 2.227320011815239 0.1133648572430541
 2.253372646884223 0.1512576220811067
 2.277045511186970 0.1888343712982765
 2.298478206069229 0.2260558906613541
 2.317760706296146 0.2629225176559197
 2.334660747789005 0.2993560451756579
 2.349033803491085 0.3352601582105075
 2.361643186108892 0.3707595191096670
 2.371233157383263 0.4055608394335772
 2.379044852117866 0.4399792687815708
 2.384285030689941 0.4737890345094031
 2.387070505448497 0.5069690891397833
 2.387629198840611 0.5395992978562244
 2.385877966832116 0.5717080504646956
 2.381674172666998 0.6032410136554889
 2.375077993107915 0.6341637625914822
 2.366207214174295 0.6645214893842206
 2.355036343345853 0.6943597690893475
 2.341490401681693 0.7236461309572286
 2.325609951970111 0.7523280278747586
 2.307486091099211 0.7804214986749507
 2.287116686998079 0.8079701354322938
 2.264450270843338 0.8349478418069802
 2.239513371852740 0.8612825847084069
 2.212380751159015 0.8869589644881855
 2.183059229913087 0.9120107814081406
 2.151505803793304 0.9364144716952393
 2.117734716903794 0.9600795875803141
 2.081808327864309 0.9829570259493735
 2.043736865371912 1.005065158634932
 2.003479889313399 1.026380957530499
 1.961041141888768 1.046796100747863
 1.916473798287626 1.066224000798955
 1.869789968023849 1.084661161454266
 1.820949744747210 1.102082823484548
 1.769948947888226 1.118362380055924
 1.716836117690897 1.133369983656550
 1.661627535066273 1.147071990587191
 1.604285654184925 1.159438819298773
 1.544804007591808 1.170323891873995
 1.483235536424473 1.179545087381158
 1.419609265343146 1.187027036955304
 1.353898022264406 1.192731243986410
 1.286105352877752 1.196488237604015
 1.216307254206883 1.198049849522571
 1.144565873538872 1.197283262567883
 1.070884082716417 1.194139100207201
 0.9953018811267633 1.188425004697229
 0.9179580944920119 1.179809096545295
 0.8389933663992840 1.168085656816446
 0.7584835648081090 1.153212819791121
 0.6765600974226555 1.135001140722861
 0.5935085821887704 1.113025783207253
 0.5096387169210229 1.087020866090405
 0.4251623336189854 1.057078307331174
 0.3403745055076470 1.023155422397148
 0.2558540084122897 0.9847094152115120
 0.1721642097743011 0.9415207622669424
 8.924462330705668E-02 0.8950765336186304
 8.478702177641573E-03 0.8432444268921473
 -7.058605743308627E-02 0.7885615105629196
 -0.1469735168259588 0.7299803515130259
 -0.2204401316715963 0.6681435603136463
 -0.2909513898303913 0.6039354517859538
 -0.3583563561084905 0.5376756627760249
 -0.4225196344548168 0.4695260076239727
 -0.4835075154095849 0.3999499773474476
 -0.5414993508862256 0.3294564824315117
 -0.5966081321926919 0.2582310448833474
 -0.6488890545696467 0.1862943885339843
 -0.6984532596484228 0.1138135480147474
 -0.7454547201261524 4.101327041349995E-02
 -0.7899780172247144 -3.207281400634976E-02
 -0.8320232880726279 -0.1055289454672599
 -0.8715958761232199 -0.1793174567654562
 -0.9087323735860331 -0.2533049634921026
 -0.9434288318910449 -0.3274606973015332
 -0.9756134305316330 -0.4018352694999667
 -1.005216117213398 -0.4763683015410242
 -1.032214870534957 -0.5508845834781393
 -1.056590797092294 -0.6252669874278360
 -1.078290133231180 -0.6994735829413130
 -1.097270316821662 -0.7733807401385898
 -1.113550868814680 -0.8467613469437909
 -1.127183562543861 -0.9194403437366174
 -1.138201949083191 -0.9913363875793093
 -1.146641173280622 -1.062324495983231
 -1.152586893103538 -1.132193903226561
 -1.156160105941950 -1.200785342655724
 -1.157461936401247 -1.268046492251022
 -1.156573211304149 -1.333903024816849
 -1.153602978142291 -1.398196294745463
 -1.148692628672204 -1.460808495667526
 -1.141964105747332 -1.521732128734087
 -1.133502374583327 -1.580944743088221
 -1.123401339244429 -1.638328134321877
 -1.111788523757606 -1.693791632083378
 -1.098781226109727 -1.747360819907299
 -1.084450371543530 -1.799048135487073
 -1.068857915799974 -1.848748660111108
 -1.052103360701454 -1.896375380223508
 -1.034293561016977 -1.941979406916073
 -1.015483159638738 -1.985598141210980
 -0.9956933802038470 -2.027106767435272
 -0.9749873929415147 -2.066396443910377
 -0.9534689590467644 -2.103568461831513
 -0.9311827736310841 -2.138700910373785
 -0.9080804339959406 -2.171553539391482
 -0.8841730878584531 -2.201953027276916
 -0.8597344308105725 -2.230622753399555
 -0.8343905889620117 -2.256328572306678
 -0.8084892021555914 -2.280302913067451
 -0.7818291754253257 -2.301745923695151
 -0.7544871425957389 -2.320748242912851
 -0.7265078996125689 -2.337547189941568
 -0.6978252881655558 -2.352084954838527
 -0.6684150439031704 -2.364210843894651
 -0.6383370679902102 -2.373959759296557
 -0.6076111159197415 -2.381456302785056
 -0.5761849722756547 -2.386701184717794
 -0.5440492680815656 -2.389613236052389
 -0.5112697918664674 -2.390201311637404
 -0.4778782020375749 -2.388552323108646
 -0.4438356807155200 -2.384686220075786
 -0.4091390935818336 -2.378545381060374
 -0.3738640877317672 -2.370116764493623
 -0.3380613802183993 -2.359457415591498
 -0.3017051097317974 -2.346590141774898
 -0.2647941809371905 -2.331465918322279
 -0.2274140459524580 -2.314051857105089
 -0.1896384086315972 -2.294377410715182
 -0.1514564728494684 -2.272460623380320
 -0.1128679614746903 -2.248254958881889
 -7.396855511423997E-02 -2.221709497116048
 -3.485982832723834E-02 -2.192826995403816
 4.449136305803941E-03 -2.161616192777080
 4.395684983849518E-02 -2.128030149708147
 8.355575782114473E-02 -2.092001942300706
 0.1231091388878776 -2.053508683883242
 0.1625797162849555 -2.012547652288707
 0.2019606445541103 -1.969071541100468
 0.2411282172228480 -1.923001460379512
 0.2798982423689818 -1.874292198030012
 0.3181909363106903 -1.822931205712581
 0.3559865460474433 -1.768875703407690
 0.3931365326554725 -1.712044026337291
 0.4293879775832288 -1.652377905711743
 0.4645947841402647 -1.589864754073332
 0.4987127550735192 -1.524482370244414
 0.5315553039970595 -1.456169215838831
 0.5627656019781873 -1.384879577712286
 0.5920951693996319 -1.310632397316628
 0.6194698155049418 -1.233472445372363
 0.6446597724789861 -1.153418801916325
 0.6671543122301671 -1.070506401143186
 0.6865683260175413 -0.9848705086509144
 0.7028755011287583 -0.8967405353119032
 0.7158913350619045 -0.8063506797687627
 0.7248563647127433 -0.7139307785508764
 0.7292987934265107 -0.6198589604204892
 0.7305367047915217 -0.5248263777443991
   
   
 #BODY NUMBER  6
 2.361643186108892 0.3707595191096670
 2.371233157383263 0.4055608394335772
 2.379044852117866 0.4399792687815708
 2.384285030689941 0.4737890345094031
 2.387070505448497 0.5069690891397833
 2.387629198840611 0.5395992978562244
 2.385877966832116 0.5717080504646956
 2.381674172666998 0.6032410136554889
 2.375077993107915 0.6341637625914822
 2.366207214174295 0.6645214893842206
 2.355036343345853 0.6943597690893475
 2.341490401681693 0.7236461309572286
 2.325609951970111 0.7523280278747586
 2.307486091099211 0.7804214986749507
 2.287116686998079 0.8079701354322938
 2.264450270843338 0.8349478418069802
 2.239513371852740 0.8612825847084069
 2.212380751159015 0.8869589644881855
 2.183059229913087 0.9120107814081406
 2.151505803793304 0.9364144716952393
 2.117734716903794 0.9600795875803141
 2.081808327864309 0.9829570259493735
 2.043736865371912 1.005065158634932
 2.003479889313399 1.026380957530499
 1.961041141888768 1.046796100747863
 1.916473798287626 1.066224000798955
 1.869789968023849 1.084661161454266
 1.820949744747210 1.102082823484548
 1.769948947888226 1.118362380055924
 1.716836117690897 1.133369983656550
 1.661627535066273 1.147071990587191
 1.604285654184925 1.159438819298773
 1.544804007591808 1.170323891873995
 1.483235536424473 1.179545087381158
 1.419609265343146 1.187027036955304
 1.353898022264406 1.192731243986410
 1.286105352877752 1.196488237604015
 1.216307254206883 1.198049849522571
 1.144565873538872 1.197283262567883
 1.070884082716417 1.194139100207201
 0.9953018811267633 1.188425004697229
 0.9179580944920119 1.179809096545295
 0.8389933663992840 1.168085656816446
 0.7584835648081090 1.153212819791121
 0.6765600974226555 1.135001140722861
 0.5935085821887704 1.113025783207253
 0.5096387169210229 1.087020866090405
 0.4251623336189854 1.057078307331174
 0.3403745055076470 1.023155422397148
 0.2558540084122897 0.9847094152115120
 0.1721642097743011 0.9415207622669424
 8.924462330705668E-02 0.8950765336186304
 8.478702177641573E-03 0.8432444268921473
 -7.058605743308627E-02 0.7885615105629196
 -0.1469735168259588 0.7299803515130259
 -0.2204401316715963 0.6681435603136463
 -0.2909513898303913 0.6039354517859538
 -0.3583563561084905 0.5376756627760249
 -0.4225196344548168 0.4695260076239727
 -0.4835075154095849 0.3999499773474476
 -0.5414993508862256 0.3294564824315117
 -0.5966081321926919 0.2582310448833474
 -0.6488890545696467 0.1862943885339843
 -0.6984532596484228 0.1138135480147474
 -0.7454547201261524 4.101327041349995E-02
 -0.7899780172247144 -3.207281400634976E-02
 -0.8320232880726279 -0.1055289454672599
 -0.8715958761232199 -0.1793174567654562
 -0.9087323735860331 -0.2533049634921026
 -0.9434288318910449 -0.3274606973015332
 -0.9756134305316330 -0.4018352694999667
 -1.005216117213398 -0.4763683015410242
 -1.032214870534957 -0.5508845834781393
 -1.056590797092294 -0.6252669874278360
 -1.078290133231180 -0.6994735829413130
 -1.097270316821662 -0.7733807401385898
 -1.113550868814680 -0.8467613469437909
 -1.127183562543861 -0.9194403437366174
 -1.138201949083191 -0.9913363875793093
 -1.146641173280622 -1.062324495983231
 -1.152586893103538 -1.132193903226561
 -1.156160105941950 -1.200785342655724
 -1.157461936401247 -1.268046492251022
 -1.156573211304149 -1.333903024816849
 -1.153602978142291 -1.398196294745463
 -1.148692628672204 -1.460808495667526
 -1.141964105747332 -1.521732128734087
 -1.133502374583327 -1.580944743088221
 -1.123401339244429 -1.638328134321877
 -1.111788523757606 -1.693791632083378
 -1.098781226109727 -1.747360819907299
 -1.084450371543530 -1.799048135487073
 -1.068857915799974 -1.848748660111108
 -1.052103360701454 -1.896375380223508
 -1.034293561016977 -1.941979406916073
 -1.015483159638738 -1.985598141210980
 -0.9956933802038470 -2.027106767435272
 -0.9749873929415147 -2.066396443910377
 -0.9534689590467644 -2.103568461831513
 -0.9311827736310841 -2.138700910373785
 -0.9080804339959406 -2.171553539391482
 -0.8841730878584531 -2.201953027276916
 -0.8597344308105725 -2.230622753399555
 -0.8343905889620117 -2.256328572306678
 -0.8084892021555914 -2.280302913067451
 -0.7818291754253257 -2.301745923695151
 -0.7544871425957389 -2.320748242912851
 -0.7265078996125689 -2.337547189941568
 -0.6978252881655558 -2.352084954838527
 -0.6684150439031704 -2.364210843894651
 -0.6383370679902102 -2.373959759296557
 -0.6076111159197415 -2.381456302785056
 -0.5761849722756547 -2.386701184717794
 -0.5440492680815656 -2.389613236052389
 -0.5112697918664674 -2.390201311637404
 -0.4778782020375749 -2.388552323108646
 -0.4438356807155200 -2.384686220075786
 -0.4091390935818336 -2.378545381060374
 -0.3738640877317672 -2.370116764493623
 -0.3380613802183993 -2.359457415591498
 -0.3017051097317974 -2.346590141774898
 -0.2647941809371905 -2.331465918322279
 -0.2274140459524580 -2.314051857105089
 -0.1896384086315972 -2.294377410715182
 -0.1514564728494684 -2.272460623380320
 -0.1128679614746903 -2.248254958881889
 -7.396855511423997E-02 -2.221709497116048
 -3.485982832723834E-02 -2.192826995403816
 4.449136305803941E-03 -2.161616192777080
 4.395684983849518E-02 -2.128030149708147
 8.355575782114473E-02 -2.092001942300706
 0.1231091388878776 -2.053508683883242
 0.1625797162849555 -2.012547652288707
 0.2019606445541103 -1.969071541100468
 0.2411282172228480 -1.923001460379512
 0.2798982423689818 -1.874292198030012
 0.3181909363106903 -1.822931205712581
 0.3559865460474433 -1.768875703407690
 0.3931365326554725 -1.712044026337291
 0.4293879775832288 -1.652377905711743
 0.4645947841402647 -1.589864754073332
 0.4987127550735192 -1.524482370244414
 0.5315553039970595 -1.456169215838831
 0.5627656019781873 -1.384879577712286
 0.5920951693996319 -1.310632397316628
 0.6194698155049418 -1.233472445372363
 0.6446597724789861 -1.153418801916325
 0.6671543122301671 -1.070506401143186
 0.6865683260175413 -0.9848705086509144
 0.7028755011287583 -0.8967405353119032
 0.7158913350619045 -0.8063506797687627
 0.7248563647127433 -0.7139307785508764
 0.7292987934265107 -0.6198589604204892
 0.7305367047915217 -0.5248263777443991
 0.7260317441994286 -0.4289649849230337
 0.7182073293106623 -0.3331514363914196
 0.7056682870867541 -0.2377073765016930
 0.6888493624423961 -0.1431650261156341
 0.6684991384078637 -4.999643103346862E-02
 0.6448189610149178 4.150787660956326E-02
 0.6178812675672547 0.1311497332235998
 0.5881205983306929 0.2187548025916726
 0.5560673586702636 0.3042239527844992
 0.5219387110111244 0.3875622761415822
 0.4857802003377422 0.4688072112279888
 0.4477920536998226 0.5479714922042090
 0.4082458941334478 0.6250760897935168
 0.3672131369120049 0.7001774383510384
 0.3246208964270842 0.7733177767447839
 0.2805044651607071 0.8444828989391912
 0.2349976535041658 0.9136378025128870
 0.1881251333414282 0.9807636837310900
 0.1398071637422790 1.045823649863662
 9.006100791452648E-02 1.108726844570871
 3.902739142220057E-02 1.169366591786408
 -1.320169671412408E-02 1.227667965400694
 -6.661682548770875E-02 1.283563439498965
 -0.1211322093467991 1.336954339255454
 -0.1765414029887117 1.387744014271641
 -0.2326669136682765 1.435889771759538
 -0.2894215207979828 1.481379996332660
 -0.3466794139436669 1.524182633077829
 -0.4042152356522930 1.564266481109924
 -0.4618305582608837 1.601656693915699
 -0.5194295072685089 1.636414686962520
 -0.5769073000242213 1.668573294734365
 -0.6340720216556999 1.698147632325340
 -0.6907509529761056 1.725201245403817
 -0.7468766283650244 1.749835990154212
 -0.8023871222021983 1.772114223183256
 -0.8571331144352956 1.792058165592074
 -0.9109723202229082 1.809732921251774
 -0.9638682465624632 1.825252864966086
 -1.015796202191069 1.838685638643707
 -1.066634346968676 1.850032438174420
 -1.116257574034205 1.859335927886196
 -1.164656719507069 1.866714202269409
 -1.211836852176501 1.872233283967926
 -1.257679266680376 1.875849145354165
 -1.302058118245456 1.877562072612101
 -1.345009247022465 1.877512571170159
 -1.386577932665062 1.875778392717866
 -1.426580313793064 1.872197494215823
 -1.464860715632632 1.866692869066409
 -1.501908755298320 1.859863234289888
 -1.536842568421251 1.850767732873101
 -1.570555649962275 1.840323644285880
 -1.602455855264616 1.827956889185748
 -1.632583362852758 1.813779153773067
 -1.661121299228042 1.797947892085343
 -1.688052678666560 1.780376904373831
 -1.713259128763828 1.760969830239162
 -1.736740925117705 1.739795996705075
 -1.758596098254554 1.716934813400836
 -1.778851371070198 1.692341415628446
 -1.797441133600127 1.665967105095161
 -1.814340160103644 1.637873283762645
 -1.829607889061637 1.608130824433695
 -1.843281006282559 1.576716084643492
 -1.855311177261505 1.543597539253394
 -1.865649284120973 1.508834179785216
 -1.874319370940616 1.472498451103313
 -1.881354120181290 1.434579360366757
 -1.886711622856113 1.395051446627039
 -1.890320670951336 1.353972269524775
 -1.892169919232711 1.311420384765808
 -1.892280392522444 1.267395464745388
 -1.890611927838709 1.221874001351390
 -1.887072586774528 1.174913396368185
 -1.881613969960388 1.126602994604861
 -1.874239104329654 1.076955031322814
 -1.864906594585705 1.025947326223599
 -1.853504705709371 0.9736395622447812
 -1.839945256578774 0.9201387002266922
 -1.824207251351229 0.8654756617015154
 -1.806246298739035 0.8096327218016952
 -1.785932224814656 0.7526775685055175
 -1.763133778793455 0.6947471106488540
 -1.737800201653836 0.6359041687572762
 -1.709884568311849 0.5761444594212803
 -1.679241885533224 0.5155557887332756
 -1.645695231790111 0.4543280561891723
 -1.609160657679137 0.3925814915054492
 -1.569596837789936 0.3303432700372128
 -1.526857185123823 0.2677442111416022
 -1.480723696470199 0.2050704811669909
 -1.431088535798916 0.1425467405001825
 -1.377953380313051 8.025962558124278E-02
 -1.321219869901642 1.841766119346411E-02
 -1.260662894418938 -4.251938206406680E-02
 -1.196207042938564 -0.1021503574394901
 -1.128037834747744 -0.1603377720192710
 -1.056265840569552 -0.2168047426283853
 -0.9807103731250330 -0.2707786366606356
 -0.9014630032008119 -0.3216618018464532
 -0.8197813280985784 -0.3702501558742313
 -0.7345104463770702 -0.4142794419691136
 -0.6476212718775761 -0.4554100741714999
 -0.5586947702607954 -0.4922729750113329
 -0.4684092307707999 -0.5249785341980122
 -0.3775477485774724 -0.5539390207524851
 -0.2864626049064273 -0.5791835393855881
 -0.1953616331124379 -0.6006757408475725
 -0.1046130829211079 -0.6187047799391202
 -1.456800778403791E-02 -0.6336804352160108
 7.466942118156759E-02 -0.6457933210249296
 0.1631088542319045 -0.6551015997619731
 0.2506612059486003 -0.6617850402189565
 0.3372088259927046 -0.6660893602070168
 0.4227648803127095 -0.6681046243446886
 0.5074023916455438 -0.6677888312775240
 0.5910914109625128 -0.6651654421737350
 0.6737347200818673 -0.6603328390207843
 0.7553036985496167 -0.6533029864295569
 0.8358062667893540 -0.6439883803636954
 0.9151551092988720 -0.6323585430298470
 0.9931874791127564 -0.6184820083082685
 1.069792493806418 -0.6024009779728580
 1.144906958718888 -0.5840898565576521
 1.218402526168461 -0.5635735991168642
 1.290092271803392 -0.5409826673278503
 1.359850476212138 -0.5164494280229209
 1.427623469881174 -0.4900436087533507
 1.493320587224289 -0.4618581370945979
 1.556802128755831 -0.4320725778833629
 1.617990664202834 -0.4008713512599749
 1.676891443669756 -0.3683681947114973
 1.733480511328371 -0.3346702699175161
 1.787674999797991 -0.2999513375798772
 1.839443581648310 -0.2643927497362909
 1.888840734112357 -0.2281038614201256
 1.935889496785526 -0.1911694800950359
 1.980534453679724 -0.1537300312701968
 2.022760843980514 -0.1159412891683962
 2.062649472672190 -7.789204505878705E-02
 2.100246573734599 -3.963750315663357E-02
 2.135492262768650 -1.283778063311503E-03
 2.168360934735659 3.703945233731199E-02
 2.198950280524046 7.526520464666447E-02
 2.227320011815239 0.1133648572430541
 2.253372646884223 0.1512576220811067
 2.277045511186970 0.1888343712982765
 2.298478206069229 0.2260558906613541
 2.317760706296146 0.2629225176559197
 2.334660747789005 0.2993560451756579
 2.349033803491085 0.3352601582105075
 2.361643186108892 0.3707595191096670
   
   
