 # action(x) =  182.2449353000907
 # |grad_action(x)| =  1.483294734471141E-12
 # PRINTSTEPS = 50
 #
 #BODY NUMBER  1
 8.031345144712709E-03 0.2201307496207787
 0.1567911788430465 0.2892008064034733
 0.1435327285392039 0.3381906876153460
 7.218838794621477E-02 0.3745306923670290
 0.1240781186571069 0.3924177711046401
 0.2417798614631069 0.3360255053369637
 0.2304900051633389 0.1597312144544581
 0.1053676842852768 -8.068430797216475E-02
 9.266505522231647E-02 -0.2506762859444266
 0.2772520408226675 -0.2690183473478491
 0.4744333268918871 -0.1862231414210960
 0.5167599252911013 -0.1147624752195376
 0.4742217487865625 -0.1045550441555905
 0.4831012913076268 -0.1053855557081434
 0.5144133550529736 -3.923088148559795E-02
 0.4556009729231559 0.1026169175620265
 0.3177674982365938 0.2278105514587024
 0.2082510886798756 0.2119656754106607
 0.1498186091511263 2.187128009607985E-02
 6.624104327538956E-02 -0.2296828328590633
 -7.232713291162096E-02 -0.3825457605017680
 -0.2090006635872685 -0.3896379358829848
 -0.3027965973797154 -0.3428000161964200
 -0.3714820023585120 -0.3274766645727448
 -0.4275463379601456 -0.3083913351845762
 -0.4579895734310196 -0.2066636277877731
 -0.4722351194130024 -4.152358761037046E-02
 -0.4891783194691639 8.842107906260711E-02
 -0.4752009467236569 0.1525956574316463
 -0.3822225706813678 0.2204635610760304
 -0.2551725485666133 0.3159923471209630
 -0.2080604186755166 0.3309296392342082
 -0.2715154028940474 0.1627894420752455
 -0.3562721368545868 -0.1079788961392013
 -0.3978413834756603 -0.2743662539951849
 -0.4387437510896000 -0.2380551670293961
 -0.5183085095693325 -0.1122186634383057
 -0.5799175351790212 -6.902997501367170E-02
 -0.5632137811418061 -0.1503129268018649
 -0.5079718259659369 -0.2678938241559596
 -0.4815580939499999 -0.3351649355301117
 -0.4707741889833261 -0.3322419001994373
 -0.4332887363277710 -0.2649686893089583
 -0.3876707014083143 -0.1351366218127592
 -0.3486249029028036 2.963157536703677E-02
 -0.2426439190482138 0.1671791215475960
 -2.662724397283559E-02 0.2360201292846812
 0.1584578224202890 0.2531579962304006
 0.1261941805489302 0.2465149390459573
 -6.472973206863011E-02 0.1907084333485735
 -0.1446872991566996 3.239309314247658E-02
 -8.031345144712709E-03 -0.2201307496207787
 -0.1567911788430465 -0.2892008064034733
 -0.1435327285392039 -0.3381906876153460
 -7.218838794621477E-02 -0.3745306923670290
 -0.1240781186571069 -0.3924177711046401
 -0.2417798614631069 -0.3360255053369637
 -0.2304900051633389 -0.1597312144544581
 -0.1053676842852768 8.068430797216475E-02
 -9.266505522231647E-02 0.2506762859444266
 -0.2772520408226675 0.2690183473478491
 -0.4744333268918871 0.1862231414210960
 -0.5167599252911013 0.1147624752195376
 -0.4742217487865625 0.1045550441555905
 -0.4831012913076268 0.1053855557081434
 -0.5144133550529736 3.923088148559795E-02
 -0.4556009729231559 -0.1026169175620265
 -0.3177674982365938 -0.2278105514587024
 -0.2082510886798756 -0.2119656754106607
 -0.1498186091511263 -2.187128009607985E-02
 -6.624104327538956E-02 0.2296828328590633
 7.232713291162096E-02 0.3825457605017680
 0.2090006635872685 0.3896379358829848
 0.3027965973797154 0.3428000161964200
 0.3714820023585120 0.3274766645727448
 0.4275463379601456 0.3083913351845762
 0.4579895734310196 0.2066636277877731
 0.4722351194130024 4.152358761037046E-02
 0.4891783194691639 -8.842107906260711E-02
 0.4752009467236569 -0.1525956574316463
 0.3822225706813678 -0.2204635610760304
 0.2551725485666133 -0.3159923471209630
 0.2080604186755166 -0.3309296392342082
 0.2715154028940474 -0.1627894420752455
 0.3562721368545868 0.1079788961392013
 0.3978413834756603 0.2743662539951849
 0.4387437510896000 0.2380551670293961
 0.5183085095693325 0.1122186634383057
 0.5799175351790212 6.902997501367170E-02
 0.5632137811418061 0.1503129268018649
 0.5079718259659369 0.2678938241559596
 0.4815580939499999 0.3351649355301117
 0.4707741889833261 0.3322419001994373
 0.4332887363277710 0.2649686893089583
 0.3876707014083143 0.1351366218127592
 0.3486249029028036 -2.963157536703677E-02
 0.2426439190482138 -0.1671791215475960
 2.662724397283559E-02 -0.2360201292846812
 -0.1584578224202890 -0.2531579962304006
 -0.1261941805489302 -0.2465149390459573
 6.472973206863011E-02 -0.1907084333485735
 0.1446872991566996 -3.239309314247658E-02
 8.031345144712709E-03 0.2201307496207787
   
   
 #BODY NUMBER  2
 0.1866231487533501 -0.1170207237322709
 0.1720596557188305 -0.2803855471691234
 0.2211153625286154 -0.2933983329971188
 0.2882589001137147 -0.2497823240031825
 0.2778046993445326 -0.3036636883631543
 0.1701166932097611 -0.3774002548190143
 2.308628691323162E-02 -0.2794758070170866
 -0.1225585025333003 -5.090893734290530E-02
 -0.2634245593653636 4.508785110659990E-02
 -0.3716027432986770 -0.1055981369295853
 -0.3984906346891544 -0.3177597427797927
 -0.3577671815868521 -0.3901459853500733
 -0.3276581987258261 -0.3584105593984502
 -0.3328172140890054 -0.3656852130193997
 -0.2911816175058708 -0.4258795927790603
 -0.1389316289948093 -0.4458704753213725
 3.840597569508154E-02 -0.3891000016992682
 7.944211529602109E-02 -0.2863335708678685
 -5.596822039907284E-02 -0.1406823615325669
 -0.2320316897068185 5.747499017986005E-02
 -0.2951307802487583 0.2539100147352417
 -0.2329360189591631 0.3758188520158725
 -0.1454752237539590 0.4336295536085323
 -9.786210948733630E-02 0.4854511833775547
 -5.330156159677196E-02 0.5244616575607811
 5.001883501304675E-02 0.4999624191535478
 0.2001570779796518 0.4297294037760231
 0.3211640604328323 0.3794303121095721
 0.3697521892048220 0.3352382630492792
 0.3820383298413085 0.2207826755718425
 0.4012436742915313 6.298973584662386E-02
 0.3906236837798021 1.472078847791940E-02
 0.2767374937520818 0.1537445153873886
 8.462360129814370E-02 0.3625301692462387
 -3.868745416317353E-02 0.4817238717642607
 1.321005339519533E-02 0.4989908177099679
 0.1619700414683574 0.5049776680038442
 0.2301770556050659 0.5367383050719241
 0.1514320774432972 0.5629139056312256
 2.198305574694599E-02 0.5738634177712488
 -4.948230165185047E-02 0.5846240105237689
 -5.234283128266380E-02 0.5738233572052950
 -1.282524798513873E-02 0.5077233974879859
 7.680360323269722E-02 0.4033009866289113
 0.1999741484734087 0.2871022346221924
 0.2661033257666914 0.1265462371957696
 0.2177130497514391 -9.495019492909931E-02
 0.1400123446965473 -0.2638074977595344
 0.1503911093517060 -0.2325448356881128
 0.1975232140301108 -3.929662432269343E-02
 0.1003968911468897 0.1091063301034217
 -0.1866231487533501 0.1170207237322709
 -0.1720596557188305 0.2803855471691234
 -0.2211153625286154 0.2933983329971188
 -0.2882589001137147 0.2497823240031825
 -0.2778046993445326 0.3036636883631543
 -0.1701166932097611 0.3774002548190143
 -2.308628691323162E-02 0.2794758070170866
 0.1225585025333003 5.090893734290530E-02
 0.2634245593653636 -4.508785110659990E-02
 0.3716027432986770 0.1055981369295853
 0.3984906346891544 0.3177597427797927
 0.3577671815868521 0.3901459853500733
 0.3276581987258261 0.3584105593984502
 0.3328172140890054 0.3656852130193997
 0.2911816175058708 0.4258795927790603
 0.1389316289948093 0.4458704753213725
 -3.840597569508154E-02 0.3891000016992682
 -7.944211529602109E-02 0.2863335708678685
 5.596822039907284E-02 0.1406823615325669
 0.2320316897068185 -5.747499017986005E-02
 0.2951307802487583 -0.2539100147352417
 0.2329360189591631 -0.3758188520158725
 0.1454752237539590 -0.4336295536085323
 9.786210948733630E-02 -0.4854511833775547
 5.330156159677196E-02 -0.5244616575607811
 -5.001883501304675E-02 -0.4999624191535478
 -0.2001570779796518 -0.4297294037760231
 -0.3211640604328323 -0.3794303121095721
 -0.3697521892048220 -0.3352382630492792
 -0.3820383298413085 -0.2207826755718425
 -0.4012436742915313 -6.298973584662386E-02
 -0.3906236837798021 -1.472078847791940E-02
 -0.2767374937520818 -0.1537445153873886
 -8.462360129814370E-02 -0.3625301692462387
 3.868745416317353E-02 -0.4817238717642607
 -1.321005339519533E-02 -0.4989908177099679
 -0.1619700414683574 -0.5049776680038442
 -0.2301770556050659 -0.5367383050719241
 -0.1514320774432972 -0.5629139056312256
 -2.198305574694599E-02 -0.5738634177712488
 4.948230165185047E-02 -0.5846240105237689
 5.234283128266380E-02 -0.5738233572052950
 1.282524798513873E-02 -0.5077233974879859
 -7.680360323269722E-02 -0.4033009866289113
 -0.1999741484734087 -0.2871022346221924
 -0.2661033257666914 -0.1265462371957696
 -0.2177130497514391 9.495019492909931E-02
 -0.1400123446965473 0.2638074977595344
 -0.1503911093517060 0.2325448356881128
 -0.1975232140301108 3.929662432269343E-02
 -0.1003968911468897 -0.1091063301034217
 0.1866231487533501 -0.1170207237322709
   
   
 #BODY NUMBER  3
 -0.1946544938980617 -0.1031100258885083
 -0.3288508345618759 -8.815259234350163E-03
 -0.3646480910678182 -4.479235461822768E-02
 -0.3604472880599284 -0.1247483683638471
 -0.4018828180016387 -8.875408274148650E-02
 -0.4118965546728673 4.137474948205010E-02
 -0.2535762920765697 0.1197445925626283
 1.719081824802434E-02 0.1315932453150699
 0.1707595041430481 0.2055884348378266
 9.435070247601032E-02 0.3746164842774340
 -7.594269220273181E-02 0.5039828842008882
 -0.1589927437042485 0.5049084605696106
 -0.1465635500607358 0.4629656035540401
 -0.1502840772186208 0.4710707687275422
 -0.2232317375471020 0.4651104742646576
 -0.3166693439283462 0.3432535577593457
 -0.3561734739316752 0.1612894502405656
 -0.2876932039758963 7.436789545720758E-02
 -9.385038875205318E-02 0.1188110814364869
 0.1657906464314293 0.1722078426792031
 0.3674579131603795 0.1286357457665265
 0.4419366825464317 1.381908386711257E-02
 0.4482718211336745 -9.082953741211222E-02
 0.4693441118458486 -0.1579745188048099
 0.4808478995569175 -0.2160703223762049
 0.4079707384179730 -0.2932987913657749
 0.2720780414333507 -0.3882058161656528
 0.1680142590363317 -0.4678513911721796
 0.1054487575188349 -0.4878339204809258
 1.842408400594096E-04 -0.4412462366478730
 -0.1460711257249180 -0.3789820829675871
 -0.1825632651042857 -0.3456504277121276
 -5.222090858034952E-03 -0.3165339574626344
 0.2716485355564426 -0.2545512731070372
 0.4365288376388338 -0.2073576177690755
 0.4255336976944045 -0.2609356506805715
 0.3563384681009747 -0.3927590045655385
 0.3497404795739552 -0.4677083300582520
 0.4117817036985089 -0.4126009788293600
 0.4859887702189906 -0.3059695936152885
 0.5310403956018498 -0.2494590749936568
 0.5231170202659895 -0.2415814570058575
 0.4461139843129088 -0.2427547081790271
 0.3108670981756162 -0.2681643648161514
 0.1486507544293942 -0.3167338099892287
 -2.345940671847836E-02 -0.2937253587433652
 -0.1910858057786043 -0.1410699343555816
 -0.2984701671168372 1.064950152913423E-02
 -0.2765852899006373 -1.397010335784405E-02
 -0.1327934819614818 -0.1514118090258796
 4.429040800980871E-02 -0.1414994232458979
 0.1946544938980617 0.1031100258885083
 0.3288508345618759 8.815259234350163E-03
 0.3646480910678182 4.479235461822768E-02
 0.3604472880599284 0.1247483683638471
 0.4018828180016387 8.875408274148650E-02
 0.4118965546728673 -4.137474948205010E-02
 0.2535762920765697 -0.1197445925626283
 -1.719081824802434E-02 -0.1315932453150699
 -0.1707595041430481 -0.2055884348378266
 -9.435070247601032E-02 -0.3746164842774340
 7.594269220273181E-02 -0.5039828842008882
 0.1589927437042485 -0.5049084605696106
 0.1465635500607358 -0.4629656035540401
 0.1502840772186208 -0.4710707687275422
 0.2232317375471020 -0.4651104742646576
 0.3166693439283462 -0.3432535577593457
 0.3561734739316752 -0.1612894502405656
 0.2876932039758963 -7.436789545720758E-02
 9.385038875205318E-02 -0.1188110814364869
 -0.1657906464314293 -0.1722078426792031
 -0.3674579131603795 -0.1286357457665265
 -0.4419366825464317 -1.381908386711257E-02
 -0.4482718211336745 9.082953741211222E-02
 -0.4693441118458486 0.1579745188048099
 -0.4808478995569175 0.2160703223762049
 -0.4079707384179730 0.2932987913657749
 -0.2720780414333507 0.3882058161656528
 -0.1680142590363317 0.4678513911721796
 -0.1054487575188349 0.4878339204809258
 -1.842408400594096E-04 0.4412462366478730
 0.1460711257249180 0.3789820829675871
 0.1825632651042857 0.3456504277121276
 5.222090858034952E-03 0.3165339574626344
 -0.2716485355564426 0.2545512731070372
 -0.4365288376388338 0.2073576177690755
 -0.4255336976944045 0.2609356506805715
 -0.3563384681009747 0.3927590045655385
 -0.3497404795739552 0.4677083300582520
 -0.4117817036985089 0.4126009788293600
 -0.4859887702189906 0.3059695936152885
 -0.5310403956018498 0.2494590749936568
 -0.5231170202659895 0.2415814570058575
 -0.4461139843129088 0.2427547081790271
 -0.3108670981756162 0.2681643648161514
 -0.1486507544293942 0.3167338099892287
 2.345940671847836E-02 0.2937253587433652
 0.1910858057786043 0.1410699343555816
 0.2984701671168372 -1.064950152913423E-02
 0.2765852899006373 1.397010335784405E-02
 0.1327934819614818 0.1514118090258796
 -4.429040800980871E-02 0.1414994232458979
 -0.1946544938980617 -0.1031100258885083
   
   
 #BODY NUMBER  4
 -0.2201307496207787 -8.031345144711821E-03
 -0.2892008064034734 -0.1567911788430457
 -0.3381906876153460 -0.1435327285392031
 -0.3745306923670290 -7.218838794621402E-02
 -0.3924177711046403 -0.1240781186571061
 -0.3360255053369638 -0.2417798614631064
 -0.1597312144544581 -0.2304900051633385
 8.068430797216475E-02 -0.1053676842852762
 0.2506762859444267 -9.266505522231597E-02
 0.2690183473478491 -0.2772520408226670
 0.1862231414210960 -0.4744333268918864
 0.1147624752195376 -0.5167599252911008
 0.1045550441555904 -0.4742217487865621
 0.1053855557081433 -0.4831012913076265
 3.923088148559794E-02 -0.5144133550529734
 -0.1026169175620265 -0.4556009729231558
 -0.2278105514587023 -0.3177674982365936
 -0.2119656754106607 -0.2082510886798754
 -2.187128009607979E-02 -0.1498186091511262
 0.2296828328590632 -6.624104327538942E-02
 0.3825457605017679 7.232713291162110E-02
 0.3896379358829848 0.2090006635872686
 0.3428000161964198 0.3027965973797155
 0.3274766645727448 0.3714820023585123
 0.3083913351845761 0.4275463379601456
 0.2066636277877730 0.4579895734310195
 4.152358761037042E-02 0.4722351194130022
 -8.842107906260711E-02 0.4891783194691639
 -0.1525956574316463 0.4752009467236568
 -0.2204635610760304 0.3822225706813678
 -0.3159923471209631 0.2551725485666133
 -0.3309296392342082 0.2080604186755164
 -0.1627894420752456 0.2715154028940471
 0.1079788961392013 0.3562721368545864
 0.2743662539951850 0.3978413834756601
 0.2380551670293961 0.4387437510895998
 0.1122186634383058 0.5183085095693322
 6.902997501367179E-02 0.5799175351790210
 0.1503129268018649 0.5632137811418061
 0.2678938241559596 0.5079718259659366
 0.3351649355301118 0.4815580939499998
 0.3322419001994372 0.4707741889833258
 0.2649686893089583 0.4332887363277705
 0.1351366218127592 0.3876707014083137
 -2.963157536703684E-02 0.3486249029028030
 -0.1671791215475961 0.2426439190482132
 -0.2360201292846812 2.662724397283495E-02
 -0.2531579962304006 -0.1584578224202897
 -0.2465149390459574 -0.1261941805489309
 -0.1907084333485735 6.472973206862929E-02
 -3.239309314247661E-02 0.1446872991566987
 0.2201307496207787 8.031345144711821E-03
 0.2892008064034734 0.1567911788430457
 0.3381906876153460 0.1435327285392031
 0.3745306923670290 7.218838794621402E-02
 0.3924177711046403 0.1240781186571061
 0.3360255053369638 0.2417798614631064
 0.1597312144544581 0.2304900051633385
 -8.068430797216475E-02 0.1053676842852762
 -0.2506762859444267 9.266505522231597E-02
 -0.2690183473478491 0.2772520408226670
 -0.1862231414210960 0.4744333268918864
 -0.1147624752195376 0.5167599252911008
 -0.1045550441555904 0.4742217487865621
 -0.1053855557081433 0.4831012913076265
 -3.923088148559794E-02 0.5144133550529734
 0.1026169175620265 0.4556009729231558
 0.2278105514587023 0.3177674982365936
 0.2119656754106607 0.2082510886798754
 2.187128009607979E-02 0.1498186091511262
 -0.2296828328590632 6.624104327538942E-02
 -0.3825457605017679 -7.232713291162110E-02
 -0.3896379358829848 -0.2090006635872686
 -0.3428000161964198 -0.3027965973797155
 -0.3274766645727448 -0.3714820023585123
 -0.3083913351845761 -0.4275463379601456
 -0.2066636277877730 -0.4579895734310195
 -4.152358761037042E-02 -0.4722351194130022
 8.842107906260711E-02 -0.4891783194691639
 0.1525956574316463 -0.4752009467236568
 0.2204635610760304 -0.3822225706813678
 0.3159923471209631 -0.2551725485666133
 0.3309296392342082 -0.2080604186755164
 0.1627894420752456 -0.2715154028940471
 -0.1079788961392013 -0.3562721368545864
 -0.2743662539951850 -0.3978413834756601
 -0.2380551670293961 -0.4387437510895998
 -0.1122186634383058 -0.5183085095693322
 -6.902997501367179E-02 -0.5799175351790210
 -0.1503129268018649 -0.5632137811418061
 -0.2678938241559596 -0.5079718259659366
 -0.3351649355301118 -0.4815580939499998
 -0.3322419001994372 -0.4707741889833258
 -0.2649686893089583 -0.4332887363277705
 -0.1351366218127592 -0.3876707014083137
 2.963157536703684E-02 -0.3486249029028030
 0.1671791215475961 -0.2426439190482132
 0.2360201292846812 -2.662724397283495E-02
 0.2531579962304006 0.1584578224202897
 0.2465149390459574 0.1261941805489309
 0.1907084333485735 -6.472973206862929E-02
 3.239309314247661E-02 -0.1446872991566987
 -0.2201307496207787 -8.031345144711821E-03
   
   
 #BODY NUMBER  5
 0.1031100258885083 0.1946544938980619
 8.815259234350226E-03 0.3288508345618760
 4.479235461822773E-02 0.3646480910678184
 0.1247483683638471 0.3604472880599285
 8.875408274148656E-02 0.4018828180016388
 -4.137474948205010E-02 0.4118965546728673
 -0.1197445925626284 0.2535762920765699
 -0.1315932453150700 -1.719081824802413E-02
 -0.2055884348378267 -0.1707595041430479
 -0.3746164842774343 -9.435070247601013E-02
 -0.5039828842008884 7.594269220273200E-02
 -0.5049084605696105 0.1589927437042487
 -0.4629656035540403 0.1465635500607359
 -0.4710707687275422 0.1502840772186209
 -0.4651104742646577 0.2232317375471021
 -0.3432535577593457 0.3166693439283463
 -0.1612894502405657 0.3561734739316753
 -7.436789545720748E-02 0.2876932039758963
 -0.1188110814364869 9.385038875205320E-02
 -0.1722078426792031 -0.1657906464314292
 -0.1286357457665265 -0.3674579131603795
 -1.381908386711250E-02 -0.4419366825464315
 9.082953741211240E-02 -0.4482718211336744
 0.1579745188048100 -0.4693441118458485
 0.2160703223762050 -0.4808478995569175
 0.2932987913657749 -0.4079707384179730
 0.3882058161656528 -0.2720780414333508
 0.4678513911721794 -0.1680142590363318
 0.4878339204809256 -0.1054487575188350
 0.4412462366478728 -1.842408400594998E-04
 0.3789820829675870 0.1460711257249180
 0.3456504277121276 0.1825632651042857
 0.3165339574626342 5.222090858034842E-03
 0.2545512731070372 -0.2716485355564426
 0.2073576177690757 -0.4365288376388338
 0.2609356506805716 -0.4255336976944045
 0.3927590045655384 -0.3563384681009749
 0.4677083300582519 -0.3497404795739553
 0.4126009788293600 -0.4117817036985090
 0.3059695936152886 -0.4859887702189907
 0.2494590749936569 -0.5310403956018499
 0.2415814570058576 -0.5231170202659897
 0.2427547081790272 -0.4461139843129091
 0.2681643648161516 -0.3108670981756164
 0.3167338099892288 -0.1486507544293943
 0.2937253587433653 2.345940671847815E-02
 0.1410699343555816 0.1910858057786043
 -1.064950152913419E-02 0.2984701671168369
 1.397010335784410E-02 0.2765852899006371
 0.1514118090258796 0.1327934819614817
 0.1414994232458979 -4.429040800980893E-02
 -0.1031100258885083 -0.1946544938980619
 -8.815259234350226E-03 -0.3288508345618760
 -4.479235461822773E-02 -0.3646480910678184
 -0.1247483683638471 -0.3604472880599285
 -8.875408274148656E-02 -0.4018828180016388
 4.137474948205010E-02 -0.4118965546728673
 0.1197445925626284 -0.2535762920765699
 0.1315932453150700 1.719081824802413E-02
 0.2055884348378267 0.1707595041430479
 0.3746164842774343 9.435070247601013E-02
 0.5039828842008884 -7.594269220273200E-02
 0.5049084605696105 -0.1589927437042487
 0.4629656035540403 -0.1465635500607359
 0.4710707687275422 -0.1502840772186209
 0.4651104742646577 -0.2232317375471021
 0.3432535577593457 -0.3166693439283463
 0.1612894502405657 -0.3561734739316753
 7.436789545720748E-02 -0.2876932039758963
 0.1188110814364869 -9.385038875205320E-02
 0.1722078426792031 0.1657906464314292
 0.1286357457665265 0.3674579131603795
 1.381908386711250E-02 0.4419366825464315
 -9.082953741211240E-02 0.4482718211336744
 -0.1579745188048100 0.4693441118458485
 -0.2160703223762050 0.4808478995569175
 -0.2932987913657749 0.4079707384179730
 -0.3882058161656528 0.2720780414333508
 -0.4678513911721794 0.1680142590363318
 -0.4878339204809256 0.1054487575188350
 -0.4412462366478728 1.842408400594998E-04
 -0.3789820829675870 -0.1460711257249180
 -0.3456504277121276 -0.1825632651042857
 -0.3165339574626342 -5.222090858034842E-03
 -0.2545512731070372 0.2716485355564426
 -0.2073576177690757 0.4365288376388338
 -0.2609356506805716 0.4255336976944045
 -0.3927590045655384 0.3563384681009749
 -0.4677083300582519 0.3497404795739553
 -0.4126009788293600 0.4117817036985090
 -0.3059695936152886 0.4859887702189907
 -0.2494590749936569 0.5310403956018499
 -0.2415814570058576 0.5231170202659897
 -0.2427547081790272 0.4461139843129091
 -0.2681643648161516 0.3108670981756164
 -0.3167338099892288 0.1486507544293943
 -0.2937253587433653 -2.345940671847815E-02
 -0.1410699343555816 -0.1910858057786043
 1.064950152913419E-02 -0.2984701671168369
 -1.397010335784410E-02 -0.2765852899006371
 -0.1514118090258796 -0.1327934819614817
 -0.1414994232458979 4.429040800980893E-02
 0.1031100258885083 0.1946544938980619
   
   
 #BODY NUMBER  6
 0.1170207237322713 -0.1866231487533501
 0.2803855471691239 -0.1720596557188304
 0.2933983329971193 -0.2211153625286155
 0.2497823240031828 -0.2882589001137149
 0.3036636883631548 -0.2778046993445326
 0.3774002548190149 -0.1701166932097611
 0.2794758070170871 -2.308628691323155E-02
 5.090893734290570E-02 0.1225585025333002
 -4.508785110659957E-02 0.2634245593653635
 0.1055981369295855 0.3716027432986770
 0.3177597427797929 0.3984906346891545
 0.3901459853500734 0.3577671815868521
 0.3584105593984503 0.3276581987258260
 0.3656852130193998 0.3328172140890052
 0.4258795927790603 0.2911816175058708
 0.4458704753213727 0.1389316289948093
 0.3891000016992684 -3.840597569508157E-02
 0.2863335708678686 -7.944211529602105E-02
 0.1406823615325671 5.596822039907283E-02
 -5.747499017985991E-02 0.2320316897068185
 -0.2539100147352414 0.2951307802487582
 -0.3758188520158723 0.2329360189591630
 -0.4336295536085322 0.1454752237539589
 -0.4854511833775547 9.786210948733634E-02
 -0.5244616575607811 5.330156159677195E-02
 -0.4999624191535478 -5.001883501304673E-02
 -0.4297294037760231 -0.2001570779796518
 -0.3794303121095722 -0.3211640604328322
 -0.3352382630492793 -0.3697521892048220
 -0.2207826755718427 -0.3820383298413085
 -6.298973584662397E-02 -0.4012436742915312
 -1.472078847791961E-02 -0.3906236837798021
 -0.1537445153873889 -0.2767374937520818
 -0.3625301692462388 -8.462360129814379E-02
 -0.4817238717642610 3.868745416317357E-02
 -0.4989908177099681 -1.321005339519528E-02
 -0.5049776680038442 -0.1619700414683574
 -0.5367383050719242 -0.2301770556050659
 -0.5629139056312256 -0.1514320774432971
 -0.5738634177712489 -2.198305574694600E-02
 -0.5846240105237693 4.948230165185045E-02
 -0.5738233572052951 5.234283128266380E-02
 -0.5077233974879860 1.282524798513877E-02
 -0.4033009866289115 -7.680360323269708E-02
 -0.2871022346221928 -0.1999741484734086
 -0.1265462371957701 -0.2661033257666913
 9.495019492909890E-02 -0.2177130497514392
 0.2638074977595339 -0.1400123446965473
 0.2325448356881123 -0.1503911093517060
 3.929662432269294E-02 -0.1975232140301108
 -0.1091063301034221 -0.1003968911468897
 -0.1170207237322713 0.1866231487533501
 -0.2803855471691239 0.1720596557188304
 -0.2933983329971193 0.2211153625286155
 -0.2497823240031828 0.2882589001137149
 -0.3036636883631548 0.2778046993445326
 -0.3774002548190149 0.1701166932097611
 -0.2794758070170871 2.308628691323155E-02
 -5.090893734290570E-02 -0.1225585025333002
 4.508785110659957E-02 -0.2634245593653635
 -0.1055981369295855 -0.3716027432986770
 -0.3177597427797929 -0.3984906346891545
 -0.3901459853500734 -0.3577671815868521
 -0.3584105593984503 -0.3276581987258260
 -0.3656852130193998 -0.3328172140890052
 -0.4258795927790603 -0.2911816175058708
 -0.4458704753213727 -0.1389316289948093
 -0.3891000016992684 3.840597569508157E-02
 -0.2863335708678686 7.944211529602105E-02
 -0.1406823615325671 -5.596822039907283E-02
 5.747499017985991E-02 -0.2320316897068185
 0.2539100147352414 -0.2951307802487582
 0.3758188520158723 -0.2329360189591630
 0.4336295536085322 -0.1454752237539589
 0.4854511833775547 -9.786210948733634E-02
 0.5244616575607811 -5.330156159677195E-02
 0.4999624191535478 5.001883501304673E-02
 0.4297294037760231 0.2001570779796518
 0.3794303121095722 0.3211640604328322
 0.3352382630492793 0.3697521892048220
 0.2207826755718427 0.3820383298413085
 6.298973584662397E-02 0.4012436742915312
 1.472078847791961E-02 0.3906236837798021
 0.1537445153873889 0.2767374937520818
 0.3625301692462388 8.462360129814379E-02
 0.4817238717642610 -3.868745416317357E-02
 0.4989908177099681 1.321005339519528E-02
 0.5049776680038442 0.1619700414683574
 0.5367383050719242 0.2301770556050659
 0.5629139056312256 0.1514320774432971
 0.5738634177712489 2.198305574694600E-02
 0.5846240105237693 -4.948230165185045E-02
 0.5738233572052951 -5.234283128266380E-02
 0.5077233974879860 -1.282524798513877E-02
 0.4033009866289115 7.680360323269708E-02
 0.2871022346221928 0.1999741484734086
 0.1265462371957701 0.2661033257666913
 -9.495019492909890E-02 0.2177130497514392
 -0.2638074977595339 0.1400123446965473
 -0.2325448356881123 0.1503911093517060
 -3.929662432269294E-02 0.1975232140301108
 0.1091063301034221 0.1003968911468897
 0.1170207237322713 -0.1866231487533501
   
   
