 # action(x) =  166.0669034031212
 # |grad_action(x)| =  2.481615927607038E-12
 # PRINTSTEPS = 50
 #
 #BODY NUMBER  1
 0.7547235882080461 -0.3227592806361166
 0.7638108797832289 -0.2523809945106780
 0.7912076654730005 -0.1842488085598336
 0.8129040160315549 -0.1197555756027675
 0.7971449414430061 -4.144010159645516E-02
 0.7556278105303511 7.983646607199484E-02
 0.7233960645538685 0.2308258636646153
 0.7076166822537057 0.3299093524297762
 0.6943709031454354 0.2986880254573390
 0.6878440498305063 0.1582564734251214
 0.6972090093449561 1.469082495531434E-02
 0.6963471839808087 -5.813206781129346E-02
 0.6485287315967361 -8.294185009340632E-02
 0.5678747602398242 -0.1147296785166844
 0.4974684944287232 -0.1592503608834845
 0.4187286354479507 -0.1914489462826163
 0.2544632941456060 -0.2172488663371168
 1.707007574446856E-03 -0.2582021913624429
 -0.2006131229567767 -0.2841768946207214
 -0.2070048507871596 -0.2230869118127986
 -4.386725221852637E-02 -5.620790444350895E-02
 0.1118479300134159 0.1422169801601926
 0.1256818263179892 0.2878759405635915
 2.290205673867246E-02 0.3706696180189065
 -7.973280179939332E-02 0.4199969566144041
 -9.281093197540588E-02 0.4212846602820937
 4.601940773886250E-03 0.3290497128195020
 0.1671328867589634 0.1613268624250181
 0.2824729750212633 2.176780777311687E-02
 0.2281258854781205 -1.706394995721052E-04
 1.445023373365345E-03 8.228176209454710E-02
 -0.2265279787519198 0.1900347573186045
 -0.2561073513423848 0.2737208211226237
 -6.902938404715164E-02 0.3377158448762793
 0.1495788558481930 0.3897211206813393
 0.2062647918905021 0.4143941749837667
 7.340709661530852E-02 0.4026665980888796
 -0.1404205618550432 0.3712249917147496
 -0.3342405756560731 0.3389805625197563
 -0.4786536503420262 0.3118876002739178
 -0.5677864755658807 0.3070562935603702
 -0.5808718983461462 0.3617997608017255
 -0.5192827697458583 0.4848374552938078
 -0.4460253144630105 0.6119194772836183
 -0.4451336938562027 0.6509985933009531
 -0.5345266190000550 0.5833766865760978
 -0.6383513023479737 0.4940997127365106
 -0.6624417153125379 0.4816070841846142
 -0.5980989847011071 0.5468809651405568
 -0.5402736408386500 0.5891261649685000
 -0.5924581442747127 0.5114645585302184
 -0.7547235882080461 0.3227592806361166
 -0.7638108797832289 0.2523809945106780
 -0.7912076654730005 0.1842488085598336
 -0.8129040160315549 0.1197555756027675
 -0.7971449414430061 4.144010159645516E-02
 -0.7556278105303511 -7.983646607199484E-02
 -0.7233960645538685 -0.2308258636646153
 -0.7076166822537057 -0.3299093524297762
 -0.6943709031454354 -0.2986880254573390
 -0.6878440498305063 -0.1582564734251214
 -0.6972090093449561 -1.469082495531434E-02
 -0.6963471839808087 5.813206781129346E-02
 -0.6485287315967361 8.294185009340632E-02
 -0.5678747602398242 0.1147296785166844
 -0.4974684944287232 0.1592503608834845
 -0.4187286354479507 0.1914489462826163
 -0.2544632941456060 0.2172488663371168
 -1.707007574446856E-03 0.2582021913624429
 0.2006131229567767 0.2841768946207214
 0.2070048507871596 0.2230869118127986
 4.386725221852637E-02 5.620790444350895E-02
 -0.1118479300134159 -0.1422169801601926
 -0.1256818263179892 -0.2878759405635915
 -2.290205673867246E-02 -0.3706696180189065
 7.973280179939332E-02 -0.4199969566144041
 9.281093197540588E-02 -0.4212846602820937
 -4.601940773886250E-03 -0.3290497128195020
 -0.1671328867589634 -0.1613268624250181
 -0.2824729750212633 -2.176780777311687E-02
 -0.2281258854781205 1.706394995721052E-04
 -1.445023373365345E-03 -8.228176209454710E-02
 0.2265279787519198 -0.1900347573186045
 0.2561073513423848 -0.2737208211226237
 6.902938404715164E-02 -0.3377158448762793
 -0.1495788558481930 -0.3897211206813393
 -0.2062647918905021 -0.4143941749837667
 -7.340709661530852E-02 -0.4026665980888796
 0.1404205618550432 -0.3712249917147496
 0.3342405756560731 -0.3389805625197563
 0.4786536503420262 -0.3118876002739178
 0.5677864755658807 -0.3070562935603702
 0.5808718983461462 -0.3617997608017255
 0.5192827697458583 -0.4848374552938078
 0.4460253144630105 -0.6119194772836183
 0.4451336938562027 -0.6509985933009531
 0.5345266190000550 -0.5833766865760978
 0.6383513023479737 -0.4940997127365106
 0.6624417153125379 -0.4816070841846142
 0.5980989847011071 -0.5468809651405568
 0.5402736408386500 -0.5891261649685000
 0.5924581442747127 -0.5114645585302184
 0.7547235882080461 -0.3227592806361166
   
   
 #BODY NUMBER  2
 -0.6568795304420920 -0.4922301599054570
 -0.6004737925702440 -0.5352891283238810
 -0.5551679815663328 -0.5930815336886830
 -0.5101633787326031 -0.6441177409203372
 -0.4344606514394422 -0.6696277189896758
 -0.3086734974984546 -0.6943111127612972
 -0.1617969704928948 -0.7418923007336470
 -6.809846097659429E-02 -0.7777686991882600
 -8.851403372044980E-02 -0.7506868545013616
 -0.2068678986157619 -0.6748186577077495
 -0.3358818770586261 -0.6111461263177723
 -0.3985174394895049 -0.5739883172754910
 -0.3960941150161393 -0.5201714316001713
 -0.3832961962833830 -0.4344291292773436
 -0.3866491053012995 -0.3511951733159304
 -0.3751639687324839 -0.2669051624486112
 -0.3153746842641165 -0.1117472438922091
 -0.2244631608199103 0.1276227837572972
 -0.1457978484317302 0.3158245081234598
 -8.969650748812300E-02 0.2908149153946860
 -2.674384703230404E-02 6.609410703721710E-02
 6.723955266152604E-02 -0.1679716388324188
 0.1864669645074145 -0.2527816246671984
 0.3095582772461107 -0.2051685719440564
 0.4035944348399211 -0.1409478464340179
 0.4112486840166931 -0.1302657053014361
 0.2826644400227195 -0.1685102540266477
 5.614671779342117E-02 -0.2254047569535990
 -0.1223850129944160 -0.2555126761375393
 -0.1142107208805787 -0.1974774923350854
 7.053558455534269E-02 -4.239230799766982E-02
 0.2778389168158824 0.1011616056078024
 0.3651028603081209 8.493506179714073E-02
 0.3269851929469586 -0.1090767222457135
 0.2627189629772848 -0.3243996493742145
 0.2557434867709852 -0.3858276371753680
 0.3120159548927743 -0.2649057095313548
 0.3917005542721629 -6.400472207722242E-02
 0.4606860663592851 0.1199705482338164
 0.5094294101335929 0.2585824206733908
 0.5498117883981137 0.3381893649851009
 0.6037637331105014 0.3221499399113929
 0.6795229378635694 0.2072933427005558
 0.7529504696296142 8.030951441410220E-02
 0.7863481665546616 5.999779030940102E-02
 0.7724823400505216 0.1712252877650059
 0.7470785544064000 0.3057785880039723
 0.7483048272026970 0.3328878118948913
 0.7726623010084290 0.2445284321585620
 0.7803350453161491 0.1733276154771322
 0.7391703729599194 0.2573515243557795
 0.6568795304420920 0.4922301599054570
 0.6004737925702440 0.5352891283238810
 0.5551679815663328 0.5930815336886830
 0.5101633787326031 0.6441177409203372
 0.4344606514394422 0.6696277189896758
 0.3086734974984546 0.6943111127612972
 0.1617969704928948 0.7418923007336470
 6.809846097659429E-02 0.7777686991882600
 8.851403372044980E-02 0.7506868545013616
 0.2068678986157619 0.6748186577077495
 0.3358818770586261 0.6111461263177723
 0.3985174394895049 0.5739883172754910
 0.3960941150161393 0.5201714316001713
 0.3832961962833830 0.4344291292773436
 0.3866491053012995 0.3511951733159304
 0.3751639687324839 0.2669051624486112
 0.3153746842641165 0.1117472438922091
 0.2244631608199103 -0.1276227837572972
 0.1457978484317302 -0.3158245081234598
 8.969650748812300E-02 -0.2908149153946860
 2.674384703230404E-02 -6.609410703721710E-02
 -6.723955266152604E-02 0.1679716388324188
 -0.1864669645074145 0.2527816246671984
 -0.3095582772461107 0.2051685719440564
 -0.4035944348399211 0.1409478464340179
 -0.4112486840166931 0.1302657053014361
 -0.2826644400227195 0.1685102540266477
 -5.614671779342117E-02 0.2254047569535990
 0.1223850129944160 0.2555126761375393
 0.1142107208805787 0.1974774923350854
 -7.053558455534269E-02 4.239230799766982E-02
 -0.2778389168158824 -0.1011616056078024
 -0.3651028603081209 -8.493506179714073E-02
 -0.3269851929469586 0.1090767222457135
 -0.2627189629772848 0.3243996493742145
 -0.2557434867709852 0.3858276371753680
 -0.3120159548927743 0.2649057095313548
 -0.3917005542721629 6.400472207722242E-02
 -0.4606860663592851 -0.1199705482338164
 -0.5094294101335929 -0.2585824206733908
 -0.5498117883981137 -0.3381893649851009
 -0.6037637331105014 -0.3221499399113929
 -0.6795229378635694 -0.2072933427005558
 -0.7529504696296142 -8.030951441410220E-02
 -0.7863481665546616 -5.999779030940102E-02
 -0.7724823400505216 -0.1712252877650059
 -0.7470785544064000 -0.3057785880039723
 -0.7483048272026970 -0.3328878118948913
 -0.7726623010084290 -0.2445284321585620
 -0.7803350453161491 -0.1733276154771322
 -0.7391703729599194 -0.2573515243557795
 -0.6568795304420920 -0.4922301599054570
   
   
 #BODY NUMBER  3
 -9.784405776595761E-02 0.8149894405415727
 -0.1633370872129886 0.7876701228345581
 -0.2360396839066708 0.7773303422485159
 -0.3027406372989550 0.7638733165231036
 -0.3626842900035667 0.7110678205861303
 -0.4469543130318995 0.6144746466893020
 -0.5615990940609761 0.5110664370690310
 -0.6395182212771142 0.4478593467584830
 -0.6058568694249880 0.4519988290440221
 -0.4809761512147470 0.5165621842826278
 -0.3613271322863320 0.5964553013624575
 -0.2978297444913060 0.6321203850867840
 -0.2524346165805986 0.6031132816935769
 -0.1845785639564426 0.5491588077940275
 -0.1108193891274254 0.5104455341994147
 -4.356466671546824E-02 0.4583541087312272
 6.091139011850934E-02 0.3289961102293255
 0.2227561532454622 0.1305794076051452
 0.3464109713885059 -3.164761350273875E-02
 0.2967013582752815 -6.772800358188771E-02
 7.061109925082963E-02 -9.886202593708402E-03
 -0.1790874826749427 2.575465867222614E-02
 -0.3121487908254044 -3.509431589639313E-02
 -0.3324603339847838 -0.1655010460748503
 -0.3238616330405282 -0.2790491101803861
 -0.3184377520412874 -0.2910189549806577
 -0.2872663807966057 -0.1605394587928541
 -0.2232796045523845 6.407789452858108E-02
 -0.1600879620268470 0.2337448683644225
 -0.1139151645975413 0.1976481318346578
 -7.198060792870754E-02 -3.988945409687702E-02
 -5.131093806396182E-02 -0.2911963629264067
 -0.1089955089657352 -0.3586558829197639
 -0.2579558088998061 -0.2286391226305656
 -0.4122978188254764 -6.532147130712447E-02
 -0.4620082786614860 -2.856653780839839E-02
 -0.3854230515080813 -0.1377608885575244
 -0.2512799924171181 -0.3072202696375267
 -0.1264454907032104 -0.4589511107535724
 -3.077575979156483E-02 -0.5704700209473079
 1.797468716776883E-02 -0.6452456585454706
 -2.289183476435311E-02 -0.6839497007131178
 -0.1602401681177091 -0.6921307979943628
 -0.3069251551666013 -0.6922289916977199
 -0.3412144726984567 -0.7109963836103536
 -0.2379557210504637 -0.7546019743411032
 -0.1087272520584232 -0.7998783007404821
 -8.586311189015582E-02 -0.8144948960795046
 -0.1745633163073187 -0.7914093972991179
 -0.2400614044774959 -0.7624537804456314
 -0.1467122286852036 -0.7688160828859975
 9.784405776595761E-02 -0.8149894405415727
 0.1633370872129886 -0.7876701228345581
 0.2360396839066708 -0.7773303422485159
 0.3027406372989550 -0.7638733165231036
 0.3626842900035667 -0.7110678205861303
 0.4469543130318995 -0.6144746466893020
 0.5615990940609761 -0.5110664370690310
 0.6395182212771142 -0.4478593467584830
 0.6058568694249880 -0.4519988290440221
 0.4809761512147470 -0.5165621842826278
 0.3613271322863320 -0.5964553013624575
 0.2978297444913060 -0.6321203850867840
 0.2524346165805986 -0.6031132816935769
 0.1845785639564426 -0.5491588077940275
 0.1108193891274254 -0.5104455341994147
 4.356466671546824E-02 -0.4583541087312272
 -6.091139011850934E-02 -0.3289961102293255
 -0.2227561532454622 -0.1305794076051452
 -0.3464109713885059 3.164761350273875E-02
 -0.2967013582752815 6.772800358188771E-02
 -7.061109925082963E-02 9.886202593708402E-03
 0.1790874826749427 -2.575465867222614E-02
 0.3121487908254044 3.509431589639313E-02
 0.3324603339847838 0.1655010460748503
 0.3238616330405282 0.2790491101803861
 0.3184377520412874 0.2910189549806577
 0.2872663807966057 0.1605394587928541
 0.2232796045523845 -6.407789452858108E-02
 0.1600879620268470 -0.2337448683644225
 0.1139151645975413 -0.1976481318346578
 7.198060792870754E-02 3.988945409687702E-02
 5.131093806396182E-02 0.2911963629264067
 0.1089955089657352 0.3586558829197639
 0.2579558088998061 0.2286391226305656
 0.4122978188254764 6.532147130712447E-02
 0.4620082786614860 2.856653780839839E-02
 0.3854230515080813 0.1377608885575244
 0.2512799924171181 0.3072202696375267
 0.1264454907032104 0.4589511107535724
 3.077575979156483E-02 0.5704700209473079
 -1.797468716776883E-02 0.6452456585454706
 2.289183476435311E-02 0.6839497007131178
 0.1602401681177091 0.6921307979943628
 0.3069251551666013 0.6922289916977199
 0.3412144726984567 0.7109963836103536
 0.2379557210504637 0.7546019743411032
 0.1087272520584232 0.7998783007404821
 8.586311189015582E-02 0.8144948960795046
 0.1745633163073187 0.7914093972991179
 0.2400614044774959 0.7624537804456314
 0.1467122286852036 0.7688160828859975
 -9.784405776595761E-02 0.8149894405415727
   
   
 #BODY NUMBER  4
 0.3227592806361166 -0.7547235882080461
 0.2523809945106780 -0.7638108797832289
 0.1842488085598336 -0.7912076654730006
 0.1197555756027675 -0.8129040160315549
 4.144010159645524E-02 -0.7971449414430061
 -7.983646607199481E-02 -0.7556278105303511
 -0.2308258636646153 -0.7233960645538687
 -0.3299093524297763 -0.7076166822537059
 -0.2986880254573390 -0.6943709031454355
 -0.1582564734251214 -0.6878440498305063
 -1.469082495531430E-02 -0.6972090093449562
 5.813206781129351E-02 -0.6963471839808087
 8.294185009340634E-02 -0.6485287315967361
 0.1147296785166844 -0.5678747602398242
 0.1592503608834845 -0.4974684944287230
 0.1914489462826163 -0.4187286354479508
 0.2172488663371168 -0.2544632941456060
 0.2582021913624429 -1.707007574446939E-03
 0.2841768946207215 0.2006131229567766
 0.2230869118127986 0.2070048507871595
 5.620790444350896E-02 4.386725221852635E-02
 -0.1422169801601926 -0.1118479300134159
 -0.2878759405635914 -0.1256818263179893
 -0.3706696180189065 -2.290205673867244E-02
 -0.4199969566144041 7.973280179939329E-02
 -0.4212846602820937 9.281093197540585E-02
 -0.3290497128195020 -4.601940773886258E-03
 -0.1613268624250181 -0.1671328867589634
 -2.176780777311688E-02 -0.2824729750212633
 1.706394995720912E-04 -0.2281258854781204
 -8.228176209454710E-02 -1.445023373365377E-03
 -0.1900347573186045 0.2265279787519198
 -0.2737208211226238 0.2561073513423848
 -0.3377158448762793 6.902938404715166E-02
 -0.3897211206813393 -0.1495788558481929
 -0.4143941749837667 -0.2062647918905020
 -0.4026665980888796 -7.340709661530856E-02
 -0.3712249917147495 0.1404205618550431
 -0.3389805625197564 0.3342405756560731
 -0.3118876002739178 0.4786536503420262
 -0.3070562935603702 0.5677864755658805
 -0.3617997608017255 0.5808718983461459
 -0.4848374552938078 0.5192827697458582
 -0.6119194772836183 0.4460253144630106
 -0.6509985933009533 0.4451336938562024
 -0.5833766865760978 0.5345266190000550
 -0.4940997127365106 0.6383513023479737
 -0.4816070841846142 0.6624417153125378
 -0.5468809651405568 0.5980989847011071
 -0.5891261649685000 0.5402736408386500
 -0.5114645585302184 0.5924581442747127
 -0.3227592806361166 0.7547235882080461
 -0.2523809945106780 0.7638108797832289
 -0.1842488085598336 0.7912076654730006
 -0.1197555756027675 0.8129040160315549
 -4.144010159645524E-02 0.7971449414430061
 7.983646607199481E-02 0.7556278105303511
 0.2308258636646153 0.7233960645538687
 0.3299093524297763 0.7076166822537059
 0.2986880254573390 0.6943709031454355
 0.1582564734251214 0.6878440498305063
 1.469082495531430E-02 0.6972090093449562
 -5.813206781129351E-02 0.6963471839808087
 -8.294185009340634E-02 0.6485287315967361
 -0.1147296785166844 0.5678747602398242
 -0.1592503608834845 0.4974684944287230
 -0.1914489462826163 0.4187286354479508
 -0.2172488663371168 0.2544632941456060
 -0.2582021913624429 1.707007574446939E-03
 -0.2841768946207215 -0.2006131229567766
 -0.2230869118127986 -0.2070048507871595
 -5.620790444350896E-02 -4.386725221852635E-02
 0.1422169801601926 0.1118479300134159
 0.2878759405635914 0.1256818263179893
 0.3706696180189065 2.290205673867244E-02
 0.4199969566144041 -7.973280179939329E-02
 0.4212846602820937 -9.281093197540585E-02
 0.3290497128195020 4.601940773886258E-03
 0.1613268624250181 0.1671328867589634
 2.176780777311688E-02 0.2824729750212633
 -1.706394995720912E-04 0.2281258854781204
 8.228176209454710E-02 1.445023373365377E-03
 0.1900347573186045 -0.2265279787519198
 0.2737208211226238 -0.2561073513423848
 0.3377158448762793 -6.902938404715166E-02
 0.3897211206813393 0.1495788558481929
 0.4143941749837667 0.2062647918905020
 0.4026665980888796 7.340709661530856E-02
 0.3712249917147495 -0.1404205618550431
 0.3389805625197564 -0.3342405756560731
 0.3118876002739178 -0.4786536503420262
 0.3070562935603702 -0.5677864755658805
 0.3617997608017255 -0.5808718983461459
 0.4848374552938078 -0.5192827697458582
 0.6119194772836183 -0.4460253144630106
 0.6509985933009533 -0.4451336938562024
 0.5833766865760978 -0.5345266190000550
 0.4940997127365106 -0.6383513023479737
 0.4816070841846142 -0.6624417153125378
 0.5468809651405568 -0.5980989847011071
 0.5891261649685000 -0.5402736408386500
 0.5114645585302184 -0.5924581442747127
 0.3227592806361166 -0.7547235882080461
   
   
 #BODY NUMBER  5
 -0.8149894405415736 9.784405776595761E-02
 -0.7876701228345590 0.1633370872129886
 -0.7773303422485166 0.2360396839066708
 -0.7638733165231045 0.3027406372989550
 -0.7110678205861308 0.3626842900035668
 -0.6144746466893026 0.4469543130318994
 -0.5110664370690315 0.5615990940609761
 -0.4478593467584835 0.6395182212771142
 -0.4519988290440226 0.6058568694249880
 -0.5165621842826282 0.4809761512147470
 -0.5964553013624579 0.3613271322863322
 -0.6321203850867845 0.2978297444913060
 -0.6031132816935775 0.2524346165805986
 -0.5491588077940279 0.1845785639564427
 -0.5104455341994151 0.1108193891274254
 -0.4583541087312275 4.356466671546829E-02
 -0.3289961102293260 -6.091139011850936E-02
 -0.1305794076051456 -0.2227561532454622
 3.164761350273852E-02 -0.3464109713885059
 6.772800358188749E-02 -0.2967013582752815
 9.886202593708268E-03 -7.061109925082960E-02
 -2.575465867222622E-02 0.1790874826749427
 3.509431589639304E-02 0.3121487908254044
 0.1655010460748502 0.3324603339847837
 0.2790491101803860 0.3238616330405281
 0.2910189549806577 0.3184377520412874
 0.1605394587928541 0.2872663807966058
 -6.407789452858093E-02 0.2232796045523845
 -0.2337448683644224 0.1600879620268470
 -0.1976481318346577 0.1139151645975413
 3.988945409687718E-02 7.198060792870750E-02
 0.2911963629264068 5.131093806396178E-02
 0.3586558829197642 0.1089955089657352
 0.2286391226305658 0.2579558088998060
 6.532147130712466E-02 0.4122978188254764
 2.856653780839884E-02 0.4620082786614860
 0.1377608885575247 0.3854230515080813
 0.3072202696375272 0.2512799924171181
 0.4589511107535729 0.1264454907032104
 0.5704700209473084 3.077575979156484E-02
 0.6452456585454711 -1.797468716776884E-02
 0.6839497007131182 2.289183476435310E-02
 0.6921307979943635 0.1602401681177091
 0.6922289916977203 0.3069251551666013
 0.7109963836103542 0.3412144726984567
 0.7546019743411039 0.2379557210504637
 0.7998783007404828 0.1087272520584232
 0.8144948960795054 8.586311189015587E-02
 0.7914093972991185 0.1745633163073187
 0.7624537804456324 0.2400614044774959
 0.7688160828859983 0.1467122286852035
 0.8149894405415736 -9.784405776595761E-02
 0.7876701228345590 -0.1633370872129886
 0.7773303422485166 -0.2360396839066708
 0.7638733165231045 -0.3027406372989550
 0.7110678205861308 -0.3626842900035668
 0.6144746466893026 -0.4469543130318994
 0.5110664370690315 -0.5615990940609761
 0.4478593467584835 -0.6395182212771142
 0.4519988290440226 -0.6058568694249880
 0.5165621842826282 -0.4809761512147470
 0.5964553013624579 -0.3613271322863322
 0.6321203850867845 -0.2978297444913060
 0.6031132816935775 -0.2524346165805986
 0.5491588077940279 -0.1845785639564427
 0.5104455341994151 -0.1108193891274254
 0.4583541087312275 -4.356466671546829E-02
 0.3289961102293260 6.091139011850936E-02
 0.1305794076051456 0.2227561532454622
 -3.164761350273852E-02 0.3464109713885059
 -6.772800358188749E-02 0.2967013582752815
 -9.886202593708268E-03 7.061109925082960E-02
 2.575465867222622E-02 -0.1790874826749427
 -3.509431589639304E-02 -0.3121487908254044
 -0.1655010460748502 -0.3324603339847837
 -0.2790491101803860 -0.3238616330405281
 -0.2910189549806577 -0.3184377520412874
 -0.1605394587928541 -0.2872663807966058
 6.407789452858093E-02 -0.2232796045523845
 0.2337448683644224 -0.1600879620268470
 0.1976481318346577 -0.1139151645975413
 -3.988945409687718E-02 -7.198060792870750E-02
 -0.2911963629264068 -5.131093806396178E-02
 -0.3586558829197642 -0.1089955089657352
 -0.2286391226305658 -0.2579558088998060
 -6.532147130712466E-02 -0.4122978188254764
 -2.856653780839884E-02 -0.4620082786614860
 -0.1377608885575247 -0.3854230515080813
 -0.3072202696375272 -0.2512799924171181
 -0.4589511107535729 -0.1264454907032104
 -0.5704700209473084 -3.077575979156484E-02
 -0.6452456585454711 1.797468716776884E-02
 -0.6839497007131182 -2.289183476435310E-02
 -0.6921307979943635 -0.1602401681177091
 -0.6922289916977203 -0.3069251551666013
 -0.7109963836103542 -0.3412144726984567
 -0.7546019743411039 -0.2379557210504637
 -0.7998783007404828 -0.1087272520584232
 -0.8144948960795054 -8.586311189015587E-02
 -0.7914093972991185 -0.1745633163073187
 -0.7624537804456324 -0.2400614044774959
 -0.7688160828859983 -0.1467122286852035
 -0.8149894405415736 9.784405776595761E-02
   
   
 #BODY NUMBER  6
 0.4922301599054606 0.6568795304420938
 0.5352891283238843 0.6004737925702456
 0.5930815336886862 0.5551679815663344
 0.6441177409203404 0.5101633787326048
 0.6696277189896789 0.4344606514394437
 0.6943111127613001 0.3086734974984560
 0.7418923007336498 0.1617969704928961
 0.7777686991882623 6.809846097659544E-02
 0.7506868545013641 8.851403372045101E-02
 0.6748186577077517 0.2068678986157631
 0.6111461263177745 0.3358818770586272
 0.5739883172754930 0.3985174394895059
 0.5201714316001730 0.3960941150161401
 0.4344291292773454 0.3832961962833839
 0.3511951733159320 0.3866491053013003
 0.2669051624486127 0.3751639687324846
 0.1117472438922104 0.3153746842641172
 -0.1276227837572960 0.2244631608199109
 -0.3158245081234587 0.1457978484317308
 -0.2908149153946852 8.969650748812341E-02
 -6.609410703721633E-02 2.674384703230439E-02
 0.1679716388324194 -6.723955266152570E-02
 0.2527816246671989 -0.1864669645074143
 0.2051685719440568 -0.3095582772461106
 0.1409478464340182 -0.4035944348399210
 0.1302657053014361 -0.4112486840166930
 0.1685102540266476 -0.2826644400227195
 0.2254047569535988 -5.614671779342129E-02
 0.2555126761375389 0.1223850129944158
 0.1974774923350849 0.1142107208805785
 4.239230799766920E-02 -7.053558455534302E-02
 -0.1011616056078031 -0.2778389168158827
 -8.493506179714168E-02 -0.3651028603081213
 0.1090767222457125 -0.3269851929469590
 0.3243996493742133 -0.2627189629772854
 0.3858276371753666 -0.2557434867709859
 0.2649057095313533 -0.3120159548927752
 6.400472207722073E-02 -0.3917005542721637
 -0.1199705482338183 -0.4606860663592859
 -0.2585824206733927 -0.5094294101335938
 -0.3381893649851030 -0.5498117883981148
 -0.3221499399113950 -0.6037637331105025
 -0.2072933427005580 -0.6795229378635705
 -8.030951441410462E-02 -0.7529504696296155
 -5.999779030940369E-02 -0.7863481665546630
 -0.1712252877650088 -0.7724823400505230
 -0.3057785880039752 -0.7470785544064014
 -0.3328878118948942 -0.7483048272026985
 -0.2445284321585652 -0.7726623010084306
 -0.1733276154771355 -0.7803350453161506
 -0.2573515243557830 -0.7391703729599209
 -0.4922301599054606 -0.6568795304420938
 -0.5352891283238843 -0.6004737925702456
 -0.5930815336886862 -0.5551679815663344
 -0.6441177409203404 -0.5101633787326048
 -0.6696277189896789 -0.4344606514394437
 -0.6943111127613001 -0.3086734974984560
 -0.7418923007336498 -0.1617969704928961
 -0.7777686991882623 -6.809846097659544E-02
 -0.7506868545013641 -8.851403372045101E-02
 -0.6748186577077517 -0.2068678986157631
 -0.6111461263177745 -0.3358818770586272
 -0.5739883172754930 -0.3985174394895059
 -0.5201714316001730 -0.3960941150161401
 -0.4344291292773454 -0.3832961962833839
 -0.3511951733159320 -0.3866491053013003
 -0.2669051624486127 -0.3751639687324846
 -0.1117472438922104 -0.3153746842641172
 0.1276227837572960 -0.2244631608199109
 0.3158245081234587 -0.1457978484317308
 0.2908149153946852 -8.969650748812341E-02
 6.609410703721633E-02 -2.674384703230439E-02
 -0.1679716388324194 6.723955266152570E-02
 -0.2527816246671989 0.1864669645074143
 -0.2051685719440568 0.3095582772461106
 -0.1409478464340182 0.4035944348399210
 -0.1302657053014361 0.4112486840166930
 -0.1685102540266476 0.2826644400227195
 -0.2254047569535988 5.614671779342129E-02
 -0.2555126761375389 -0.1223850129944158
 -0.1974774923350849 -0.1142107208805785
 -4.239230799766920E-02 7.053558455534302E-02
 0.1011616056078031 0.2778389168158827
 8.493506179714168E-02 0.3651028603081213
 -0.1090767222457125 0.3269851929469590
 -0.3243996493742133 0.2627189629772854
 -0.3858276371753666 0.2557434867709859
 -0.2649057095313533 0.3120159548927752
 -6.400472207722073E-02 0.3917005542721637
 0.1199705482338183 0.4606860663592859
 0.2585824206733927 0.5094294101335938
 0.3381893649851030 0.5498117883981148
 0.3221499399113950 0.6037637331105025
 0.2072933427005580 0.6795229378635705
 8.030951441410462E-02 0.7529504696296155
 5.999779030940369E-02 0.7863481665546630
 0.1712252877650088 0.7724823400505230
 0.3057785880039752 0.7470785544064014
 0.3328878118948942 0.7483048272026985
 0.2445284321585652 0.7726623010084306
 0.1733276154771355 0.7803350453161506
 0.2573515243557830 0.7391703729599209
 0.4922301599054606 0.6568795304420938
   
   
