 # action(x) =  23.07729789452906
 # |grad_action(x)| =  4.736823350389529E-05
 # PRINTSTEPS = 50
 #
 #BODY NUMBER  1
 -0.7545312194727023 1.327448158413412
 -0.6901420652269464 1.290621275756771
 -0.6251471813990372 1.253190971198466
 -0.5592920697340079 1.214877324528068
 -0.4926454810390128 1.175690455456817
 -0.4253148586330761 1.135660946883329
 -0.3572995894480256 1.094706135132796
 -0.2885844684842406 1.052718702539097
 -0.2192339559486808 1.009646123908187
 -0.1493417133346118 0.9654330972828236
 -7.896543612689499E-02 0.9199588496475685
 -8.169432140032074E-03 0.8730781712994895
 6.290990444490785E-02 0.8246765926952967
 0.1340821757084059 0.7746467782392066
 0.2051471064707127 0.7228556562569530
 0.2758739155775835 0.6691883606798115
 0.3459630879653299 0.6136140212944479
 0.4150795893813288 0.5561885436637856
 0.4829255976943122 0.4970286286898753
 0.5492661394818771 0.4363249242900774
 0.6139183897908905 0.3743581413923283
 0.6767700206047669 0.3114517520094418
 0.7378098260613615 0.2479007718665611
 0.7971051787388431 0.1839580621033343
 0.8547437837726708 0.1198590548039100
 0.9108148277546355 5.581085999215940E-02
 0.9654287016124555 -8.041369477487237E-03
 1.018708576389543 -7.160168860801425E-02
 1.070751479754991 -0.1347781417024435
 1.121623270138875 -0.1974802686588755
 1.171392257997156 -0.2596533971531960
 1.220135238734273 -0.3212735312483478
 1.267904761820311 -0.3823033924564161
 1.314723058983775 -0.4426885630470299
 1.360618098111016 -0.5023990561616138
 1.405634861404186 -0.5614331400743322
 1.449800664073791 -0.6197706125092268
 1.493113292720951 -0.6773634175086300
 1.535579529898164 -0.7341848363932792
 1.577232227763618 -0.7902428868680975
 1.618090510591402 -0.8455258092964504
 1.658139455822448 -0.8999821037822682
 1.697374960679933 -0.9535813975765677
 1.735830998563304 -1.006342878799654
 1.773529209407904 -1.058265027337690
 1.810443029535599 -1.109284501569613
 1.846558577270576 -1.159361092101402
 1.881926220942095 -1.208540258165318
 1.916581055570012 -1.256841875649182
 1.950458341295731 -1.304152434477156
 1.983522597813532 -1.350404392615681
 2.016023686479796 -1.395917191713986
 2.047570306669209 -1.440137173802833
 2.078581571197112 -1.483606556606378
 2.108806693454240 -1.525970616091288
 2.138276363151947 -1.567258690712287
 2.167078245619195 -1.607569680424241
 2.195206518963669 -1.646874978279935
 2.222611730751236 -1.685097406036997
 2.249297354839240 -1.722236781558072
 2.275305279058053 -1.758338385628858
 2.300642232719595 -1.793397434520341
 2.325276521713867 -1.827367490585500
 2.349196617796300 -1.860237484068684
 2.372425109441589 -1.892037532666689
 2.394971132305993 -1.922775555104603
 2.416808892859065 -1.952421944210792
 2.437915951261131 -1.980962263897435
 2.458300164171292 -2.008419822526689
 2.477969847861283 -2.034812642416774
 2.496903240035861 -2.060125970614311
 2.515071160274711 -2.084347068670267
 2.532470869002354 -2.107496661390897
 2.549111155665316 -2.129601986103901
 2.564977054972871 -2.150662422370621
 2.580038167224134 -2.170668736832460
 2.594285393517505 -2.189639008711223
 2.607729774545046 -2.207606214622870
 2.620365548662750 -2.224580822824885
 2.632164503317297 -2.240555749208505
 2.643112583599448 -2.255543716463421
 2.653222481154066 -2.269578959632478
 2.662498070900471 -2.282679968181148
 2.670914623977314 -2.294840475638825
 2.678452362741234 -2.306065306235581
 2.685123483997483 -2.316386323588723
 2.690941253134999 -2.325828403786267
 2.695885074900886 -2.334385977571030
 2.699927402298814 -2.342054028338309
 2.703076869353967 -2.348859235427977
 2.705356392904105 -2.354832976297393
 2.706750583598183 -2.359971741603557
 2.707220526096180 -2.364258597382558
 2.706767042905882 -2.367712303028361
 2.705425418392458 -2.370373570287125
 2.703188571429516 -2.372244559354647
 2.699998094621525 -2.373291498779980
 2.695839425544640 -2.373520488675497
 2.690773790172877 -2.372993110228688
 2.684813012766726 -2.371726815371776
 2.677840180695543 -2.369642703468618
 2.669806109647601 -2.366720708644560
 2.661043951758643 -2.363232268650023
 2.650983017909004 -2.358749877763593
 2.640172971080214 -2.353711661168557
 2.628258232495594 -2.347860647166998
 2.615265536103597 -2.341232120502291
 2.601291047512892 -2.333916985849331
 2.586302887188639 -2.325909459377428
 2.570218765692477 -2.317163892695579
 2.553032156075136 -2.307692280778127
 2.534782375880018 -2.297543943192498
 2.515458872991035 -2.286731429875844
 2.495008277585955 -2.275233017941991
 2.473411769969869 -2.263052192969153
 2.450692605087765 -2.250226064281063
 2.426852817216924 -2.236776564842214
 2.401856363971711 -2.222694331618422
 2.375681684836933 -2.207978393067570
 2.348345868626427 -2.192657346740537
 2.319861891027430 -2.176756937631472
 2.290209352708405 -2.160274388431263
 2.259368550175331 -2.143203287426697
 2.227353422383340 -2.125561699185674
 2.194185300424223 -2.107373447726937
 2.159856900310186 -2.088637623861165
 2.124350572676785 -2.069340781791658
 2.087675869606600 -2.049488669246666
 2.049858525278899 -2.029100207541637
 2.010901713384890 -2.008175200956287
 1.970789634403145 -1.986694401351068
 1.929526436051063 -1.964651972305392
 1.887139902386462 -1.942061717766855
 1.843643095903547 -1.918925480402403
 1.799023381573705 -1.895220967498793
 1.753279504677726 -1.870932251462476
 1.706440100525176 -1.846068494022224
 1.658528879557548 -1.820635740372350
 1.609538438686279 -1.794611819813105
 1.559461932281665 -1.767971822867052
 1.508327470473911 -1.740720414580749
 1.456170858986664 -1.712870530987586
 1.402992290530578 -1.684403496477082
 1.348777585814640 -1.655285003586997
 1.293551566782668 -1.625513900449994
 1.237365056362409 -1.595113740803976
 1.180229179652907 -1.564073120066587
 1.122116133103682 -1.532342985342614
 1.063041125852760 -1.499910679453708
 1.003081160537802 -1.466820178181993
 0.9422671086615833 -1.433074191045274
 0.8805248991942466 -1.398576775587163
 0.8178436887947058 -1.363285431733488
 0.7545312194727023 -1.327448158413412
 0.6901420652269464 -1.290621275756771
 0.6251471813990372 -1.253190971198466
 0.5592920697340079 -1.214877324528068
 0.4926454810390128 -1.175690455456817
 0.4253148586330761 -1.135660946883329
 0.3572995894480256 -1.094706135132796
 0.2885844684842406 -1.052718702539097
 0.2192339559486808 -1.009646123908187
 0.1493417133346118 -0.9654330972828236
 7.896543612689499E-02 -0.9199588496475685
 8.169432140032074E-03 -0.8730781712994895
 -6.290990444490785E-02 -0.8246765926952967
 -0.1340821757084059 -0.7746467782392066
 -0.2051471064707127 -0.7228556562569530
 -0.2758739155775835 -0.6691883606798115
 -0.3459630879653299 -0.6136140212944479
 -0.4150795893813288 -0.5561885436637856
 -0.4829255976943122 -0.4970286286898753
 -0.5492661394818771 -0.4363249242900774
 -0.6139183897908905 -0.3743581413923283
 -0.6767700206047669 -0.3114517520094418
 -0.7378098260613615 -0.2479007718665611
 -0.7971051787388431 -0.1839580621033343
 -0.8547437837726708 -0.1198590548039100
 -0.9108148277546355 -5.581085999215940E-02
 -0.9654287016124555 8.041369477487237E-03
 -1.018708576389543 7.160168860801425E-02
 -1.070751479754991 0.1347781417024435
 -1.121623270138875 0.1974802686588755
 -1.171392257997156 0.2596533971531960
 -1.220135238734273 0.3212735312483478
 -1.267904761820311 0.3823033924564161
 -1.314723058983775 0.4426885630470299
 -1.360618098111016 0.5023990561616138
 -1.405634861404186 0.5614331400743322
 -1.449800664073791 0.6197706125092268
 -1.493113292720951 0.6773634175086300
 -1.535579529898164 0.7341848363932792
 -1.577232227763618 0.7902428868680975
 -1.618090510591402 0.8455258092964504
 -1.658139455822448 0.8999821037822682
 -1.697374960679933 0.9535813975765677
 -1.735830998563304 1.006342878799654
 -1.773529209407904 1.058265027337690
 -1.810443029535599 1.109284501569613
 -1.846558577270576 1.159361092101402
 -1.881926220942095 1.208540258165318
 -1.916581055570012 1.256841875649182
 -1.950458341295731 1.304152434477156
 -1.983522597813532 1.350404392615681
 -2.016023686479796 1.395917191713986
 -2.047570306669209 1.440137173802833
 -2.078581571197112 1.483606556606378
 -2.108806693454240 1.525970616091288
 -2.138276363151947 1.567258690712287
 -2.167078245619195 1.607569680424241
 -2.195206518963669 1.646874978279935
 -2.222611730751236 1.685097406036997
 -2.249297354839240 1.722236781558072
 -2.275305279058053 1.758338385628858
 -2.300642232719595 1.793397434520341
 -2.325276521713867 1.827367490585500
 -2.349196617796300 1.860237484068684
 -2.372425109441589 1.892037532666689
 -2.394971132305993 1.922775555104603
 -2.416808892859065 1.952421944210792
 -2.437915951261131 1.980962263897435
 -2.458300164171292 2.008419822526689
 -2.477969847861283 2.034812642416774
 -2.496903240035861 2.060125970614311
 -2.515071160274711 2.084347068670267
 -2.532470869002354 2.107496661390897
 -2.549111155665316 2.129601986103901
 -2.564977054972871 2.150662422370621
 -2.580038167224134 2.170668736832460
 -2.594285393517505 2.189639008711223
 -2.607729774545046 2.207606214622870
 -2.620365548662750 2.224580822824885
 -2.632164503317297 2.240555749208505
 -2.643112583599448 2.255543716463421
 -2.653222481154066 2.269578959632478
 -2.662498070900471 2.282679968181148
 -2.670914623977314 2.294840475638825
 -2.678452362741234 2.306065306235581
 -2.685123483997483 2.316386323588723
 -2.690941253134999 2.325828403786267
 -2.695885074900886 2.334385977571030
 -2.699927402298814 2.342054028338309
 -2.703076869353967 2.348859235427977
 -2.705356392904105 2.354832976297393
 -2.706750583598183 2.359971741603557
 -2.707220526096180 2.364258597382558
 -2.706767042905882 2.367712303028361
 -2.705425418392458 2.370373570287125
 -2.703188571429516 2.372244559354647
 -2.699998094621525 2.373291498779980
 -2.695839425544640 2.373520488675497
 -2.690773790172877 2.372993110228688
 -2.684813012766726 2.371726815371776
 -2.677840180695543 2.369642703468618
 -2.669806109647601 2.366720708644560
 -2.661043951758643 2.363232268650023
 -2.650983017909004 2.358749877763593
 -2.640172971080214 2.353711661168557
 -2.628258232495594 2.347860647166998
 -2.615265536103597 2.341232120502291
 -2.601291047512892 2.333916985849331
 -2.586302887188639 2.325909459377428
 -2.570218765692477 2.317163892695579
 -2.553032156075136 2.307692280778127
 -2.534782375880018 2.297543943192498
 -2.515458872991035 2.286731429875844
 -2.495008277585955 2.275233017941991
 -2.473411769969869 2.263052192969153
 -2.450692605087765 2.250226064281063
 -2.426852817216924 2.236776564842214
 -2.401856363971711 2.222694331618422
 -2.375681684836933 2.207978393067570
 -2.348345868626427 2.192657346740537
 -2.319861891027430 2.176756937631472
 -2.290209352708405 2.160274388431263
 -2.259368550175331 2.143203287426697
 -2.227353422383340 2.125561699185674
 -2.194185300424223 2.107373447726937
 -2.159856900310186 2.088637623861165
 -2.124350572676785 2.069340781791658
 -2.087675869606600 2.049488669246666
 -2.049858525278899 2.029100207541637
 -2.010901713384890 2.008175200956287
 -1.970789634403145 1.986694401351068
 -1.929526436051063 1.964651972305392
 -1.887139902386462 1.942061717766855
 -1.843643095903547 1.918925480402403
 -1.799023381573705 1.895220967498793
 -1.753279504677726 1.870932251462476
 -1.706440100525176 1.846068494022224
 -1.658528879557548 1.820635740372350
 -1.609538438686279 1.794611819813105
 -1.559461932281665 1.767971822867052
 -1.508327470473911 1.740720414580749
 -1.456170858986664 1.712870530987586
 -1.402992290530578 1.684403496477082
 -1.348777585814640 1.655285003586997
 -1.293551566782668 1.625513900449994
 -1.237365056362409 1.595113740803976
 -1.180229179652907 1.564073120066587
 -1.122116133103682 1.532342985342614
 -1.063041125852760 1.499910679453708
 -1.003081160537802 1.466820178181993
 -0.9422671086615833 1.433074191045274
 -0.8805248991942466 1.398576775587163
 -0.8178436887947058 1.363285431733488
 -0.7545312194727023 1.327448158413412
   
   
 #BODY NUMBER  2
 0.7160972038147295 3.486147797134928
 0.7172458063622089 3.475193577392131
 0.7182876062155346 3.463312693924782
 0.7191778487445961 3.450068720630271
 0.7199337244592952 3.435502452158790
 0.7205858763130810 3.419742622707863
 0.7211452351290628 3.402758731875114
 0.7216134129601721 3.384456690720958
 0.7220040612335414 3.364836844228689
 0.7223402331757649 3.343957902173420
 0.7226380734092768 3.321817001123132
 0.7229054542739224 3.298357060012889
 0.7231548042164353 3.273563523297915
 0.7234066333813931 3.247475085013201
 0.7236789191345856 3.220104473376796
 0.7239815740433708 3.191415793250036
 0.7243245369851921 3.161389886907985
 0.7247240297586754 3.130055852472989
 0.7251958603391586 3.097437799716897
 0.7257478231721637 3.063516673645826
 0.7263842172981763 3.028272204676801
 0.7271137176143403 2.991725496583020
 0.7279462907802134 2.953906934641235
 0.7288847914086429 2.914809756138317
 0.7299263997803342 2.874411953377946
 0.7310713175326762 2.832724672570418
 0.7323230639158849 2.789779660826452
 0.7336798825856199 2.745579568783112
 0.7351330039247695 2.700101089583704
 0.7366752995861394 2.653344897046566
 0.7383048321101097 2.605341954845390
 0.7400166660459656 2.556104496765464
 0.7417978128520237 2.505610434194411
 0.7436351061872565 2.453850716716746
 0.7455221626867388 2.400854724102385
 0.7474523624215704 2.346646012793153
 0.7494102065468312 2.291207086176413
 0.7513775456371168 2.234519561024216
 0.7533443646761528 2.176610113946705
 0.7553039637356580 2.117516221626851
 0.7572400729071960 2.057228713151740
 0.7591300707024351 1.995718155164023
 0.7609605486030896 1.933005468163951
 0.7627264932806648 1.869146442966998
 0.7644124655275996 1.804145011900379
 0.7659898860657486 1.737952569935456
 0.7674401888881089 1.670575959982954
 0.7687629568203218 1.602103856174310
 0.7699451006222494 1.532564348774080
 0.7709405672042873 1.461845319160531
 0.7717179720930837 1.389916126687734
 0.7723382176565337 1.317167283218518
 0.7726397788565716 1.242991198585178
 0.7727216261516461 1.167988825795038
 0.7724685906559744 1.091799802788862
 0.7718550608929937 1.014488729367798
 0.7708538007703147 0.9361639456248956
 0.7693935279796690 0.8567835887901385
 0.7673889051957314 0.7762808321145305
 0.7647622141626407 0.6946852371778096
 0.7614187312339126 0.6120502662338787
 0.7572250161676557 0.5283654985305927
 0.7520231597650037 0.4436140214175055
 0.7456458314029734 0.3578567209487066
 0.7379048767691263 0.2712048187614350
 0.7285849148231495 0.1837652224119684
 0.7174710780543720 9.568036120823481E-02
 0.7043868745419823 7.194187697537824E-03
 0.6892132027973732 -8.137519716475153E-02
 0.6719022177007311 -0.1697115213961205
 0.6525015384804674 -0.2575159680848738
 0.6311628554547283 -0.3444898507131843
 0.6081101395957311 -0.4303741543587252
 0.5835932790848932 -0.5150116665976365
 0.5578649443818645 -0.5983343032243067
 0.5311728782201126 -0.6803003030720112
 0.5037410364375843 -0.7608833489829825
 0.4757503205575070 -0.8401064658777567
 0.4473454069063683 -0.9180283505104316
 0.4186544452883204 -0.9946870534588227
 0.3897887056646752 -1.070094379745479
 0.3608296908849803 -1.144282151798550
 0.3318365797425334 -1.217304878420645
 0.3028679310899271 -1.289189429543856
 0.2739819879283303 -1.359927849544651
 0.2452187035822253 -1.429529365893814
 0.2166020688712543 -1.498032068458210
 0.1881632370848634 -1.565449511766066
 0.1599427192037567 -1.631755750978889
 0.1319670455591804 -1.696943300619816
 0.1042456986940843 -1.761044620344866
 7.679842488957833E-02 -1.824070392442913
 4.966236308441674E-02 -1.885981943650680
 2.286176546239016E-02 -1.946760534484718
 -3.602998676412672E-03 -2.006445180832158
 -2.971979290712101E-02 -2.065053863369821
 -5.544704361584418E-02 -2.122531906467096
 -8.075686928379622E-02 -2.178847183543070
 -0.1056634545963219 -2.234066044466560
 -0.1301664650672683 -2.288228820360216
 -0.1541999680166725 -2.341222689823939
 -0.1777232104805090 -2.392983154994863
 -0.2008879063638460 -2.443886322979651
 -0.2234102241129741 -2.493316488511645
 -0.2455501816437227 -2.541907722798062
 -0.2671259722365257 -2.589265476247679
 -0.2881476588828052 -2.635430996157529
 -0.3086570587914270 -2.680529652906957
 -0.3286323085655349 -2.724542101115711
 -0.3480312961036822 -2.767386924598368
 -0.3668521267416217 -2.809067040734959
 -0.3851130708748832 -2.849641365843545
 -0.4028066210166568 -2.889113335814691
 -0.4199084080399300 -2.927432283920476
 -0.4364146093773800 -2.964582691530420
 -0.4523400134821877 -3.000599179685838
 -0.4676869103433151 -3.035493619459674
 -0.4824425561632179 -3.069228869413489
 -0.4966056688429465 -3.101778278032163
 -0.5101925056867009 -3.133160303563140
 -0.5232145163440252 -3.163391159268119
 -0.5356698055301368 -3.192444621969885
 -0.5475619316347240 -3.220289051458637
 -0.5589102126542305 -3.246932437595540
 -0.5697338420831152 -3.272396010928423
 -0.5800397652511005 -3.296666500916012
 -0.5898351856855214 -3.319712963965774
 -0.5991403099025417 -3.341536559808681
 -0.6079781761432841 -3.362163338272512
 -0.6163607310066649 -3.381593543755933
 -0.6242959457511918 -3.399799201416681
 -0.6318018660039632 -3.416774500691154
 -0.6389017943593498 -3.432547550387639
 -0.6456098057044934 -3.447130951017443
 -0.6519328375473292 -3.460500153523128
 -0.6578849566153377 -3.472640442078151
 -0.6634876592079341 -3.483578311234361
 -0.6687558559548188 -3.493337687199575
 -0.6736950213642404 -3.501897949332997
 -0.6783145844272478 -3.509232732933656
 -0.6826333331173379 -3.515362854956635
 -0.6866669826908088 -3.520323850694287
 -0.6904201886429937 -3.524100637906160
 -0.6938977434009705 -3.526651047937245
 -0.6971154818225789 -3.527985172797158
 -0.7000910191316404 -3.528153925515575
 -0.7028297666757880 -3.527152253755050
 -0.7053316812183451 -3.524912689501811
 -0.7076093268235156 -3.521425671383055
 -0.7096854213770516 -3.516775013241394
 -0.7115691665653603 -3.510979681152907
 -0.7132506887484874 -3.503898975491361
 -0.7147372025250975 -3.495480268456006
 -0.7160972038147295 -3.486147797134928
 -0.7172458063622089 -3.475193577392131
 -0.7182876062155346 -3.463312693924782
 -0.7191778487445961 -3.450068720630271
 -0.7199337244592952 -3.435502452158790
 -0.7205858763130810 -3.419742622707863
 -0.7211452351290628 -3.402758731875114
 -0.7216134129601721 -3.384456690720958
 -0.7220040612335414 -3.364836844228689
 -0.7223402331757649 -3.343957902173420
 -0.7226380734092768 -3.321817001123132
 -0.7229054542739224 -3.298357060012889
 -0.7231548042164353 -3.273563523297915
 -0.7234066333813931 -3.247475085013201
 -0.7236789191345856 -3.220104473376796
 -0.7239815740433708 -3.191415793250036
 -0.7243245369851921 -3.161389886907985
 -0.7247240297586754 -3.130055852472989
 -0.7251958603391586 -3.097437799716897
 -0.7257478231721637 -3.063516673645826
 -0.7263842172981763 -3.028272204676801
 -0.7271137176143403 -2.991725496583020
 -0.7279462907802134 -2.953906934641235
 -0.7288847914086429 -2.914809756138317
 -0.7299263997803342 -2.874411953377946
 -0.7310713175326762 -2.832724672570418
 -0.7323230639158849 -2.789779660826452
 -0.7336798825856199 -2.745579568783112
 -0.7351330039247695 -2.700101089583704
 -0.7366752995861394 -2.653344897046566
 -0.7383048321101097 -2.605341954845390
 -0.7400166660459656 -2.556104496765464
 -0.7417978128520237 -2.505610434194411
 -0.7436351061872565 -2.453850716716746
 -0.7455221626867388 -2.400854724102385
 -0.7474523624215704 -2.346646012793153
 -0.7494102065468312 -2.291207086176413
 -0.7513775456371168 -2.234519561024216
 -0.7533443646761528 -2.176610113946705
 -0.7553039637356580 -2.117516221626851
 -0.7572400729071960 -2.057228713151740
 -0.7591300707024351 -1.995718155164023
 -0.7609605486030896 -1.933005468163951
 -0.7627264932806648 -1.869146442966998
 -0.7644124655275996 -1.804145011900379
 -0.7659898860657486 -1.737952569935456
 -0.7674401888881089 -1.670575959982954
 -0.7687629568203218 -1.602103856174310
 -0.7699451006222494 -1.532564348774080
 -0.7709405672042873 -1.461845319160531
 -0.7717179720930837 -1.389916126687734
 -0.7723382176565337 -1.317167283218518
 -0.7726397788565716 -1.242991198585178
 -0.7727216261516461 -1.167988825795038
 -0.7724685906559744 -1.091799802788862
 -0.7718550608929937 -1.014488729367798
 -0.7708538007703147 -0.9361639456248956
 -0.7693935279796690 -0.8567835887901385
 -0.7673889051957314 -0.7762808321145305
 -0.7647622141626407 -0.6946852371778096
 -0.7614187312339126 -0.6120502662338787
 -0.7572250161676557 -0.5283654985305927
 -0.7520231597650037 -0.4436140214175055
 -0.7456458314029734 -0.3578567209487066
 -0.7379048767691263 -0.2712048187614350
 -0.7285849148231495 -0.1837652224119684
 -0.7174710780543720 -9.568036120823481E-02
 -0.7043868745419823 -7.194187697537824E-03
 -0.6892132027973732 8.137519716475153E-02
 -0.6719022177007311 0.1697115213961205
 -0.6525015384804674 0.2575159680848738
 -0.6311628554547283 0.3444898507131843
 -0.6081101395957311 0.4303741543587252
 -0.5835932790848932 0.5150116665976365
 -0.5578649443818645 0.5983343032243067
 -0.5311728782201126 0.6803003030720112
 -0.5037410364375843 0.7608833489829825
 -0.4757503205575070 0.8401064658777567
 -0.4473454069063683 0.9180283505104316
 -0.4186544452883204 0.9946870534588227
 -0.3897887056646752 1.070094379745479
 -0.3608296908849803 1.144282151798550
 -0.3318365797425334 1.217304878420645
 -0.3028679310899271 1.289189429543856
 -0.2739819879283303 1.359927849544651
 -0.2452187035822253 1.429529365893814
 -0.2166020688712543 1.498032068458210
 -0.1881632370848634 1.565449511766066
 -0.1599427192037567 1.631755750978889
 -0.1319670455591804 1.696943300619816
 -0.1042456986940843 1.761044620344866
 -7.679842488957833E-02 1.824070392442913
 -4.966236308441674E-02 1.885981943650680
 -2.286176546239016E-02 1.946760534484718
 3.602998676412672E-03 2.006445180832158
 2.971979290712101E-02 2.065053863369821
 5.544704361584418E-02 2.122531906467096
 8.075686928379622E-02 2.178847183543070
 0.1056634545963219 2.234066044466560
 0.1301664650672683 2.288228820360216
 0.1541999680166725 2.341222689823939
 0.1777232104805090 2.392983154994863
 0.2008879063638460 2.443886322979651
 0.2234102241129741 2.493316488511645
 0.2455501816437227 2.541907722798062
 0.2671259722365257 2.589265476247679
 0.2881476588828052 2.635430996157529
 0.3086570587914270 2.680529652906957
 0.3286323085655349 2.724542101115711
 0.3480312961036822 2.767386924598368
 0.3668521267416217 2.809067040734959
 0.3851130708748832 2.849641365843545
 0.4028066210166568 2.889113335814691
 0.4199084080399300 2.927432283920476
 0.4364146093773800 2.964582691530420
 0.4523400134821877 3.000599179685838
 0.4676869103433151 3.035493619459674
 0.4824425561632179 3.069228869413489
 0.4966056688429465 3.101778278032163
 0.5101925056867009 3.133160303563140
 0.5232145163440252 3.163391159268119
 0.5356698055301368 3.192444621969885
 0.5475619316347240 3.220289051458637
 0.5589102126542305 3.246932437595540
 0.5697338420831152 3.272396010928423
 0.5800397652511005 3.296666500916012
 0.5898351856855214 3.319712963965774
 0.5991403099025417 3.341536559808681
 0.6079781761432841 3.362163338272512
 0.6163607310066649 3.381593543755933
 0.6242959457511918 3.399799201416681
 0.6318018660039632 3.416774500691154
 0.6389017943593498 3.432547550387639
 0.6456098057044934 3.447130951017443
 0.6519328375473292 3.460500153523128
 0.6578849566153377 3.472640442078151
 0.6634876592079341 3.483578311234361
 0.6687558559548188 3.493337687199575
 0.6736950213642404 3.501897949332997
 0.6783145844272478 3.509232732933656
 0.6826333331173379 3.515362854956635
 0.6866669826908088 3.520323850694287
 0.6904201886429937 3.524100637906160
 0.6938977434009705 3.526651047937245
 0.6971154818225789 3.527985172797158
 0.7000910191316404 3.528153925515575
 0.7028297666757880 3.527152253755050
 0.7053316812183451 3.524912689501811
 0.7076093268235156 3.521425671383055
 0.7096854213770516 3.516775013241394
 0.7115691665653603 3.510979681152907
 0.7132506887484874 3.503898975491361
 0.7147372025250975 3.495480268456006
 0.7160972038147295 3.486147797134928
   
   
 #BODY NUMBER  3
 2.216911592843642 1.047969131265665
 2.270980530782183 1.053179314708812
 2.324131752840835 1.058301166191684
 2.375932665690766 1.063294860156392
 2.426424022034752 1.068172305445242
 2.475735304410622 1.072959972482716
 2.523838827529204 1.077667122835776
 2.570643026854919 1.082289518561371
 2.616149481580861 1.086830259176886
 2.660418349932937 1.091302980214687
 2.703448853736252 1.095715901294350
 2.745184929753797 1.100064793334977
 2.785611227173680 1.104345207461737
 2.824765122923777 1.108561647019149
 2.862658042649308 1.112718064355071
 2.899251449022282 1.116806925202697
 2.934521620104077 1.120816014134727
 2.968492669857993 1.124740481036450
 3.001184364205309 1.128578516851345
 3.032573045565998 1.132318651355574
 3.062633091909435 1.135941982788369
 3.091381081656584 1.139435776204644
 3.118844997748431 1.142794024824522
 3.145016820223971 1.146004078545391
 3.169873352909655 1.149044227133314
 3.193425703420048 1.151897551097458
 3.215707950688330 1.154557123649642
 3.236726279669415 1.157012720931048
 3.256460449068489 1.159243452208177
 3.274914449603411 1.161230784227733
 3.292124275513415 1.162968590755161
 3.308107876604964 1.164450982836295
 3.322847461524643 1.165659677884303
 3.336337319356571 1.166575135842570
 3.348611143205417 1.167191987645637
 3.359697109089818 1.167509283413308
 3.369580096265126 1.167511971761966
 3.378241986726062 1.167178704595347
 3.385710202471305 1.166503619528658
 3.392023375594914 1.165490874396894
 3.397170772241177 1.164128896302603
 3.401118269497151 1.162392450554686
 3.403882524728460 1.160272869768797
 3.405516437524098 1.157780355228450
 3.406018338105304 1.154907694400403
 3.405329775839870 1.151621190721831
 3.403448752368156 1.147905182707558
 3.400459211549928 1.143781903012706
 3.396382179332086 1.139252865781131
 3.391090869444030 1.134256272022742
 3.384543312172699 1.128759559811445
 3.377141155573372 1.122915528484905
 3.368228824271212 1.116443699628538
 3.358460577295748 1.109601032756224
 3.347436081240190 1.102208073463273
 3.335199260562892 1.094270331656499
 3.321876923825973 1.085825636858532
 3.307448122317702 1.076849272497686
 3.291832178652649 1.067292798025379
 3.275036217308677 1.057144563450562
 3.257122609055783 1.046413958980922
 3.238096946400312 1.035085571247288
 3.217913731859877 1.023124042070898
 3.196566574186304 1.010511330328762
 3.174099238469158 0.9972490207321378
 3.150531736351510 0.9833279085345823
 3.125837938015082 0.9687214616316140
 3.100006221822125 0.9534114938404148
 3.073069898385103 0.9373985057324516
 3.045057751366588 0.9206808620854252
 3.015957175880568 0.9032422852145623
 2.985752767473507 0.8850689172501038
 2.954467139997680 0.8661637973973466
 2.922131591204436 0.8465334869142989
 2.888741691718829 0.8261721322771520
 2.854276972457120 0.8050711715862870
 2.818747187139276 0.7832360033237513
 2.782181589194784 0.7606794532848140
 2.744581595970510 0.7374043678268252
 2.705922638327915 0.7134066882326359
 2.666201735637202 0.6886929247411744
 2.625444734496572 0.6632802370785347
 2.583659761949513 0.6371790163630602
 2.540821194425729 0.6103894666956179
 2.496914610864982 0.5829184652542703
 2.451962263211914 0.5547862300801617
 2.405981241979118 0.5260102724208032
 2.358948645233110 0.4965952663633072
 2.310839477918782 0.4665477381571632
 2.261671835150064 0.4358896993659555
 2.211474822722322 0.4046456906392653
 2.160232363437775 0.3728252166746575
 2.107907656517075 0.3404331515770256
 2.054512115385758 0.3074915677139566
 2.000091549643074 0.2740327021630223
 1.944641645180506 0.2400718918337917
 1.888106019169430 0.2056095845928416
 1.830481314740869 0.1706652805292466
 1.771844117358124 0.1352836779923167
 1.712212209283833 9.949015772880609E-02
 1.651465466398534 6.326854357336820E-02
 1.589561660887790 2.663069495424586E-02
 1.526869437129236 -1.028087519489418E-02
 1.462781844083518 -4.763007717159282E-02
 1.397868807550683 -8.520214540342827E-02
 1.331760660389982 -0.1230775217392052
 1.264500541932007 -0.1612017260890182
 1.196168659403391 -0.1994970012584333
 1.126693117427695 -0.2379225463426574
 1.055973373679972 -0.2764378704245664
 0.9839961701113215 -0.3149608867303774
 0.9107604445685243 -0.3533828310489447
 0.8361904522945507 -0.3915933511169757
 0.7601925919050357 -0.4294641498819839
 0.6827359269580655 -0.4668198717465902
 0.6038227010607204 -0.5034419594777716
 0.5234378083524368 -0.5390904338449847
 0.4415971624767885 -0.5735079994715766
 0.3584237865766524 -0.6064198335969101
 0.2741336134160444 -0.6375637408285371
 0.1889766200064190 -0.6667401500859957
 0.1032353989985904 -0.6938408923749512
 1.724446566383776E-02 -0.7188479921055125
 -6.865988100903576E-02 -0.7418259063681670
 -0.1542165469764682 -0.7629124384641975
 -0.2392402343569787 -0.7822923653276410
 -0.3235709055525581 -0.8001593578759212
 -0.4070737913170512 -0.8166942089751419
 -0.4896783810549485 -0.8320650964002695
 -0.5713631694831747 -0.8464266619024174
 -0.6520970344666702 -0.8599089117563792
 -0.7318345644741994 -0.8726141110866037
 -0.8105625671121759 -0.8846287546453545
 -0.8882986589917393 -0.8960313471722970
 -0.9650368307303842 -0.9068860370874395
 -1.040741071055444 -0.9172392864976209
 -1.115399394528790 -0.9271303097322005
 -1.189032792532932 -0.9365989283838779
 -1.261637426988928 -0.9456788992568388
 -1.333170573517194 -0.9543923334702592
 -1.403612484338984 -0.9627584642265367
 -1.472986529069534 -0.9708017334767681
 -1.541292085701824 -0.9785445831464625
 -1.608477092738032 -0.9859998398684112
 -1.674513195217543 -0.9931791369081507
 -1.739433997239717 -1.000102302032504
 -1.803249002315025 -1.006788836032131
 -1.865890073151443 -1.013247404897483
 -1.927315446554372 -1.019486091441668
 -1.987589675538417 -1.025525786301242
 -2.046747520637280 -1.031386944711034
 -2.104658309312403 -1.037070255346783
 -2.161245808294041 -1.042578762379182
 -2.216911592843642 -1.047969131265665
 -2.270980530782183 -1.053179314708812
 -2.324131752840835 -1.058301166191684
 -2.375932665690766 -1.063294860156392
 -2.426424022034752 -1.068172305445242
 -2.475735304410622 -1.072959972482716
 -2.523838827529204 -1.077667122835776
 -2.570643026854919 -1.082289518561371
 -2.616149481580861 -1.086830259176886
 -2.660418349932937 -1.091302980214687
 -2.703448853736252 -1.095715901294350
 -2.745184929753797 -1.100064793334977
 -2.785611227173680 -1.104345207461737
 -2.824765122923777 -1.108561647019149
 -2.862658042649308 -1.112718064355071
 -2.899251449022282 -1.116806925202697
 -2.934521620104077 -1.120816014134727
 -2.968492669857993 -1.124740481036450
 -3.001184364205309 -1.128578516851345
 -3.032573045565998 -1.132318651355574
 -3.062633091909435 -1.135941982788369
 -3.091381081656584 -1.139435776204644
 -3.118844997748431 -1.142794024824522
 -3.145016820223971 -1.146004078545391
 -3.169873352909655 -1.149044227133314
 -3.193425703420048 -1.151897551097458
 -3.215707950688330 -1.154557123649642
 -3.236726279669415 -1.157012720931048
 -3.256460449068489 -1.159243452208177
 -3.274914449603411 -1.161230784227733
 -3.292124275513415 -1.162968590755161
 -3.308107876604964 -1.164450982836295
 -3.322847461524643 -1.165659677884303
 -3.336337319356571 -1.166575135842570
 -3.348611143205417 -1.167191987645637
 -3.359697109089818 -1.167509283413308
 -3.369580096265126 -1.167511971761966
 -3.378241986726062 -1.167178704595347
 -3.385710202471305 -1.166503619528658
 -3.392023375594914 -1.165490874396894
 -3.397170772241177 -1.164128896302603
 -3.401118269497151 -1.162392450554686
 -3.403882524728460 -1.160272869768797
 -3.405516437524098 -1.157780355228450
 -3.406018338105304 -1.154907694400403
 -3.405329775839870 -1.151621190721831
 -3.403448752368156 -1.147905182707558
 -3.400459211549928 -1.143781903012706
 -3.396382179332086 -1.139252865781131
 -3.391090869444030 -1.134256272022742
 -3.384543312172699 -1.128759559811445
 -3.377141155573372 -1.122915528484905
 -3.368228824271212 -1.116443699628538
 -3.358460577295748 -1.109601032756224
 -3.347436081240190 -1.102208073463273
 -3.335199260562892 -1.094270331656499
 -3.321876923825973 -1.085825636858532
 -3.307448122317702 -1.076849272497686
 -3.291832178652649 -1.067292798025379
 -3.275036217308677 -1.057144563450562
 -3.257122609055783 -1.046413958980922
 -3.238096946400312 -1.035085571247288
 -3.217913731859877 -1.023124042070898
 -3.196566574186304 -1.010511330328762
 -3.174099238469158 -0.9972490207321378
 -3.150531736351510 -0.9833279085345823
 -3.125837938015082 -0.9687214616316140
 -3.100006221822125 -0.9534114938404148
 -3.073069898385103 -0.9373985057324516
 -3.045057751366588 -0.9206808620854252
 -3.015957175880568 -0.9032422852145623
 -2.985752767473507 -0.8850689172501038
 -2.954467139997680 -0.8661637973973466
 -2.922131591204436 -0.8465334869142989
 -2.888741691718829 -0.8261721322771520
 -2.854276972457120 -0.8050711715862870
 -2.818747187139276 -0.7832360033237513
 -2.782181589194784 -0.7606794532848140
 -2.744581595970510 -0.7374043678268252
 -2.705922638327915 -0.7134066882326359
 -2.666201735637202 -0.6886929247411744
 -2.625444734496572 -0.6632802370785347
 -2.583659761949513 -0.6371790163630602
 -2.540821194425729 -0.6103894666956179
 -2.496914610864982 -0.5829184652542703
 -2.451962263211914 -0.5547862300801617
 -2.405981241979118 -0.5260102724208032
 -2.358948645233110 -0.4965952663633072
 -2.310839477918782 -0.4665477381571632
 -2.261671835150064 -0.4358896993659555
 -2.211474822722322 -0.4046456906392653
 -2.160232363437775 -0.3728252166746575
 -2.107907656517075 -0.3404331515770256
 -2.054512115385758 -0.3074915677139566
 -2.000091549643074 -0.2740327021630223
 -1.944641645180506 -0.2400718918337917
 -1.888106019169430 -0.2056095845928416
 -1.830481314740869 -0.1706652805292466
 -1.771844117358124 -0.1352836779923167
 -1.712212209283833 -9.949015772880609E-02
 -1.651465466398534 -6.326854357336820E-02
 -1.589561660887790 -2.663069495424586E-02
 -1.526869437129236 1.028087519489418E-02
 -1.462781844083518 4.763007717159282E-02
 -1.397868807550683 8.520214540342827E-02
 -1.331760660389982 0.1230775217392052
 -1.264500541932007 0.1612017260890182
 -1.196168659403391 0.1994970012584333
 -1.126693117427695 0.2379225463426574
 -1.055973373679972 0.2764378704245664
 -0.9839961701113215 0.3149608867303774
 -0.9107604445685243 0.3533828310489447
 -0.8361904522945507 0.3915933511169757
 -0.7601925919050357 0.4294641498819839
 -0.6827359269580655 0.4668198717465902
 -0.6038227010607204 0.5034419594777716
 -0.5234378083524368 0.5390904338449847
 -0.4415971624767885 0.5735079994715766
 -0.3584237865766524 0.6064198335969101
 -0.2741336134160444 0.6375637408285371
 -0.1889766200064190 0.6667401500859957
 -0.1032353989985904 0.6938408923749512
 -1.724446566383776E-02 0.7188479921055125
 6.865988100903576E-02 0.7418259063681670
 0.1542165469764682 0.7629124384641975
 0.2392402343569787 0.7822923653276410
 0.3235709055525581 0.8001593578759212
 0.4070737913170512 0.8166942089751419
 0.4896783810549485 0.8320650964002695
 0.5713631694831747 0.8464266619024174
 0.6520970344666702 0.8599089117563792
 0.7318345644741994 0.8726141110866037
 0.8105625671121759 0.8846287546453545
 0.8882986589917393 0.8960313471722970
 0.9650368307303842 0.9068860370874395
 1.040741071055444 0.9172392864976209
 1.115399394528790 0.9271303097322005
 1.189032792532932 0.9365989283838779
 1.261637426988928 0.9456788992568388
 1.333170573517194 0.9543923334702592
 1.403612484338984 0.9627584642265367
 1.472986529069534 0.9708017334767681
 1.541292085701824 0.9785445831464625
 1.608477092738032 0.9859998398684112
 1.674513195217543 0.9931791369081507
 1.739433997239717 1.000102302032504
 1.803249002315025 1.006788836032131
 1.865890073151443 1.013247404897483
 1.927315446554372 1.019486091441668
 1.987589675538417 1.025525786301242
 2.046747520637280 1.031386944711034
 2.104658309312403 1.037070255346783
 2.161245808294041 1.042578762379182
 2.216911592843642 1.047969131265665
   
   
 #BODY NUMBER  4
 -1.310099017956291 -3.517433503299681
 -1.382035041008332 -3.491080640669321
 -1.453674604463782 -3.463670600949813
 -1.524852520704903 -3.434709725203771
 -1.595544279581783 -3.404241152023002
 -1.665765122896225 -3.372392775562173
 -1.735481968429273 -3.339110130081627
 -1.804622229299996 -3.304280654497441
 -1.873131788177966 -3.267903539195212
 -1.940985473739489 -3.230032256145968
 -2.008143103706682 -3.190646643903484
 -2.074529104614653 -3.149680579673087
 -2.140067116245755 -3.107127656425990
 -2.204707773782944 -3.063034656984553
 -2.268403678781858 -3.017414869978177
 -2.331079034874098 -2.970243389344944
 -2.392649710712325 -2.921532009687339
 -2.453059521890825 -2.871344349477968
 -2.512269995927951 -2.819732343546799
 -2.570224775427666 -2.766713647474797
 -2.626855830518561 -2.712324366338662
 -2.682122735920831 -2.656645189512701
 -2.736014749880068 -2.599754902724233
 -2.788511740160179 -2.541697331856819
 -2.839575578559599 -2.482516878017312
 -2.889188722926726 -2.422291797481996
 -2.937368565427312 -2.361103610936081
 -2.984128056491916 -2.298999417998154
 -3.029452644028384 -2.236013541981881
 -3.073336408237085 -2.172205340596853
 -3.115810531212059 -2.107643638090018
 -3.156907615042059 -2.042367732825219
 -3.196624036785304 -1.976396034376486
 -3.234951140736014 -1.909765135333752
 -3.271919718277168 -1.842528069383063
 -3.307571891242447 -1.774716292210679
 -3.341907029589692 -1.706335277646711
 -3.374903725695696 -1.637401649600804
 -3.406582945612882 -1.567954768129986
 -3.436992653617192 -1.498022321647649
 -3.466133157707748 -1.427602441484283
 -3.493962682834153 -1.356695494608360
 -3.520485055876370 -1.285329706003911
 -3.545756944639827 -1.213534254032248
 -3.569782867525083 -1.141306098549592
 -3.592488556030980 -1.068631058284202
 -3.613849987304565 -0.9955271819484584
 -3.633951493079492 -0.9220340080347696
 -3.652816115340525 -0.8481558650101719
 -3.670281775019010 -0.7738540486251846
 -3.686269425460462 -0.6991330372949145
 -3.701236278958164 -0.6241377206266465
 -3.714382041983852 -0.5486628659011765
 -3.726464032995742 -0.4729161641729751
 -3.736972137004385 -0.3967938426467026
 -3.745931458051214 -0.3203386970307365
 -3.753460376624067 -0.2436014746148483
 -3.759495182899288 -0.1665835925712398
 -3.763902102678254 -8.929163244081706E-02
 -3.766653376149113 -1.177205639931556E-02
 -3.767782725735318 6.592660056198740E-02
 -3.767252599973320 0.1437796202927732
 -3.764967948110717 0.2217546156499315
 -3.760885041388993 0.2997886602595350
 -3.755019712512249 0.3778156115247884
 -3.747359770548949 0.4557877768740763
 -3.737845748032564 0.5336519677578084
 -3.726445793714803 0.6113294269906921
 -3.713186910606237 0.6887396882137802
 -3.698094839348133 0.7658234658656347
 -3.681156691424111 0.8425231252191141
 -3.662369719812092 0.9187616981390131
 -3.641783590920139 0.9944638306189101
 -3.619461164312362 1.069580827162949
 -3.595430328199221 1.144073339801457
 -3.569710470966426 1.217886147989852
 -3.542360593461443 1.290964931641067
 -3.513459990751472 1.363283992469865
 -3.483055927517998 1.434830996068807
 -3.451170852576523 1.505576178299576
 -3.417853211311646 1.575484733610512
 -3.383178198316640 1.644549254363721
 -3.347196148017298 1.712778325614359
 -3.309921192101512 1.780159605015793
 -3.271380692828863 1.846667300211961
 -3.231635974410214 1.912301560479720
 -3.190735339185799 1.977083136553960
 -3.148683212610472 2.041008745887112
 -3.105483287600690 2.104051536978819
 -3.061180133991948 2.166209986934585
 -3.015821712791603 2.227511789829153
 -2.969406559683950 2.287958146732342
 -2.921914104947810 2.347512695905028
 -2.873370705576356 2.406164639030460
 -2.823829964674439 2.463948462687060
 -2.773291508600594 2.520869599996385
 -2.721705921762658 2.576870823185604
 -2.669076823377581 2.631922303497595
 -2.615480620651041 2.686077305109846
 -2.560932583137836 2.739353618732997
 -2.505318152440353 2.791630231900912
 -2.448601683652600 2.842836448995170
 -2.391137261001873 2.893295782673034
 -2.332347000975520 2.942417774768145
 -2.272789428531960 2.990754436776838
 -2.212119616299482 3.037915882557068
 -2.150387178469432 3.083902454992266
 -2.087695253727842 3.128791300947325
 -2.024013214470014 3.172526537510388
 -1.959279873378257 3.214989022056624
 -1.893521587971147 3.256131482795897
 -1.826797251995828 3.295958856707955
 -1.759109496266638 3.334426264196258
 -1.690438843496064 3.371435195323019
 -1.620817925143237 3.406916316685525
 -1.550311938729305 3.440850268509341
 -1.478956091767091 3.473202646852254
 -1.406766713158466 3.503895357102752
 -1.333796083002478 3.532861436678032
 -1.260127388715411 3.560084037691749
 -1.185824843420182 3.585555809412433
 -1.110931915996445 3.609236772693911
 -1.035513889293531 3.631086064477675
 -0.9596608549993084 3.651109020131611
 -0.8834464144322937 3.669335729887182
 -0.8069185880390423 3.685770671658276
 -0.7301348924068267 3.700403026007164
 -0.6531718705347165 3.713256729123063
 -0.5760914253241599 3.724387603405946
 -0.4989278710260828 3.733830414066960
 -0.4217182085481394 3.741589720281457
 -0.3445168030745613 3.747690074207365
 -0.2673676671045812 3.752192892453739
 -0.1902885329752388 3.755146058439578
 -0.1132971553162071 3.756555639392279
 -3.642955209284880E-02 3.756432435545713
 4.028374386695474E-02 3.754829629862783
 0.1168365520566486 3.751799428764639
 0.1932238169792210 3.747344023533823
 0.2694204380950058 3.741453186579623
 0.3454028116209336 3.734164755064572
 0.4211709408255886 3.725534111476803
 0.4967265980237972 3.715560588216625
 0.5720485778863433 3.704208190513388
 0.6471143503000139 3.691494345034371
 0.7219269799653882 3.677482716719308
 0.7964913589244886 3.662175698545977
 0.8707826342683226 3.645501881469805
 0.9447731639269848 3.627449485446054
 1.018470872428450 3.608111313144616
 1.091883532202689 3.587509483743169
 1.164963622578657 3.565484280526097
 1.237667741807862 3.541969486290085
 1.310099017956291 3.517433503299681
 1.382035041008332 3.491080640669321
 1.453674604463782 3.463670600949813
 1.524852520704903 3.434709725203771
 1.595544279581783 3.404241152023002
 1.665765122896225 3.372392775562173
 1.735481968429273 3.339110130081627
 1.804622229299996 3.304280654497441
 1.873131788177966 3.267903539195212
 1.940985473739489 3.230032256145968
 2.008143103706682 3.190646643903484
 2.074529104614653 3.149680579673087
 2.140067116245755 3.107127656425990
 2.204707773782944 3.063034656984553
 2.268403678781858 3.017414869978177
 2.331079034874098 2.970243389344944
 2.392649710712325 2.921532009687339
 2.453059521890825 2.871344349477968
 2.512269995927951 2.819732343546799
 2.570224775427666 2.766713647474797
 2.626855830518561 2.712324366338662
 2.682122735920831 2.656645189512701
 2.736014749880068 2.599754902724233
 2.788511740160179 2.541697331856819
 2.839575578559599 2.482516878017312
 2.889188722926726 2.422291797481996
 2.937368565427312 2.361103610936081
 2.984128056491916 2.298999417998154
 3.029452644028384 2.236013541981881
 3.073336408237085 2.172205340596853
 3.115810531212059 2.107643638090018
 3.156907615042059 2.042367732825219
 3.196624036785304 1.976396034376486
 3.234951140736014 1.909765135333752
 3.271919718277168 1.842528069383063
 3.307571891242447 1.774716292210679
 3.341907029589692 1.706335277646711
 3.374903725695696 1.637401649600804
 3.406582945612882 1.567954768129986
 3.436992653617192 1.498022321647649
 3.466133157707748 1.427602441484283
 3.493962682834153 1.356695494608360
 3.520485055876370 1.285329706003911
 3.545756944639827 1.213534254032248
 3.569782867525083 1.141306098549592
 3.592488556030980 1.068631058284202
 3.613849987304565 0.9955271819484584
 3.633951493079492 0.9220340080347696
 3.652816115340525 0.8481558650101719
 3.670281775019010 0.7738540486251846
 3.686269425460462 0.6991330372949145
 3.701236278958164 0.6241377206266465
 3.714382041983852 0.5486628659011765
 3.726464032995742 0.4729161641729751
 3.736972137004385 0.3967938426467026
 3.745931458051214 0.3203386970307365
 3.753460376624067 0.2436014746148483
 3.759495182899288 0.1665835925712398
 3.763902102678254 8.929163244081706E-02
 3.766653376149113 1.177205639931556E-02
 3.767782725735318 -6.592660056198740E-02
 3.767252599973320 -0.1437796202927732
 3.764967948110717 -0.2217546156499315
 3.760885041388993 -0.2997886602595350
 3.755019712512249 -0.3778156115247884
 3.747359770548949 -0.4557877768740763
 3.737845748032564 -0.5336519677578084
 3.726445793714803 -0.6113294269906921
 3.713186910606237 -0.6887396882137802
 3.698094839348133 -0.7658234658656347
 3.681156691424111 -0.8425231252191141
 3.662369719812092 -0.9187616981390131
 3.641783590920139 -0.9944638306189101
 3.619461164312362 -1.069580827162949
 3.595430328199221 -1.144073339801457
 3.569710470966426 -1.217886147989852
 3.542360593461443 -1.290964931641067
 3.513459990751472 -1.363283992469865
 3.483055927517998 -1.434830996068807
 3.451170852576523 -1.505576178299576
 3.417853211311646 -1.575484733610512
 3.383178198316640 -1.644549254363721
 3.347196148017298 -1.712778325614359
 3.309921192101512 -1.780159605015793
 3.271380692828863 -1.846667300211961
 3.231635974410214 -1.912301560479720
 3.190735339185799 -1.977083136553960
 3.148683212610472 -2.041008745887112
 3.105483287600690 -2.104051536978819
 3.061180133991948 -2.166209986934585
 3.015821712791603 -2.227511789829153
 2.969406559683950 -2.287958146732342
 2.921914104947810 -2.347512695905028
 2.873370705576356 -2.406164639030460
 2.823829964674439 -2.463948462687060
 2.773291508600594 -2.520869599996385
 2.721705921762658 -2.576870823185604
 2.669076823377581 -2.631922303497595
 2.615480620651041 -2.686077305109846
 2.560932583137836 -2.739353618732997
 2.505318152440353 -2.791630231900912
 2.448601683652600 -2.842836448995170
 2.391137261001873 -2.893295782673034
 2.332347000975520 -2.942417774768145
 2.272789428531960 -2.990754436776838
 2.212119616299482 -3.037915882557068
 2.150387178469432 -3.083902454992266
 2.087695253727842 -3.128791300947325
 2.024013214470014 -3.172526537510388
 1.959279873378257 -3.214989022056624
 1.893521587971147 -3.256131482795897
 1.826797251995828 -3.295958856707955
 1.759109496266638 -3.334426264196258
 1.690438843496064 -3.371435195323019
 1.620817925143237 -3.406916316685525
 1.550311938729305 -3.440850268509341
 1.478956091767091 -3.473202646852254
 1.406766713158466 -3.503895357102752
 1.333796083002478 -3.532861436678032
 1.260127388715411 -3.560084037691749
 1.185824843420182 -3.585555809412433
 1.110931915996445 -3.609236772693911
 1.035513889293531 -3.631086064477675
 0.9596608549993084 -3.651109020131611
 0.8834464144322937 -3.669335729887182
 0.8069185880390423 -3.685770671658276
 0.7301348924068267 -3.700403026007164
 0.6531718705347165 -3.713256729123063
 0.5760914253241599 -3.724387603405946
 0.4989278710260828 -3.733830414066960
 0.4217182085481394 -3.741589720281457
 0.3445168030745613 -3.747690074207365
 0.2673676671045812 -3.752192892453739
 0.1902885329752388 -3.755146058439578
 0.1132971553162071 -3.756555639392279
 3.642955209284880E-02 -3.756432435545713
 -4.028374386695474E-02 -3.754829629862783
 -0.1168365520566486 -3.751799428764639
 -0.1932238169792210 -3.747344023533823
 -0.2694204380950058 -3.741453186579623
 -0.3454028116209336 -3.734164755064572
 -0.4211709408255886 -3.725534111476803
 -0.4967265980237972 -3.715560588216625
 -0.5720485778863433 -3.704208190513388
 -0.6471143503000139 -3.691494345034371
 -0.7219269799653882 -3.677482716719308
 -0.7964913589244886 -3.662175698545977
 -0.8707826342683226 -3.645501881469805
 -0.9447731639269848 -3.627449485446054
 -1.018470872428450 -3.608111313144616
 -1.091883532202689 -3.587509483743169
 -1.164963622578657 -3.565484280526097
 -1.237667741807862 -3.541969486290085
 -1.310099017956291 -3.517433503299681
   
   
 #BODY NUMBER  5
 0.4031006010518013 -1.138406329366886
 0.3707665917900312 -1.103706102110154
 0.3372643449201055 -1.068557309222310
 0.3020632700115523 -1.032773190580026
 0.2652226096396579 -0.9963946677738549
 0.2268742637010531 -0.9594702849408514
 0.1869485205235412 -0.9219598368629068
 0.1453381302732419 -0.8838153169935254
 0.1020735186862015 -0.8450369916802472
 5.723551717366776E-02 -0.8056161248683806
 1.083054234062691E-02 -0.7654908561364895
 -3.714242200887868E-02 -0.7245919226056470
 -8.657423699046718E-02 -0.6828833819061677
 -0.1372750926553513 -0.6403311602138280
 -0.1890591603939071 -0.5968800575423070
 -0.2417142645185819 -0.5525045408237311
 -0.2949243179705965 -0.5072629810396281
 -0.3483045538657834 -0.4612864706478930
 -0.4015078783529922 -0.4147550487339894
 -0.4542526015351706 -0.3679184328500538
 -0.5062846815772257 -0.3211055217715644
 -0.5573966737336181 -0.2746637911781256
 -0.6074894544180209 -0.2288897049829443
 -0.6565586502419043 -0.1840285097792098
 -0.7046145991966144 -0.1403016285166601
 -0.7516583139768930 -9.788585021220192E-02
 -0.7977249014268055 -5.687940645619116E-02
 -0.8428843572043628 -1.732936655861894E-02
 -0.8871819882298921 2.071604627778084E-02
 -0.9306229753177845 5.721525609900591E-02
 -0.9732244106950578 9.217362875709306E-02
 -1.015031876823726 0.1256258457014882
 -1.056068470444190 0.1575813211937691
 -1.096315779477354 0.1880302901875905
 -1.135765626099579 0.2169972069280515
 -1.174444019062171 0.2445347750513098
 -1.212360586727308 0.2706619157417128
 -1.249482009838390 0.2953620655888677
 -1.285784873525446 0.3186502535237882
 -1.321287802717612 0.3405805929125287
 -1.355997025467540 0.3611703136727435
 -1.389869170108075 0.3803828580476807
 -1.422870617307771 0.3982142091453473
 -1.455023178116220 0.4147221335893748
 -1.486338004074319 0.4299254821018179
 -1.516758435346372 0.4437568826702206
 -1.546238923777370 0.4561855734159889
 -1.574822692764150 0.4672957157964249
 -1.602538698348574 0.4771259167691662
 -1.629280147517697 0.4855272465853506
 -1.654973195302437 0.4924211574391150
 -1.679928280216680 0.4982706261122987
 -1.703602640968821 0.5023114799101208
 -1.726534138922713 0.5052910073307777
 -1.748363043961942 0.5067376431560739
 -1.769107436888887 0.5067251782116001
 -1.788860084506827 0.5053955908560843
 -1.807586606631246 0.5027077959680963
 -1.825193260287751 0.4985895797898089
 -1.841655667571835 0.4930957934050358
 -1.856997622364834 0.4863230341573732
 -1.871192338705620 0.4782916973216511
 -1.884159241870056 0.4690044917321898
 -1.895842506948344 0.4585469749377380
 -1.906228914259977 0.4470499442088181
 -1.915285139890764 0.4346046403358200
 -1.922932060577033 0.4212897304948087
 -1.929098466945372 0.4072466943322375
 -1.933758275811480 0.3926594691675546
 -1.936892629852471 0.3776813377555188
 -1.938452252836482 0.3624414520258817
 -1.938389183452602 0.3471036690872983
 -1.936700400148810 0.3318554038841427
 -1.933405835253316 0.3168428910585835
 -1.928500673264002 0.3021690382219920
 -1.921965472848878 0.2879483918049855
 -1.913812233689674 0.2743091529657039
 -1.904080231889226 0.2613389081069772
 -1.892786773748205 0.2490792269274823
 -1.879920362584610 0.2375797734091293
 -1.865488191196578 0.2269096718370265
 -1.849531206934111 0.2171077423651403
 -1.832077499912774 0.2081711907932590
 -1.813117749485107 0.2001080493339121
 -1.792649386950447 0.1929549296230494
 -1.770710757081611 0.1867274105112265
 -1.747340542571663 0.1814013199134885
 -1.722533546114053 0.1769654525629313
 -1.696276359015705 0.1734463092950651
 -1.668602393782525 0.1708553587105269
 -1.639562745668350 0.1691610168535661
 -1.609158966241238 0.1683457422920354
 -1.577363073929279 0.1684412552769127
 -1.544198530791623 0.1694674253089694
 -1.509732318826686 0.1713894841306522
 -1.473976302299628 0.1741877197047200
 -1.436876664235899 0.1779132197191793
 -1.398435881153693 0.1826051131721718
 -1.358752446860929 0.1882138553048547
 -1.317859989397233 0.1947096775680413
 -1.275626382650661 0.2022049968935628
 -1.232005510454309 0.2107773112561747
 -1.187439101586619 0.2201078038918070
 -1.141220818634310 0.2307597636903350
 -1.094029947646117 0.2421991641196262
 -1.045439454395586 0.2547921299098104
 -0.9955143993073433 0.2685078162809802
 -0.9443627727855979 0.2832562666404240
 -0.8919149002540047 0.2990777504581503
 -0.8380755819068105 0.3160411455416031
 -0.7828602612757741 0.3341202356042075
 -0.7263017884212279 0.3532406505630535
 -0.6683497989492124 0.3733659032644989
 -0.6089438013490588 0.3944622423205947
 -0.5481072380577383 0.4164171795000829
 -0.4859055052522628 0.4390492976533108
 -0.4223837126470019 0.4621700644904339
 -0.3576258358003167 0.4855829639420290
 -0.2918404689944437 0.5090434420761500
 -0.2253335250702484 0.5322838272255203
 -0.1584344693749916 0.5550935468402781
 -9.150040860112037E-02 0.5773535090896548
 -2.494319836101907E-02 0.5990081566785751
 4.083251620680810E-02 0.6200515750273224
 0.1055204280290551 0.6405461525486270
 0.1689059606315635 0.6606107250735161
 0.2308025251105524 0.6803649570399884
 0.2910575240336412 0.6998981199758700
 0.3496034397701606 0.7192897330951463
 0.4064345069309250 0.7386239490708049
 0.4615316164574784 0.7579641164481831
 0.5148613529246640 0.7773355099211571
 0.5664369094101674 0.7967502488665134
 0.6163111121612559 0.8162304681295997
 0.6645036625378141 0.8357914629435595
 0.7109968977220904 0.8554221705033320
 0.7558079067997505 0.8751032814833477
 0.7989953368342331 0.8948309683048807
 0.8405803882329408 0.9146041087819998
 0.8805320570333999 0.9344021292972495
 0.9188516512366757 0.9541972375129039
 0.9555953468570222 0.9739785064077091
 0.9907811794671603 0.9937427146746526
 1.024355803287459 1.013470580226548
 1.056298929921686 1.033134996314302
 1.086671492258192 1.052725968549129
 1.115495391271606 1.072243729087710
 1.142683951169788 1.091672895079185
 1.168187757306903 1.110989401603519
 1.192101307341412 1.130188600491757
 1.214472513900325 1.149276264932930
 1.235119003531274 1.168234374339308
 1.253935829354429 1.187038250994658
 1.271479160281168 1.205725254147398
 1.286815822699132 1.224207425078199
 1.300861918113639 1.242576921142772
 1.313029194007985 1.260757989530894
 1.323390595512886 1.278729393263952
 1.332115462895429 1.296500481570848
 1.339151025304479 1.314062022899120
 1.344387872304058 1.331368940330431
 1.347861317373921 1.348372696438280
 1.349666913208230 1.365045598656561
 1.349808929652537 1.381354252025057
 1.348249425264113 1.397227522368603
 1.345034582598759 1.412574285122773
 1.340271065575241 1.427317693073160
 1.334021229078801 1.441383266468324
 1.326313639250520 1.454663148963863
 1.317235216371640 1.467024931610189
 1.306932213241355 1.478354057047360
 1.295527947957805 1.488557552977330
 1.283109631257173 1.497528168966628
 1.269795186902688 1.505142440747278
 1.255745410221218 1.511304044106286
 1.241096910291896 1.515957123625151
 1.225936399969357 1.519046055151023
 1.210353358706431 1.520496728781206
 1.194464811803728 1.520255435965847
 1.178366249362543 1.518312397606346
 1.162102324948291 1.514661816549393
 1.145710300489961 1.509268904385360
 1.129253635773544 1.502105328117605
 1.112786423713554 1.493187139114463
 1.096320289519406 1.482540061229715
 1.079857528967471 1.470152006439617
 1.063428564314222 1.456002444366162
 1.047066059626413 1.440116793131438
 1.030768422610941 1.422540638972800
 1.014523350568735 1.403275083524198
 0.9983470895500319 1.382295264099041
 0.9822662779072817 1.359624382475929
 0.9662791107593705 1.335322480420572
 0.9503711725644697 1.309399672346400
 0.9345559430797852 1.281815865375810
 0.9188623608273205 1.252581443497667
 0.9032938066119980 1.221771798952972
 0.8878391414413846 1.189407062515369
 0.8725157000638412 1.155415083473742
 0.8573586074448795 1.119778442056688
 0.8423742034686772 1.082607208783403
 0.8275535218352170 1.043945390665074
 0.8129278554073094 1.003622354666340
 0.7985412613163815 0.9615594140277592
 0.7843385005348177 0.9182985254750793
 0.7704542268442792 0.8729463384198188
 0.7567656027260111 0.8263581451026832
 0.7433761843840337 0.7779810606702154
 0.7302917896676855 0.7278868514928747
 0.7174885090845448 0.6762140183004275
 0.7049663797304635 0.6228820864047565
 0.6927374516335686 0.5677741714519224
 0.6807867425895726 0.5109167560760397
 0.6690662712475601 0.4523754743053270
 0.6575192566085855 0.3921249528719906
 0.6460862233579374 0.3301296802850522
 0.6346814750482055 0.2664662024060848
 0.6231805979076142 0.2012818625605172
 0.6114428730409089 0.1347099930518731
 0.5993401003188985 6.692157688170208E-02
 0.5867647869650402 -1.780461036521963E-03
 0.5736380789360318 -7.099735657762732E-02
 0.5599423477279838 -0.1403384981062887
 0.5457530101362910 -0.2094350762396010
 0.5312278799382448 -0.2779026349070107
 0.5165641575268100 -0.3453877838491968
 0.5019690263889658 -0.4116564475656828
 0.4876526896103408 -0.4765822152943064
 0.4738120740860621 -0.5400633285233284
 0.4606007899432517 -0.6020122697636681
 0.4481214616566449 -0.6624103266389552
 0.4364498502734379 -0.7212945825121859
 0.4256503717724138 -0.7786801627259639
 0.4157616223931205 -0.8345507660201630
 0.4067875012848904 -0.8889238776236064
 0.3987207646624700 -0.9418563138310878
 0.3915648079063758 -0.9933727841373285
 0.3853188817552637 -1.043452460690923
 0.3799577192998281 -1.092100488411399
 0.3754486822279379 -1.139365743356191
 0.3717801984943676 -1.185266024523713
 0.3689499528049898 -1.229764194886117
 0.3669332222887706 -1.272847491036692
 0.3656924558605896 -1.314559099320238
 0.3652158460003800 -1.354913028347396
 0.3655133668206160 -1.393853438274229
 0.3665716873860851 -1.431349205459649
 0.3683516858580277 -1.467448102138504
 0.3708426128027131 -1.502169211189528
 0.3740744841765844 -1.535429777749405
 0.3780511664704678 -1.567174975019507
 0.3827213854227377 -1.597484316288182
 0.3880661844482496 -1.626402181702096
 0.3941611439864234 -1.653761620924659
 0.4010373659480081 -1.679459408433773
 0.4084491199355114 -1.703995880259697
 0.4167868182696893 -1.726518904988320
 0.4256722208090740 -1.747867928473549
 0.4353338499539572 -1.767495632686968
 0.4457168413760011 -1.785454571475552
 0.4567446216113983 -1.801896072426932
 0.4684355813267675 -1.816769818867217
 0.4808053879836927 -1.829958520120240
 0.4937943501979130 -1.841468489843316
 0.5073307091566047 -1.851368632813935
 0.5213834090530826 -1.859645949346708
 0.5359098166059432 -1.866232014100792
 0.5508079243495844 -1.871121260060511
 0.5659578486847362 -1.874367637281978
 0.5812639108119627 -1.875987906804144
 0.5966184213265124 -1.875952879458672
 0.6118632505737324 -1.874271625942426
 0.6268260625701253 -1.871013526214914
 0.6413646818946654 -1.866238890732849
 0.6553426215793087 -1.859969620992510
 0.6685939965499132 -1.852246109834577
 0.6809549899275925 -1.843159447990429
 0.6923089249614192 -1.832800014683734
 0.7025642732946449 -1.821215093373015
 0.7116121141424465 -1.808445120586192
 0.7193474218859460 -1.794564588931550
 0.7257139825266841 -1.779651305713324
 0.7306844487999137 -1.763741043476875
 0.7342100620946485 -1.746848677794490
 0.7362345554230337 -1.729014999954632
 0.7367447832205570 -1.710294881479604
 0.7357572103933674 -1.690711252022974
 0.7332602205176362 -1.670260055773529
 0.7292208226362242 -1.648957373989212
 0.7236446974551978 -1.626844203642664
 0.7165721199607226 -1.603941958886289
 0.7080101955453179 -1.580240536087129
 0.6979292694656732 -1.555741573394106
 0.6863361158752435 -1.530479741186456
 0.6732836349089791 -1.504483497274139
 0.6587877936767680 -1.477745414638435
 0.6428071308494934 -1.450257120652723
 0.6253361699643020 -1.422048868806637
 0.6064385122146884 -1.393161283083624
 0.5861371608582432 -1.363594782220089
 0.5643609641720577 -1.333328303192921
 0.5410772737088132 -1.302383555228860
 0.5163782433922520 -1.270821064088258
 0.4903064675620156 -1.238655068233115
 0.4626985272433518 -1.205827351559903
 0.4334642491379276 -1.172336725283934
 0.4031006010518013 -1.138406329366886
   
   
 #BODY NUMBER  6
 -1.271479160281168 -1.205725254147398
 -1.286815822699132 -1.224207425078199
 -1.300861918113639 -1.242576921142772
 -1.313029194007985 -1.260757989530894
 -1.323390595512886 -1.278729393263952
 -1.332115462895429 -1.296500481570848
 -1.339151025304479 -1.314062022899120
 -1.344387872304058 -1.331368940330431
 -1.347861317373921 -1.348372696438280
 -1.349666913208230 -1.365045598656561
 -1.349808929652537 -1.381354252025057
 -1.348249425264113 -1.397227522368603
 -1.345034582598759 -1.412574285122773
 -1.340271065575241 -1.427317693073160
 -1.334021229078801 -1.441383266468324
 -1.326313639250520 -1.454663148963863
 -1.317235216371640 -1.467024931610189
 -1.306932213241355 -1.478354057047360
 -1.295527947957805 -1.488557552977330
 -1.283109631257173 -1.497528168966628
 -1.269795186902688 -1.505142440747278
 -1.255745410221218 -1.511304044106286
 -1.241096910291896 -1.515957123625151
 -1.225936399969357 -1.519046055151023
 -1.210353358706431 -1.520496728781206
 -1.194464811803728 -1.520255435965847
 -1.178366249362543 -1.518312397606346
 -1.162102324948291 -1.514661816549393
 -1.145710300489961 -1.509268904385360
 -1.129253635773544 -1.502105328117605
 -1.112786423713554 -1.493187139114463
 -1.096320289519406 -1.482540061229715
 -1.079857528967471 -1.470152006439617
 -1.063428564314222 -1.456002444366162
 -1.047066059626413 -1.440116793131438
 -1.030768422610941 -1.422540638972800
 -1.014523350568735 -1.403275083524198
 -0.9983470895500319 -1.382295264099041
 -0.9822662779072817 -1.359624382475929
 -0.9662791107593705 -1.335322480420572
 -0.9503711725644697 -1.309399672346400
 -0.9345559430797852 -1.281815865375810
 -0.9188623608273205 -1.252581443497667
 -0.9032938066119980 -1.221771798952972
 -0.8878391414413846 -1.189407062515369
 -0.8725157000638412 -1.155415083473742
 -0.8573586074448795 -1.119778442056688
 -0.8423742034686772 -1.082607208783403
 -0.8275535218352170 -1.043945390665074
 -0.8129278554073094 -1.003622354666340
 -0.7985412613163815 -0.9615594140277592
 -0.7843385005348177 -0.9182985254750793
 -0.7704542268442792 -0.8729463384198188
 -0.7567656027260111 -0.8263581451026832
 -0.7433761843840337 -0.7779810606702154
 -0.7302917896676855 -0.7278868514928747
 -0.7174885090845448 -0.6762140183004275
 -0.7049663797304635 -0.6228820864047565
 -0.6927374516335686 -0.5677741714519224
 -0.6807867425895726 -0.5109167560760397
 -0.6690662712475601 -0.4523754743053270
 -0.6575192566085855 -0.3921249528719906
 -0.6460862233579374 -0.3301296802850522
 -0.6346814750482055 -0.2664662024060848
 -0.6231805979076142 -0.2012818625605172
 -0.6114428730409089 -0.1347099930518731
 -0.5993401003188985 -6.692157688170208E-02
 -0.5867647869650402 1.780461036521963E-03
 -0.5736380789360318 7.099735657762732E-02
 -0.5599423477279838 0.1403384981062887
 -0.5457530101362910 0.2094350762396010
 -0.5312278799382448 0.2779026349070107
 -0.5165641575268100 0.3453877838491968
 -0.5019690263889658 0.4116564475656828
 -0.4876526896103408 0.4765822152943064
 -0.4738120740860621 0.5400633285233284
 -0.4606007899432517 0.6020122697636681
 -0.4481214616566449 0.6624103266389552
 -0.4364498502734379 0.7212945825121859
 -0.4256503717724138 0.7786801627259639
 -0.4157616223931205 0.8345507660201630
 -0.4067875012848904 0.8889238776236064
 -0.3987207646624700 0.9418563138310878
 -0.3915648079063758 0.9933727841373285
 -0.3853188817552637 1.043452460690923
 -0.3799577192998281 1.092100488411399
 -0.3754486822279379 1.139365743356191
 -0.3717801984943676 1.185266024523713
 -0.3689499528049898 1.229764194886117
 -0.3669332222887706 1.272847491036692
 -0.3656924558605896 1.314559099320238
 -0.3652158460003800 1.354913028347396
 -0.3655133668206160 1.393853438274229
 -0.3665716873860851 1.431349205459649
 -0.3683516858580277 1.467448102138504
 -0.3708426128027131 1.502169211189528
 -0.3740744841765844 1.535429777749405
 -0.3780511664704678 1.567174975019507
 -0.3827213854227377 1.597484316288182
 -0.3880661844482496 1.626402181702096
 -0.3941611439864234 1.653761620924659
 -0.4010373659480081 1.679459408433773
 -0.4084491199355114 1.703995880259697
 -0.4167868182696893 1.726518904988320
 -0.4256722208090740 1.747867928473549
 -0.4353338499539572 1.767495632686968
 -0.4457168413760011 1.785454571475552
 -0.4567446216113983 1.801896072426932
 -0.4684355813267675 1.816769818867217
 -0.4808053879836927 1.829958520120240
 -0.4937943501979130 1.841468489843316
 -0.5073307091566047 1.851368632813935
 -0.5213834090530826 1.859645949346708
 -0.5359098166059432 1.866232014100792
 -0.5508079243495844 1.871121260060511
 -0.5659578486847362 1.874367637281978
 -0.5812639108119627 1.875987906804144
 -0.5966184213265124 1.875952879458672
 -0.6118632505737324 1.874271625942426
 -0.6268260625701253 1.871013526214914
 -0.6413646818946654 1.866238890732849
 -0.6553426215793087 1.859969620992510
 -0.6685939965499132 1.852246109834577
 -0.6809549899275925 1.843159447990429
 -0.6923089249614192 1.832800014683734
 -0.7025642732946449 1.821215093373015
 -0.7116121141424465 1.808445120586192
 -0.7193474218859460 1.794564588931550
 -0.7257139825266841 1.779651305713324
 -0.7306844487999137 1.763741043476875
 -0.7342100620946485 1.746848677794490
 -0.7362345554230337 1.729014999954632
 -0.7367447832205570 1.710294881479604
 -0.7357572103933674 1.690711252022974
 -0.7332602205176362 1.670260055773529
 -0.7292208226362242 1.648957373989212
 -0.7236446974551978 1.626844203642664
 -0.7165721199607226 1.603941958886289
 -0.7080101955453179 1.580240536087129
 -0.6979292694656732 1.555741573394106
 -0.6863361158752435 1.530479741186456
 -0.6732836349089791 1.504483497274139
 -0.6587877936767680 1.477745414638435
 -0.6428071308494934 1.450257120652723
 -0.6253361699643020 1.422048868806637
 -0.6064385122146884 1.393161283083624
 -0.5861371608582432 1.363594782220089
 -0.5643609641720577 1.333328303192921
 -0.5410772737088132 1.302383555228860
 -0.5163782433922520 1.270821064088258
 -0.4903064675620156 1.238655068233115
 -0.4626985272433518 1.205827351559903
 -0.4334642491379276 1.172336725283934
 -0.4031006010518013 1.138406329366886
 -0.3707665917900312 1.103706102110154
 -0.3372643449201055 1.068557309222310
 -0.3020632700115523 1.032773190580026
 -0.2652226096396579 0.9963946677738549
 -0.2268742637010531 0.9594702849408514
 -0.1869485205235412 0.9219598368629068
 -0.1453381302732419 0.8838153169935254
 -0.1020735186862015 0.8450369916802472
 -5.723551717366776E-02 0.8056161248683806
 -1.083054234062691E-02 0.7654908561364895
 3.714242200887868E-02 0.7245919226056470
 8.657423699046718E-02 0.6828833819061677
 0.1372750926553513 0.6403311602138280
 0.1890591603939071 0.5968800575423070
 0.2417142645185819 0.5525045408237311
 0.2949243179705965 0.5072629810396281
 0.3483045538657834 0.4612864706478930
 0.4015078783529922 0.4147550487339894
 0.4542526015351706 0.3679184328500538
 0.5062846815772257 0.3211055217715644
 0.5573966737336181 0.2746637911781256
 0.6074894544180209 0.2288897049829443
 0.6565586502419043 0.1840285097792098
 0.7046145991966144 0.1403016285166601
 0.7516583139768930 9.788585021220192E-02
 0.7977249014268055 5.687940645619116E-02
 0.8428843572043628 1.732936655861894E-02
 0.8871819882298921 -2.071604627778084E-02
 0.9306229753177845 -5.721525609900591E-02
 0.9732244106950578 -9.217362875709306E-02
 1.015031876823726 -0.1256258457014882
 1.056068470444190 -0.1575813211937691
 1.096315779477354 -0.1880302901875905
 1.135765626099579 -0.2169972069280515
 1.174444019062171 -0.2445347750513098
 1.212360586727308 -0.2706619157417128
 1.249482009838390 -0.2953620655888677
 1.285784873525446 -0.3186502535237882
 1.321287802717612 -0.3405805929125287
 1.355997025467540 -0.3611703136727435
 1.389869170108075 -0.3803828580476807
 1.422870617307771 -0.3982142091453473
 1.455023178116220 -0.4147221335893748
 1.486338004074319 -0.4299254821018179
 1.516758435346372 -0.4437568826702206
 1.546238923777370 -0.4561855734159889
 1.574822692764150 -0.4672957157964249
 1.602538698348574 -0.4771259167691662
 1.629280147517697 -0.4855272465853506
 1.654973195302437 -0.4924211574391150
 1.679928280216680 -0.4982706261122987
 1.703602640968821 -0.5023114799101208
 1.726534138922713 -0.5052910073307777
 1.748363043961942 -0.5067376431560739
 1.769107436888887 -0.5067251782116001
 1.788860084506827 -0.5053955908560843
 1.807586606631246 -0.5027077959680963
 1.825193260287751 -0.4985895797898089
 1.841655667571835 -0.4930957934050358
 1.856997622364834 -0.4863230341573732
 1.871192338705620 -0.4782916973216511
 1.884159241870056 -0.4690044917321898
 1.895842506948344 -0.4585469749377380
 1.906228914259977 -0.4470499442088181
 1.915285139890764 -0.4346046403358200
 1.922932060577033 -0.4212897304948087
 1.929098466945372 -0.4072466943322375
 1.933758275811480 -0.3926594691675546
 1.936892629852471 -0.3776813377555188
 1.938452252836482 -0.3624414520258817
 1.938389183452602 -0.3471036690872983
 1.936700400148810 -0.3318554038841427
 1.933405835253316 -0.3168428910585835
 1.928500673264002 -0.3021690382219920
 1.921965472848878 -0.2879483918049855
 1.913812233689674 -0.2743091529657039
 1.904080231889226 -0.2613389081069772
 1.892786773748205 -0.2490792269274823
 1.879920362584610 -0.2375797734091293
 1.865488191196578 -0.2269096718370265
 1.849531206934111 -0.2171077423651403
 1.832077499912774 -0.2081711907932590
 1.813117749485107 -0.2001080493339121
 1.792649386950447 -0.1929549296230494
 1.770710757081611 -0.1867274105112265
 1.747340542571663 -0.1814013199134885
 1.722533546114053 -0.1769654525629313
 1.696276359015705 -0.1734463092950651
 1.668602393782525 -0.1708553587105269
 1.639562745668350 -0.1691610168535661
 1.609158966241238 -0.1683457422920354
 1.577363073929279 -0.1684412552769127
 1.544198530791623 -0.1694674253089694
 1.509732318826686 -0.1713894841306522
 1.473976302299628 -0.1741877197047200
 1.436876664235899 -0.1779132197191793
 1.398435881153693 -0.1826051131721718
 1.358752446860929 -0.1882138553048547
 1.317859989397233 -0.1947096775680413
 1.275626382650661 -0.2022049968935628
 1.232005510454309 -0.2107773112561747
 1.187439101586619 -0.2201078038918070
 1.141220818634310 -0.2307597636903350
 1.094029947646117 -0.2421991641196262
 1.045439454395586 -0.2547921299098104
 0.9955143993073433 -0.2685078162809802
 0.9443627727855979 -0.2832562666404240
 0.8919149002540047 -0.2990777504581503
 0.8380755819068105 -0.3160411455416031
 0.7828602612757741 -0.3341202356042075
 0.7263017884212279 -0.3532406505630535
 0.6683497989492124 -0.3733659032644989
 0.6089438013490588 -0.3944622423205947
 0.5481072380577383 -0.4164171795000829
 0.4859055052522628 -0.4390492976533108
 0.4223837126470019 -0.4621700644904339
 0.3576258358003167 -0.4855829639420290
 0.2918404689944437 -0.5090434420761500
 0.2253335250702484 -0.5322838272255203
 0.1584344693749916 -0.5550935468402781
 9.150040860112037E-02 -0.5773535090896548
 2.494319836101907E-02 -0.5990081566785751
 -4.083251620680810E-02 -0.6200515750273224
 -0.1055204280290551 -0.6405461525486270
 -0.1689059606315635 -0.6606107250735161
 -0.2308025251105524 -0.6803649570399884
 -0.2910575240336412 -0.6998981199758700
 -0.3496034397701606 -0.7192897330951463
 -0.4064345069309250 -0.7386239490708049
 -0.4615316164574784 -0.7579641164481831
 -0.5148613529246640 -0.7773355099211571
 -0.5664369094101674 -0.7967502488665134
 -0.6163111121612559 -0.8162304681295997
 -0.6645036625378141 -0.8357914629435595
 -0.7109968977220904 -0.8554221705033320
 -0.7558079067997505 -0.8751032814833477
 -0.7989953368342331 -0.8948309683048807
 -0.8405803882329408 -0.9146041087819998
 -0.8805320570333999 -0.9344021292972495
 -0.9188516512366757 -0.9541972375129039
 -0.9555953468570222 -0.9739785064077091
 -0.9907811794671603 -0.9937427146746526
 -1.024355803287459 -1.013470580226548
 -1.056298929921686 -1.033134996314302
 -1.086671492258192 -1.052725968549129
 -1.115495391271606 -1.072243729087710
 -1.142683951169788 -1.091672895079185
 -1.168187757306903 -1.110989401603519
 -1.192101307341412 -1.130188600491757
 -1.214472513900325 -1.149276264932930
 -1.235119003531274 -1.168234374339308
 -1.253935829354429 -1.187038250994658
 -1.271479160281168 -1.205725254147398
   
   
