 # action(x) =  25.55769970888839
 # |grad_action(x)| =  6.019662684631915E-05
 # PRINTSTEPS = 50
 #
 #BODY NUMBER  1
 2.011953051161405 1.313385484511756
 2.023654646373349 1.226120079130307
 2.035423545721318 1.137647451740758
 2.047258390988392 1.047460563049221
 2.059095666433265 0.9556909850758493
 2.070859650098976 0.8625429053914884
 2.082477868092798 0.7680162789209130
 2.093857522954197 0.6721044509198205
 2.104878794856624 0.5749731029153028
 2.115419081896680 0.4768464229325541
 2.125368727883660 0.3778787029229693
 2.134625680205982 0.2782398440158250
 2.143101347117334 0.1782200385563769
 2.150746648586043 7.815208155245101E-02
 2.157563963533031 -2.170225904817702E-02
 2.163590434920142 -0.1211163948518853
 2.168882809355657 -0.2198232637617741
 2.173520940150036 -0.3175667764806223
 2.177604886262308 -0.4141889995701343
 2.181231247184559 -0.5095931722728176
 2.184476726511025 -0.6036580062733369
 2.187408049579543 -0.6962609630811404
 2.190091868881948 -0.7873522476865261
 2.192581910644201 -0.8769266528322404
 2.194907107472764 -0.9649404759764446
 2.197085358726043 -1.051326450541411
 2.199139793741400 -1.136070979853319
 2.201088812559914 -1.219199315102278
 2.202930722687922 -1.300693076487802
 2.204655218880041 -1.380497121674217
 2.206263125221749 -1.458602374130245
 2.207758083843684 -1.535042889441640
 2.209125957455438 -1.609808468759059
 2.210342732530314 -1.682840692259279
 2.211398685505058 -1.754124203103969
 2.212293175060808 -1.823697121798644
 2.213008004267951 -1.891553490917381
 2.213510493432292 -1.957624340340283
 2.213783807745230 -2.021882718679652
 2.213827175308242 -2.084372670892412
 2.213621414643108 -2.145093926578964
 2.213124462398880 -2.203959619058434
 2.212310921899028 -2.260925406104476
 2.211182083509281 -2.316049877063937
 2.209719117490494 -2.369345555609045
 2.207864221145011 -2.420691592072563
 2.205577328717928 -2.470013853518565
 2.202868652335987 -2.517417642188382
 2.199723733535706 -2.562951887010470
 2.196040773061779 -2.606380549865879
 2.191749407589394 -2.647563062117336
 2.187023219078660 -2.687177903229046
 2.181459702887900 -2.724055037466536
 2.175378491590031 -2.759331488930076
 2.168497578013675 -2.792260548171249
 2.160774880993109 -2.822912341619538
 2.152223284058428 -2.851491822322997
 2.142773116048402 -2.877932568418359
 2.132304535194564 -2.902082666110561
 2.120737798441368 -2.923963597067823
 2.108033954038149 -2.943685938370361
 2.094128098553800 -2.961254170136219
 2.078915210612723 -2.976604883826092
 2.062305506394823 -2.989766361383150
 2.044251957985725 -3.000850083526815
 2.024709670918464 -3.009916929396191
 2.003604585354323 -3.016964412117038
 1.980866832312348 -3.022037671757974
 1.956468693773455 -3.025253649240533
 1.930401009861227 -3.026703936359330
 1.902631603746905 -3.026416511067123
 1.873119581527206 -3.024434812816350
 1.841858037423473 -3.020861597262067
 1.808866416232805 -3.015791392043642
 1.774144594449344 -3.009258878656939
 1.737670591151882 -3.001292727581623
 1.699445429547816 -2.991971142850685
 1.659502138828939 -2.981379635713018
 1.617859835780952 -2.969552190015203
 1.574505246753798 -2.956502133115726
 1.529436503848201 -2.942283155121210
 1.482689325867523 -2.926969846894627
 1.434294588424643 -2.910596231422474
 1.384242723551177 -2.893164731190008
 1.332522608504431 -2.874707705214938
 1.279166091850472 -2.855289616616506
 1.224213049323904 -2.834947302836076
 1.167656664467848 -2.813677365968727
 1.109472531508355 -2.791493538454461
 1.049684179628311 -2.768450494145776
 0.9883414095679179 -2.744590717411179
 0.9254423821712342 -2.719909484784043
 0.8609452841406537 -2.694402404529592
 0.7948610285769419 -2.668112674212682
 0.7272556428008055 -2.641091464238231
 0.6581392197681823 -2.613336732161125
 0.5874435208980363 -2.584821141439926
 0.5151595924237580 -2.555570004564413
 0.4413942915860235 -2.525651025521682
 0.3661904555671524 -2.495070789540898
 0.2894024621271141 -2.463748636953603
 0.2109817627652584 -2.431673014104468
 0.1314486689682113 -2.399095195783268
 5.002381343035751E-02 -2.365596371810889
 -3.248017910253186E-02 -2.331552223926038
 -0.1165017384312195 -2.296708056231413
 -0.2018951619731725 -2.261074648491581
 -0.2884457571264214 -2.224688517353611
 -0.3761173259808935 -2.187486876047679
 -0.4648692329839423 -2.149386032243403
 -0.5544980838108955 -2.110365059690662
 -0.6447484249850096 -2.070429876039156
 -0.7354318076614255 -2.029562662217750
 -0.8263500668402672 -1.987759988636931
 -0.9172075927054023 -1.945090228766452
 -1.007691636309966 -1.901677275555982
 -1.097576689421748 -1.857654073185359
 -1.186685092216591 -1.813166082599923
 -1.274813935438332 -1.768395978852473
 -1.361781365905172 -1.723540961587056
 -1.447500638726952 -1.678766651123214
 -1.531936256375640 -1.634205085453834
 -1.615021531886088 -1.589983335997751
 -1.696683706481458 -1.546220457837885
 -1.776912982664284 -1.502999071230242
 -1.855731713930478 -1.460368308079981
 -1.933116519071831 -1.418375076030213
 -2.009018093202408 -1.377068509668894
 -2.083436225925953 -1.336475437926664
 -2.156401985435119 -1.296599170111471
 -2.227898608108933 -1.257447430381052
 -2.297873186661190 -1.219038865298949
 -2.366318272627961 -1.181378726809760
 -2.433265180076970 -1.144453141298265
 -2.498698007900392 -1.108254964936501
 -2.562554156283884 -1.072792611311925
 -2.624815464033700 -1.038065337990911
 -2.685514623816594 -1.004053529322272
 -2.744637377885565 -0.9707444050156563
 -2.802107656517585 -0.9381441486856509
 -2.857893701721940 -0.9062516566541888
 -2.912033271600971 -0.8750442379590775
 -2.964516541242649 -0.8445054161526961
 -3.015247250219118 -0.8146421966449919
 -3.064174298697639 -0.7854547563820912
 -3.111349071723836 -0.7569149181800736
 -3.156773000246436 -0.7290001131703764
 -3.200312524034743 -0.7017207075820413
 -3.241883409205537 -0.6750790699214645
 -3.281581956238257 -0.6490313930291648
 -3.319443309596185 -0.6235406910442377
 -3.355212154644395 -0.5986368222849787
 -3.388731573709627 -0.5743291346432410
 -3.420675938223886 -0.5504287147740166
 -3.449830715196940 -0.5271720012997079
 -3.477340412670801 -0.5042672920982021
 -3.502417357708202 -0.4818437165192457
 -3.525101240995690 -0.4598297679895611
 -3.545575998844513 -0.4381341274494723
 -3.563749272653097 -0.4167296688350783
 -3.579429580331501 -0.3955885630279810
 -3.592595654022345 -0.3746310096821956
 -3.603323780410840 -0.3537679870520143
 -3.611585387677472 -0.3329410470582843
 -3.617273051728585 -0.3120909427914484
 -3.620366373535386 -0.2911257782108732
 -3.620938384275739 -0.2699490855883091
 -3.619019359597186 -0.2484915456053258
 -3.614570115884101 -0.2266902639973125
 -3.607594811092159 -0.2044621624175158
 -3.598180860020606 -0.1817247658965031
 -3.586403003552152 -0.1584243458512926
 -3.572269382890250 -0.1345190473543867
 -3.555797170752596 -0.1099517355204624
 -3.537071903257522 -8.466505194224316E-02
 -3.516185166140631 -5.862857248830444E-02
 -3.493166932705455 -3.182484945150232E-02
 -3.468031041855115 -4.220511555842021E-03
 -3.440845731872561 2.422265709157578E-02
 -3.411701572267539 5.351880799603714E-02
 -3.380637552307356 8.366837745877675E-02
 -3.347658576998000 0.1146895244771882
 -3.312810209386098 0.1466107117528064
 -3.276174906455558 0.1794383013260146
 -3.237797570783434 0.2131625656249501
 -3.197675516319312 0.2477930019959242
 -3.155831205423219 0.2833554225255255
 -3.112336389077061 0.3198544771060863
 -3.067242907308171 0.3572740510591248
 -3.020544409216126 0.3956183486570044
 -2.972240584555854 0.4349153721399641
 -2.922390546863980 0.4751720815641423
 -2.871055989052997 0.5163665904076518
 -2.818231900902842 0.5584981296929452
 -2.763893572410829 0.6016007149305780
 -2.708083870315888 0.6456864938804807
 -2.650880123148951 0.6907238704080365
 -2.592285608578635 0.7367030825344471
 -2.532242533175084 0.7836695583336890
 -2.470768341314175 0.8316437082399946
 -2.407975094989008 0.8805668431619088
 -2.343889915766491 0.9304051576258984
 -2.278370139204661 0.9812444343569564
 -2.211381485294174 1.033120940762298
 -2.143401720129617 1.085709711271512
 -2.073678459803706 1.139476292680582
 -2.002943366618787 1.193904772185280
 -1.930756652557173 1.249247493182192
 -1.857200504460093 1.305383663415732
 -1.782413892972554 1.362145611962123
 -1.706360542111905 1.419470597126766
 -1.628988289970254 1.477281581323582
 -1.550380711045729 1.535391956775359
 -1.470670656911670 1.593583453106602
 -1.389936920222234 1.651683959294781
 -1.308275613365715 1.709520144621106
 -1.225893754411931 1.766870190210075
 -1.143055012276077 1.823525194003531
 -1.059987274111283 1.879356332233536
 -0.9769053427035514 1.934282477451808
 -0.8940688739173247 1.988219242614247
 -0.8117395742448643 2.041107738067679
 -0.7301042475353554 2.092955650693348
 -0.6492949908089195 2.143798257726651
 -0.5694551946249368 2.193641342271088
 -0.4907243430980848 2.242481420919026
 -0.4131788862176651 2.290351318916768
 -0.3368501967137235 2.337294960912221
 -0.2617905884009331 2.383315552006657
 -0.1880672655236355 2.428394960210305
 -0.1157035678154466 2.472546417779983
 -4.468682712479510E-02 2.515798485213749
 2.496788542101114E-02 2.558140506868853
 9.321796778114888E-02 2.599535986973166
 0.1600551474062122 2.639981100940005
 0.2255070962332856 2.679496030739905
 0.2895720504449543 2.718063433695560
 0.3522114237535698 2.755633303571205
 0.4134167785286419 2.792189541094880
 0.4732214487557860 2.827750651120916
 0.5316293736176142 2.862297895933037
 0.5885971630852931 2.895768489025933
 0.6441098939767097 2.928134375333841
 0.6982060962927289 2.959416908851489
 0.7508951265995403 2.989599342731660
 0.8021227878202380 3.018601815703426
 0.8518633767986109 3.046380162486567
 0.9001669882145544 3.072964795244010
 0.9470538827559412 3.098345668779421
 0.9924483028897322 3.122412299654605
 1.036306080487609 3.145092923440030
 1.078713303902269 3.166449035217546
 1.119719576060479 3.186492578054708
 1.159171381582615 3.205017372150858
 1.196982166120234 3.221892196760577
 1.233652719145226 3.237606618003063
 1.268371012309040 3.251227038766243
 1.301961921080770 3.263598781028278
 1.333919779694527 3.274104264690495
 1.364326360002581 3.282742109609099
 1.393352714786085 3.289625949772470
 1.420976156604695 3.294662237253438
 1.447125045136938 3.297671229138543
 1.471857855580977 3.298594606750019
 1.495289826372691 3.297453925422375
 1.517457289123672 3.294195217194503
 1.538357841115862 3.288695826617541
 1.558060867140563 3.280892139594024
 1.576686426290014 3.270799169115125
 1.594309688678722 3.258408475001517
 1.610965530529777 3.243654676114350
 1.626727978779811 3.226499834175490
 1.641712166247151 3.206978415137036
 1.656001993690925 3.185128282210623
 1.669637779143344 3.160935558421509
 1.682677589225390 3.134386548336813
 1.695213865834050 3.105526649204310
 1.707318749907827 3.074419964531946
 1.719022338256111 3.041083728108442
 1.730360450703233 3.005513239137465
 1.741400302324744 2.967748485759109
 1.752199433438600 2.927860827716981
 1.762777716526404 2.885883812556426
 1.773153330244202 2.841812608638538
 1.783373705537897 2.795672443368403
 1.793485580588035 2.747531545568613
 1.803502982358792 2.697433665797524
 1.813432792768135 2.645371729194083
 1.823308596918788 2.591352282689413
 1.833170297226589 2.535435139510420
 1.843029857984266 2.477673251776952
 1.852887744748278 2.418059017311722
 1.862768053047499 2.356578166314498
 1.872706367235669 2.293278412581634
 1.882714579485079 2.228224127003527
 1.892789518731608 2.161411355091097
 1.902948288270176 2.092801689599014
 1.913222841738946 2.022426180332201
 1.923624480348146 1.950367593830195
 1.934146388810453 1.876633649626678
 1.944799012277048 1.801151583106237
 1.955608748890417 1.723926296324418
 1.966580803402985 1.645084182359773
 1.977699460199338 1.564665631915000
 1.988967677077547 1.482504202596646
 2.000399722528916 1.398552073342170
 2.011953051161405 1.313385484511756
   
   
 #BODY NUMBER  2
 -3.420675938223886 -0.5504287147740166
 -3.449830715196940 -0.5271720012997079
 -3.477340412670801 -0.5042672920982021
 -3.502417357708202 -0.4818437165192457
 -3.525101240995690 -0.4598297679895611
 -3.545575998844513 -0.4381341274494723
 -3.563749272653097 -0.4167296688350783
 -3.579429580331501 -0.3955885630279810
 -3.592595654022345 -0.3746310096821956
 -3.603323780410840 -0.3537679870520143
 -3.611585387677472 -0.3329410470582843
 -3.617273051728585 -0.3120909427914484
 -3.620366373535386 -0.2911257782108732
 -3.620938384275739 -0.2699490855883091
 -3.619019359597186 -0.2484915456053258
 -3.614570115884101 -0.2266902639973125
 -3.607594811092159 -0.2044621624175158
 -3.598180860020606 -0.1817247658965031
 -3.586403003552152 -0.1584243458512926
 -3.572269382890250 -0.1345190473543867
 -3.555797170752596 -0.1099517355204624
 -3.537071903257522 -8.466505194224316E-02
 -3.516185166140631 -5.862857248830444E-02
 -3.493166932705455 -3.182484945150232E-02
 -3.468031041855115 -4.220511555842021E-03
 -3.440845731872561 2.422265709157578E-02
 -3.411701572267539 5.351880799603714E-02
 -3.380637552307356 8.366837745877675E-02
 -3.347658576998000 0.1146895244771882
 -3.312810209386098 0.1466107117528064
 -3.276174906455558 0.1794383013260146
 -3.237797570783434 0.2131625656249501
 -3.197675516319312 0.2477930019959242
 -3.155831205423219 0.2833554225255255
 -3.112336389077061 0.3198544771060863
 -3.067242907308171 0.3572740510591248
 -3.020544409216126 0.3956183486570044
 -2.972240584555854 0.4349153721399641
 -2.922390546863980 0.4751720815641423
 -2.871055989052997 0.5163665904076518
 -2.818231900902842 0.5584981296929452
 -2.763893572410829 0.6016007149305780
 -2.708083870315888 0.6456864938804807
 -2.650880123148951 0.6907238704080365
 -2.592285608578635 0.7367030825344471
 -2.532242533175084 0.7836695583336890
 -2.470768341314175 0.8316437082399946
 -2.407975094989008 0.8805668431619088
 -2.343889915766491 0.9304051576258984
 -2.278370139204661 0.9812444343569564
 -2.211381485294174 1.033120940762298
 -2.143401720129617 1.085709711271512
 -2.073678459803706 1.139476292680582
 -2.002943366618787 1.193904772185280
 -1.930756652557173 1.249247493182192
 -1.857200504460093 1.305383663415732
 -1.782413892972554 1.362145611962123
 -1.706360542111905 1.419470597126766
 -1.628988289970254 1.477281581323582
 -1.550380711045729 1.535391956775359
 -1.470670656911670 1.593583453106602
 -1.389936920222234 1.651683959294781
 -1.308275613365715 1.709520144621106
 -1.225893754411931 1.766870190210075
 -1.143055012276077 1.823525194003531
 -1.059987274111283 1.879356332233536
 -0.9769053427035514 1.934282477451808
 -0.8940688739173247 1.988219242614247
 -0.8117395742448643 2.041107738067679
 -0.7301042475353554 2.092955650693348
 -0.6492949908089195 2.143798257726651
 -0.5694551946249368 2.193641342271088
 -0.4907243430980848 2.242481420919026
 -0.4131788862176651 2.290351318916768
 -0.3368501967137235 2.337294960912221
 -0.2617905884009331 2.383315552006657
 -0.1880672655236355 2.428394960210305
 -0.1157035678154466 2.472546417779983
 -4.468682712479510E-02 2.515798485213749
 2.496788542101114E-02 2.558140506868853
 9.321796778114888E-02 2.599535986973166
 0.1600551474062122 2.639981100940005
 0.2255070962332856 2.679496030739905
 0.2895720504449543 2.718063433695560
 0.3522114237535698 2.755633303571205
 0.4134167785286419 2.792189541094880
 0.4732214487557860 2.827750651120916
 0.5316293736176142 2.862297895933037
 0.5885971630852931 2.895768489025933
 0.6441098939767097 2.928134375333841
 0.6982060962927289 2.959416908851489
 0.7508951265995403 2.989599342731660
 0.8021227878202380 3.018601815703426
 0.8518633767986109 3.046380162486567
 0.9001669882145544 3.072964795244010
 0.9470538827559412 3.098345668779421
 0.9924483028897322 3.122412299654605
 1.036306080487609 3.145092923440030
 1.078713303902269 3.166449035217546
 1.119719576060479 3.186492578054708
 1.159171381582615 3.205017372150858
 1.196982166120234 3.221892196760577
 1.233652719145226 3.237606618003063
 1.268371012309040 3.251227038766243
 1.301961921080770 3.263598781028278
 1.333919779694527 3.274104264690495
 1.364326360002581 3.282742109609099
 1.393352714786085 3.289625949772470
 1.420976156604695 3.294662237253438
 1.447125045136938 3.297671229138543
 1.471857855580977 3.298594606750019
 1.495289826372691 3.297453925422375
 1.517457289123672 3.294195217194503
 1.538357841115862 3.288695826617541
 1.558060867140563 3.280892139594024
 1.576686426290014 3.270799169115125
 1.594309688678722 3.258408475001517
 1.610965530529777 3.243654676114350
 1.626727978779811 3.226499834175490
 1.641712166247151 3.206978415137036
 1.656001993690925 3.185128282210623
 1.669637779143344 3.160935558421509
 1.682677589225390 3.134386548336813
 1.695213865834050 3.105526649204310
 1.707318749907827 3.074419964531946
 1.719022338256111 3.041083728108442
 1.730360450703233 3.005513239137465
 1.741400302324744 2.967748485759109
 1.752199433438600 2.927860827716981
 1.762777716526404 2.885883812556426
 1.773153330244202 2.841812608638538
 1.783373705537897 2.795672443368403
 1.793485580588035 2.747531545568613
 1.803502982358792 2.697433665797524
 1.813432792768135 2.645371729194083
 1.823308596918788 2.591352282689413
 1.833170297226589 2.535435139510420
 1.843029857984266 2.477673251776952
 1.852887744748278 2.418059017311722
 1.862768053047499 2.356578166314498
 1.872706367235669 2.293278412581634
 1.882714579485079 2.228224127003527
 1.892789518731608 2.161411355091097
 1.902948288270176 2.092801689599014
 1.913222841738946 2.022426180332201
 1.923624480348146 1.950367593830195
 1.934146388810453 1.876633649626678
 1.944799012277048 1.801151583106237
 1.955608748890417 1.723926296324418
 1.966580803402985 1.645084182359773
 1.977699460199338 1.564665631915000
 1.988967677077547 1.482504202596646
 2.000399722528916 1.398552073342170
 2.011953051161405 1.313385484511756
 2.023654646373349 1.226120079130307
 2.035423545721318 1.137647451740758
 2.047258390988392 1.047460563049221
 2.059095666433265 0.9556909850758493
 2.070859650098976 0.8625429053914884
 2.082477868092798 0.7680162789209130
 2.093857522954197 0.6721044509198205
 2.104878794856624 0.5749731029153028
 2.115419081896680 0.4768464229325541
 2.125368727883660 0.3778787029229693
 2.134625680205982 0.2782398440158250
 2.143101347117334 0.1782200385563769
 2.150746648586043 7.815208155245101E-02
 2.157563963533031 -2.170225904817702E-02
 2.163590434920142 -0.1211163948518853
 2.168882809355657 -0.2198232637617741
 2.173520940150036 -0.3175667764806223
 2.177604886262308 -0.4141889995701343
 2.181231247184559 -0.5095931722728176
 2.184476726511025 -0.6036580062733369
 2.187408049579543 -0.6962609630811404
 2.190091868881948 -0.7873522476865261
 2.192581910644201 -0.8769266528322404
 2.194907107472764 -0.9649404759764446
 2.197085358726043 -1.051326450541411
 2.199139793741400 -1.136070979853319
 2.201088812559914 -1.219199315102278
 2.202930722687922 -1.300693076487802
 2.204655218880041 -1.380497121674217
 2.206263125221749 -1.458602374130245
 2.207758083843684 -1.535042889441640
 2.209125957455438 -1.609808468759059
 2.210342732530314 -1.682840692259279
 2.211398685505058 -1.754124203103969
 2.212293175060808 -1.823697121798644
 2.213008004267951 -1.891553490917381
 2.213510493432292 -1.957624340340283
 2.213783807745230 -2.021882718679652
 2.213827175308242 -2.084372670892412
 2.213621414643108 -2.145093926578964
 2.213124462398880 -2.203959619058434
 2.212310921899028 -2.260925406104476
 2.211182083509281 -2.316049877063937
 2.209719117490494 -2.369345555609045
 2.207864221145011 -2.420691592072563
 2.205577328717928 -2.470013853518565
 2.202868652335987 -2.517417642188382
 2.199723733535706 -2.562951887010470
 2.196040773061779 -2.606380549865879
 2.191749407589394 -2.647563062117336
 2.187023219078660 -2.687177903229046
 2.181459702887900 -2.724055037466536
 2.175378491590031 -2.759331488930076
 2.168497578013675 -2.792260548171249
 2.160774880993109 -2.822912341619538
 2.152223284058428 -2.851491822322997
 2.142773116048402 -2.877932568418359
 2.132304535194564 -2.902082666110561
 2.120737798441368 -2.923963597067823
 2.108033954038149 -2.943685938370361
 2.094128098553800 -2.961254170136219
 2.078915210612723 -2.976604883826092
 2.062305506394823 -2.989766361383150
 2.044251957985725 -3.000850083526815
 2.024709670918464 -3.009916929396191
 2.003604585354323 -3.016964412117038
 1.980866832312348 -3.022037671757974
 1.956468693773455 -3.025253649240533
 1.930401009861227 -3.026703936359330
 1.902631603746905 -3.026416511067123
 1.873119581527206 -3.024434812816350
 1.841858037423473 -3.020861597262067
 1.808866416232805 -3.015791392043642
 1.774144594449344 -3.009258878656939
 1.737670591151882 -3.001292727581623
 1.699445429547816 -2.991971142850685
 1.659502138828939 -2.981379635713018
 1.617859835780952 -2.969552190015203
 1.574505246753798 -2.956502133115726
 1.529436503848201 -2.942283155121210
 1.482689325867523 -2.926969846894627
 1.434294588424643 -2.910596231422474
 1.384242723551177 -2.893164731190008
 1.332522608504431 -2.874707705214938
 1.279166091850472 -2.855289616616506
 1.224213049323904 -2.834947302836076
 1.167656664467848 -2.813677365968727
 1.109472531508355 -2.791493538454461
 1.049684179628311 -2.768450494145776
 0.9883414095679179 -2.744590717411179
 0.9254423821712342 -2.719909484784043
 0.8609452841406537 -2.694402404529592
 0.7948610285769419 -2.668112674212682
 0.7272556428008055 -2.641091464238231
 0.6581392197681823 -2.613336732161125
 0.5874435208980363 -2.584821141439926
 0.5151595924237580 -2.555570004564413
 0.4413942915860235 -2.525651025521682
 0.3661904555671524 -2.495070789540898
 0.2894024621271141 -2.463748636953603
 0.2109817627652584 -2.431673014104468
 0.1314486689682113 -2.399095195783268
 5.002381343035751E-02 -2.365596371810889
 -3.248017910253186E-02 -2.331552223926038
 -0.1165017384312195 -2.296708056231413
 -0.2018951619731725 -2.261074648491581
 -0.2884457571264214 -2.224688517353611
 -0.3761173259808935 -2.187486876047679
 -0.4648692329839423 -2.149386032243403
 -0.5544980838108955 -2.110365059690662
 -0.6447484249850096 -2.070429876039156
 -0.7354318076614255 -2.029562662217750
 -0.8263500668402672 -1.987759988636931
 -0.9172075927054023 -1.945090228766452
 -1.007691636309966 -1.901677275555982
 -1.097576689421748 -1.857654073185359
 -1.186685092216591 -1.813166082599923
 -1.274813935438332 -1.768395978852473
 -1.361781365905172 -1.723540961587056
 -1.447500638726952 -1.678766651123214
 -1.531936256375640 -1.634205085453834
 -1.615021531886088 -1.589983335997751
 -1.696683706481458 -1.546220457837885
 -1.776912982664284 -1.502999071230242
 -1.855731713930478 -1.460368308079981
 -1.933116519071831 -1.418375076030213
 -2.009018093202408 -1.377068509668894
 -2.083436225925953 -1.336475437926664
 -2.156401985435119 -1.296599170111471
 -2.227898608108933 -1.257447430381052
 -2.297873186661190 -1.219038865298949
 -2.366318272627961 -1.181378726809760
 -2.433265180076970 -1.144453141298265
 -2.498698007900392 -1.108254964936501
 -2.562554156283884 -1.072792611311925
 -2.624815464033700 -1.038065337990911
 -2.685514623816594 -1.004053529322272
 -2.744637377885565 -0.9707444050156563
 -2.802107656517585 -0.9381441486856509
 -2.857893701721940 -0.9062516566541888
 -2.912033271600971 -0.8750442379590775
 -2.964516541242649 -0.8445054161526961
 -3.015247250219118 -0.8146421966449919
 -3.064174298697639 -0.7854547563820912
 -3.111349071723836 -0.7569149181800736
 -3.156773000246436 -0.7290001131703764
 -3.200312524034743 -0.7017207075820413
 -3.241883409205537 -0.6750790699214645
 -3.281581956238257 -0.6490313930291648
 -3.319443309596185 -0.6235406910442377
 -3.355212154644395 -0.5986368222849787
 -3.388731573709627 -0.5743291346432410
 -3.420675938223886 -0.5504287147740166
   
   
 #BODY NUMBER  3
 -2.011953857428959 -1.313388585649286
 -2.023655484875875 -1.226123253457271
 -2.035424415576877 -1.137650695839179
 -2.047259291266517 -1.047463870866341
 -2.059096597067319 -0.9556943485843822
 -2.070860612147015 -0.8625463144517478
 -2.082478863308982 -0.7680197206694250
 -2.093858553154651 -0.6721079094954299
 -2.104879861393077 -0.5749765598640693
 -2.115420185109671 -0.4768498580228412
 -2.125369866410007 -0.3778820951104851
 -2.134626850428249 -0.2782431726339291
 -2.143102543178889 -0.1782232847841436
 -2.150747863003525 -7.815522983961998E-02
 -2.157565188080155 2.169922006297298E-02
 -2.163591661572926 0.1211134721026451
 -2.168884031310389 0.2198204600597052
 -2.173522152776766 0.3175640912145714
 -2.177606087615636 0.4141864297343564
 -2.181232437894804 0.5095907136444421
 -2.184477909326626 0.6036556544110506
 -2.187409228887414 0.6962587139182579
 -2.190093050206066 0.7873500977704615
 -2.192583100036600 0.8769245993831100
 -2.194908310986937 0.9649385168268223
 -2.197086582220043 1.051324583937745
 -2.199141042899091 1.136069204190078
 -2.201090092830056 1.219197628737235
 -2.202932039143032 1.300691477682455
 -2.204656576238733 1.380495608558034
 -2.206264528019011 1.458600944615000
 -2.207759536459227 1.535041541147064
 -2.209127463955918 1.609807199024570
 -2.210344296621504 1.682839498192592
 -2.211400310688498 1.754123081568843
 -2.212294864694846 1.823696069354582
 -2.213009761386223 1.891552503812236
 -2.213512320623078 1.957623414576962
 -2.213785707298890 2.021881850061624
 -2.213829149329842 2.084371854993626
 -2.213623464853221 2.145093158717156
 -2.213126589921051 2.203958894352444
 -2.212313127394383 2.260924719550282
 -2.211184367365586 2.316049223507286
 -2.209721479592590 2.369344929641663
 -2.207866660507467 2.420690988022181
 -2.205579843624612 2.470013265608509
 -2.202871240754172 2.517417064737116
 -2.199726392901042 2.562951314554877
 -2.196043499573384 2.606379977350624
 -2.191752196547894 2.647562485412679
 -2.187026067014652 2.687177319945226
 -2.181462601231274 2.724054437786852
 -2.175381435285884 2.759330871502408
 -2.168500559161222 2.792259910923990
 -2.160777891062105 2.822911682624379
 -2.152226314463016 2.851491140422390
 -2.142776157682561 2.877931863482577
 -2.132307578401921 2.902081939156244
 -2.120740833680653 2.923962850450773
 -2.108036972404796 2.943685175937442
 -2.094131091784603 2.961253397100962
 -2.078918171085583 2.976604106412305
 -2.062308427472588 2.989765586511922
 -2.044254834332463 3.000849318636590
 -2.024712498414327 3.009916182210136
 -2.003607360839973 3.016963690276425
 -1.980869553528788 3.022036982528877
 -1.956471359394435 3.025252999454214
 -1.930403619324459 3.026703332435485
 -1.902634156962040 3.026415958932300
 -1.873122078764378 3.024434317816596
 -1.841860479386270 3.020861164251994
 -1.808868804051094 3.015791025558803
 -1.774146929536285 3.009258582942839
 -1.737672875142664 3.001292506511572
 -1.699447664396896 2.991970999954753
 -1.659504326870944 2.981379574320188
 -1.617861979642923 2.969552213285019
 -1.574507349273207 2.956502243922174
 -1.529438568125717 2.942283356012922
 -1.482691355333581 2.926970140208653
 -1.434296586777663 2.910596619337305
 -1.384244694655447 2.893165215607001
 -1.332524556397898 2.874708287672360
 -1.279168020807368 2.855290298382081
 -1.224214963819483 2.834948084988067
 -1.167658569069794 2.813678249286746
 -1.109474430846460 2.791494523294978
 -1.049686078446385 2.768451580516913
 -0.9883433127089686 2.744591905091034
 -0.9254442944628364 2.719910773231708
 -0.8609472103250680 2.694403792723813
 -0.7948629733508308 2.668114160707582
 -0.7272576108277864 2.641093047318138
 -0.6581412155614454 2.613338409751985
 -0.5874455486890414 2.584822910883094
 -0.5151616561451852 2.555571862696640
 -0.4413963948477428 2.525652969013135
 -0.3661926014174753 2.495072814929248
 -0.2894046526913321 2.463750740367022
 -0.2109839991341158 2.431675191569126
 -0.1314509514983158 2.399097444600216
 -5.002614322688537E-02 2.365598685138859
 3.247780455866628E-02 2.331554599292259
 0.1164993239166247 2.296710489803700
 0.2018927144063639 2.261077136198580
 0.2884432858176534 2.224691055041783
 0.3761148429473405 2.187489458804432
 0.4648667528698309 2.149388653710972
 0.5544956232736703 2.110367711812707
 0.6447460017160522 2.070432548994775
 0.7354294392040362 2.029565344304248
 0.8263477692835627 1.987762666388193
 0.9172053794204678 1.945092887700027
 1.007689517022040 1.901679901415957
 1.097574669856921 1.857656653166878
 1.186683174367891 1.813168606287015
 1.274812118338482 1.768398438947348
 1.361779646709921 1.723543354385635
 1.447499013860549 1.678768976443605
 1.531934722496131 1.634207345953343
 1.615020086521403 1.589985536277252
 1.696682348303200 1.546222603729901
 1.776911711444414 1.503001169244971
 1.855730530287565 1.460370364848578
 1.933115424155575 1.418377097878872
 2.009017088423214 1.377070502547613
 2.083435312735323 1.336477407560578
 2.156401165135223 1.296601122040459
 2.227897881730442 1.257449369867293
 2.297872554943482 1.219040797364149
 2.366317736030074 1.181380656425448
 2.433264738727387 1.144455073447515
 2.498697661528308 1.108256904471432
 2.562553904237394 1.072794562887973
 2.624815305347511 1.038067306208618
 2.685514557190319 1.004055518810303
 2.744637401586569 0.9707464202772904
 2.802107768378424 0.9381461939609500
 2.857893899253491 0.9062537360249285
 2.912033552022695 0.8750463554613236
 2.964516901359873 0.8445075756176411
 3.015247686366406 0.8146444014862336
 3.064174806871943 0.7854570096741935
 3.111349647655326 0.7569172228359771
 3.156773639193828 0.7290024717944885
 3.200313220592994 0.7017231221570883
 3.241884157513835 0.6750815418495687
 3.281582750359883 0.6490339233907015
 3.319444143517766 0.6235432803499732
 3.355213022087442 0.5986394697709201
 3.388732468747994 0.5743318383044810
 3.420676857053275 0.5504314728008435
 3.449831645030788 0.5271748111785399
 3.477341349810682 0.5042701501274254
 3.502418296409660 0.4818466168923832
 3.525102175323640 0.4598327042833583
 3.545576923503558 0.4381370928071322
 3.563750182977881 0.4167326554354196
 3.579430472374273 0.3955915620000208
 3.592596525052655 0.3746340115850484
 3.603324629307888 0.3537709822506683
 3.611586214824703 0.3329440257898273
 3.617273858704926 0.3120938953430461
 3.620367163016100 0.2911286953740382
 3.620939160034742 0.2699519590227675
 3.619020126263012 0.2484943678815992
 3.614570878494618 0.2266930285586992
 3.607595574810472 0.2044648636746311
 3.598181630099637 0.1817273992851487
 3.586403785270376 0.1584269076746647
 3.572270181335035 0.1345215345709656
 3.555797990688820 0.1099541456911701
 3.537072749241198 8.466738324909717E-02
 3.516186042664596 5.863082364202143E-02
 3.493167844153002 3.182701955316403E-02
 3.468031992398226 4.222600084906603E-03
 3.440846725545594 -2.422065020753372E-02
 3.411702613120791 -5.351688239966212E-02
 3.380638644390594 -8.366653245475519E-02
 3.347659724218903 -0.1146877590451916
 3.312811415502182 -0.1466090244818923
 3.276176175205984 -0.1794366904138651
 3.237798905904043 -0.2131610289578849
 3.197676921388869 -0.2477915371780504
 3.155832683792877 -0.2833540268290107
 3.112337943981816 -0.3198531474631985
 3.067244541919454 -0.3572727841333136
 3.020546126492944 -0.3956171408823448
 2.972242387121813 -0.4349142196851734
 2.922392437098019 -0.4751709803250217
 2.871057969184449 -0.5163655360790829
 2.818233972877052 -0.5584971178236708
 2.763895737714497 -0.6015997409030533
 2.708086130045178 -0.6456855529043384
 2.650882478149858 -0.6907229575866292
 2.592288059311569 -0.7367021929222105
 2.532245079453320 -0.7836686869367485
 2.470770982364601 -0.8316428500709260
 2.407977829732838 -0.8805659934295554
 2.343892742729416 -0.9304043119591807
 2.278373056096226 -0.9812435889794047
 2.211384489218312 -1.033120092742384
 2.143404808927275 -1.085708858950930
 2.073681628102760 -1.139475431681588
 2.002946611018211 -1.193903903453081
 1.930759967349893 -1.249246618937359
 1.857203882660955 -1.305382787614197
 1.782417326329362 -1.362144740590035
 1.706364020361641 -1.419469738135007
 1.628991800284820 -1.477280744215542
 1.550384238119406 -1.535391151948638
 1.470674183393619 -1.593582690971934
 1.389940427205971 -1.651683249193763
 1.308279081144686 -1.709519493754264
 1.225897163758422 -1.766869602915883
 1.143058345981485 -1.823524671576337
 1.059990518223234 -1.879355873229851
 0.9769084872050341 -1.934282078389660
 0.8940719129719072 -1.988218899007054
 0.8117425060668453 -2.041107445600207
 0.7301070737550869 -2.092955406177961
 0.6492977153986739 -2.143798059597785
 0.5694578228052231 -2.193641190688303
 0.4907268805842133 -2.242481317648159
 0.4131813387616520 -2.290351267015432
 0.3368525697490351 -2.337294964231688
 0.2617928868313626 -2.383315614705694
 0.1880694937968290 -2.428395086485358
 0.1157057301637674 -2.472546611750655
 4.468892769483324E-02 -2.515798750777694
 -2.496584258741041E-02 -2.558140847549748
 -9.321597870474951E-02 -2.599536405922183
 -0.1600532080110635 -2.639981601040448
 -0.2255052022681603 -2.679496614594579
 -0.2895701975723904 -2.718064103496002
 -0.3522096076158898 -2.755634061080565
 -0.4134149946590127 -2.792190387777461
 -0.4732196924954727 -2.827751588164885
 -0.5316276402003459 -2.862298924089526
 -0.5885954477553462 -2.895769608537912
 -0.6441081919546006 -2.928135586086552
 -0.6982044026928534 -2.959418210454949
 -0.7508934365066516 -2.989600734334797
 -0.8021210964453555 -3.018603295838678
 -0.8518616794775601 -3.046381729224475
 -0.9001652802897399 -3.072966446343262
 -0.9470521596012385 -3.098347401436151
 -0.9924465600855277 -3.122414110179269
 -1.036304313889223 -3.145094807458078
 -1.078711509605711 -3.166450988127818
 -1.119717750616724 -3.186494594904850
 -1.159169522514058 -3.205019447121544
 -1.196980272200100 -3.221894323717160
 -1.233650790038624 -3.237608792746069
 -1.268369043799514 -3.251229248965392
 -1.301959914524798 -3.263601021629834
 -1.333917737248438 -3.274106527816373
 -1.364324284261534 -3.282744386907737
 -1.393350609040542 -3.289628233229523
 -1.420974025295320 -3.294664518917997
 -1.447122893972352 -3.297673501156265
 -1.471855691372002 -3.298596862035821
 -1.495287656903092 -3.297456158188111
 -1.517455123040100 -3.294197422890790
 -1.538355687619343 -3.288698001755351
 -1.558058735543512 -3.280894281885960
 -1.576684325702279 -3.270801277659357
 -1.594307627848686 -3.258410550091735
 -1.610963517654644 -3.243656718835124
 -1.626726021281683 -3.226501846203508
 -1.641710270705202 -3.206980398739362
 -1.656000165945917 -3.185130240110150
 -1.669636024372994 -3.160937493503266
 -1.682675911924441 -3.134388463507765
 -1.695212269854928 -3.105528547501092
 -1.707317238613502 -3.074421849200825
 -1.719020914616717 -3.041085602496003
 -1.730359117255562 -3.005515106596479
 -1.741399061148698 -2.967750349747220
 -1.752198286249847 -2.927862691920526
 -1.762776664747670 -2.885885680830264
 -1.773152374945696 -2.841814484876982
 -1.783372847376465 -2.795674331531029
 -1.793484819872403 -2.747533449794787
 -1.803502319126380 -2.697435590379420
 -1.813432226733422 -2.645373678428951
 -1.823308127394979 -2.591354260843350
 -1.833169923174448 -2.535437150918882
 -1.843029578099971 -2.477675300854754
 -1.852887557423150 -2.418061108404402
 -1.862767956275353 -2.356580303609805
 -1.872706358651634 -2.293280600191891
 -1.882714656475480 -2.228226369011951
 -1.892789678414216 -2.161413655408037
 -1.902948527389429 -2.092804051820760
 -1.913223156694347 -2.022428607803244
 -1.923624867322071 -1.950370089731509
 -1.934146843750123 -1.876636216829775
 -1.944799530764279 -1.801154223946345
 -1.955609326219416 -1.723929012625715
 -1.966581434885095 -1.645086975583580
 -1.977700141311940 -1.564668502970067
 -1.988968403404894 -1.482507151387617
 -2.000400490084196 -1.398555098826741
 -2.011953857428959 -1.313388585649286
   
   
 #BODY NUMBER  4
 3.420676857053275 0.5504314728008435
 3.449831645030788 0.5271748111785399
 3.477341349810682 0.5042701501274254
 3.502418296409660 0.4818466168923832
 3.525102175323640 0.4598327042833583
 3.545576923503558 0.4381370928071322
 3.563750182977881 0.4167326554354196
 3.579430472374273 0.3955915620000208
 3.592596525052655 0.3746340115850484
 3.603324629307888 0.3537709822506683
 3.611586214824703 0.3329440257898273
 3.617273858704926 0.3120938953430461
 3.620367163016100 0.2911286953740382
 3.620939160034742 0.2699519590227675
 3.619020126263012 0.2484943678815992
 3.614570878494618 0.2266930285586992
 3.607595574810472 0.2044648636746311
 3.598181630099637 0.1817273992851487
 3.586403785270376 0.1584269076746647
 3.572270181335035 0.1345215345709656
 3.555797990688820 0.1099541456911701
 3.537072749241198 8.466738324909717E-02
 3.516186042664596 5.863082364202143E-02
 3.493167844153002 3.182701955316403E-02
 3.468031992398226 4.222600084906603E-03
 3.440846725545594 -2.422065020753372E-02
 3.411702613120791 -5.351688239966212E-02
 3.380638644390594 -8.366653245475519E-02
 3.347659724218903 -0.1146877590451916
 3.312811415502182 -0.1466090244818923
 3.276176175205984 -0.1794366904138651
 3.237798905904043 -0.2131610289578849
 3.197676921388869 -0.2477915371780504
 3.155832683792877 -0.2833540268290107
 3.112337943981816 -0.3198531474631985
 3.067244541919454 -0.3572727841333136
 3.020546126492944 -0.3956171408823448
 2.972242387121813 -0.4349142196851734
 2.922392437098019 -0.4751709803250217
 2.871057969184449 -0.5163655360790829
 2.818233972877052 -0.5584971178236708
 2.763895737714497 -0.6015997409030533
 2.708086130045178 -0.6456855529043384
 2.650882478149858 -0.6907229575866292
 2.592288059311569 -0.7367021929222105
 2.532245079453320 -0.7836686869367485
 2.470770982364601 -0.8316428500709260
 2.407977829732838 -0.8805659934295554
 2.343892742729416 -0.9304043119591807
 2.278373056096226 -0.9812435889794047
 2.211384489218312 -1.033120092742384
 2.143404808927275 -1.085708858950930
 2.073681628102760 -1.139475431681588
 2.002946611018211 -1.193903903453081
 1.930759967349893 -1.249246618937359
 1.857203882660955 -1.305382787614197
 1.782417326329362 -1.362144740590035
 1.706364020361641 -1.419469738135007
 1.628991800284820 -1.477280744215542
 1.550384238119406 -1.535391151948638
 1.470674183393619 -1.593582690971934
 1.389940427205971 -1.651683249193763
 1.308279081144686 -1.709519493754264
 1.225897163758422 -1.766869602915883
 1.143058345981485 -1.823524671576337
 1.059990518223234 -1.879355873229851
 0.9769084872050341 -1.934282078389660
 0.8940719129719072 -1.988218899007054
 0.8117425060668453 -2.041107445600207
 0.7301070737550869 -2.092955406177961
 0.6492977153986739 -2.143798059597785
 0.5694578228052231 -2.193641190688303
 0.4907268805842133 -2.242481317648159
 0.4131813387616520 -2.290351267015432
 0.3368525697490351 -2.337294964231688
 0.2617928868313626 -2.383315614705694
 0.1880694937968290 -2.428395086485358
 0.1157057301637674 -2.472546611750655
 4.468892769483324E-02 -2.515798750777694
 -2.496584258741041E-02 -2.558140847549748
 -9.321597870474951E-02 -2.599536405922183
 -0.1600532080110635 -2.639981601040448
 -0.2255052022681603 -2.679496614594579
 -0.2895701975723904 -2.718064103496002
 -0.3522096076158898 -2.755634061080565
 -0.4134149946590127 -2.792190387777461
 -0.4732196924954727 -2.827751588164885
 -0.5316276402003459 -2.862298924089526
 -0.5885954477553462 -2.895769608537912
 -0.6441081919546006 -2.928135586086552
 -0.6982044026928534 -2.959418210454949
 -0.7508934365066516 -2.989600734334797
 -0.8021210964453555 -3.018603295838678
 -0.8518616794775601 -3.046381729224475
 -0.9001652802897399 -3.072966446343262
 -0.9470521596012385 -3.098347401436151
 -0.9924465600855277 -3.122414110179269
 -1.036304313889223 -3.145094807458078
 -1.078711509605711 -3.166450988127818
 -1.119717750616724 -3.186494594904850
 -1.159169522514058 -3.205019447121544
 -1.196980272200100 -3.221894323717160
 -1.233650790038624 -3.237608792746069
 -1.268369043799514 -3.251229248965392
 -1.301959914524798 -3.263601021629834
 -1.333917737248438 -3.274106527816373
 -1.364324284261534 -3.282744386907737
 -1.393350609040542 -3.289628233229523
 -1.420974025295320 -3.294664518917997
 -1.447122893972352 -3.297673501156265
 -1.471855691372002 -3.298596862035821
 -1.495287656903092 -3.297456158188111
 -1.517455123040100 -3.294197422890790
 -1.538355687619343 -3.288698001755351
 -1.558058735543512 -3.280894281885960
 -1.576684325702279 -3.270801277659357
 -1.594307627848686 -3.258410550091735
 -1.610963517654644 -3.243656718835124
 -1.626726021281683 -3.226501846203508
 -1.641710270705202 -3.206980398739362
 -1.656000165945917 -3.185130240110150
 -1.669636024372994 -3.160937493503266
 -1.682675911924441 -3.134388463507765
 -1.695212269854928 -3.105528547501092
 -1.707317238613502 -3.074421849200825
 -1.719020914616717 -3.041085602496003
 -1.730359117255562 -3.005515106596479
 -1.741399061148698 -2.967750349747220
 -1.752198286249847 -2.927862691920526
 -1.762776664747670 -2.885885680830264
 -1.773152374945696 -2.841814484876982
 -1.783372847376465 -2.795674331531029
 -1.793484819872403 -2.747533449794787
 -1.803502319126380 -2.697435590379420
 -1.813432226733422 -2.645373678428951
 -1.823308127394979 -2.591354260843350
 -1.833169923174448 -2.535437150918882
 -1.843029578099971 -2.477675300854754
 -1.852887557423150 -2.418061108404402
 -1.862767956275353 -2.356580303609805
 -1.872706358651634 -2.293280600191891
 -1.882714656475480 -2.228226369011951
 -1.892789678414216 -2.161413655408037
 -1.902948527389429 -2.092804051820760
 -1.913223156694347 -2.022428607803244
 -1.923624867322071 -1.950370089731509
 -1.934146843750123 -1.876636216829775
 -1.944799530764279 -1.801154223946345
 -1.955609326219416 -1.723929012625715
 -1.966581434885095 -1.645086975583580
 -1.977700141311940 -1.564668502970067
 -1.988968403404894 -1.482507151387617
 -2.000400490084196 -1.398555098826741
 -2.011953857428959 -1.313388585649286
 -2.023655484875875 -1.226123253457271
 -2.035424415576877 -1.137650695839179
 -2.047259291266517 -1.047463870866341
 -2.059096597067319 -0.9556943485843822
 -2.070860612147015 -0.8625463144517478
 -2.082478863308982 -0.7680197206694250
 -2.093858553154651 -0.6721079094954299
 -2.104879861393077 -0.5749765598640693
 -2.115420185109671 -0.4768498580228412
 -2.125369866410007 -0.3778820951104851
 -2.134626850428249 -0.2782431726339291
 -2.143102543178889 -0.1782232847841436
 -2.150747863003525 -7.815522983961998E-02
 -2.157565188080155 2.169922006297298E-02
 -2.163591661572926 0.1211134721026451
 -2.168884031310389 0.2198204600597052
 -2.173522152776766 0.3175640912145714
 -2.177606087615636 0.4141864297343564
 -2.181232437894804 0.5095907136444421
 -2.184477909326626 0.6036556544110506
 -2.187409228887414 0.6962587139182579
 -2.190093050206066 0.7873500977704615
 -2.192583100036600 0.8769245993831100
 -2.194908310986937 0.9649385168268223
 -2.197086582220043 1.051324583937745
 -2.199141042899091 1.136069204190078
 -2.201090092830056 1.219197628737235
 -2.202932039143032 1.300691477682455
 -2.204656576238733 1.380495608558034
 -2.206264528019011 1.458600944615000
 -2.207759536459227 1.535041541147064
 -2.209127463955918 1.609807199024570
 -2.210344296621504 1.682839498192592
 -2.211400310688498 1.754123081568843
 -2.212294864694846 1.823696069354582
 -2.213009761386223 1.891552503812236
 -2.213512320623078 1.957623414576962
 -2.213785707298890 2.021881850061624
 -2.213829149329842 2.084371854993626
 -2.213623464853221 2.145093158717156
 -2.213126589921051 2.203958894352444
 -2.212313127394383 2.260924719550282
 -2.211184367365586 2.316049223507286
 -2.209721479592590 2.369344929641663
 -2.207866660507467 2.420690988022181
 -2.205579843624612 2.470013265608509
 -2.202871240754172 2.517417064737116
 -2.199726392901042 2.562951314554877
 -2.196043499573384 2.606379977350624
 -2.191752196547894 2.647562485412679
 -2.187026067014652 2.687177319945226
 -2.181462601231274 2.724054437786852
 -2.175381435285884 2.759330871502408
 -2.168500559161222 2.792259910923990
 -2.160777891062105 2.822911682624379
 -2.152226314463016 2.851491140422390
 -2.142776157682561 2.877931863482577
 -2.132307578401921 2.902081939156244
 -2.120740833680653 2.923962850450773
 -2.108036972404796 2.943685175937442
 -2.094131091784603 2.961253397100962
 -2.078918171085583 2.976604106412305
 -2.062308427472588 2.989765586511922
 -2.044254834332463 3.000849318636590
 -2.024712498414327 3.009916182210136
 -2.003607360839973 3.016963690276425
 -1.980869553528788 3.022036982528877
 -1.956471359394435 3.025252999454214
 -1.930403619324459 3.026703332435485
 -1.902634156962040 3.026415958932300
 -1.873122078764378 3.024434317816596
 -1.841860479386270 3.020861164251994
 -1.808868804051094 3.015791025558803
 -1.774146929536285 3.009258582942839
 -1.737672875142664 3.001292506511572
 -1.699447664396896 2.991970999954753
 -1.659504326870944 2.981379574320188
 -1.617861979642923 2.969552213285019
 -1.574507349273207 2.956502243922174
 -1.529438568125717 2.942283356012922
 -1.482691355333581 2.926970140208653
 -1.434296586777663 2.910596619337305
 -1.384244694655447 2.893165215607001
 -1.332524556397898 2.874708287672360
 -1.279168020807368 2.855290298382081
 -1.224214963819483 2.834948084988067
 -1.167658569069794 2.813678249286746
 -1.109474430846460 2.791494523294978
 -1.049686078446385 2.768451580516913
 -0.9883433127089686 2.744591905091034
 -0.9254442944628364 2.719910773231708
 -0.8609472103250680 2.694403792723813
 -0.7948629733508308 2.668114160707582
 -0.7272576108277864 2.641093047318138
 -0.6581412155614454 2.613338409751985
 -0.5874455486890414 2.584822910883094
 -0.5151616561451852 2.555571862696640
 -0.4413963948477428 2.525652969013135
 -0.3661926014174753 2.495072814929248
 -0.2894046526913321 2.463750740367022
 -0.2109839991341158 2.431675191569126
 -0.1314509514983158 2.399097444600216
 -5.002614322688537E-02 2.365598685138859
 3.247780455866628E-02 2.331554599292259
 0.1164993239166247 2.296710489803700
 0.2018927144063639 2.261077136198580
 0.2884432858176534 2.224691055041783
 0.3761148429473405 2.187489458804432
 0.4648667528698309 2.149388653710972
 0.5544956232736703 2.110367711812707
 0.6447460017160522 2.070432548994775
 0.7354294392040362 2.029565344304248
 0.8263477692835627 1.987762666388193
 0.9172053794204678 1.945092887700027
 1.007689517022040 1.901679901415957
 1.097574669856921 1.857656653166878
 1.186683174367891 1.813168606287015
 1.274812118338482 1.768398438947348
 1.361779646709921 1.723543354385635
 1.447499013860549 1.678768976443605
 1.531934722496131 1.634207345953343
 1.615020086521403 1.589985536277252
 1.696682348303200 1.546222603729901
 1.776911711444414 1.503001169244971
 1.855730530287565 1.460370364848578
 1.933115424155575 1.418377097878872
 2.009017088423214 1.377070502547613
 2.083435312735323 1.336477407560578
 2.156401165135223 1.296601122040459
 2.227897881730442 1.257449369867293
 2.297872554943482 1.219040797364149
 2.366317736030074 1.181380656425448
 2.433264738727387 1.144455073447515
 2.498697661528308 1.108256904471432
 2.562553904237394 1.072794562887973
 2.624815305347511 1.038067306208618
 2.685514557190319 1.004055518810303
 2.744637401586569 0.9707464202772904
 2.802107768378424 0.9381461939609500
 2.857893899253491 0.9062537360249285
 2.912033552022695 0.8750463554613236
 2.964516901359873 0.8445075756176411
 3.015247686366406 0.8146444014862336
 3.064174806871943 0.7854570096741935
 3.111349647655326 0.7569172228359771
 3.156773639193828 0.7290024717944885
 3.200313220592994 0.7017231221570883
 3.241884157513835 0.6750815418495687
 3.281582750359883 0.6490339233907015
 3.319444143517766 0.6235432803499732
 3.355213022087442 0.5986394697709201
 3.388732468747994 0.5743318383044810
 3.420676857053275 0.5504314728008435
   
   
 #BODY NUMBER  5
 -0.6746897532894955 0.4198659272188759
 -0.6805097157971320 0.3873615727974461
 -0.6855501723454238 0.3537737617126458
 -0.6894567636500719 0.3186322924036011
 -0.6922899753682425 0.2820305500426341
 -0.6941928964670723 0.2441333202045552
 -0.6951853632844396 0.2049323448571732
 -0.6952502193406420 0.1644175351518633
 -0.6944646491692766 0.1227382705919272
 -0.6929616830849181 8.010942168152141E-02
 -0.6908237012633864 3.669744264810476E-02
 -0.6880847975772998 -7.310077730269315E-03
 -0.6848020461664931 -5.161361832780947E-02
 -0.6810508746844781 -9.586866809889938E-02
 -0.6768534558933245 -0.1397908300925598
 -0.6721654629045326 -0.1831344683063764
 -0.6669374699772370 -0.2256303068382847
 -0.6611446693385682 -0.2670274971330451
 -0.6547492553018689 -0.3071699809974501
 -0.6476804617234434 -0.3459688181594583
 -0.6398765422181443 -0.3833269483002301
 -0.6313178363305878 -0.4191521479082996
 -0.6219976221187951 -0.4534176394601962
 -0.6118875324632163 -0.4861410232622255
 -0.6009583517007027 -0.5173130133611984
 -0.5892146087612902 -0.5469040560601022
 -0.5766784814019814 -0.5749272018797447
 -0.5633513466084652 -0.6014295087064803
 -0.5492204000071939 -0.6264240982013621
 -0.5342955594013479 -0.6498911151360461
 -0.5186081768485240 -0.6718443589709442
 -0.5021730227953312 -0.6923329231022390
 -0.4849814843904298 -0.7113713203459027
 -0.4670377405171124 -0.7289321924855328
 -0.4483720068907389 -0.7450184442229726
 -0.4290056579735238 -0.7596755026652120
 -0.4089303009428774 -0.7729149498125443
 -0.3881396388340672 -0.7846957458396868
 -0.3666577872474436 -0.7950058598309472
 -0.3445110106901959 -0.8038888172030955
 -0.3216910262183664 -0.8113547920014332
 -0.2981779276298238 -0.8173440342316882
 -0.2739859884677183 -0.8218260485078839
 -0.2491478724519934 -0.8248501625460076
 -0.2236577492075027 -0.8264317513869793
 -0.1974764869263571 -0.8264814335229480
 -0.1706029718828021 -0.8249427176451487
 -0.1430859062154521 -0.8218980490969872
 -0.1149299727417226 -0.8173893857183349
 -8.604984384025338E-02 -0.8112396025924791
 -5.641613942250073E-02 -0.8033441344955377
 -2.626968251030704E-02 -0.7942314296311966
 4.789895406082545E-03 -0.7830194878011679
 3.639802133717801E-02 -0.7705907456762602
 6.878472213744585E-02 -0.7564032183337663
 0.1018993667039017 -0.7405559804755184
 0.1356707910261505 -0.7232553435694629
 0.1701160649387945 -0.7045143573720251
 0.2052353474011864 -0.6843131195116307
 0.2409378642354608 -0.6627931635068049
 0.2771040472837816 -0.6401771322415211
 0.3136309330445120 -0.6166195961545371
 0.3503731118067021 -0.5922438757946802
 0.3870997277363636 -0.5672491593798423
 0.4235501393428647 -0.5418730246969206
 0.4594891380229332 -0.5162768723966292
 0.4946818333141443 -0.4905451322686638
 0.5288703125742509 -0.4647696383168663
 0.5618249306954776 -0.4390543306573402
 0.5933916344747096 -0.4134444977016365
 0.6234580163050917 -0.3879233243076076
 0.6519091462922355 -0.3624858666965438
 0.6786553263046937 -0.3371612101703657
 0.7036700053559009 -0.3119569221182921
 0.7269542421984572 -0.2868396357410079
 0.7484853871294279 -0.2617886925086326
 0.7682401103614425 -0.2368227914381353
 0.7862408028555541 -0.2119546137700755
 0.8025289064296388 -0.1871618230658633
 0.8171093825887343 -0.1624267695821999
 0.8299699951022874 -0.1377679700027619
 0.8411383706823712 -0.1132056762756825
 0.8506644106805428 -8.872813328485929E-02
 0.8585563771384445 -6.432062567424707E-02
 0.8647926665873158 -4.000045157113780E-02
 0.8693909024304236 -1.579232620170495E-02
 0.8724011129275486 8.307953160276271E-03
 0.8738291319738765 3.231344591252466E-02
 0.8736362695557796 5.620908547382414E-02
 0.8718241643948127 7.996797166379743E-02
 0.8684436428612035 0.1035891214603858
 0.8634993744646637 0.1270847951261254
 0.8569296610912118 0.1504423569406188
 0.8487152297334690 0.1736341979599075
 0.8389151313065629 0.1966566944307324
 0.8275397657989410 0.2195225831265434
 0.8144921606502313 0.2422210624331431
 0.7997228360890731 0.2647248512109454
 0.7833275429465867 0.2870329948423943
 0.7653449591866965 0.3091624168085826
 0.7455790263212059 0.3310984505388961
 0.7239244981656088 0.3528142573244384
 0.7009594357998026 0.3743655024123207
 0.6757198203910495 0.3956579150037218
 0.6491521510082459 0.4168169839636143
 0.6206720415126260 0.4377709259301652
 0.5903906086643408 0.4585254304328842
 0.5585221054409217 0.4791220233649076
 0.5250692983456451 0.4995820125148518
 0.4900148719394556 0.5198955843597673
 0.4535267849338158 0.5400548929148777
 0.4158576358011365 0.5600677105599997
 0.3771927682188744 0.5799221535064323
 0.3377116857705978 0.5995539535249494
 0.2977023184301295 0.6188627777076517
 0.2575007353416134 0.6377416927958199
 0.2173643178703913 0.6560677024891890
 0.1774836295903883 0.6736796005750402
 0.1380671574029862 0.6903999451551510
 9.931973864309068E-02 0.7060818277903853
 6.135762082715940E-02 0.7206144786990866
 2.422244541835177E-02 0.7338921424670659
 -1.203260407409123E-02 0.7458128149967739
 -4.733748997410599E-02 0.7563133580786653
 -8.167238323710588E-02 0.7653745615784883
 -0.1150667097352409 0.7729806590032334
 -0.1475270354287252 0.7791017058698310
 -0.1790255016001522 0.7837268474982375
 -0.2095623214535727 0.7868818156498202
 -0.2391775598211735 0.7885913317723435
 -0.2678889825815406 0.7888508677835621
 -0.2956744357009395 0.7876590851388080
 -0.3225301938338472 0.7850500352466266
 -0.3484913878852117 0.7810610563870983
 -0.3735748927480147 0.7756919460201497
 -0.3977549260702035 0.7689326440566705
 -0.4210188955396847 0.7608107704246776
 -0.4433954549540248 0.7513675495049358
 -0.4648988310309990 0.7406015039000196
 -0.4854966307217124 0.7284866603658626
 -0.5051663771473691 0.7150378881671497
 -0.5239326321710076 0.7002996957427097
 -0.5418083482462973 0.6842699968753079
 -0.5587517334613880 0.6669016772910694
 -0.5747292412657506 0.6481918505479763
 -0.5897672588545695 0.6281934681152753
 -0.6038820165914383 0.6069091682604359
 -0.6170156737238742 0.5842603710898049
 -0.6291198642062711 0.5602178664342033
 -0.6402416367311345 0.5348650542545929
 -0.6504149864449740 0.5082269689097523
 -0.6595291824809525 0.4801411520535829
 -0.6675083587431080 0.4505298771710992
 -0.6746897532894955 0.4198659272188759
 -0.6805097157971320 0.3873615727974461
 -0.6855501723454238 0.3537737617126458
 -0.6894567636500719 0.3186322924036011
 -0.6922899753682425 0.2820305500426341
 -0.6941928964670723 0.2441333202045552
 -0.6951853632844396 0.2049323448571732
 -0.6952502193406420 0.1644175351518633
 -0.6944646491692766 0.1227382705919272
 -0.6929616830849181 8.010942168152141E-02
 -0.6908237012633864 3.669744264810476E-02
 -0.6880847975772998 -7.310077730269315E-03
 -0.6848020461664931 -5.161361832780947E-02
 -0.6810508746844781 -9.586866809889938E-02
 -0.6768534558933245 -0.1397908300925598
 -0.6721654629045326 -0.1831344683063764
 -0.6669374699772370 -0.2256303068382847
 -0.6611446693385682 -0.2670274971330451
 -0.6547492553018689 -0.3071699809974501
 -0.6476804617234434 -0.3459688181594583
 -0.6398765422181443 -0.3833269483002301
 -0.6313178363305878 -0.4191521479082996
 -0.6219976221187951 -0.4534176394601962
 -0.6118875324632163 -0.4861410232622255
 -0.6009583517007027 -0.5173130133611984
 -0.5892146087612902 -0.5469040560601022
 -0.5766784814019814 -0.5749272018797447
 -0.5633513466084652 -0.6014295087064803
 -0.5492204000071939 -0.6264240982013621
 -0.5342955594013479 -0.6498911151360461
 -0.5186081768485240 -0.6718443589709442
 -0.5021730227953312 -0.6923329231022390
 -0.4849814843904298 -0.7113713203459027
 -0.4670377405171124 -0.7289321924855328
 -0.4483720068907389 -0.7450184442229726
 -0.4290056579735238 -0.7596755026652120
 -0.4089303009428774 -0.7729149498125443
 -0.3881396388340672 -0.7846957458396868
 -0.3666577872474436 -0.7950058598309472
 -0.3445110106901959 -0.8038888172030955
 -0.3216910262183664 -0.8113547920014332
 -0.2981779276298238 -0.8173440342316882
 -0.2739859884677183 -0.8218260485078839
 -0.2491478724519934 -0.8248501625460076
 -0.2236577492075027 -0.8264317513869793
 -0.1974764869263571 -0.8264814335229480
 -0.1706029718828021 -0.8249427176451487
 -0.1430859062154521 -0.8218980490969872
 -0.1149299727417226 -0.8173893857183349
 -8.604984384025338E-02 -0.8112396025924791
 -5.641613942250073E-02 -0.8033441344955377
 -2.626968251030704E-02 -0.7942314296311966
 4.789895406082545E-03 -0.7830194878011679
 3.639802133717801E-02 -0.7705907456762602
 6.878472213744585E-02 -0.7564032183337663
 0.1018993667039017 -0.7405559804755184
 0.1356707910261505 -0.7232553435694629
 0.1701160649387945 -0.7045143573720251
 0.2052353474011864 -0.6843131195116307
 0.2409378642354608 -0.6627931635068049
 0.2771040472837816 -0.6401771322415211
 0.3136309330445120 -0.6166195961545371
 0.3503731118067021 -0.5922438757946802
 0.3870997277363636 -0.5672491593798423
 0.4235501393428647 -0.5418730246969206
 0.4594891380229332 -0.5162768723966292
 0.4946818333141443 -0.4905451322686638
 0.5288703125742509 -0.4647696383168663
 0.5618249306954776 -0.4390543306573402
 0.5933916344747096 -0.4134444977016365
 0.6234580163050917 -0.3879233243076076
 0.6519091462922355 -0.3624858666965438
 0.6786553263046937 -0.3371612101703657
 0.7036700053559009 -0.3119569221182921
 0.7269542421984572 -0.2868396357410079
 0.7484853871294279 -0.2617886925086326
 0.7682401103614425 -0.2368227914381353
 0.7862408028555541 -0.2119546137700755
 0.8025289064296388 -0.1871618230658633
 0.8171093825887343 -0.1624267695821999
 0.8299699951022874 -0.1377679700027619
 0.8411383706823712 -0.1132056762756825
 0.8506644106805428 -8.872813328485929E-02
 0.8585563771384445 -6.432062567424707E-02
 0.8647926665873158 -4.000045157113780E-02
 0.8693909024304236 -1.579232620170495E-02
 0.8724011129275486 8.307953160276271E-03
 0.8738291319738765 3.231344591252466E-02
 0.8736362695557796 5.620908547382414E-02
 0.8718241643948127 7.996797166379743E-02
 0.8684436428612035 0.1035891214603858
 0.8634993744646637 0.1270847951261254
 0.8569296610912118 0.1504423569406188
 0.8487152297334690 0.1736341979599075
 0.8389151313065629 0.1966566944307324
 0.8275397657989410 0.2195225831265434
 0.8144921606502313 0.2422210624331431
 0.7997228360890731 0.2647248512109454
 0.7833275429465867 0.2870329948423943
 0.7653449591866965 0.3091624168085826
 0.7455790263212059 0.3310984505388961
 0.7239244981656088 0.3528142573244384
 0.7009594357998026 0.3743655024123207
 0.6757198203910495 0.3956579150037218
 0.6491521510082459 0.4168169839636143
 0.6206720415126260 0.4377709259301652
 0.5903906086643408 0.4585254304328842
 0.5585221054409217 0.4791220233649076
 0.5250692983456451 0.4995820125148518
 0.4900148719394556 0.5198955843597673
 0.4535267849338158 0.5400548929148777
 0.4158576358011365 0.5600677105599997
 0.3771927682188744 0.5799221535064323
 0.3377116857705978 0.5995539535249494
 0.2977023184301295 0.6188627777076517
 0.2575007353416134 0.6377416927958199
 0.2173643178703913 0.6560677024891890
 0.1774836295903883 0.6736796005750402
 0.1380671574029862 0.6903999451551510
 9.931973864309068E-02 0.7060818277903853
 6.135762082715940E-02 0.7206144786990866
 2.422244541835177E-02 0.7338921424670659
 -1.203260407409123E-02 0.7458128149967739
 -4.733748997410599E-02 0.7563133580786653
 -8.167238323710588E-02 0.7653745615784883
 -0.1150667097352409 0.7729806590032334
 -0.1475270354287252 0.7791017058698310
 -0.1790255016001522 0.7837268474982375
 -0.2095623214535727 0.7868818156498202
 -0.2391775598211735 0.7885913317723435
 -0.2678889825815406 0.7888508677835621
 -0.2956744357009395 0.7876590851388080
 -0.3225301938338472 0.7850500352466266
 -0.3484913878852117 0.7810610563870983
 -0.3735748927480147 0.7756919460201497
 -0.3977549260702035 0.7689326440566705
 -0.4210188955396847 0.7608107704246776
 -0.4433954549540248 0.7513675495049358
 -0.4648988310309990 0.7406015039000196
 -0.4854966307217124 0.7284866603658626
 -0.5051663771473691 0.7150378881671497
 -0.5239326321710076 0.7002996957427097
 -0.5418083482462973 0.6842699968753079
 -0.5587517334613880 0.6669016772910694
 -0.5747292412657506 0.6481918505479763
 -0.5897672588545695 0.6281934681152753
 -0.6038820165914383 0.6069091682604359
 -0.6170156737238742 0.5842603710898049
 -0.6291198642062711 0.5602178664342033
 -0.6402416367311345 0.5348650542545929
 -0.6504149864449740 0.5082269689097523
 -0.6595291824809525 0.4801411520535829
 -0.6675083587431080 0.4505298771710992
 -0.6746897532894955 0.4198659272188759
   
   
 #BODY NUMBER  6
 0.6746896407276574 -0.4198655841081345
 0.6805096244658062 -0.3873612083492749
 0.6855501050610947 -0.3537733756434099
 0.6894567252267277 -0.3186318849595817
 0.6922899716743353 -0.2820301228278649
 0.6941929338560581 -0.2441328765019226
 0.6951854481758304 -0.2049318897089743
 0.6952503574983225 -0.1644170755482691
 0.6944648446754220 -0.1227378155459958
 0.6929619374008726 -8.010898178987880E-02
 0.6908240126425190 -3.669702919213175E-02
 0.6880851608232458 7.310453796765870E-03
 0.6848024527473633 5.161394739239311E-02
 0.6810513133429914 9.586894295158352E-02
 0.6768539137746591 0.1397910468014548
 0.6721659269468381 0.1831346264941914
 0.6669379282136969 0.2256304092831949
 0.6611451118863106 0.2670275490104052
 0.6547496749370150 0.3071699890098090
 0.6476808539889429 0.3459687895712066
 0.6398769050975577 0.3833268899917636
 0.6313181696548154 0.4191520657642826
 0.6219979269189768 0.4534175382225014
 0.6118878104080933 0.4861409066096551
 0.6009586046717863 0.5173128839817185
 0.5892148385822757 0.5469039157796918
 0.5766786897064344 0.5749270519465809
 0.5633515347953812 0.6014293500674724
 0.5492205692414130 0.6264239315746841
 0.5342957106439655 0.6498909409812874
 0.5186083108953731 0.6718441775740133
 0.5021731402902794 0.6923327347297205
 0.4849815858213702 0.7113711252624861
 0.4670378262386622 0.7289319908556706
 0.4483720771694428 0.7450182361151714
 0.4290057129962982 0.7596752881834247
 0.4089303407843509 0.7729147291429874
 0.3881396634589125 0.7846955191481736
 0.3666577965670800 0.7950056272098094
 0.3445110045803585 0.8038885787732670
 0.3216910044542813 0.8113545479939210
 0.2981778898483355 0.8173437849101094
 0.2739859342337889 0.8218257940858924
 0.2491478013073941 0.8248499032812131
 0.2236576605766633 0.8264314877420897
 0.1974763800105721 0.8264811661763601
 0.1706028457390538 0.8249424473861093
 0.1430857598898007 0.8218977768158755
 0.1149298051441238 0.8173891125071919
 8.604965346028365E-02 0.8112393297301668
 5.641592445685467E-02 0.8033438631802657
 2.626944164860767E-02 0.7942311605944146
 -4.790165361794219E-03 0.7830192264818340
 -3.639832204077931E-02 0.7705904943717038
 -6.878505578264527E-02 0.7564029813361646
 -0.1018997348357911 0.7405557636691162
 -0.1356711939783950 0.7232551540979582
 -0.1701165015543927 0.7045142033160267
 -0.2052358145084150 0.6843130093578946
 -0.2409383560698700 0.6627931052971276
 -0.2771045553990963 0.6401771325397770
 -0.3136314467974542 0.6166196590887896
 -0.3503736191128145 0.5922440023416489
 -0.3871002160050876 0.5672493469569126
 -0.4235505967015281 0.5418732671599946
 -0.4594895546390088 0.5162771605790494
 -0.4946822023299635 0.4905454550471813
 -0.5288706304123754 0.4647699839388264
 -0.5618251968964604 0.4390546879762474
 -0.5933918512311889 0.4134448571101539
 -0.6234581876796892 0.3879236783136211
 -0.6519092772353290 0.3624862101135676
 -0.6786554218280021 0.3371615399096230
 -0.7036700700815763 0.3119572367018401
 -0.7269542801468062 0.2868399347746175
 -0.7484854015690532 0.2617889762777574
 -0.7682401037855362 0.2368230606091523
 -0.7862407771618518 0.2119548691336054
 -0.8025288631376859 0.1871620653600171
 -0.8171093229029079 0.1624269994566720
 -0.8299699199011509 0.1377681880600902
 -0.8411382806114455 0.1132058830621245
 -0.8506643062926305 8.872832922472851E-02
 -0.8585562589067202 6.432081105772641E-02
 -0.8647925348315080 4.000062662310866E-02
 -0.8693907573431330 1.579249111874853E-02
 -0.8724009546922592 -8.307798268262223E-03
 -0.8738289607891713 -3.231330107401814E-02
 -0.8736360855475931 -5.620895080232591E-02
 -0.8718239675988161 -7.996784728218664E-02
 -0.8684434333199964 -0.1035890075367459
 -0.8634991522659168 -0.1270846919706199
 -0.8569294262816466 -0.1504422649995580
 -0.8487149822805964 -0.1736341177168725
 -0.8389148712043648 -0.1966566264113654
 -0.8275394931603492 -0.2195225280606570
 -0.8144918756634021 -0.2422210213516350
 -0.7997225389660053 -0.2647248253251162
 -0.7833272339814015 -0.2870329854235698
 -0.7653446387801067 -0.3091624253467893
 -0.7455786948255270 -0.3310984789816302
 -0.7239241557168679 -0.3528143078325129
 -0.7009590823762650 -0.3743655764862801
 -0.6757194591040120 -0.3956580181325591
 -0.6491517830203154 -0.4168171187282939
 -0.6206716694440825 -0.4377710963765828
 -0.5903902368385442 -0.4585256408412514
 -0.5585217398776631 -0.4791222775960355
 -0.5250689466214378 -0.4995823136070524
 -0.4900145429899076 -0.5198959338096256
 -0.4535264886055519 -0.5400552897511319
 -0.4158573820017764 -0.5600681507498982
 -0.3771925658450647 -0.5799226298966578
 -0.3377115417104312 -0.5995544561384147
 -0.2977022367422756 -0.6188632943493058
 -0.2575007166414633 -0.6377422101115782
 -0.2173643591356503 -0.6560682073805042
 -0.1774837246168746 -0.6736800815413727
 -0.1380672978013215 -0.6904003932220213
 -9.931991498985017E-02 -0.7060822369866526
 -6.135782370582614E-02 -0.7206148461199628
 -2.422266630925383E-02 -0.7338924678848278
 1.203237213777124E-02 -0.7458131001053312
 4.733725217318671E-02 -0.7563136056739056
 8.167214316259945E-02 -0.7653747749243415
 0.1150664697387130 -0.7729808413842726
 0.1475267968972670 -0.7791018602594758
 0.1790252652032604 -0.7837269763888441
 0.2095620874554175 -0.7868819210801863
 0.2391773283423047 -0.7885914154274896
 0.2678887536614948 -0.7888509310313561
 0.2956742092571854 -0.7876591290413776
 0.3225299697160724 -0.7850500606361378
 0.3484911660023511 -0.7810610639544490
 0.3735746730853500 -0.7756919363202126
 0.3977547085928458 -0.7689326174787793
 0.4210186801736902 -0.7608107272339200
 0.4433952416959611 -0.7513674899151624
 0.4648986200048204 -0.7406014280689693
 0.4854964220886805 -0.7284865683458477
 0.5051661710317361 -0.7150377799276227
 0.5239324287396379 -0.7002995712365212
 0.5418081478116356 -0.6842698560233011
 0.5587515364333111 -0.6669015199105514
 0.5747290480468075 -0.6481916763690200
 0.5897670698969707 -0.6281932768698476
 0.6038818325836860 -0.6069089596814327
 0.6170154956528300 -0.5842601448247251
 0.6291196932269515 -0.5602176220609931
 0.6402414740916007 -0.5348647913923057
 0.6504148336359830 -0.5082266871604026
 0.6595290413652433 -0.4801408507485366
 0.6675082312600131 -0.4505295553477529
 0.6746896407276574 -0.4198655841081345
 0.6805096244658062 -0.3873612083492749
 0.6855501050610947 -0.3537733756434099
 0.6894567252267277 -0.3186318849595817
 0.6922899716743353 -0.2820301228278649
 0.6941929338560581 -0.2441328765019226
 0.6951854481758304 -0.2049318897089743
 0.6952503574983225 -0.1644170755482691
 0.6944648446754220 -0.1227378155459958
 0.6929619374008726 -8.010898178987880E-02
 0.6908240126425190 -3.669702919213175E-02
 0.6880851608232458 7.310453796765870E-03
 0.6848024527473633 5.161394739239311E-02
 0.6810513133429914 9.586894295158352E-02
 0.6768539137746591 0.1397910468014548
 0.6721659269468381 0.1831346264941914
 0.6669379282136969 0.2256304092831949
 0.6611451118863106 0.2670275490104052
 0.6547496749370150 0.3071699890098090
 0.6476808539889429 0.3459687895712066
 0.6398769050975577 0.3833268899917636
 0.6313181696548154 0.4191520657642826
 0.6219979269189768 0.4534175382225014
 0.6118878104080933 0.4861409066096551
 0.6009586046717863 0.5173128839817185
 0.5892148385822757 0.5469039157796918
 0.5766786897064344 0.5749270519465809
 0.5633515347953812 0.6014293500674724
 0.5492205692414130 0.6264239315746841
 0.5342957106439655 0.6498909409812874
 0.5186083108953731 0.6718441775740133
 0.5021731402902794 0.6923327347297205
 0.4849815858213702 0.7113711252624861
 0.4670378262386622 0.7289319908556706
 0.4483720771694428 0.7450182361151714
 0.4290057129962982 0.7596752881834247
 0.4089303407843509 0.7729147291429874
 0.3881396634589125 0.7846955191481736
 0.3666577965670800 0.7950056272098094
 0.3445110045803585 0.8038885787732670
 0.3216910044542813 0.8113545479939210
 0.2981778898483355 0.8173437849101094
 0.2739859342337889 0.8218257940858924
 0.2491478013073941 0.8248499032812131
 0.2236576605766633 0.8264314877420897
 0.1974763800105721 0.8264811661763601
 0.1706028457390538 0.8249424473861093
 0.1430857598898007 0.8218977768158755
 0.1149298051441238 0.8173891125071919
 8.604965346028365E-02 0.8112393297301668
 5.641592445685467E-02 0.8033438631802657
 2.626944164860767E-02 0.7942311605944146
 -4.790165361794219E-03 0.7830192264818340
 -3.639832204077931E-02 0.7705904943717038
 -6.878505578264527E-02 0.7564029813361646
 -0.1018997348357911 0.7405557636691162
 -0.1356711939783950 0.7232551540979582
 -0.1701165015543927 0.7045142033160267
 -0.2052358145084150 0.6843130093578946
 -0.2409383560698700 0.6627931052971276
 -0.2771045553990963 0.6401771325397770
 -0.3136314467974542 0.6166196590887896
 -0.3503736191128145 0.5922440023416489
 -0.3871002160050876 0.5672493469569126
 -0.4235505967015281 0.5418732671599946
 -0.4594895546390088 0.5162771605790494
 -0.4946822023299635 0.4905454550471813
 -0.5288706304123754 0.4647699839388264
 -0.5618251968964604 0.4390546879762474
 -0.5933918512311889 0.4134448571101539
 -0.6234581876796892 0.3879236783136211
 -0.6519092772353290 0.3624862101135676
 -0.6786554218280021 0.3371615399096230
 -0.7036700700815763 0.3119572367018401
 -0.7269542801468062 0.2868399347746175
 -0.7484854015690532 0.2617889762777574
 -0.7682401037855362 0.2368230606091523
 -0.7862407771618518 0.2119548691336054
 -0.8025288631376859 0.1871620653600171
 -0.8171093229029079 0.1624269994566720
 -0.8299699199011509 0.1377681880600902
 -0.8411382806114455 0.1132058830621245
 -0.8506643062926305 8.872832922472851E-02
 -0.8585562589067202 6.432081105772641E-02
 -0.8647925348315080 4.000062662310866E-02
 -0.8693907573431330 1.579249111874853E-02
 -0.8724009546922592 -8.307798268262223E-03
 -0.8738289607891713 -3.231330107401814E-02
 -0.8736360855475931 -5.620895080232591E-02
 -0.8718239675988161 -7.996784728218664E-02
 -0.8684434333199964 -0.1035890075367459
 -0.8634991522659168 -0.1270846919706199
 -0.8569294262816466 -0.1504422649995580
 -0.8487149822805964 -0.1736341177168725
 -0.8389148712043648 -0.1966566264113654
 -0.8275394931603492 -0.2195225280606570
 -0.8144918756634021 -0.2422210213516350
 -0.7997225389660053 -0.2647248253251162
 -0.7833272339814015 -0.2870329854235698
 -0.7653446387801067 -0.3091624253467893
 -0.7455786948255270 -0.3310984789816302
 -0.7239241557168679 -0.3528143078325129
 -0.7009590823762650 -0.3743655764862801
 -0.6757194591040120 -0.3956580181325591
 -0.6491517830203154 -0.4168171187282939
 -0.6206716694440825 -0.4377710963765828
 -0.5903902368385442 -0.4585256408412514
 -0.5585217398776631 -0.4791222775960355
 -0.5250689466214378 -0.4995823136070524
 -0.4900145429899076 -0.5198959338096256
 -0.4535264886055519 -0.5400552897511319
 -0.4158573820017764 -0.5600681507498982
 -0.3771925658450647 -0.5799226298966578
 -0.3377115417104312 -0.5995544561384147
 -0.2977022367422756 -0.6188632943493058
 -0.2575007166414633 -0.6377422101115782
 -0.2173643591356503 -0.6560682073805042
 -0.1774837246168746 -0.6736800815413727
 -0.1380672978013215 -0.6904003932220213
 -9.931991498985017E-02 -0.7060822369866526
 -6.135782370582614E-02 -0.7206148461199628
 -2.422266630925383E-02 -0.7338924678848278
 1.203237213777124E-02 -0.7458131001053312
 4.733725217318671E-02 -0.7563136056739056
 8.167214316259945E-02 -0.7653747749243415
 0.1150664697387130 -0.7729808413842726
 0.1475267968972670 -0.7791018602594758
 0.1790252652032604 -0.7837269763888441
 0.2095620874554175 -0.7868819210801863
 0.2391773283423047 -0.7885914154274896
 0.2678887536614948 -0.7888509310313561
 0.2956742092571854 -0.7876591290413776
 0.3225299697160724 -0.7850500606361378
 0.3484911660023511 -0.7810610639544490
 0.3735746730853500 -0.7756919363202126
 0.3977547085928458 -0.7689326174787793
 0.4210186801736902 -0.7608107272339200
 0.4433952416959611 -0.7513674899151624
 0.4648986200048204 -0.7406014280689693
 0.4854964220886805 -0.7284865683458477
 0.5051661710317361 -0.7150377799276227
 0.5239324287396379 -0.7002995712365212
 0.5418081478116356 -0.6842698560233011
 0.5587515364333111 -0.6669015199105514
 0.5747290480468075 -0.6481916763690200
 0.5897670698969707 -0.6281932768698476
 0.6038818325836860 -0.6069089596814327
 0.6170154956528300 -0.5842601448247251
 0.6291196932269515 -0.5602176220609931
 0.6402414740916007 -0.5348647913923057
 0.6504148336359830 -0.5082266871604026
 0.6595290413652433 -0.4801408507485366
 0.6675082312600131 -0.4505295553477529
 0.6746896407276574 -0.4198655841081345
   
   
