 # action(x) =  20.31694428822016
 # |grad_action(x)| =  1.683961545292465E-13
 # PRINTSTEPS = 50
 #
 #BODY NUMBER  1
 -1.271077917822122 2.090939090587493
 -1.313652342293255 2.064266573884236
 -1.355813698100532 2.036940884779529
 -1.397353401639309 2.008672356645079
 -1.438269519482544 1.979514567020284
 -1.478607347414403 1.949571899888254
 -1.518345388854267 1.918832136780964
 -1.557426222875643 1.887250096248986
 -1.595830416240418 1.854852941250413
 -1.633572220305101 1.821697833299099
 -1.670643468203406 1.787791701226324
 -1.707004635208743 1.753113789479566
 -1.742629305019514 1.717681164319278
 -1.777521392826101 1.681538105735918
 -1.811679722083019 1.644700733505709
 -1.845075118317635 1.607159497405170
 -1.877678140317003 1.568926830324745
 -1.909486092573194 1.530040525711882
 -1.940502281016965 1.490522323300834
 -1.970706054504350 1.450370070883013
 -2.000066998746870 1.409593813131413
 -2.028576971907493 1.368227062622740
 -2.056242255618177 1.326295363299311
 -2.083050221122195 1.283802300804761
 -2.108970960933293 1.240756722723039
 -2.133991255190566 1.197188837996092
 -2.158119157661319 1.153126832741064
 -2.181350071504162 1.108579101639160
 -2.203655910756100 1.063554041061622
 -2.225018343836427 1.018079060825026
 -2.245446025481491 0.9721841247911748
 -2.264942736916966 0.9258818045418836
 -2.283483572849788 0.8791805663789672
 -2.301044683059848 0.8321053211295597
 -2.317633986668798 0.7846871044491518
 -2.333264420400761 0.7369421565014650
 -2.347915886973280 0.6888794016610652
 -2.361557995784780 0.6405214678259781
 -2.374196129656789 0.5918998571710005
 -2.385854049389354 0.5430340062854189
 -2.396518807152510 0.4939335891107222
 -2.406150986427498 0.4446191576375673
 -2.414750436916854 0.3951221611210596
 -2.422355935354726 0.3454647210860372
 -2.428966042872727 0.2956574505464756
 -2.434524922345318 0.2457191312818147
 -2.439020155289551 0.1956807674581853
 -2.442520737732387 0.1455664022541769
 -2.445048543005325 9.538756612112587E-02
 -2.446491225586236 4.516232027853762E-02
 -2.446804685661517 -5.078847615293647E-03
 -2.446345329125746 -5.531622172966166E-02
 -2.444533464313426 -0.1055230132247942
 -2.441949401276473 -0.1556986629642441
 -2.438237989553833 -0.2058073655617250
 -2.433444661942177 -0.2558206578506023
 -2.427682465514707 -0.3057255751390922
 -2.420930070477413 -0.3555096100762993
 -2.413119638084056 -0.4051456254058828
 -2.404264975527339 -0.4546032099709151
 -2.394422711808626 -0.5038661250512430
 -2.383594764038686 -0.5529238335175527
 -2.371743395018469 -0.6017524837288030
 -2.358870176412271 -0.6503206653665082
 -2.345015413411907 -0.6986096290897695
 -2.330192477880342 -0.7466102960921983
 -2.314378511845114 -0.7943021756510930
 -2.297569561898717 -0.8416535544829016
 -2.279797010372773 -0.8886432014855576
 -2.261081337394796 -0.9352631098119518
 -2.241410353525491 -0.9814964711510898
 -2.220777550562604 -1.027311923620010
 -2.199207880330392 -1.072685659892659
 -2.176726605347794 -1.117610348050730
 -2.153330516494924 -1.162073258448261
 -2.129012322261113 -1.206044066650419
 -2.103791574427064 -1.249496219450854
 -2.077696709769903 -1.292422598558072
 -2.050732699876119 -1.334815025650054
 -2.022892773235008 -1.376644979383735
 -1.994191501653684 -1.417882879236241
 -1.964659161965840 -1.458521238498210
 -1.934308532093529 -1.498557046016233
 -1.903134491422666 -1.537964500022913
 -1.871146688252328 -1.576710490208188
 -1.838375959809416 -1.614786356904835
 -1.804842838850336 -1.652195183562728
 -1.770545005468947 -1.688915103237427
 -1.735486860698985 -1.724908482946920
 -1.699698377634864 -1.760164233263997
 -1.663208269256691 -1.794693213350465
 -1.626018439528569 -1.828479373085915
 -1.588126978737125 -1.861478300768439
 -1.549561047587478 -1.893674141609059
 -1.510359192249182 -1.925089416482210
 -1.470529884427760 -1.955717572784327
 -1.430061471058562 -1.985500863256495
 -1.388974593295609 -2.014413031093942
 -1.347324571155827 -2.042501807019485
 -1.305132326968738 -2.069780368668193
 -1.262357329448194 -2.096142391354153
 -1.219003931773978 -2.121534439689334
 -1.175267411303622 -2.146255312317152
 -1.130881122020170 -2.169789587109026
 -1.086135703175940 -2.192639547743770
 -1.040884587914524 -2.214479722206800
 -0.9951751424596327 -2.235335224870883
 -0.9490751181003051 -2.255297475027344
 -0.9025846816231464 -2.274341746857262
 -0.8556934152084154 -2.292395721654866
 -0.8084345592869234 -2.309456151221326
 -0.7608504915035282 -2.325563958350341
 -0.7129512958352833 -2.340715534743877
 -0.6647387598097289 -2.354866273208367
 -0.6162408713927615 -2.368001829685783
 -0.5674940205858104 -2.380147734825687
 -0.5185127557973286 -2.391311029597905
 -0.4693033935274855 -2.401461673056262
 -0.4198914215817212 -2.410580384807645
 -0.3703109177995871 -2.418683727197438
 -0.3205790563778403 -2.425785433112787
 -0.2707042990211504 -2.431866542034104
 -0.2207105518157437 -2.436905736751425
 -0.1706309084229097 -2.440912722515400
 -0.1204843497296272 -2.443905711350042
 -7.028029537274005E-02 -2.445875559253023
 -2.004136132783450E-02 -2.446800789373458
 3.019968076348869E-02 -2.446685057446947
 8.042244789140132E-02 -2.445549431299140
 0.1306173716280278 -2.443394127289218
 0.1807631375210770 -2.440199020445360
 0.2308268421827267 -2.435961940061270
 0.2807868635156328 -2.430705363289392
 0.3306342048234188 -2.424438850558122
 0.3803490814271023 -2.417145066401887
 0.4298979948075004 -2.408815811337755
 0.4792580268593618 -2.399473461353994
 0.5284215815504041 -2.389137340064201
 0.5773708815043110 -2.377794504898501
 0.6260711350857717 -2.365429950772908
 0.6744977520219005 -2.352064090435009
 0.7226457801326370 -2.337727219635898
 0.7705003676239153 -2.322412962196650
 0.8180240076903472 -2.306097458406019
 0.8651893893293486 -2.288796302730135
 0.9119967431055149 -2.270554137568263
 0.9584361584449388 -2.251375023330819
 1.004463451286725 -2.231219994538328
 1.050045561993910 -2.210093798552147
 1.095196166576529 -2.188068209273683
 1.139916216036553 -2.165167934789341
 1.184133896138008 -2.141304711632714
 1.227800753887504 -2.116455592074064
 1.271077917822122 -2.090939090587493
 1.313652342293255 -2.064266573884236
 1.355813698100532 -2.036940884779529
 1.397353401639309 -2.008672356645079
 1.438269519482544 -1.979514567020284
 1.478607347414403 -1.949571899888254
 1.518345388854267 -1.918832136780964
 1.557426222875643 -1.887250096248986
 1.595830416240418 -1.854852941250413
 1.633572220305101 -1.821697833299099
 1.670643468203406 -1.787791701226324
 1.707004635208743 -1.753113789479566
 1.742629305019514 -1.717681164319278
 1.777521392826101 -1.681538105735918
 1.811679722083019 -1.644700733505709
 1.845075118317635 -1.607159497405170
 1.877678140317003 -1.568926830324745
 1.909486092573194 -1.530040525711882
 1.940502281016965 -1.490522323300834
 1.970706054504350 -1.450370070883013
 2.000066998746870 -1.409593813131413
 2.028576971907493 -1.368227062622740
 2.056242255618177 -1.326295363299311
 2.083050221122195 -1.283802300804761
 2.108970960933293 -1.240756722723039
 2.133991255190566 -1.197188837996092
 2.158119157661319 -1.153126832741064
 2.181350071504162 -1.108579101639160
 2.203655910756100 -1.063554041061622
 2.225018343836427 -1.018079060825026
 2.245446025481491 -0.9721841247911748
 2.264942736916966 -0.9258818045418836
 2.283483572849788 -0.8791805663789672
 2.301044683059848 -0.8321053211295597
 2.317633986668798 -0.7846871044491518
 2.333264420400761 -0.7369421565014650
 2.347915886973280 -0.6888794016610652
 2.361557995784780 -0.6405214678259781
 2.374196129656789 -0.5918998571710005
 2.385854049389354 -0.5430340062854189
 2.396518807152510 -0.4939335891107222
 2.406150986427498 -0.4446191576375673
 2.414750436916854 -0.3951221611210596
 2.422355935354726 -0.3454647210860372
 2.428966042872727 -0.2956574505464756
 2.434524922345318 -0.2457191312818147
 2.439020155289551 -0.1956807674581853
 2.442520737732387 -0.1455664022541769
 2.445048543005325 -9.538756612112587E-02
 2.446491225586236 -4.516232027853762E-02
 2.446804685661517 5.078847615293647E-03
 2.446345329125746 5.531622172966166E-02
 2.444533464313426 0.1055230132247942
 2.441949401276473 0.1556986629642441
 2.438237989553833 0.2058073655617250
 2.433444661942177 0.2558206578506023
 2.427682465514707 0.3057255751390922
 2.420930070477413 0.3555096100762993
 2.413119638084056 0.4051456254058828
 2.404264975527339 0.4546032099709151
 2.394422711808626 0.5038661250512430
 2.383594764038686 0.5529238335175527
 2.371743395018469 0.6017524837288030
 2.358870176412271 0.6503206653665082
 2.345015413411907 0.6986096290897695
 2.330192477880342 0.7466102960921983
 2.314378511845114 0.7943021756510930
 2.297569561898717 0.8416535544829016
 2.279797010372773 0.8886432014855576
 2.261081337394796 0.9352631098119518
 2.241410353525491 0.9814964711510898
 2.220777550562604 1.027311923620010
 2.199207880330392 1.072685659892659
 2.176726605347794 1.117610348050730
 2.153330516494924 1.162073258448261
 2.129012322261113 1.206044066650419
 2.103791574427064 1.249496219450854
 2.077696709769903 1.292422598558072
 2.050732699876119 1.334815025650054
 2.022892773235008 1.376644979383735
 1.994191501653684 1.417882879236241
 1.964659161965840 1.458521238498210
 1.934308532093529 1.498557046016233
 1.903134491422666 1.537964500022913
 1.871146688252328 1.576710490208188
 1.838375959809416 1.614786356904835
 1.804842838850336 1.652195183562728
 1.770545005468947 1.688915103237427
 1.735486860698985 1.724908482946920
 1.699698377634864 1.760164233263997
 1.663208269256691 1.794693213350465
 1.626018439528569 1.828479373085915
 1.588126978737125 1.861478300768439
 1.549561047587478 1.893674141609059
 1.510359192249182 1.925089416482210
 1.470529884427760 1.955717572784327
 1.430061471058562 1.985500863256495
 1.388974593295609 2.014413031093942
 1.347324571155827 2.042501807019485
 1.305132326968738 2.069780368668193
 1.262357329448194 2.096142391354153
 1.219003931773978 2.121534439689334
 1.175267411303622 2.146255312317152
 1.130881122020170 2.169789587109026
 1.086135703175940 2.192639547743770
 1.040884587914524 2.214479722206800
 0.9951751424596327 2.235335224870883
 0.9490751181003051 2.255297475027344
 0.9025846816231464 2.274341746857262
 0.8556934152084154 2.292395721654866
 0.8084345592869234 2.309456151221326
 0.7608504915035282 2.325563958350341
 0.7129512958352833 2.340715534743877
 0.6647387598097289 2.354866273208367
 0.6162408713927615 2.368001829685783
 0.5674940205858104 2.380147734825687
 0.5185127557973286 2.391311029597905
 0.4693033935274855 2.401461673056262
 0.4198914215817212 2.410580384807645
 0.3703109177995871 2.418683727197438
 0.3205790563778403 2.425785433112787
 0.2707042990211504 2.431866542034104
 0.2207105518157437 2.436905736751425
 0.1706309084229097 2.440912722515400
 0.1204843497296272 2.443905711350042
 7.028029537274005E-02 2.445875559253023
 2.004136132783450E-02 2.446800789373458
 -3.019968076348869E-02 2.446685057446947
 -8.042244789140132E-02 2.445549431299140
 -0.1306173716280278 2.443394127289218
 -0.1807631375210770 2.440199020445360
 -0.2308268421827267 2.435961940061270
 -0.2807868635156328 2.430705363289392
 -0.3306342048234188 2.424438850558122
 -0.3803490814271023 2.417145066401887
 -0.4298979948075004 2.408815811337755
 -0.4792580268593618 2.399473461353994
 -0.5284215815504041 2.389137340064201
 -0.5773708815043110 2.377794504898501
 -0.6260711350857717 2.365429950772908
 -0.6744977520219005 2.352064090435009
 -0.7226457801326370 2.337727219635898
 -0.7705003676239153 2.322412962196650
 -0.8180240076903472 2.306097458406019
 -0.8651893893293486 2.288796302730135
 -0.9119967431055149 2.270554137568263
 -0.9584361584449388 2.251375023330819
 -1.004463451286725 2.231219994538328
 -1.050045561993910 2.210093798552147
 -1.095196166576529 2.188068209273683
 -1.139916216036553 2.165167934789341
 -1.184133896138008 2.141304711632714
 -1.227800753887504 2.116455592074064
 -1.271077917822122 2.090939090587493
   
   
 #BODY NUMBER  2
 -1.175267411303613 -2.146255312317131
 -1.130881122020160 -2.169789587109005
 -1.086135703175930 -2.192639547743747
 -1.040884587914512 -2.214479722206779
 -0.9951751424596198 -2.235335224870862
 -0.9490751181002913 -2.255297475027322
 -0.9025846816231311 -2.274341746857241
 -0.8556934152083990 -2.292395721654844
 -0.8084345592869059 -2.309456151221305
 -0.7608504915035099 -2.325563958350318
 -0.7129512958352648 -2.340715534743854
 -0.6647387598097088 -2.354866273208346
 -0.6162408713927402 -2.368001829685761
 -0.5674940205857884 -2.380147734825663
 -0.5185127557973053 -2.391311029597884
 -0.4693033935274610 -2.401461673056239
 -0.4198914215816955 -2.410580384807623
 -0.3703109177995603 -2.418683727197416
 -0.3205790563778124 -2.425785433112762
 -0.2707042990211210 -2.431866542034079
 -0.2207105518157142 -2.436905736751401
 -0.1706309084228792 -2.440912722515376
 -0.1204843497295962 -2.443905711350019
 -7.028029537270775E-02 -2.445875559253000
 -2.004136132780077E-02 -2.446800789373436
 3.019968076352364E-02 -2.446685057446925
 8.042244789143682E-02 -2.445549431299116
 0.1306173716280649 -2.443394127289195
 0.1807631375211156 -2.440199020445338
 0.2308268421827658 -2.435961940061248
 0.2807868635156723 -2.430705363289369
 0.3306342048234594 -2.424438850558100
 0.3803490814271424 -2.417145066401864
 0.4298979948075420 -2.408815811337732
 0.4792580268594047 -2.399473461353972
 0.5284215815504483 -2.389137340064179
 0.5773708815043559 -2.377794504898479
 0.6260711350858176 -2.365429950772886
 0.6744977520219477 -2.352064090434987
 0.7226457801326833 -2.337727219635875
 0.7705003676239628 -2.322412962196629
 0.8180240076903954 -2.306097458405999
 0.8651893893293969 -2.288796302730113
 0.9119967431055638 -2.270554137568242
 0.9584361584449890 -2.251375023330798
 1.004463451286776 -2.231219994538307
 1.050045561993962 -2.210093798552128
 1.095196166576581 -2.188068209273663
 1.139916216036607 -2.165167934789322
 1.184133896138063 -2.141304711632694
 1.227800753887559 -2.116455592074045
 1.271077917822147 -2.090939090587487
 1.313652342293280 -2.064266573884230
 1.355813698100557 -2.036940884779524
 1.397353401639334 -2.008672356645074
 1.438269519482569 -1.979514567020281
 1.478607347414428 -1.949571899888253
 1.518345388854293 -1.918832136780966
 1.557426222875668 -1.887250096248986
 1.595830416240442 -1.854852941250415
 1.633572220305127 -1.821697833299102
 1.670643468203433 -1.787791701226328
 1.707004635208768 -1.753113789479571
 1.742629305019539 -1.717681164319282
 1.777521392826127 -1.681538105735924
 1.811679722083043 -1.644700733505716
 1.845075118317660 -1.607159497405179
 1.877678140317028 -1.568926830324755
 1.909486092573219 -1.530040525711893
 1.940502281016990 -1.490522323300847
 1.970706054504376 -1.450370070883027
 2.000066998746896 -1.409593813131428
 2.028576971907518 -1.368227062622756
 2.056242255618203 -1.326295363299327
 2.083050221122219 -1.283802300804778
 2.108970960933315 -1.240756722723057
 2.133991255190589 -1.197188837996112
 2.158119157661343 -1.153126832741086
 2.181350071504185 -1.108579101639184
 2.203655910756123 -1.063554041061648
 2.225018343836449 -1.018079060825052
 2.245446025481512 -0.9721841247912039
 2.264942736916987 -0.9258818045419128
 2.283483572849809 -0.8791805663789969
 2.301044683059870 -0.8321053211295915
 2.317633986668818 -0.7846871044491850
 2.333264420400782 -0.7369421565015002
 2.347915886973300 -0.6888794016611025
 2.361557995784798 -0.6405214678260168
 2.374196129656807 -0.5918998571710419
 2.385854049389370 -0.5430340062854614
 2.396518807152526 -0.4939335891107656
 2.406150986427514 -0.4446191576376120
 2.414750436916870 -0.3951221611211064
 2.422355935354740 -0.3454647210860848
 2.428966042872741 -0.2956574505465249
 2.434524922345331 -0.2457191312818671
 2.439020155289562 -0.1956807674582396
 2.442520737732399 -0.1455664022542337
 2.445048543005335 -9.538756612118571E-02
 2.446491225586246 -4.516232027859801E-02
 2.446804685661526 5.078847615231474E-03
 2.446345329125762 5.531622172964035E-02
 2.444533464313443 0.1055230132247721
 2.441949401276490 0.1556986629642219
 2.438237989553849 0.2058073655617020
 2.433444661942192 0.2558206578505787
 2.427682465514722 0.3057255751390684
 2.420930070477425 0.3555096100762748
 2.413119638084070 0.4051456254058588
 2.404264975527352 0.4546032099708900
 2.394422711808640 0.5038661250512179
 2.383594764038699 0.5529238335175278
 2.371743395018480 0.6017524837287770
 2.358870176412285 0.6503206653664815
 2.345015413411919 0.6986096290897429
 2.330192477880353 0.7466102960921711
 2.314378511845125 0.7943021756510654
 2.297569561898729 0.8416535544828738
 2.279797010372785 0.8886432014855298
 2.261081337394807 0.9352631098119243
 2.241410353525501 0.9814964711510613
 2.220777550562614 1.027311923619982
 2.199207880330402 1.072685659892630
 2.176726605347803 1.117610348050702
 2.153330516494933 1.162073258448232
 2.129012322261123 1.206044066650391
 2.103791574427071 1.249496219450825
 2.077696709769910 1.292422598558045
 2.050732699876125 1.334815025650026
 2.022892773235013 1.376644979383706
 1.994191501653688 1.417882879236211
 1.964659161965844 1.458521238498183
 1.934308532093532 1.498557046016205
 1.903134491422670 1.537964500022886
 1.871146688252331 1.576710490208161
 1.838375959809418 1.614786356904808
 1.804842838850337 1.652195183562701
 1.770545005468947 1.688915103237401
 1.735486860698984 1.724908482946895
 1.699698377634862 1.760164233263972
 1.663208269256688 1.794693213350444
 1.626018439528565 1.828479373085892
 1.588126978737120 1.861478300768416
 1.549561047587473 1.893674141609039
 1.510359192249177 1.925089416482189
 1.470529884427753 1.955717572784306
 1.430061471058554 1.985500863256475
 1.388974593295599 2.014413031093925
 1.347324571155815 2.042501807019467
 1.305132326968725 2.069780368668177
 1.262357329448181 2.096142391354137
 1.219003931773964 2.121534439689319
 1.175267411303613 2.146255312317131
 1.130881122020160 2.169789587109005
 1.086135703175930 2.192639547743747
 1.040884587914512 2.214479722206779
 0.9951751424596198 2.235335224870862
 0.9490751181002913 2.255297475027322
 0.9025846816231311 2.274341746857241
 0.8556934152083990 2.292395721654844
 0.8084345592869059 2.309456151221305
 0.7608504915035099 2.325563958350318
 0.7129512958352648 2.340715534743854
 0.6647387598097088 2.354866273208346
 0.6162408713927402 2.368001829685761
 0.5674940205857884 2.380147734825663
 0.5185127557973053 2.391311029597884
 0.4693033935274610 2.401461673056239
 0.4198914215816955 2.410580384807623
 0.3703109177995603 2.418683727197416
 0.3205790563778124 2.425785433112762
 0.2707042990211210 2.431866542034079
 0.2207105518157142 2.436905736751401
 0.1706309084228792 2.440912722515376
 0.1204843497295962 2.443905711350019
 7.028029537270775E-02 2.445875559253000
 2.004136132780077E-02 2.446800789373436
 -3.019968076352364E-02 2.446685057446925
 -8.042244789143682E-02 2.445549431299116
 -0.1306173716280649 2.443394127289195
 -0.1807631375211156 2.440199020445338
 -0.2308268421827658 2.435961940061248
 -0.2807868635156723 2.430705363289369
 -0.3306342048234594 2.424438850558100
 -0.3803490814271424 2.417145066401864
 -0.4298979948075420 2.408815811337732
 -0.4792580268594047 2.399473461353972
 -0.5284215815504483 2.389137340064179
 -0.5773708815043559 2.377794504898479
 -0.6260711350858176 2.365429950772886
 -0.6744977520219477 2.352064090434987
 -0.7226457801326833 2.337727219635875
 -0.7705003676239628 2.322412962196629
 -0.8180240076903954 2.306097458405999
 -0.8651893893293969 2.288796302730113
 -0.9119967431055638 2.270554137568242
 -0.9584361584449890 2.251375023330798
 -1.004463451286776 2.231219994538307
 -1.050045561993962 2.210093798552128
 -1.095196166576581 2.188068209273663
 -1.139916216036607 2.165167934789322
 -1.184133896138063 2.141304711632694
 -1.227800753887559 2.116455592074045
 -1.271077917822147 2.090939090587487
 -1.313652342293280 2.064266573884230
 -1.355813698100557 2.036940884779524
 -1.397353401639334 2.008672356645074
 -1.438269519482569 1.979514567020281
 -1.478607347414428 1.949571899888253
 -1.518345388854293 1.918832136780966
 -1.557426222875668 1.887250096248986
 -1.595830416240442 1.854852941250415
 -1.633572220305127 1.821697833299102
 -1.670643468203433 1.787791701226328
 -1.707004635208768 1.753113789479571
 -1.742629305019539 1.717681164319282
 -1.777521392826127 1.681538105735924
 -1.811679722083043 1.644700733505716
 -1.845075118317660 1.607159497405179
 -1.877678140317028 1.568926830324755
 -1.909486092573219 1.530040525711893
 -1.940502281016990 1.490522323300847
 -1.970706054504376 1.450370070883027
 -2.000066998746896 1.409593813131428
 -2.028576971907518 1.368227062622756
 -2.056242255618203 1.326295363299327
 -2.083050221122219 1.283802300804778
 -2.108970960933315 1.240756722723057
 -2.133991255190589 1.197188837996112
 -2.158119157661343 1.153126832741086
 -2.181350071504185 1.108579101639184
 -2.203655910756123 1.063554041061648
 -2.225018343836449 1.018079060825052
 -2.245446025481512 0.9721841247912039
 -2.264942736916987 0.9258818045419128
 -2.283483572849809 0.8791805663789969
 -2.301044683059870 0.8321053211295915
 -2.317633986668818 0.7846871044491850
 -2.333264420400782 0.7369421565015002
 -2.347915886973300 0.6888794016611025
 -2.361557995784798 0.6405214678260168
 -2.374196129656807 0.5918998571710419
 -2.385854049389370 0.5430340062854614
 -2.396518807152526 0.4939335891107656
 -2.406150986427514 0.4446191576376120
 -2.414750436916870 0.3951221611211064
 -2.422355935354740 0.3454647210860848
 -2.428966042872741 0.2956574505465249
 -2.434524922345331 0.2457191312818671
 -2.439020155289562 0.1956807674582396
 -2.442520737732399 0.1455664022542337
 -2.445048543005335 9.538756612118571E-02
 -2.446491225586246 4.516232027859801E-02
 -2.446804685661526 -5.078847615231474E-03
 -2.446345329125762 -5.531622172964035E-02
 -2.444533464313443 -0.1055230132247721
 -2.441949401276490 -0.1556986629642219
 -2.438237989553849 -0.2058073655617020
 -2.433444661942192 -0.2558206578505787
 -2.427682465514722 -0.3057255751390684
 -2.420930070477425 -0.3555096100762748
 -2.413119638084070 -0.4051456254058588
 -2.404264975527352 -0.4546032099708900
 -2.394422711808640 -0.5038661250512179
 -2.383594764038699 -0.5529238335175278
 -2.371743395018480 -0.6017524837287770
 -2.358870176412285 -0.6503206653664815
 -2.345015413411919 -0.6986096290897429
 -2.330192477880353 -0.7466102960921711
 -2.314378511845125 -0.7943021756510654
 -2.297569561898729 -0.8416535544828738
 -2.279797010372785 -0.8886432014855298
 -2.261081337394807 -0.9352631098119243
 -2.241410353525501 -0.9814964711510613
 -2.220777550562614 -1.027311923619982
 -2.199207880330402 -1.072685659892630
 -2.176726605347803 -1.117610348050702
 -2.153330516494933 -1.162073258448232
 -2.129012322261123 -1.206044066650391
 -2.103791574427071 -1.249496219450825
 -2.077696709769910 -1.292422598558045
 -2.050732699876125 -1.334815025650026
 -2.022892773235013 -1.376644979383706
 -1.994191501653688 -1.417882879236211
 -1.964659161965844 -1.458521238498183
 -1.934308532093532 -1.498557046016205
 -1.903134491422670 -1.537964500022886
 -1.871146688252331 -1.576710490208161
 -1.838375959809418 -1.614786356904808
 -1.804842838850337 -1.652195183562701
 -1.770545005468947 -1.688915103237401
 -1.735486860698984 -1.724908482946895
 -1.699698377634862 -1.760164233263972
 -1.663208269256688 -1.794693213350444
 -1.626018439528565 -1.828479373085892
 -1.588126978737120 -1.861478300768416
 -1.549561047587473 -1.893674141609039
 -1.510359192249177 -1.925089416482189
 -1.470529884427753 -1.955717572784306
 -1.430061471058554 -1.985500863256475
 -1.388974593295599 -2.014413031093925
 -1.347324571155815 -2.042501807019467
 -1.305132326968725 -2.069780368668177
 -1.262357329448181 -2.096142391354137
 -1.219003931773964 -2.121534439689319
 -1.175267411303613 -2.146255312317131
   
   
 #BODY NUMBER  3
 2.446345329125769 5.531622172966499E-02
 2.444533464313450 0.1055230132247964
 2.441949401276498 0.1556986629642461
 2.438237989553857 0.2058073655617256
 2.433444661942201 0.2558206578506018
 2.427682465514733 0.3057255751390914
 2.420930070477439 0.3555096100762969
 2.413119638084083 0.4051456254058801
 2.404264975527366 0.4546032099709103
 2.394422711808655 0.5038661250512387
 2.383594764038716 0.5529238335175486
 2.371743395018497 0.6017524837287963
 2.358870176412300 0.6503206653665008
 2.345015413411938 0.6986096290897625
 2.330192477880372 0.7466102960921892
 2.314378511845145 0.7943021756510830
 2.297569561898749 0.8416535544828906
 2.279797010372806 0.8886432014855457
 2.261081337394831 0.9352631098119399
 2.241410353525526 0.9814964711510766
 2.220777550562639 1.027311923619997
 2.199207880330427 1.072685659892644
 2.176726605347830 1.117610348050715
 2.153330516494959 1.162073258448245
 2.129012322261149 1.206044066650401
 2.103791574427100 1.249496219450835
 2.077696709769941 1.292422598558054
 2.050732699876157 1.334815025650034
 2.022892773235046 1.376644979383713
 1.994191501653722 1.417882879236218
 1.964659161965879 1.458521238498188
 1.934308532093568 1.498557046016209
 1.903134491422707 1.537964500022890
 1.871146688252369 1.576710490208163
 1.838375959809456 1.614786356904809
 1.804842838850377 1.652195183562701
 1.770545005468988 1.688915103237399
 1.735486860699027 1.724908482946891
 1.699698377634907 1.760164233263967
 1.663208269256733 1.794693213350437
 1.626018439528611 1.828479373085885
 1.588126978737167 1.861478300768407
 1.549561047587521 1.893674141609028
 1.510359192249225 1.925089416482178
 1.470529884427803 1.955717572784294
 1.430061471058606 1.985500863256461
 1.388974593295652 2.014413031093908
 1.347324571155870 2.042501807019449
 1.305132326968782 2.069780368668156
 1.262357329448238 2.096142391354116
 1.219003931774023 2.121534439689296
 1.175267411303640 2.146255312317134
 1.130881122020188 2.169789587109008
 1.086135703175958 2.192639547743751
 1.040884587914540 2.214479722206781
 0.9951751424596480 2.235335224870863
 0.9490751181003196 2.255297475027323
 0.9025846816231585 2.274341746857239
 0.8556934152084270 2.292395721654844
 0.8084345592869342 2.309456151221303
 0.7608504915035384 2.325563958350316
 0.7129512958352926 2.340715534743851
 0.6647387598097372 2.354866273208343
 0.6162408713927705 2.368001829685760
 0.5674940205858178 2.380147734825661
 0.5185127557973349 2.391311029597880
 0.4693033935274907 2.401461673056235
 0.4198914215817255 2.410580384807619
 0.3703109177995902 2.418683727197412
 0.3205790563778419 2.425785433112758
 0.2707042990211512 2.431866542034074
 0.2207105518157435 2.436905736751395
 0.1706309084229091 2.440912722515371
 0.1204843497296256 2.443905711350012
 7.028029537273750E-02 2.445875559252994
 2.004136132783074E-02 2.446800789373430
 -3.019968076349455E-02 2.446685057446917
 -8.042244789140929E-02 2.445549431299108
 -0.1306173716280374 2.443394127289186
 -0.1807631375210876 2.440199020445327
 -0.2308268421827383 2.435961940061237
 -0.2807868635156470 2.430705363289358
 -0.3306342048234334 2.424438850558089
 -0.3803490814271170 2.417145066401853
 -0.4298979948075171 2.408815811337721
 -0.4792580268593802 2.399473461353960
 -0.5284215815504243 2.389137340064166
 -0.5773708815043336 2.377794504898466
 -0.6260711350857959 2.365429950772873
 -0.6744977520219272 2.352064090434972
 -0.7226457801326654 2.337727219635862
 -0.7705003676239445 2.322412962196614
 -0.8180240076903779 2.306097458405983
 -0.8651893893293814 2.288796302730098
 -0.9119967431055489 2.270554137568226
 -0.9584361584449742 2.251375023330782
 -1.004463451286763 2.231219994538290
 -1.050045561993952 2.210093798552110
 -1.095196166576572 2.188068209273644
 -1.139916216036599 2.165167934789303
 -1.184133896138055 2.141304711632675
 -1.227800753887553 2.116455592074025
 -1.271077917822133 2.090939090587469
 -1.313652342293266 2.064266573884210
 -1.355813698100543 2.036940884779503
 -1.397353401639321 2.008672356645054
 -1.438269519482557 1.979514567020259
 -1.478607347414415 1.949571899888229
 -1.518345388854282 1.918832136780942
 -1.557426222875657 1.887250096248961
 -1.595830416240433 1.854852941250390
 -1.633572220305116 1.821697833299075
 -1.670643468203421 1.787791701226301
 -1.707004635208760 1.753113789479543
 -1.742629305019531 1.717681164319253
 -1.777521392826118 1.681538105735894
 -1.811679722083036 1.644700733505685
 -1.845075118317653 1.607159497405146
 -1.877678140317021 1.568926830324721
 -1.909486092573213 1.530040525711858
 -1.940502281016983 1.490522323300811
 -1.970706054504370 1.450370070882990
 -2.000066998746890 1.409593813131391
 -2.028576971907513 1.368227062622718
 -2.056242255618198 1.326295363299289
 -2.083050221122216 1.283802300804739
 -2.108970960933313 1.240756722723017
 -2.133991255190588 1.197188837996071
 -2.158119157661340 1.153126832741044
 -2.181350071504184 1.108579101639141
 -2.203655910756123 1.063554041061603
 -2.225018343836450 1.018079060825007
 -2.245446025481513 0.9721841247911586
 -2.264942736916988 0.9258818045418667
 -2.283483572849809 0.8791805663789505
 -2.301044683059871 0.8321053211295439
 -2.317633986668821 0.7846871044491368
 -2.333264420400785 0.7369421565014510
 -2.347915886973303 0.6888794016610525
 -2.361557995784803 0.6405214678259664
 -2.374196129656812 0.5918998571709901
 -2.385854049389374 0.5430340062854102
 -2.396518807152532 0.4939335891107140
 -2.406150986427521 0.4446191576375602
 -2.414750436916875 0.3951221611210539
 -2.422355935354746 0.3454647210860320
 -2.428966042872749 0.2956574505464714
 -2.434524922345339 0.2457191312818123
 -2.439020155289571 0.1956807674581850
 -2.442520737732408 0.1455664022541781
 -2.445048543005345 9.538756612112927E-02
 -2.446491225586257 4.516232027854138E-02
 -2.446804685661538 -5.078847615288959E-03
 -2.446345329125769 -5.531622172966499E-02
 -2.444533464313450 -0.1055230132247964
 -2.441949401276498 -0.1556986629642461
 -2.438237989553857 -0.2058073655617256
 -2.433444661942201 -0.2558206578506018
 -2.427682465514733 -0.3057255751390914
 -2.420930070477439 -0.3555096100762969
 -2.413119638084083 -0.4051456254058801
 -2.404264975527366 -0.4546032099709103
 -2.394422711808655 -0.5038661250512387
 -2.383594764038716 -0.5529238335175486
 -2.371743395018497 -0.6017524837287963
 -2.358870176412300 -0.6503206653665008
 -2.345015413411938 -0.6986096290897625
 -2.330192477880372 -0.7466102960921892
 -2.314378511845145 -0.7943021756510830
 -2.297569561898749 -0.8416535544828906
 -2.279797010372806 -0.8886432014855457
 -2.261081337394831 -0.9352631098119399
 -2.241410353525526 -0.9814964711510766
 -2.220777550562639 -1.027311923619997
 -2.199207880330427 -1.072685659892644
 -2.176726605347830 -1.117610348050715
 -2.153330516494959 -1.162073258448245
 -2.129012322261149 -1.206044066650401
 -2.103791574427100 -1.249496219450835
 -2.077696709769941 -1.292422598558054
 -2.050732699876157 -1.334815025650034
 -2.022892773235046 -1.376644979383713
 -1.994191501653722 -1.417882879236218
 -1.964659161965879 -1.458521238498188
 -1.934308532093568 -1.498557046016209
 -1.903134491422707 -1.537964500022890
 -1.871146688252369 -1.576710490208163
 -1.838375959809456 -1.614786356904809
 -1.804842838850377 -1.652195183562701
 -1.770545005468988 -1.688915103237399
 -1.735486860699027 -1.724908482946891
 -1.699698377634907 -1.760164233263967
 -1.663208269256733 -1.794693213350437
 -1.626018439528611 -1.828479373085885
 -1.588126978737167 -1.861478300768407
 -1.549561047587521 -1.893674141609028
 -1.510359192249225 -1.925089416482178
 -1.470529884427803 -1.955717572784294
 -1.430061471058606 -1.985500863256461
 -1.388974593295652 -2.014413031093908
 -1.347324571155870 -2.042501807019449
 -1.305132326968782 -2.069780368668156
 -1.262357329448238 -2.096142391354116
 -1.219003931774023 -2.121534439689296
 -1.175267411303640 -2.146255312317134
 -1.130881122020188 -2.169789587109008
 -1.086135703175958 -2.192639547743751
 -1.040884587914540 -2.214479722206781
 -0.9951751424596480 -2.235335224870863
 -0.9490751181003196 -2.255297475027323
 -0.9025846816231585 -2.274341746857239
 -0.8556934152084270 -2.292395721654844
 -0.8084345592869342 -2.309456151221303
 -0.7608504915035384 -2.325563958350316
 -0.7129512958352926 -2.340715534743851
 -0.6647387598097372 -2.354866273208343
 -0.6162408713927705 -2.368001829685760
 -0.5674940205858178 -2.380147734825661
 -0.5185127557973349 -2.391311029597880
 -0.4693033935274907 -2.401461673056235
 -0.4198914215817255 -2.410580384807619
 -0.3703109177995902 -2.418683727197412
 -0.3205790563778419 -2.425785433112758
 -0.2707042990211512 -2.431866542034074
 -0.2207105518157435 -2.436905736751395
 -0.1706309084229091 -2.440912722515371
 -0.1204843497296256 -2.443905711350012
 -7.028029537273750E-02 -2.445875559252994
 -2.004136132783074E-02 -2.446800789373430
 3.019968076349455E-02 -2.446685057446917
 8.042244789140929E-02 -2.445549431299108
 0.1306173716280374 -2.443394127289186
 0.1807631375210876 -2.440199020445327
 0.2308268421827383 -2.435961940061237
 0.2807868635156470 -2.430705363289358
 0.3306342048234334 -2.424438850558089
 0.3803490814271170 -2.417145066401853
 0.4298979948075171 -2.408815811337721
 0.4792580268593802 -2.399473461353960
 0.5284215815504243 -2.389137340064166
 0.5773708815043336 -2.377794504898466
 0.6260711350857959 -2.365429950772873
 0.6744977520219272 -2.352064090434972
 0.7226457801326654 -2.337727219635862
 0.7705003676239445 -2.322412962196614
 0.8180240076903779 -2.306097458405983
 0.8651893893293814 -2.288796302730098
 0.9119967431055489 -2.270554137568226
 0.9584361584449742 -2.251375023330782
 1.004463451286763 -2.231219994538290
 1.050045561993952 -2.210093798552110
 1.095196166576572 -2.188068209273644
 1.139916216036599 -2.165167934789303
 1.184133896138055 -2.141304711632675
 1.227800753887553 -2.116455592074025
 1.271077917822133 -2.090939090587469
 1.313652342293266 -2.064266573884210
 1.355813698100543 -2.036940884779503
 1.397353401639321 -2.008672356645054
 1.438269519482557 -1.979514567020259
 1.478607347414415 -1.949571899888229
 1.518345388854282 -1.918832136780942
 1.557426222875657 -1.887250096248961
 1.595830416240433 -1.854852941250390
 1.633572220305116 -1.821697833299075
 1.670643468203421 -1.787791701226301
 1.707004635208760 -1.753113789479543
 1.742629305019531 -1.717681164319253
 1.777521392826118 -1.681538105735894
 1.811679722083036 -1.644700733505685
 1.845075118317653 -1.607159497405146
 1.877678140317021 -1.568926830324721
 1.909486092573213 -1.530040525711858
 1.940502281016983 -1.490522323300811
 1.970706054504370 -1.450370070882990
 2.000066998746890 -1.409593813131391
 2.028576971907513 -1.368227062622718
 2.056242255618198 -1.326295363299289
 2.083050221122216 -1.283802300804739
 2.108970960933313 -1.240756722723017
 2.133991255190588 -1.197188837996071
 2.158119157661340 -1.153126832741044
 2.181350071504184 -1.108579101639141
 2.203655910756123 -1.063554041061603
 2.225018343836450 -1.018079060825007
 2.245446025481513 -0.9721841247911586
 2.264942736916988 -0.9258818045418667
 2.283483572849809 -0.8791805663789505
 2.301044683059871 -0.8321053211295439
 2.317633986668821 -0.7846871044491368
 2.333264420400785 -0.7369421565014510
 2.347915886973303 -0.6888794016610525
 2.361557995784803 -0.6405214678259664
 2.374196129656812 -0.5918998571709901
 2.385854049389374 -0.5430340062854102
 2.396518807152532 -0.4939335891107140
 2.406150986427521 -0.4446191576375602
 2.414750436916875 -0.3951221611210539
 2.422355935354746 -0.3454647210860320
 2.428966042872749 -0.2956574505464714
 2.434524922345339 -0.2457191312818123
 2.439020155289571 -0.1956807674581850
 2.442520737732408 -0.1455664022541781
 2.445048543005345 -9.538756612112927E-02
 2.446491225586257 -4.516232027854138E-02
 2.446804685661538 5.078847615288959E-03
 2.446345329125769 5.531622172966499E-02
   
   
 #BODY NUMBER  4
 1.265964886164892 2.311885649177212
 1.218153228052393 2.337236105780804
 1.169954725712652 2.361849438487568
 1.121211501464464 2.385375058029116
 1.071974576867212 2.407840016898997
 1.022316931697315 2.429342789377717
 0.9722387456125970 2.449856741510970
 0.9217287968316554 2.469303973629930
 0.8708228910084206 2.487680986866492
 0.8195666761459216 2.505031862099072
 0.7679710144196412 2.521352712570867
 0.7160378313037959 2.536595488671906
 0.6637972746453547 2.550744739387704
 0.6112885427268278 2.563827965613426
 0.5585273066832057 2.575852751683058
 0.5055203704702025 2.586786738337213
 0.4522951888325020 2.596609157280578
 0.3988884694570971 2.605337849004165
 0.3453187119040308 2.612987606186428
 0.2915950308827646 2.619538005090783
 0.2377431773546808 2.624966083420293
 0.1837987988777279 2.629282295397043
 0.1297823411276677 2.632506258499308
 7.570395067145697E-02 2.634628123065851
 2.158798879971502E-02 2.635624754839035
 -3.253024380013381E-02 2.635500091674070
 -8.662879112516619E-02 2.634276827238154
 -0.1406973463349221 2.631955194587294
 -0.1947129501029473 2.628513515669827
 -0.2486401598285024 2.623949452262189
 -0.3024556847985654 2.618287216118630
 -0.3561498340257108 2.611537105462797
 -0.4097012960121159 2.603680447020426
 -0.4630739870983385 2.594708408539917
 -0.5162432205482151 2.584645092804319
 -0.5692008141301503 2.573511314664834
 -0.6219276185561033 2.561293132750467
 -0.6743861572584335 2.547974384008233
 -0.7265499422891950 2.533577056473729
 -0.7784136392997877 2.518133783875004
 -0.8299612503568048 2.501637697972073
 -0.8811523741880283 2.484063097757369
 -0.9319575921522647 2.465426781149686
 -0.9823771526071909 2.445776835681584
 -1.032400380162296 2.425117635112565
 -1.081979680994182 2.403407206927854
 -1.131079444194944 2.380650664851121
 -1.179714401176617 2.356925321703299
 -1.227885576331687 2.332257792337743
 -1.275515613391955 2.306553001839466
 -1.322552320160419 2.279786231561649
 -1.369169259749686 2.252300576306459
 -1.415029228222182 2.223569694085774
 -1.460444250787910 2.194135232988577
 -1.505189647074753 2.163685172298059
 -1.549263334449670 2.132277224227559
 -1.592714104252988 2.100023828257675
 -1.635518800974763 2.066911822999490
 -1.677615572413548 2.032892540270823
 -1.718983485633711 1.997995239243525
 -1.759637891794271 1.962281492687057
 -1.799569993777353 1.925758764142927
 -1.838737216662973 1.888404696315736
 -1.877111105556591 1.850237672499584
 -1.914695877790790 1.811305389850494
 -1.951490266023977 1.771625212136466
 -1.987462844337617 1.731186852126301
 -2.022581899488037 1.690003702178692
 -2.056844527950169 1.648116472328597
 -2.090254290779324 1.605548580004200
 -2.122788943146053 1.562297706907149
 -2.154415723637180 1.518374672875704
 -2.185125862095643 1.473815576711677
 -2.214926124918100 1.428647933628808
 -2.243802908764221 1.382875605981228
 -2.271723998133888 1.336508124136660
 -2.298675152966037 1.289578028314792
 -2.324665048551507 1.242115679805522
 -2.349688733302485 1.194130121122521
 -2.373715953812302 1.145630396599922
 -2.396726963819583 1.096646031318561
 -2.418731085962068 1.047209301504712
 -2.439732393269331 0.9973337489114944
 -2.459704058462583 0.9470284932002855
 -2.478620390757843 0.8963203676110234
 -2.496489920409450 0.8452428028758860
 -2.513326582491524 0.7938132924408949
 -2.529108728778601 0.7420414493904621
 -2.543803623372369 0.6899516478577169
 -2.557417064496263 0.6375778210962751
 -2.569974646613498 0.5849409056515613
 -2.581462422687058 0.5320513220203186
 -2.591837934355381 0.4789312082268531
 -2.601101019722277 0.4256144405211777
 -2.609293447991385 0.3721248475855169
 -2.616413669254289 0.3184738614589960
 -2.622401537335235 0.2646817133443559
 -2.627243675394876 0.2107818000543286
 -2.631014404006198 0.1568000202223261
 -2.633737284504561 0.1027487941251071
 -2.635291301464231 4.864757679858323E-02
 -2.635628951810613 -5.470791312174983E-03
 -2.635134145914591 -5.958507287076031E-02
 -2.633182456274588 -0.1136664116950368
 -2.630398976500573 -0.1677142054989993
 -2.626401148539228 -0.2216898857310652
 -2.621237911316891 -0.2755627926714457
 -2.615031035950311 -0.3293189611200510
 -2.607757546587369 -0.3829449185114871
 -2.599344369245212 -0.4364114333591145
 -2.589806376642140 -0.4896857476229746
 -2.579204567940199 -0.5427503694120225
 -2.567541008196998 -0.5955939484279470
 -2.554775047966775 -0.6481907923561776
 -2.540908380201952 -0.7005070668881277
 -2.525984420517621 -0.7525225757629399
 -2.510017572707186 -0.8042275395466000
 -2.492983214807825 -0.8555998862109200
 -2.474877088320541 -0.9066054551018936
 -2.455732997407268 -0.9572213766755745
 -2.435573002683357 -1.007439026182233
 -2.414383974028817 -1.057240298183641
 -2.392158900991862 -1.106591410544595
 -2.368924660973371 -1.155466718685374
 -2.344708466045764 -1.203858324870507
 -2.319506859435676 -1.251752517084631
 -2.293311986933602 -1.299116630702381
 -2.266144909165901 -1.345922063359282
 -2.238036257426338 -1.392161147432637
 -2.208991386967560 -1.437825073464778
 -2.179003003709351 -1.482883119069909
 -2.148086803991077 -1.527303420943632
 -2.116275401163497 -1.571077914613922
 -2.083582559243617 -1.614203356551306
 -2.050002762450463 -1.656651953820143
 -2.015546403659500 -1.698388040928897
 -1.980246699861230 -1.739402289928436
 -1.944125768361368 -1.779698022223940
 -1.907181110222491 -1.819251683360005
 -1.869417466113930 -1.858022736150515
 -1.830867122207063 -1.895999235377451
 -1.791561007313703 -1.933192878223441
 -1.751501172330246 -1.969586375951751
 -1.710685560167345 -2.005131889530512
 -1.669143427570003 -2.039812340628505
 -1.626916295384185 -2.073651988096064
 -1.584013289091985 -2.106643773653566
 -1.540421856341045 -2.138725493583493
 -1.496164231199924 -2.169868864796788
 -1.451300002829572 -2.200125301480966
 -1.405851708172865 -2.229508998212627
 -1.359775688072268 -2.257905425040874
 -1.313076631650184 -2.285257022873814
 -1.265964886164892 -2.311885649177212
 -1.218153228052393 -2.337236105780804
 -1.169954725712652 -2.361849438487568
 -1.121211501464464 -2.385375058029116
 -1.071974576867212 -2.407840016898997
 -1.022316931697315 -2.429342789377717
 -0.9722387456125970 -2.449856741510970
 -0.9217287968316554 -2.469303973629930
 -0.8708228910084206 -2.487680986866492
 -0.8195666761459216 -2.505031862099072
 -0.7679710144196412 -2.521352712570867
 -0.7160378313037959 -2.536595488671906
 -0.6637972746453547 -2.550744739387704
 -0.6112885427268278 -2.563827965613426
 -0.5585273066832057 -2.575852751683058
 -0.5055203704702025 -2.586786738337213
 -0.4522951888325020 -2.596609157280578
 -0.3988884694570971 -2.605337849004165
 -0.3453187119040308 -2.612987606186428
 -0.2915950308827646 -2.619538005090783
 -0.2377431773546808 -2.624966083420293
 -0.1837987988777279 -2.629282295397043
 -0.1297823411276677 -2.632506258499308
 -7.570395067145697E-02 -2.634628123065851
 -2.158798879971502E-02 -2.635624754839035
 3.253024380013381E-02 -2.635500091674070
 8.662879112516619E-02 -2.634276827238154
 0.1406973463349221 -2.631955194587294
 0.1947129501029473 -2.628513515669827
 0.2486401598285024 -2.623949452262189
 0.3024556847985654 -2.618287216118630
 0.3561498340257108 -2.611537105462797
 0.4097012960121159 -2.603680447020426
 0.4630739870983385 -2.594708408539917
 0.5162432205482151 -2.584645092804319
 0.5692008141301503 -2.573511314664834
 0.6219276185561033 -2.561293132750467
 0.6743861572584335 -2.547974384008233
 0.7265499422891950 -2.533577056473729
 0.7784136392997877 -2.518133783875004
 0.8299612503568048 -2.501637697972073
 0.8811523741880283 -2.484063097757369
 0.9319575921522647 -2.465426781149686
 0.9823771526071909 -2.445776835681584
 1.032400380162296 -2.425117635112565
 1.081979680994182 -2.403407206927854
 1.131079444194944 -2.380650664851121
 1.179714401176617 -2.356925321703299
 1.227885576331687 -2.332257792337743
 1.275515613391955 -2.306553001839466
 1.322552320160419 -2.279786231561649
 1.369169259749686 -2.252300576306459
 1.415029228222182 -2.223569694085774
 1.460444250787910 -2.194135232988577
 1.505189647074753 -2.163685172298059
 1.549263334449670 -2.132277224227559
 1.592714104252988 -2.100023828257675
 1.635518800974763 -2.066911822999490
 1.677615572413548 -2.032892540270823
 1.718983485633711 -1.997995239243525
 1.759637891794271 -1.962281492687057
 1.799569993777353 -1.925758764142927
 1.838737216662973 -1.888404696315736
 1.877111105556591 -1.850237672499584
 1.914695877790790 -1.811305389850494
 1.951490266023977 -1.771625212136466
 1.987462844337617 -1.731186852126301
 2.022581899488037 -1.690003702178692
 2.056844527950169 -1.648116472328597
 2.090254290779324 -1.605548580004200
 2.122788943146053 -1.562297706907149
 2.154415723637180 -1.518374672875704
 2.185125862095643 -1.473815576711677
 2.214926124918100 -1.428647933628808
 2.243802908764221 -1.382875605981228
 2.271723998133888 -1.336508124136660
 2.298675152966037 -1.289578028314792
 2.324665048551507 -1.242115679805522
 2.349688733302485 -1.194130121122521
 2.373715953812302 -1.145630396599922
 2.396726963819583 -1.096646031318561
 2.418731085962068 -1.047209301504712
 2.439732393269331 -0.9973337489114944
 2.459704058462583 -0.9470284932002855
 2.478620390757843 -0.8963203676110234
 2.496489920409450 -0.8452428028758860
 2.513326582491524 -0.7938132924408949
 2.529108728778601 -0.7420414493904621
 2.543803623372369 -0.6899516478577169
 2.557417064496263 -0.6375778210962751
 2.569974646613498 -0.5849409056515613
 2.581462422687058 -0.5320513220203186
 2.591837934355381 -0.4789312082268531
 2.601101019722277 -0.4256144405211777
 2.609293447991385 -0.3721248475855169
 2.616413669254289 -0.3184738614589960
 2.622401537335235 -0.2646817133443559
 2.627243675394876 -0.2107818000543286
 2.631014404006198 -0.1568000202223261
 2.633737284504561 -0.1027487941251071
 2.635291301464231 -4.864757679858323E-02
 2.635628951810613 5.470791312174983E-03
 2.635134145914591 5.958507287076031E-02
 2.633182456274588 0.1136664116950368
 2.630398976500573 0.1677142054989993
 2.626401148539228 0.2216898857310652
 2.621237911316891 0.2755627926714457
 2.615031035950311 0.3293189611200510
 2.607757546587369 0.3829449185114871
 2.599344369245212 0.4364114333591145
 2.589806376642140 0.4896857476229746
 2.579204567940199 0.5427503694120225
 2.567541008196998 0.5955939484279470
 2.554775047966775 0.6481907923561776
 2.540908380201952 0.7005070668881277
 2.525984420517621 0.7525225757629399
 2.510017572707186 0.8042275395466000
 2.492983214807825 0.8555998862109200
 2.474877088320541 0.9066054551018936
 2.455732997407268 0.9572213766755745
 2.435573002683357 1.007439026182233
 2.414383974028817 1.057240298183641
 2.392158900991862 1.106591410544595
 2.368924660973371 1.155466718685374
 2.344708466045764 1.203858324870507
 2.319506859435676 1.251752517084631
 2.293311986933602 1.299116630702381
 2.266144909165901 1.345922063359282
 2.238036257426338 1.392161147432637
 2.208991386967560 1.437825073464778
 2.179003003709351 1.482883119069909
 2.148086803991077 1.527303420943632
 2.116275401163497 1.571077914613922
 2.083582559243617 1.614203356551306
 2.050002762450463 1.656651953820143
 2.015546403659500 1.698388040928897
 1.980246699861230 1.739402289928436
 1.944125768361368 1.779698022223940
 1.907181110222491 1.819251683360005
 1.869417466113930 1.858022736150515
 1.830867122207063 1.895999235377451
 1.791561007313703 1.933192878223441
 1.751501172330246 1.969586375951751
 1.710685560167345 2.005131889530512
 1.669143427570003 2.039812340628505
 1.626916295384185 2.073651988096064
 1.584013289091985 2.106643773653566
 1.540421856341045 2.138725493583493
 1.496164231199924 2.169868864796788
 1.451300002829572 2.200125301480966
 1.405851708172865 2.229508998212627
 1.359775688072268 2.257905425040874
 1.313076631650184 2.285257022873814
 1.265964886164892 2.311885649177212
   
   
 #BODY NUMBER  5
 -2.635134145914568 -5.958507287073322E-02
 -2.633182456274564 -0.1136664116950106
 -2.630398976500551 -0.1677142054989731
 -2.626401148539206 -0.2216898857310400
 -2.621237911316869 -0.2755627926714215
 -2.615031035950289 -0.3293189611200275
 -2.607757546587345 -0.3829449185114649
 -2.599344369245187 -0.4364114333590938
 -2.589806376642115 -0.4896857476229542
 -2.579204567940175 -0.5427503694120034
 -2.567541008196976 -0.5955939484279282
 -2.554775047966752 -0.6481907923561584
 -2.540908380201928 -0.7005070668881093
 -2.525984420517600 -0.7525225757629224
 -2.510017572707163 -0.8042275395465834
 -2.492983214807800 -0.8555998862109040
 -2.474877088320516 -0.9066054551018781
 -2.455732997407243 -0.9572213766755597
 -2.435573002683332 -1.007439026182219
 -2.414383974028793 -1.057240298183628
 -2.392158900991836 -1.106591410544581
 -2.368924660973346 -1.155466718685360
 -2.344708466045743 -1.203858324870495
 -2.319506859435653 -1.251752517084619
 -2.293311986933577 -1.299116630702370
 -2.266144909165877 -1.345922063359272
 -2.238036257426313 -1.392161147432629
 -2.208991386967534 -1.437825073464771
 -2.179003003709325 -1.482883119069902
 -2.148086803991051 -1.527303420943626
 -2.116275401163472 -1.571077914613918
 -2.083582559243590 -1.614203356551300
 -2.050002762450438 -1.656651953820139
 -2.015546403659474 -1.698388040928892
 -1.980246699861205 -1.739402289928432
 -1.944125768361342 -1.779698022223937
 -1.907181110222465 -1.819251683360005
 -1.869417466113902 -1.858022736150516
 -1.830867122207036 -1.895999235377453
 -1.791561007313678 -1.933192878223445
 -1.751501172330219 -1.969586375951755
 -1.710685560167320 -2.005131889530518
 -1.669143427569979 -2.039812340628511
 -1.626916295384162 -2.073651988096071
 -1.584013289091961 -2.106643773653573
 -1.540421856341020 -2.138725493583502
 -1.496164231199899 -2.169868864796797
 -1.451300002829547 -2.200125301480979
 -1.405851708172841 -2.229508998212640
 -1.359775688072243 -2.257905425040888
 -1.313076631650160 -2.285257022873830
 -1.265964886164870 -2.311885649177225
 -1.218153228052371 -2.337236105780818
 -1.169954725712629 -2.361849438487582
 -1.121211501464442 -2.385375058029131
 -1.071974576867189 -2.407840016899012
 -1.022316931697291 -2.429342789377732
 -0.9722387456125752 -2.449856741510987
 -0.9217287968316330 -2.469303973629949
 -0.8708228910083986 -2.487680986866510
 -0.8195666761458995 -2.505031862099091
 -0.7679710144196183 -2.521352712570883
 -0.7160378313037737 -2.536595488671924
 -0.6637972746453326 -2.550744739387723
 -0.6112885427268049 -2.563827965613444
 -0.5585273066831832 -2.575852751683077
 -0.5055203704701806 -2.586786738337234
 -0.4522951888324783 -2.596609157280599
 -0.3988884694570735 -2.605337849004187
 -0.3453187119040085 -2.612987606186449
 -0.2915950308827403 -2.619538005090805
 -0.2377431773546569 -2.624966083420314
 -0.1837987988777043 -2.629282295397065
 -0.1297823411276429 -2.632506258499328
 -7.570395067143365E-02 -2.634628123065872
 -2.158798879969193E-02 -2.635624754839056
 3.253024380015646E-02 -2.635500091674091
 8.662879112518840E-02 -2.634276827238176
 0.1406973463349444 -2.631955194587317
 0.1947129501029698 -2.628513515669849
 0.2486401598285253 -2.623949452262213
 0.3024556847985873 -2.618287216118654
 0.3561498340257323 -2.611537105462820
 0.4097012960121373 -2.603680447020448
 0.4630739870983602 -2.594708408539940
 0.5162432205482357 -2.584645092804342
 0.5692008141301707 -2.573511314664856
 0.6219276185561226 -2.561293132750489
 0.6743861572584524 -2.547974384008255
 0.7265499422892128 -2.533577056473750
 0.7784136392998051 -2.518133783875026
 0.8299612503568212 -2.501637697972095
 0.8811523741880438 -2.484063097757390
 0.9319575921522800 -2.465426781149707
 0.9823771526072050 -2.445776835681604
 1.032400380162310 -2.425117635112586
 1.081979680994195 -2.403407206927874
 1.131079444194957 -2.380650664851142
 1.179714401176628 -2.356925321703320
 1.227885576331697 -2.332257792337762
 1.275515613391963 -2.306553001839486
 1.322552320160427 -2.279786231561668
 1.369169259749698 -2.252300576306478
 1.415029228222193 -2.223569694085794
 1.460444250787920 -2.194135232988596
 1.505189647074762 -2.163685172298078
 1.549263334449678 -2.132277224227579
 1.592714104252994 -2.100023828257694
 1.635518800974769 -2.066911822999511
 1.677615572413552 -2.032892540270844
 1.718983485633714 -1.997995239243546
 1.759637891794272 -1.962281492687078
 1.799569993777354 -1.925758764142948
 1.838737216662975 -1.888404696315757
 1.877111105556592 -1.850237672499605
 1.914695877790789 -1.811305389850515
 1.951490266023975 -1.771625212136487
 1.987462844337615 -1.731186852126323
 2.022581899488033 -1.690003702178716
 2.056844527950164 -1.648116472328622
 2.090254290779319 -1.605548580004224
 2.122788943146046 -1.562297706907174
 2.154415723637175 -1.518374672875729
 2.185125862095636 -1.473815576711701
 2.214926124918091 -1.428647933628832
 2.243802908764213 -1.382875605981251
 2.271723998133880 -1.336508124136685
 2.298675152966029 -1.289578028314818
 2.324665048551495 -1.242115679805547
 2.349688733302473 -1.194130121122547
 2.373715953812290 -1.145630396599949
 2.396726963819570 -1.096646031318588
 2.418731085962053 -1.047209301504739
 2.439732393269318 -0.9973337489115216
 2.459704058462570 -0.9470284932003126
 2.478620390757829 -0.8963203676110500
 2.496489920409436 -0.8452428028759127
 2.513326582491509 -0.7938132924409222
 2.529108728778584 -0.7420414493904897
 2.543803623372353 -0.6899516478577455
 2.557417064496248 -0.6375778210963037
 2.569974646613481 -0.5849409056515892
 2.581462422687040 -0.5320513220203469
 2.591837934355363 -0.4789312082268806
 2.601101019722258 -0.4256144405212048
 2.609293447991366 -0.3721248475855427
 2.616413669254270 -0.3184738614590223
 2.622401537335217 -0.2646817133443825
 2.627243675394857 -0.2107818000543560
 2.631014404006176 -0.1568000202223529
 2.633737284504540 -0.1027487941251342
 2.635291301464211 -4.864757679860986E-02
 2.635628951810591 5.470791312148719E-03
 2.635134145914568 5.958507287073322E-02
 2.633182456274564 0.1136664116950106
 2.630398976500551 0.1677142054989731
 2.626401148539206 0.2216898857310400
 2.621237911316869 0.2755627926714215
 2.615031035950289 0.3293189611200275
 2.607757546587345 0.3829449185114649
 2.599344369245187 0.4364114333590938
 2.589806376642115 0.4896857476229542
 2.579204567940175 0.5427503694120034
 2.567541008196976 0.5955939484279282
 2.554775047966752 0.6481907923561584
 2.540908380201928 0.7005070668881093
 2.525984420517600 0.7525225757629224
 2.510017572707163 0.8042275395465834
 2.492983214807800 0.8555998862109040
 2.474877088320516 0.9066054551018781
 2.455732997407243 0.9572213766755597
 2.435573002683332 1.007439026182219
 2.414383974028793 1.057240298183628
 2.392158900991836 1.106591410544581
 2.368924660973346 1.155466718685360
 2.344708466045743 1.203858324870495
 2.319506859435653 1.251752517084619
 2.293311986933577 1.299116630702370
 2.266144909165877 1.345922063359272
 2.238036257426313 1.392161147432629
 2.208991386967534 1.437825073464771
 2.179003003709325 1.482883119069902
 2.148086803991051 1.527303420943626
 2.116275401163472 1.571077914613918
 2.083582559243590 1.614203356551300
 2.050002762450438 1.656651953820139
 2.015546403659474 1.698388040928892
 1.980246699861205 1.739402289928432
 1.944125768361342 1.779698022223937
 1.907181110222465 1.819251683360005
 1.869417466113902 1.858022736150516
 1.830867122207036 1.895999235377453
 1.791561007313678 1.933192878223445
 1.751501172330219 1.969586375951755
 1.710685560167320 2.005131889530518
 1.669143427569979 2.039812340628511
 1.626916295384162 2.073651988096071
 1.584013289091961 2.106643773653573
 1.540421856341020 2.138725493583502
 1.496164231199899 2.169868864796797
 1.451300002829547 2.200125301480979
 1.405851708172841 2.229508998212640
 1.359775688072243 2.257905425040888
 1.313076631650160 2.285257022873830
 1.265964886164870 2.311885649177225
 1.218153228052371 2.337236105780818
 1.169954725712629 2.361849438487582
 1.121211501464442 2.385375058029131
 1.071974576867189 2.407840016899012
 1.022316931697291 2.429342789377732
 0.9722387456125752 2.449856741510987
 0.9217287968316330 2.469303973629949
 0.8708228910083986 2.487680986866510
 0.8195666761458995 2.505031862099091
 0.7679710144196183 2.521352712570883
 0.7160378313037737 2.536595488671924
 0.6637972746453326 2.550744739387723
 0.6112885427268049 2.563827965613444
 0.5585273066831832 2.575852751683077
 0.5055203704701806 2.586786738337234
 0.4522951888324783 2.596609157280599
 0.3988884694570735 2.605337849004187
 0.3453187119040085 2.612987606186449
 0.2915950308827403 2.619538005090805
 0.2377431773546569 2.624966083420314
 0.1837987988777043 2.629282295397065
 0.1297823411276429 2.632506258499328
 7.570395067143365E-02 2.634628123065872
 2.158798879969193E-02 2.635624754839056
 -3.253024380015646E-02 2.635500091674091
 -8.662879112518840E-02 2.634276827238176
 -0.1406973463349444 2.631955194587317
 -0.1947129501029698 2.628513515669849
 -0.2486401598285253 2.623949452262213
 -0.3024556847985873 2.618287216118654
 -0.3561498340257323 2.611537105462820
 -0.4097012960121373 2.603680447020448
 -0.4630739870983602 2.594708408539940
 -0.5162432205482357 2.584645092804342
 -0.5692008141301707 2.573511314664856
 -0.6219276185561226 2.561293132750489
 -0.6743861572584524 2.547974384008255
 -0.7265499422892128 2.533577056473750
 -0.7784136392998051 2.518133783875026
 -0.8299612503568212 2.501637697972095
 -0.8811523741880438 2.484063097757390
 -0.9319575921522800 2.465426781149707
 -0.9823771526072050 2.445776835681604
 -1.032400380162310 2.425117635112586
 -1.081979680994195 2.403407206927874
 -1.131079444194957 2.380650664851142
 -1.179714401176628 2.356925321703320
 -1.227885576331697 2.332257792337762
 -1.275515613391963 2.306553001839486
 -1.322552320160427 2.279786231561668
 -1.369169259749698 2.252300576306478
 -1.415029228222193 2.223569694085794
 -1.460444250787920 2.194135232988596
 -1.505189647074762 2.163685172298078
 -1.549263334449678 2.132277224227579
 -1.592714104252994 2.100023828257694
 -1.635518800974769 2.066911822999511
 -1.677615572413552 2.032892540270844
 -1.718983485633714 1.997995239243546
 -1.759637891794272 1.962281492687078
 -1.799569993777354 1.925758764142948
 -1.838737216662975 1.888404696315757
 -1.877111105556592 1.850237672499605
 -1.914695877790789 1.811305389850515
 -1.951490266023975 1.771625212136487
 -1.987462844337615 1.731186852126323
 -2.022581899488033 1.690003702178716
 -2.056844527950164 1.648116472328622
 -2.090254290779319 1.605548580004224
 -2.122788943146046 1.562297706907174
 -2.154415723637175 1.518374672875729
 -2.185125862095636 1.473815576711701
 -2.214926124918091 1.428647933628832
 -2.243802908764213 1.382875605981251
 -2.271723998133880 1.336508124136685
 -2.298675152966029 1.289578028314818
 -2.324665048551495 1.242115679805547
 -2.349688733302473 1.194130121122547
 -2.373715953812290 1.145630396599949
 -2.396726963819570 1.096646031318588
 -2.418731085962053 1.047209301504739
 -2.439732393269318 0.9973337489115216
 -2.459704058462570 0.9470284932003126
 -2.478620390757829 0.8963203676110500
 -2.496489920409436 0.8452428028759127
 -2.513326582491509 0.7938132924409222
 -2.529108728778584 0.7420414493904897
 -2.543803623372353 0.6899516478577455
 -2.557417064496248 0.6375778210963037
 -2.569974646613481 0.5849409056515892
 -2.581462422687040 0.5320513220203469
 -2.591837934355363 0.4789312082268806
 -2.601101019722258 0.4256144405212048
 -2.609293447991366 0.3721248475855427
 -2.616413669254270 0.3184738614590223
 -2.622401537335217 0.2646817133443825
 -2.627243675394857 0.2107818000543560
 -2.631014404006176 0.1568000202223529
 -2.633737284504540 0.1027487941251342
 -2.635291301464211 4.864757679860986E-02
 -2.635628951810591 -5.470791312148719E-03
 -2.635134145914568 -5.958507287073322E-02
   
   
 #BODY NUMBER  6
 1.369169259749721 -2.252300576306465
 1.415029228222216 -2.223569694085781
 1.460444250787944 -2.194135232988583
 1.505189647074786 -2.163685172298066
 1.549263334449702 -2.132277224227566
 1.592714104253020 -2.100023828257681
 1.635518800974794 -2.066911822999500
 1.677615572413579 -2.032892540270834
 1.718983485633741 -1.997995239243535
 1.759637891794300 -1.962281492687068
 1.799569993777380 -1.925758764142937
 1.838737216663001 -1.888404696315746
 1.877111105556620 -1.850237672499595
 1.914695877790817 -1.811305389850504
 1.951490266024003 -1.771625212136477
 1.987462844337644 -1.731186852126314
 2.022581899488062 -1.690003702178705
 2.056844527950195 -1.648116472328612
 2.090254290779349 -1.605548580004216
 2.122788943146077 -1.562297706907163
 2.154415723637205 -1.518374672875719
 2.185125862095667 -1.473815576711691
 2.214926124918121 -1.428647933628821
 2.243802908764243 -1.382875605981241
 2.271723998133909 -1.336508124136675
 2.298675152966058 -1.289578028314808
 2.324665048551526 -1.242115679805539
 2.349688733302504 -1.194130121122539
 2.373715953812320 -1.145630396599941
 2.396726963819602 -1.096646031318580
 2.418731085962085 -1.047209301504731
 2.439732393269349 -0.9973337489115142
 2.459704058462600 -0.9470284932003050
 2.478620390757860 -0.8963203676110426
 2.496489920409465 -0.8452428028759059
 2.513326582491538 -0.7938132924409154
 2.529108728778613 -0.7420414493904841
 2.543803623372382 -0.6899516478577404
 2.557417064496275 -0.6375778210962989
 2.569974646613508 -0.5849409056515849
 2.581462422687068 -0.5320513220203436
 2.591837934355389 -0.4789312082268771
 2.601101019722283 -0.4256144405212017
 2.609293447991390 -0.3721248475855401
 2.616413669254295 -0.3184738614590203
 2.622401537335240 -0.2646817133443815
 2.627243675394881 -0.2107818000543547
 2.631014404006200 -0.1568000202223536
 2.633737284504562 -0.1027487941251348
 2.635291301464231 -4.864757679861209E-02
 2.635628951810611 5.470791312145673E-03
 2.635134145914590 5.958507287073411E-02
 2.633182456274587 0.1136664116950103
 2.630398976500572 0.1677142054989726
 2.626401148539226 0.2216898857310385
 2.621237911316890 0.2755627926714184
 2.615031035950310 0.3293189611200229
 2.607757546587366 0.3829449185114595
 2.599344369245207 0.4364114333590858
 2.589806376642135 0.4896857476229461
 2.579204567940194 0.5427503694119938
 2.567541008196995 0.5955939484279186
 2.554775047966770 0.6481907923561490
 2.540908380201946 0.7005070668880986
 2.525984420517617 0.7525225757629105
 2.510017572707181 0.8042275395465707
 2.492983214807817 0.8555998862108903
 2.474877088320535 0.9066054551018625
 2.455732997407261 0.9572213766755430
 2.435573002683350 1.007439026182203
 2.414383974028810 1.057240298183609
 2.392158900991856 1.106591410544563
 2.368924660973364 1.155466718685342
 2.344708466045759 1.203858324870476
 2.319506859435670 1.251752517084600
 2.293311986933594 1.299116630702350
 2.266144909165895 1.345922063359252
 2.238036257426329 1.392161147432607
 2.208991386967551 1.437825073464747
 2.179003003709342 1.482883119069878
 2.148086803991068 1.527303420943601
 2.116275401163488 1.571077914613891
 2.083582559243608 1.614203356551275
 2.050002762450454 1.656651953820113
 2.015546403659490 1.698388040928867
 1.980246699861221 1.739402289928406
 1.944125768361359 1.779698022223911
 1.907181110222481 1.819251683359977
 1.869417466113919 1.858022736150487
 1.830867122207053 1.895999235377425
 1.791561007313693 1.933192878223415
 1.751501172330235 1.969586375951726
 1.710685560167335 2.005131889530488
 1.669143427569993 2.039812340628481
 1.626916295384175 2.073651988096042
 1.584013289091974 2.106643773653543
 1.540421856341034 2.138725493583472
 1.496164231199913 2.169868864796765
 1.451300002829559 2.200125301480946
 1.405851708172854 2.229508998212608
 1.359775688072256 2.257905425040857
 1.313076631650171 2.285257022873798
 1.265964886164882 2.311885649177192
 1.218153228052382 2.337236105780784
 1.169954725712641 2.361849438487550
 1.121211501464453 2.385375058029099
 1.071974576867199 2.407840016898981
 1.022316931697301 2.429342789377702
 0.9722387456125824 2.449856741510955
 0.9217287968316388 2.469303973629917
 0.8708228910084039 2.487680986866479
 0.8195666761459041 2.505031862099060
 0.7679710144196235 2.521352712570855
 0.7160378313037787 2.536595488671894
 0.6637972746453364 2.550744739387693
 0.6112885427268092 2.563827965613417
 0.5585273066831864 2.575852751683050
 0.5055203704701821 2.586786738337205
 0.4522951888324797 2.596609157280570
 0.3988884694570737 2.605337849004157
 0.3453187119040076 2.612987606186420
 0.2915950308827398 2.619538005090777
 0.2377431773546559 2.624966083420285
 0.1837987988777034 2.629282295397037
 0.1297823411276426 2.632506258499304
 7.570395067143229E-02 2.634628123065847
 2.158798879968929E-02 2.635624754839029
 -3.253024380016011E-02 2.635500091674065
 -8.662879112519385E-02 2.634276827238151
 -0.1406973463349513 2.631955194587292
 -0.1947129501029768 2.628513515669824
 -0.2486401598285330 2.623949452262187
 -0.3024556847985957 2.618287216118630
 -0.3561498340257406 2.611537105462794
 -0.4097012960121459 2.603680447020424
 -0.4630739870983686 2.594708408539916
 -0.5162432205482452 2.584645092804318
 -0.5692008141301811 2.573511314664832
 -0.6219276185561357 2.561293132750468
 -0.6743861572584666 2.547974384008233
 -0.7265499422892276 2.533577056473728
 -0.7784136392998209 2.518133783875006
 -0.8299612503568381 2.501637697972074
 -0.8811523741880611 2.484063097757371
 -0.9319575921522975 2.465426781149688
 -0.9823771526072227 2.445776835681588
 -1.032400380162328 2.425117635112569
 -1.081979680994215 2.403407206927858
 -1.131079444194978 2.380650664851125
 -1.179714401176651 2.356925321703305
 -1.227885576331721 2.332257792337747
 -1.275515613391988 2.306553001839471
 -1.322552320160453 2.279786231561655
 -1.369169259749721 2.252300576306465
 -1.415029228222216 2.223569694085781
 -1.460444250787944 2.194135232988583
 -1.505189647074786 2.163685172298066
 -1.549263334449702 2.132277224227566
 -1.592714104253020 2.100023828257681
 -1.635518800974794 2.066911822999500
 -1.677615572413579 2.032892540270834
 -1.718983485633741 1.997995239243535
 -1.759637891794300 1.962281492687068
 -1.799569993777380 1.925758764142937
 -1.838737216663001 1.888404696315746
 -1.877111105556620 1.850237672499595
 -1.914695877790817 1.811305389850504
 -1.951490266024003 1.771625212136477
 -1.987462844337644 1.731186852126314
 -2.022581899488062 1.690003702178705
 -2.056844527950195 1.648116472328612
 -2.090254290779349 1.605548580004216
 -2.122788943146077 1.562297706907163
 -2.154415723637205 1.518374672875719
 -2.185125862095667 1.473815576711691
 -2.214926124918121 1.428647933628821
 -2.243802908764243 1.382875605981241
 -2.271723998133909 1.336508124136675
 -2.298675152966058 1.289578028314808
 -2.324665048551526 1.242115679805539
 -2.349688733302504 1.194130121122539
 -2.373715953812320 1.145630396599941
 -2.396726963819602 1.096646031318580
 -2.418731085962085 1.047209301504731
 -2.439732393269349 0.9973337489115142
 -2.459704058462600 0.9470284932003050
 -2.478620390757860 0.8963203676110426
 -2.496489920409465 0.8452428028759059
 -2.513326582491538 0.7938132924409154
 -2.529108728778613 0.7420414493904841
 -2.543803623372382 0.6899516478577404
 -2.557417064496275 0.6375778210962989
 -2.569974646613508 0.5849409056515849
 -2.581462422687068 0.5320513220203436
 -2.591837934355389 0.4789312082268771
 -2.601101019722283 0.4256144405212017
 -2.609293447991390 0.3721248475855401
 -2.616413669254295 0.3184738614590203
 -2.622401537335240 0.2646817133443815
 -2.627243675394881 0.2107818000543547
 -2.631014404006200 0.1568000202223536
 -2.633737284504562 0.1027487941251348
 -2.635291301464231 4.864757679861209E-02
 -2.635628951810611 -5.470791312145673E-03
 -2.635134145914590 -5.958507287073411E-02
 -2.633182456274587 -0.1136664116950103
 -2.630398976500572 -0.1677142054989726
 -2.626401148539226 -0.2216898857310385
 -2.621237911316890 -0.2755627926714184
 -2.615031035950310 -0.3293189611200229
 -2.607757546587366 -0.3829449185114595
 -2.599344369245207 -0.4364114333590858
 -2.589806376642135 -0.4896857476229461
 -2.579204567940194 -0.5427503694119938
 -2.567541008196995 -0.5955939484279186
 -2.554775047966770 -0.6481907923561490
 -2.540908380201946 -0.7005070668880986
 -2.525984420517617 -0.7525225757629105
 -2.510017572707181 -0.8042275395465707
 -2.492983214807817 -0.8555998862108903
 -2.474877088320535 -0.9066054551018625
 -2.455732997407261 -0.9572213766755430
 -2.435573002683350 -1.007439026182203
 -2.414383974028810 -1.057240298183609
 -2.392158900991856 -1.106591410544563
 -2.368924660973364 -1.155466718685342
 -2.344708466045759 -1.203858324870476
 -2.319506859435670 -1.251752517084600
 -2.293311986933594 -1.299116630702350
 -2.266144909165895 -1.345922063359252
 -2.238036257426329 -1.392161147432607
 -2.208991386967551 -1.437825073464747
 -2.179003003709342 -1.482883119069878
 -2.148086803991068 -1.527303420943601
 -2.116275401163488 -1.571077914613891
 -2.083582559243608 -1.614203356551275
 -2.050002762450454 -1.656651953820113
 -2.015546403659490 -1.698388040928867
 -1.980246699861221 -1.739402289928406
 -1.944125768361359 -1.779698022223911
 -1.907181110222481 -1.819251683359977
 -1.869417466113919 -1.858022736150487
 -1.830867122207053 -1.895999235377425
 -1.791561007313693 -1.933192878223415
 -1.751501172330235 -1.969586375951726
 -1.710685560167335 -2.005131889530488
 -1.669143427569993 -2.039812340628481
 -1.626916295384175 -2.073651988096042
 -1.584013289091974 -2.106643773653543
 -1.540421856341034 -2.138725493583472
 -1.496164231199913 -2.169868864796765
 -1.451300002829559 -2.200125301480946
 -1.405851708172854 -2.229508998212608
 -1.359775688072256 -2.257905425040857
 -1.313076631650171 -2.285257022873798
 -1.265964886164882 -2.311885649177192
 -1.218153228052382 -2.337236105780784
 -1.169954725712641 -2.361849438487550
 -1.121211501464453 -2.385375058029099
 -1.071974576867199 -2.407840016898981
 -1.022316931697301 -2.429342789377702
 -0.9722387456125824 -2.449856741510955
 -0.9217287968316388 -2.469303973629917
 -0.8708228910084039 -2.487680986866479
 -0.8195666761459041 -2.505031862099060
 -0.7679710144196235 -2.521352712570855
 -0.7160378313037787 -2.536595488671894
 -0.6637972746453364 -2.550744739387693
 -0.6112885427268092 -2.563827965613417
 -0.5585273066831864 -2.575852751683050
 -0.5055203704701821 -2.586786738337205
 -0.4522951888324797 -2.596609157280570
 -0.3988884694570737 -2.605337849004157
 -0.3453187119040076 -2.612987606186420
 -0.2915950308827398 -2.619538005090777
 -0.2377431773546559 -2.624966083420285
 -0.1837987988777034 -2.629282295397037
 -0.1297823411276426 -2.632506258499304
 -7.570395067143229E-02 -2.634628123065847
 -2.158798879968929E-02 -2.635624754839029
 3.253024380016011E-02 -2.635500091674065
 8.662879112519385E-02 -2.634276827238151
 0.1406973463349513 -2.631955194587292
 0.1947129501029768 -2.628513515669824
 0.2486401598285330 -2.623949452262187
 0.3024556847985957 -2.618287216118630
 0.3561498340257406 -2.611537105462794
 0.4097012960121459 -2.603680447020424
 0.4630739870983686 -2.594708408539916
 0.5162432205482452 -2.584645092804318
 0.5692008141301811 -2.573511314664832
 0.6219276185561357 -2.561293132750468
 0.6743861572584666 -2.547974384008233
 0.7265499422892276 -2.533577056473728
 0.7784136392998209 -2.518133783875006
 0.8299612503568381 -2.501637697972074
 0.8811523741880611 -2.484063097757371
 0.9319575921522975 -2.465426781149688
 0.9823771526072227 -2.445776835681588
 1.032400380162328 -2.425117635112569
 1.081979680994215 -2.403407206927858
 1.131079444194978 -2.380650664851125
 1.179714401176651 -2.356925321703305
 1.227885576331721 -2.332257792337747
 1.275515613391988 -2.306553001839471
 1.322552320160453 -2.279786231561655
 1.369169259749721 -2.252300576306465
   
   
