 # action(x) =  29.22531499256653
 # |grad_action(x)| =  6.558373856130201E-04
 # PRINTSTEPS = 50
 #
 #BODY NUMBER  1
 1.101450664913409 -1.370586497913166
 1.116746389507397 -1.361333693502266
 1.131424330954242 -1.351294758774594
 1.145165573981421 -1.340139974499533
 1.157975240725179 -1.327941131955194
 1.169959109948774 -1.314795929242360
 1.181126714997443 -1.300665925314968
 1.191408834861909 -1.285518376437671
 1.200784001981732 -1.269422034862781
 1.209300120922865 -1.252446746026958
 1.216976191679458 -1.234587078321285
 1.223756639830280 -1.215839520721037
 1.229587036799562 -1.196265236155346
 1.234474168782810 -1.175921619809582
 1.238429067376865 -1.154802529235363
 1.241398078914113 -1.132897974747138
 1.243304827540632 -1.110251417993746
 1.244127362863931 -1.086905320238351
 1.243872482198389 -1.062843633665632
 1.242494529062561 -1.038042074030084
 1.239906968126602 -1.012527827314329
 1.236067295318855 -0.9863338609978378
 1.230980532189055 -0.9594370052595376
 1.224612973991398 -0.9318004345771994
 1.216874015603372 -0.9034400530616815
 1.207702411068724 -0.8743866693457049
 1.197099312623855 -0.8446156142021263
 1.185043263526748 -0.8140808915699247
 1.171441446721063 -0.7827916864236936
 1.156211215109936 -0.7507837003699531
 1.139344322438480 -0.7180369452441204
 1.120829666696834 -0.6844995196281641
 1.100571749776396 -0.6501778962916145
 1.078460505248760 -0.6151205532475329
 1.054469841511576 -0.5793201479585017
 1.028596035347386 -0.5427230959463933
 1.000739075672187 -0.5053386911511478
 0.9707513953892662 -0.4672408987982297
 0.9385767220858154 -0.4284493822668430
 0.9042157368424542 -0.3889180236731272
 0.8675616107558224 -0.3486719190760398
 0.8284124492670260 -0.3078392746912167
 0.7866640453537938 -0.2665011459836256
 0.7423254244068560 -0.2246447282625694
 0.6952888513718483 -0.1823489523812960
 0.6452744186334213 -0.1398761443193442
 0.5921182179442436 -9.746301524637260E-02
 0.5359061320041096 -5.519291536120832E-02
 0.4766136353661035 -1.329358986985271E-02
 0.4138579858733526 2.759937354897285E-02
 0.3475163118595311 6.689620659424202E-02
 0.2787322243223677 0.1048993879385750
 0.2060965669292330 0.1396807137752247
 0.1316763925512096 0.1720325829458535
 5.504496162334144E-02 0.2006321762500193
 -2.293090717605226E-02 0.2252753887071343
 -0.1011724196023900 0.2460944573596175
 -0.1790376932817402 0.2630877775181691
 -0.2560802895864093 0.2763157134825950
 -0.3317301155085297 0.2861339312374461
 -0.4054658473321289 0.2930154239949864
 -0.4770678008677530 0.2972874237240907
 -0.5464909729526562 0.2991755385919045
 -0.6136197876286933 0.2989760070794146
 -0.6783109482446632 0.2970194622581649
 -0.7405673160195443 0.2935180947741490
 -0.8004905152181022 0.2885808834125929
 -0.8581068406501802 0.2823522071251431
 -0.9133782552655265 0.2750218331072627
 -0.9663467225078479 0.2667119967905646
 -1.017130138523482 0.2574627032867179
 -1.065787173271017 0.2473369775289340
 -1.112305919675981 0.2364509445857096
 -1.156724567864926 0.2248858119201469
 -1.199150849522798 0.2126539096187204
 -1.239650667829435 0.1997785579527339
 -1.278220004573691 0.1863366743289204
 -1.314887075795607 0.1723912819373091
 -1.349747057611247 0.1579458811375367
 -1.382867447668051 0.1430040208121451
 -1.414247322663670 0.1276199956299999
 -1.443905427205749 0.1118491941007441
 -1.471926269990059 9.569556232889809E-02
 -1.498377515588948 7.915400896387648E-02
 -1.523258867301079 6.226589825334339E-02
 -1.546580190283180 4.508505683069064E-02
 -1.568417389067385 2.762154484119406E-02
 -1.588837326496973 9.869230405173401E-03
 -1.607836600696728 -8.136426223890325E-03
 -1.625414486990587 -2.633882320377023E-02
 -1.641639472724667 -4.471799458097203E-02
 -1.656575747837996 -6.327566991843969E-02
 -1.670208953036336 -8.197693052804700E-02
 -1.682521576334913 -0.1007597297105616
 -1.693576016755930 -0.1195933933452654
 -1.703431684014117 -0.1384735207281315
 -1.712046477499604 -0.1573633263184289
 -1.719372655964190 -0.1761967142092247
 -1.725480134425175 -0.1949399805372581
 -1.730430892496233 -0.2135899782982964
 -1.734099621194927 -0.2321074516973933
 -1.736384303794516 -0.2504306169574897
 -1.737688057733454 -0.2685910078736899
 -1.737322756354360 -0.2864638961468238
 -1.735967754576685 -0.3041948336788885
 -1.733178049534337 -0.3216724913575323
 -1.729018375366050 -0.3388654094438086
 -1.723626230490638 -0.3558163459834890
 -1.716973090658277 -0.3725527776187640
 -1.708995988457705 -0.3890311290647967
 -1.699743731305770 -0.4051984327427328
 -1.689300759407935 -0.4210612525053161
 -1.677671868849971 -0.4366387586346088
 -1.664826231784655 -0.4518845777823878
 -1.650789602574502 -0.4667209919547790
 -1.635615080005850 -0.4811251805768008
 -1.619302860360779 -0.4951097685157539
 -1.601817465484020 -0.5086332851752524
 -1.583158346340596 -0.5216078563011446
 -1.563351300266838 -0.5339932416643287
 -1.542385828104194 -0.5458033518193954
 -1.520218070838420 -0.5570107892163181
 -1.496828304556173 -0.5675270190698150
 -1.472223827896344 -0.5772987480343311
 -1.446387085980151 -0.5863419098100411
 -1.419269334596933 -0.5946457279919628
 -1.390839044549463 -0.6021237841868604
 -1.361092273918207 -0.6087076335243793
 -1.330008234643965 -0.6144106084840846
 -1.297536364598414 -0.6192371250128185
 -1.263638209674713 -0.6231022086945892
 -1.228303364822631 -0.6259164342407019
 -1.191510396656424 -0.6276826542672326
 -1.153208806224652 -0.6284172048606214
 -1.113356450055860 -0.6280341458480424
 -1.071940278126682 -0.6264139178998611
 -1.028940885812010 -0.6235375962943247
 -0.9843100059838089 -0.6194287488695959
 -0.9380056818881662 -0.6139961165162979
 -0.8900181857409741 -0.6070749197671816
 -0.8403364103217438 -0.5986065935936216
 -0.7889207569117930 -0.5886147867706664
 -0.7357395448840337 -0.5769944347246692
 -0.6808028567986828 -0.5635065885309236
 -0.6241287852363819 -0.5480204745284064
 -0.5657107537050652 -0.5305503112801175
 -0.5055632508016054 -0.5109633320654754
 -0.4437735036806811 -0.4888859667891055
 -0.3804645561049105 -0.4640579111600995
 -0.3157515328137856 -0.4365118666788115
 -0.2498194042178357 -0.4061127210821726
 -0.1830272343147295 -0.3722112160998711
 -0.1158243416023399 -0.3344060575969504
 -4.852057736493894E-02 -0.2938388810858007
 1.791876308347110E-02 -0.2483252194810880
 8.314639083415791E-02 -0.2000513925009663
 0.1462300806374029 -0.1479864232411628
 0.2065596630558185 -9.277894620728298E-02
 0.2637102616051701 -3.542934314180028E-02
 0.3173595453967930 2.350730185786898E-02
 0.3673365721339543 8.361417944900860E-02
 0.4136643110906029 0.1442197416120099
 0.4564917245463910 0.2046360121591133
 0.4959923616045676 0.2645091230170047
 0.5323391030878092 0.3236872962199226
 0.5657307110671559 0.3819223208115534
 0.5963818738562956 0.4389247817159074
 0.6244777845545937 0.4945910614983093
 0.6501636336909119 0.5489546799610738
 0.6735776045100696 0.6019662196016897
 0.6948650216990169 0.6534978557706224
 0.7141527259686264 0.7035248121603456
 0.7315343108350540 0.7521291872727617
 0.7470936924708260 0.7993302783158407
 0.7609254845980413 0.8450597109263576
 0.7731191100059995 0.8893099549925294
 0.7837391127052908 0.9321681438470737
 0.7928386402332069 0.9736796911822692
 0.8004822959123984 1.013802658421818
 0.8067387674464785 1.052529969778176
 0.8116586742938476 1.089942300005870
 0.8152788387006616 1.126096329341008
 0.8176458195782738 1.160964110845866
 0.8188169570869356 1.194534183572030
 0.8188379230012923 1.226877761144614
 0.8177381403685721 1.258055988477504
 0.8155532833273920 1.288047926495972
 0.8123348996880331 1.316835205359659
 0.8081296540579377 1.344478530249020
 0.8029656674951682 1.371038872024742
 0.7968719485424567 1.396495554449728
 0.7898971534950414 1.420819649014984
 0.7820928170489170 1.444060484525339
 0.7734895363281501 1.466274515880128
 0.7641103721566074 1.487431848221701
 0.7540003025596567 1.507486292376754
 0.7432170916161800 1.526476550423328
 0.7317942553050256 1.544451872331598
 0.7197426005340222 1.561357405133535
 0.7070954974135598 1.577118755741923
 0.6939170918540777 1.591779620406218
 0.6802410990480245 1.605392101544265
 0.6660388610198513 1.617828050496475
 0.6513128757266617 1.628968226297352
 0.6362373928200453 1.639177505786856
 0.6205763668469633 1.647797589649090
 0.6045434236224430 1.655489592453483
 0.5880124755529150 1.661812465857066
 0.5710431346408718 1.666806541399002
 0.5536671205418643 1.670612275225849
 0.5358463756608345 1.673218702933732
 0.5175871535957957 1.674549505502468
 0.4989597293240381 1.674620467605514
 0.4800006384850698 1.673507998532274
 0.4606956771705121 1.671225836955894
 0.4410695919543746 1.667724098503425
 0.4212025657749397 1.662986228110125
 0.4011409112230399 1.657046800386383
 0.3808737929839137 1.649912297751117
 0.3604193865699063 1.641531259922390
 0.3398535187999638 1.631859274294891
 0.3192239374029077 1.620898561902680
 0.2985133459058049 1.608646985485028
 0.2777235417758593 1.595052863246402
 0.2569213364295714 1.580054846384144
 0.2361565325774898 1.563632609032169
 0.2154065537910960 1.545778915069579
 0.1946563606055357 1.526446162569162
 0.1739650289460918 1.505563837248542
 0.1533898628494826 1.483094302870084
 0.1329089220201107 1.459026222686211
 0.1124931010716659 1.433318016582743
 9.219676295364920E-02 1.405893895118283
 7.209214971269584E-02 1.376700134610655
 5.216607421794395E-02 1.345719599511353
 3.237913952781823E-02 1.312916724488785
 1.278470027946421E-02 1.278212042139657
 -6.520227122078226E-03 1.241534471147394
 -2.552895569956570E-02 1.202857744252826
 -4.428602936357690E-02 1.162151844815989
 -6.273339378402104E-02 1.119334807667446
 -8.073320964829211E-02 1.074315818565411
 -9.824031176407161E-02 1.027055975860465
 -0.1152949799306611 0.9775328104437936
 -0.1318220658717886 0.9256663538007089
 -0.1476095924683432 0.8713458632221404
 -0.1625352601174118 0.8145216205120320
 -0.1766146707017908 0.7551950395426870
 -0.1897256005702428 0.6933122844467714
 -0.2015009149527401 0.6287621111084497
 -0.2116536618393330 0.5615209264064721
 -0.2201545991903240 0.4917047820400199
 -0.2267942311482678 0.4194063109520253
 -0.2308307515586230 0.3446118425508983
 -0.2316919702571912 0.2675098510027084
 -0.2302116469574287 0.1889394931472257
 -0.2240153300127041 0.1086445057058633
 -0.2148227833853675 2.801880955511281E-02
 -0.2012750422607444 -5.264575300885647E-02
 -0.1836287558797662 -0.1324964424998513
 -0.1625378420027801 -0.2106651142178173
 -0.1383218521150529 -0.2865950793760381
 -0.1112562825475450 -0.3599298929316037
 -8.193419558207317E-02 -0.4303536728494560
 -5.102587721426211E-02 -0.4976514361540997
 -1.892456073681458E-02 -0.5617965467410954
 1.415186986484706E-02 -0.6228628348118271
 4.788907656153749E-02 -0.6808983278909679
 8.192907438836752E-02 -0.7359442439740723
 0.1160895314649506 -0.7881091562724584
 0.1503268815271904 -0.8375355633736667
 0.1845292361401106 -0.8843184267268329
 0.2185132335665096 -0.9285196888778851
 0.2521939965392214 -0.9702368089509101
 0.2855958276884281 -1.009591890559480
 0.3186934808001907 -1.046667255844775
 0.3513804350779392 -1.081510655512067
 0.3836054578589264 -1.114195766912676
 0.4154117368175072 -1.144822053465794
 0.4468120275962286 -1.173458249135003
 0.4777377086612928 -1.200139332750738
 0.5081483083491284 -1.224921251715485
 0.5380883833173994 -1.247888181143407
 0.5675886089673894 -1.269100350153153
 0.5966015030853959 -1.288584106475866
 0.6250884701188137 -1.306383377672774
 0.6530883469887666 -1.322573323473512
 0.6806393752203757 -1.337209997441381
 0.7077055839736871 -1.350313824749315
 0.7342452905951468 -1.361920262190350
 0.7602877350094476 -1.372100075090214
 0.7858716590018044 -1.380908102429915
 0.8109646521542708 -1.388359128225838
 0.8355173334955457 -1.394480825811214
 0.8595466556757505 -1.399342489944367
 0.8830862115098455 -1.402998845961689
 0.9060985808797289 -1.405454917693654
 0.9285212737752566 -1.406726562666193
 0.9503589251397496 -1.406883157078063
 0.9716374287090916 -1.405978351603467
 0.9923038769655818 -1.403994078815106
 1.012277158550630 -1.400922041532698
 1.031563042571097 -1.396839639868960
 1.050189793448208 -1.391802123245968
 1.068060760175076 -1.385720598799082
 1.085071428067854 -1.378537609339862
 1.101450664913409 -1.370586497913166
   
   
 #BODY NUMBER  2
 -4.852057736493894E-02 -0.2938388810858007
 1.791876308347110E-02 -0.2483252194810880
 8.314639083415791E-02 -0.2000513925009663
 0.1462300806374029 -0.1479864232411628
 0.2065596630558185 -9.277894620728298E-02
 0.2637102616051701 -3.542934314180028E-02
 0.3173595453967930 2.350730185786898E-02
 0.3673365721339543 8.361417944900860E-02
 0.4136643110906029 0.1442197416120099
 0.4564917245463910 0.2046360121591133
 0.4959923616045676 0.2645091230170047
 0.5323391030878092 0.3236872962199226
 0.5657307110671559 0.3819223208115534
 0.5963818738562956 0.4389247817159074
 0.6244777845545937 0.4945910614983093
 0.6501636336909119 0.5489546799610738
 0.6735776045100696 0.6019662196016897
 0.6948650216990169 0.6534978557706224
 0.7141527259686264 0.7035248121603456
 0.7315343108350540 0.7521291872727617
 0.7470936924708260 0.7993302783158407
 0.7609254845980413 0.8450597109263576
 0.7731191100059995 0.8893099549925294
 0.7837391127052908 0.9321681438470737
 0.7928386402332069 0.9736796911822692
 0.8004822959123984 1.013802658421818
 0.8067387674464785 1.052529969778176
 0.8116586742938476 1.089942300005870
 0.8152788387006616 1.126096329341008
 0.8176458195782738 1.160964110845866
 0.8188169570869356 1.194534183572030
 0.8188379230012923 1.226877761144614
 0.8177381403685721 1.258055988477504
 0.8155532833273920 1.288047926495972
 0.8123348996880331 1.316835205359659
 0.8081296540579377 1.344478530249020
 0.8029656674951682 1.371038872024742
 0.7968719485424567 1.396495554449728
 0.7898971534950414 1.420819649014984
 0.7820928170489170 1.444060484525339
 0.7734895363281501 1.466274515880128
 0.7641103721566074 1.487431848221701
 0.7540003025596567 1.507486292376754
 0.7432170916161800 1.526476550423328
 0.7317942553050256 1.544451872331598
 0.7197426005340222 1.561357405133535
 0.7070954974135598 1.577118755741923
 0.6939170918540777 1.591779620406218
 0.6802410990480245 1.605392101544265
 0.6660388610198513 1.617828050496475
 0.6513128757266617 1.628968226297352
 0.6362373928200453 1.639177505786856
 0.6205763668469633 1.647797589649090
 0.6045434236224430 1.655489592453483
 0.5880124755529150 1.661812465857066
 0.5710431346408718 1.666806541399002
 0.5536671205418643 1.670612275225849
 0.5358463756608345 1.673218702933732
 0.5175871535957957 1.674549505502468
 0.4989597293240381 1.674620467605514
 0.4800006384850698 1.673507998532274
 0.4606956771705121 1.671225836955894
 0.4410695919543746 1.667724098503425
 0.4212025657749397 1.662986228110125
 0.4011409112230399 1.657046800386383
 0.3808737929839137 1.649912297751117
 0.3604193865699063 1.641531259922390
 0.3398535187999638 1.631859274294891
 0.3192239374029077 1.620898561902680
 0.2985133459058049 1.608646985485028
 0.2777235417758593 1.595052863246402
 0.2569213364295714 1.580054846384144
 0.2361565325774898 1.563632609032169
 0.2154065537910960 1.545778915069579
 0.1946563606055357 1.526446162569162
 0.1739650289460918 1.505563837248542
 0.1533898628494826 1.483094302870084
 0.1329089220201107 1.459026222686211
 0.1124931010716659 1.433318016582743
 9.219676295364920E-02 1.405893895118283
 7.209214971269584E-02 1.376700134610655
 5.216607421794395E-02 1.345719599511353
 3.237913952781823E-02 1.312916724488785
 1.278470027946421E-02 1.278212042139657
 -6.520227122078226E-03 1.241534471147394
 -2.552895569956570E-02 1.202857744252826
 -4.428602936357690E-02 1.162151844815989
 -6.273339378402104E-02 1.119334807667446
 -8.073320964829211E-02 1.074315818565411
 -9.824031176407161E-02 1.027055975860465
 -0.1152949799306611 0.9775328104437936
 -0.1318220658717886 0.9256663538007089
 -0.1476095924683432 0.8713458632221404
 -0.1625352601174118 0.8145216205120320
 -0.1766146707017908 0.7551950395426870
 -0.1897256005702428 0.6933122844467714
 -0.2015009149527401 0.6287621111084497
 -0.2116536618393330 0.5615209264064721
 -0.2201545991903240 0.4917047820400199
 -0.2267942311482678 0.4194063109520253
 -0.2308307515586230 0.3446118425508983
 -0.2316919702571912 0.2675098510027084
 -0.2302116469574287 0.1889394931472257
 -0.2240153300127041 0.1086445057058633
 -0.2148227833853675 2.801880955511281E-02
 -0.2012750422607444 -5.264575300885647E-02
 -0.1836287558797662 -0.1324964424998513
 -0.1625378420027801 -0.2106651142178173
 -0.1383218521150529 -0.2865950793760381
 -0.1112562825475450 -0.3599298929316037
 -8.193419558207317E-02 -0.4303536728494560
 -5.102587721426211E-02 -0.4976514361540997
 -1.892456073681458E-02 -0.5617965467410954
 1.415186986484706E-02 -0.6228628348118271
 4.788907656153749E-02 -0.6808983278909679
 8.192907438836752E-02 -0.7359442439740723
 0.1160895314649506 -0.7881091562724584
 0.1503268815271904 -0.8375355633736667
 0.1845292361401106 -0.8843184267268329
 0.2185132335665096 -0.9285196888778851
 0.2521939965392214 -0.9702368089509101
 0.2855958276884281 -1.009591890559480
 0.3186934808001907 -1.046667255844775
 0.3513804350779392 -1.081510655512067
 0.3836054578589264 -1.114195766912676
 0.4154117368175072 -1.144822053465794
 0.4468120275962286 -1.173458249135003
 0.4777377086612928 -1.200139332750738
 0.5081483083491284 -1.224921251715485
 0.5380883833173994 -1.247888181143407
 0.5675886089673894 -1.269100350153153
 0.5966015030853959 -1.288584106475866
 0.6250884701188137 -1.306383377672774
 0.6530883469887666 -1.322573323473512
 0.6806393752203757 -1.337209997441381
 0.7077055839736871 -1.350313824749315
 0.7342452905951468 -1.361920262190350
 0.7602877350094476 -1.372100075090214
 0.7858716590018044 -1.380908102429915
 0.8109646521542708 -1.388359128225838
 0.8355173334955457 -1.394480825811214
 0.8595466556757505 -1.399342489944367
 0.8830862115098455 -1.402998845961689
 0.9060985808797289 -1.405454917693654
 0.9285212737752566 -1.406726562666193
 0.9503589251397496 -1.406883157078063
 0.9716374287090916 -1.405978351603467
 0.9923038769655818 -1.403994078815106
 1.012277158550630 -1.400922041532698
 1.031563042571097 -1.396839639868960
 1.050189793448208 -1.391802123245968
 1.068060760175076 -1.385720598799082
 1.085071428067854 -1.378537609339862
 1.101450664913409 -1.370586497913166
 1.116746389507397 -1.361333693502266
 1.131424330954242 -1.351294758774594
 1.145165573981421 -1.340139974499533
 1.157975240725179 -1.327941131955194
 1.169959109948774 -1.314795929242360
 1.181126714997443 -1.300665925314968
 1.191408834861909 -1.285518376437671
 1.200784001981732 -1.269422034862781
 1.209300120922865 -1.252446746026958
 1.216976191679458 -1.234587078321285
 1.223756639830280 -1.215839520721037
 1.229587036799562 -1.196265236155346
 1.234474168782810 -1.175921619809582
 1.238429067376865 -1.154802529235363
 1.241398078914113 -1.132897974747138
 1.243304827540632 -1.110251417993746
 1.244127362863931 -1.086905320238351
 1.243872482198389 -1.062843633665632
 1.242494529062561 -1.038042074030084
 1.239906968126602 -1.012527827314329
 1.236067295318855 -0.9863338609978378
 1.230980532189055 -0.9594370052595376
 1.224612973991398 -0.9318004345771994
 1.216874015603372 -0.9034400530616815
 1.207702411068724 -0.8743866693457049
 1.197099312623855 -0.8446156142021263
 1.185043263526748 -0.8140808915699247
 1.171441446721063 -0.7827916864236936
 1.156211215109936 -0.7507837003699531
 1.139344322438480 -0.7180369452441204
 1.120829666696834 -0.6844995196281641
 1.100571749776396 -0.6501778962916145
 1.078460505248760 -0.6151205532475329
 1.054469841511576 -0.5793201479585017
 1.028596035347386 -0.5427230959463933
 1.000739075672187 -0.5053386911511478
 0.9707513953892662 -0.4672408987982297
 0.9385767220858154 -0.4284493822668430
 0.9042157368424542 -0.3889180236731272
 0.8675616107558224 -0.3486719190760398
 0.8284124492670260 -0.3078392746912167
 0.7866640453537938 -0.2665011459836256
 0.7423254244068560 -0.2246447282625694
 0.6952888513718483 -0.1823489523812960
 0.6452744186334213 -0.1398761443193442
 0.5921182179442436 -9.746301524637260E-02
 0.5359061320041096 -5.519291536120832E-02
 0.4766136353661035 -1.329358986985271E-02
 0.4138579858733526 2.759937354897285E-02
 0.3475163118595311 6.689620659424202E-02
 0.2787322243223677 0.1048993879385750
 0.2060965669292330 0.1396807137752247
 0.1316763925512096 0.1720325829458535
 5.504496162334144E-02 0.2006321762500193
 -2.293090717605226E-02 0.2252753887071343
 -0.1011724196023900 0.2460944573596175
 -0.1790376932817402 0.2630877775181691
 -0.2560802895864093 0.2763157134825950
 -0.3317301155085297 0.2861339312374461
 -0.4054658473321289 0.2930154239949864
 -0.4770678008677530 0.2972874237240907
 -0.5464909729526562 0.2991755385919045
 -0.6136197876286933 0.2989760070794146
 -0.6783109482446632 0.2970194622581649
 -0.7405673160195443 0.2935180947741490
 -0.8004905152181022 0.2885808834125929
 -0.8581068406501802 0.2823522071251431
 -0.9133782552655265 0.2750218331072627
 -0.9663467225078479 0.2667119967905646
 -1.017130138523482 0.2574627032867179
 -1.065787173271017 0.2473369775289340
 -1.112305919675981 0.2364509445857096
 -1.156724567864926 0.2248858119201469
 -1.199150849522798 0.2126539096187204
 -1.239650667829435 0.1997785579527339
 -1.278220004573691 0.1863366743289204
 -1.314887075795607 0.1723912819373091
 -1.349747057611247 0.1579458811375367
 -1.382867447668051 0.1430040208121451
 -1.414247322663670 0.1276199956299999
 -1.443905427205749 0.1118491941007441
 -1.471926269990059 9.569556232889809E-02
 -1.498377515588948 7.915400896387648E-02
 -1.523258867301079 6.226589825334339E-02
 -1.546580190283180 4.508505683069064E-02
 -1.568417389067385 2.762154484119406E-02
 -1.588837326496973 9.869230405173401E-03
 -1.607836600696728 -8.136426223890325E-03
 -1.625414486990587 -2.633882320377023E-02
 -1.641639472724667 -4.471799458097203E-02
 -1.656575747837996 -6.327566991843969E-02
 -1.670208953036336 -8.197693052804700E-02
 -1.682521576334913 -0.1007597297105616
 -1.693576016755930 -0.1195933933452654
 -1.703431684014117 -0.1384735207281315
 -1.712046477499604 -0.1573633263184289
 -1.719372655964190 -0.1761967142092247
 -1.725480134425175 -0.1949399805372581
 -1.730430892496233 -0.2135899782982964
 -1.734099621194927 -0.2321074516973933
 -1.736384303794516 -0.2504306169574897
 -1.737688057733454 -0.2685910078736899
 -1.737322756354360 -0.2864638961468238
 -1.735967754576685 -0.3041948336788885
 -1.733178049534337 -0.3216724913575323
 -1.729018375366050 -0.3388654094438086
 -1.723626230490638 -0.3558163459834890
 -1.716973090658277 -0.3725527776187640
 -1.708995988457705 -0.3890311290647967
 -1.699743731305770 -0.4051984327427328
 -1.689300759407935 -0.4210612525053161
 -1.677671868849971 -0.4366387586346088
 -1.664826231784655 -0.4518845777823878
 -1.650789602574502 -0.4667209919547790
 -1.635615080005850 -0.4811251805768008
 -1.619302860360779 -0.4951097685157539
 -1.601817465484020 -0.5086332851752524
 -1.583158346340596 -0.5216078563011446
 -1.563351300266838 -0.5339932416643287
 -1.542385828104194 -0.5458033518193954
 -1.520218070838420 -0.5570107892163181
 -1.496828304556173 -0.5675270190698150
 -1.472223827896344 -0.5772987480343311
 -1.446387085980151 -0.5863419098100411
 -1.419269334596933 -0.5946457279919628
 -1.390839044549463 -0.6021237841868604
 -1.361092273918207 -0.6087076335243793
 -1.330008234643965 -0.6144106084840846
 -1.297536364598414 -0.6192371250128185
 -1.263638209674713 -0.6231022086945892
 -1.228303364822631 -0.6259164342407019
 -1.191510396656424 -0.6276826542672326
 -1.153208806224652 -0.6284172048606214
 -1.113356450055860 -0.6280341458480424
 -1.071940278126682 -0.6264139178998611
 -1.028940885812010 -0.6235375962943247
 -0.9843100059838089 -0.6194287488695959
 -0.9380056818881662 -0.6139961165162979
 -0.8900181857409741 -0.6070749197671816
 -0.8403364103217438 -0.5986065935936216
 -0.7889207569117930 -0.5886147867706664
 -0.7357395448840337 -0.5769944347246692
 -0.6808028567986828 -0.5635065885309236
 -0.6241287852363819 -0.5480204745284064
 -0.5657107537050652 -0.5305503112801175
 -0.5055632508016054 -0.5109633320654754
 -0.4437735036806811 -0.4888859667891055
 -0.3804645561049105 -0.4640579111600995
 -0.3157515328137856 -0.4365118666788115
 -0.2498194042178357 -0.4061127210821726
 -0.1830272343147295 -0.3722112160998711
 -0.1158243416023399 -0.3344060575969504
 -4.852057736493894E-02 -0.2938388810858007
   
   
 #BODY NUMBER  3
 -1.665144583228645 1.480760085023389
 -1.570993189284071 1.528532523086900
 -1.475532698930524 1.586672961568412
 -1.383226325872429 1.659059342783658
 -1.301532277229888 1.741844984424386
 -1.233394354770233 1.827686436194613
 -1.175116272311574 1.910964971518277
 -1.121451922109313 1.989787741122432
 -1.070225914375997 2.064562344164355
 -1.021424115203274 2.135901080860646
 -0.9743508105230320 2.203946052375389
 -0.9276404796276638 2.268816172825651
 -0.8809507079550478 2.330885335721862
 -0.8348411542717862 2.390514721462726
 -0.7892769459182356 2.447819342748513
 -0.7435259638430490 2.502820981601368
 -0.6973716531497381 2.555662046660287
 -0.6512971454210743 2.606542719720258
 -0.6054349841015296 2.655545564019353
 -0.5592867786271338 2.702653315264336
 -0.5126205687477693 2.747903262840955
 -0.4658138376701455 2.791411129368285
 -0.4190768067645696 2.833245874166195
 -0.3720534604277230 2.873381781359706
 -0.3244874500423061 2.911801199886883
 -0.2766622060274533 2.948563901252947
 -0.2288325739904524 2.983730040665809
 -0.1807512452353424 3.017278038732256
 -0.1321464746369354 3.049158814083425
 -8.322010761642651E-02 3.079388213401393
 -3.425352542402549E-02 3.108017162702452
 1.490793131047652E-02 3.135034344516070
 6.453929480704290E-02 3.160372971063345
 0.1145091846519275 3.184010580915987
 0.1645214969529600 3.205986583981509
 0.2146472367528212 3.226304411858408
 0.2651521608762104 3.244890126400325
 0.3159646484222844 3.261685741826984
 0.3667821099104818 3.276716354772821
 0.4175980097078003 3.290006319976504
 0.4686567958871339 3.301485938858216
 0.5199355314693712 3.311062279643289
 0.5711311289092074 3.318742806928654
 0.6221660049206583 3.324585538777546
 0.6732535227158267 3.328541773522704
 0.7244069908276605 3.330476715606948
 0.7753272948410692 3.330372326879573
 0.8258795345479619 3.328357310836996
 0.8762431976497307 3.324437697288883
 0.9264419521476852 3.318367947458197
 0.9761818249795040 3.310074317595908
 1.025411277267044 3.300272980781438
 1.074064157391841 3.287765893159059
 1.122245281136451 3.273791378450611
 1.169718834222424 3.257617258026732
 1.216455532128100 3.239296922413713
 1.262437796131046 3.219114168946187
 1.307577229441188 3.197114830922136
 1.351789869808931 3.173167824150846
 1.395046394963177 3.147272821787777
 1.437320346765216 3.119602473570209
 1.478550050225636 3.090267765043255
 1.518680521085994 3.059220279697066
 1.557696328096074 3.026433386127694
 1.595585287936543 2.992032711910575
 1.632307572971321 2.956155892492947
 1.667827689451049 2.918797071019330
 1.702144084176360 2.879908367328107
 1.735259354602816 2.839571457452812
 1.767149577825911 2.797930675773533
 1.797791027197411 2.755008818270065
 1.827191231012488 2.710739247237675
 1.855363665329000 2.665157395637423
 1.882294287677560 2.618402126983835
 1.907964074691386 2.570519907919449
 1.932384049616687 2.521429280506886
 1.955574338336813 2.471116950834460
 1.977525927918410 2.419707509607397
 1.998218672168286 2.367270216103316
 2.017662125522222 2.313713874645687
 2.035879812215335 2.258973084630425
 2.052864419981861 2.203149477235255
 2.068589940169556 2.146335816198183
 2.083060132445230 2.088436264588080
 2.096299792613021 2.029326561920603
 2.108301280044478 1.969073395892061
 2.119028317431580 1.907793724938275
 2.128474530255430 1.845390696304568
 2.136665017301696 1.781665992420480
 2.143591125492816 1.716630220559614
 2.149201402895719 1.650423463789765
 2.153474530602219 1.582946668884798
 2.156438094624661 1.513889843280028
 2.158086219297149 1.443161133815825
 2.158348523390347 1.370916378062342
 2.157188293200046 1.297035445562087
 2.154658745175732 1.220982204946544
 2.150794540209979 1.142426374276852
 2.145538121755715 1.061511170084737
 2.138917345735305 0.9779859472897685
 2.131273153651966 0.8905351978841617
 2.123154649055699 0.7980201567089519
 2.114948142154583 0.7016774675383639
 2.109244590146016 0.5962537495488908
 2.111865441681397 0.4845123206042432
 2.128400700172777 0.3683794659971073
 2.159248144580972 0.2562375237143004
 2.199520061281897 0.1543076260180318
 2.242502347232822 6.219805846315661E-02
 2.283932693005537 -2.368801689166405E-02
 2.323076394931082 -0.1054383424441344
 2.360456653597597 -0.1833713086262447
 2.395848675189032 -0.2581604720767907
 2.428672681997832 -0.3310478654764880
 2.459081268021276 -0.4025169752899736
 2.487667054043295 -0.4722637130072724
 2.514512207654259 -0.5403757855876683
 2.539269533113015 -0.6074981177392937
 2.561954082470409 -0.6738894558233199
 2.582980784037663 -0.7392314865131911
 2.602487411398600 -0.8034507054379243
 2.620209817954716 -0.8669700993403067
 2.636064317136299 -0.9300091963824820
 2.650339869274617 -0.9922989478274757
 2.663201305577659 -1.053691776288118
 2.674448347642751 -1.114483142383537
 2.683937534893203 -1.174886224997570
 2.691862346180530 -1.234685451939655
 2.698402300246593 -1.293690198043791
 2.703415054440692 -1.352103849226650
 2.706722230487946 -1.410137202985571
 2.708438474728196 -1.467623379399197
 2.708748581010370 -1.524344158164844
 2.707565418432375 -1.580427819490781
 2.704693630971037 -1.636079154376905
 2.700179456665729 -1.691173153333206
 2.694205077443599 -1.745473087820662
 2.686737962634783 -1.799042165809280
 2.677581201513874 -1.852073570387299
 2.666720387372518 -1.904476283145009
 2.654328549273966 -1.956000802222544
 2.640430046857107 -2.006653644965028
 2.624842295344766 -2.056611660323584
 2.607496281948818 -2.105808518404284
 2.588550014972486 -2.153985469991786
 2.568092531175401 -2.201104335021137
 2.545974972070458 -2.247325540620622
 2.522073947014348 -2.292593214539269
 2.496523391717868 -2.336639297019620
 2.469502216782517 -2.379411312802701
 2.440925900325949 -2.421067717702418
 2.410569965528981 -2.461506239420641
 2.378517534962744 -2.500435417942859
 2.345414602146596 -2.538168705831028
 2.310256706475859 -2.574049792175191
 2.274063859860478 -2.608788611966681
 2.236319884146544 -2.641814854735104
 2.197085659146976 -2.673129854603908
 2.156615749924306 -2.702860286620219
 2.114994047673966 -2.730952513567209
 2.072149011281559 -2.757268279908416
 2.028095018826961 -2.781782028389900
 1.982994818437966 -2.804557170460040
 1.936975363910801 -2.825595786783786
 1.890022217447198 -2.844826051341592
 1.842120031199905 -2.862221284576786
 1.793383693500333 -2.877833749213042
 1.743952313960292 -2.891697771229359
 1.693838567268828 -2.903779683709377
 1.643001764589327 -2.914054201462179
 1.591511340713931 -2.922564411967034
 1.539504254334686 -2.929361764570951
 1.487012110673317 -2.934437109383712
 1.433973435637089 -2.937763647247813
 1.380412177041482 -2.939370765252234
 1.326455615452429 -2.939315734019019
 1.272153503846185 -2.937605312150535
 1.217429785956539 -2.934208317089344
 1.162262885976578 -2.929135531405855
 1.106765209088780 -2.922441445023436
 1.051006808683607 -2.914143240465802
 0.9949039297705784 -2.904203594278794
 0.9383881716475752 -2.892610178745585
 0.8815512056292059 -2.879407476847127
 0.8244863717952561 -2.864619346298859
 0.7671087930953416 -2.848201124602187
 0.7092984588912660 -2.830112155311228
 0.6511169427363791 -2.810379165295798
 0.5926836722612987 -2.789029216703481
 0.5339179577794949 -2.766008362661636
 0.4746355018441006 -2.741239180571025
 0.4148498171623016 -2.714719480283463
 0.3547079451959833 -2.686474744651729
 0.2941347627890800 -2.656436984346690
 0.2328480154994165 -2.624475093273482
 0.1707710939902842 -2.590538056376359
 0.1080741481709668 -2.554642840507843
 4.467149886561272E-02 -2.516697585438677
 -1.992776553542064E-02 -2.476480312281758
 -8.602700802788599E-02 -2.433855897281139
 -0.1534734211835306 -2.388846103270768
 -0.2224979979705236 -2.341349731646841
 -0.2944104724940969 -2.291004292408459
 -0.3704715960858583 -2.237715940599746
 -0.4498035589259375 -2.182437552561753
 -0.5382514008619441 -2.124786272635791
 -0.6363327427508735 -2.071185282172655
 -0.7451743743003478 -2.027438808780765
 -0.8577158673510845 -1.998082508138687
 -0.9661257065116646 -1.981994062212644
 -1.067386074921247 -1.973163029981434
 -1.162480770896224 -1.966099724230768
 -1.252850480555084 -1.959124001720221
 -1.339032538394323 -1.952529772234401
 -1.421497864666000 -1.945785580298598
 -1.501032202370168 -1.937768307349163
 -1.578130560066228 -1.928368360431888
 -1.652825899771509 -1.918251008455453
 -1.725235261736023 -1.907443557160845
 -1.795743569269966 -1.895322863862074
 -1.864582429320671 -1.881772590836967
 -1.931683638616589 -1.867311233207067
 -1.997052427297070 -1.852094858581429
 -2.060923039327582 -1.835683215924029
 -2.123443748388530 -1.817894066458473
 -2.184526031604472 -1.799112181540809
 -2.244124498813089 -1.779554097878077
 -2.302394887215028 -1.758898638976170
 -2.359450084850897 -1.736914974889312
 -2.415200140153076 -1.713878449313292
 -2.469569726256140 -1.690039842622018
 -2.522663809205349 -1.665174189505605
 -2.574575755851010 -1.639021611097855
 -2.625218367111770 -1.611764834002196
 -2.674495055586344 -1.583673004537608
 -2.722473349742851 -1.554606525025289
 -2.769232925778081 -1.524293816686440
 -2.814688641317657 -1.492837427582781
 -2.858726574396560 -1.460513496160846
 -2.901385199387605 -1.427262246049128
 -2.942733362390085 -1.392816556013026
 -2.982685035794803 -1.357209458681975
 -3.021110659184448 -1.320715552550277
 -3.058028056564908 -1.283352675011476
 -3.093499091231900 -1.244874278534632
 -3.127431813418189 -1.205253761239006
 -3.159681143881693 -1.164757336936868
 -3.190258536096059 -1.123481203756409
 -3.219228494786284 -1.081216232902082
 -3.246480937842009 -1.037883501067679
 -3.271850686558937 -0.9937330298599527
 -3.295381751330479 -0.9489459980342947
 -3.317169097975680 -0.9033699795864656
 -3.337011917676666 -0.8568617080375553
 -3.354699359942249 -0.8096388996530486
 -3.370825879413640 -0.7621042749504108
 -3.384320863867700 -0.7137161009838672
 -3.396309140996930 -0.6650027664839291
 -3.406038718368969 -0.6158024032916283
 -3.413541191275075 -0.5661670678098049
 -3.419053546055352 -0.5162538823259675
 -3.422571277115154 -0.4661623173549256
 -3.423938881090490 -0.4158995442424294
 -3.423141413790138 -0.3654907933978779
 -3.420315165203182 -0.3150453031101692
 -3.415525414136438 -0.2646719782594686
 -3.408702738533192 -0.2143942283554738
 -3.399816359295979 -0.1642121015509073
 -3.388968981436876 -0.1141989626975327
 -3.376259886931613 -6.445812126358891E-02
 -3.361666256719877 -1.501738730995323E-02
 -3.345145848765687 3.414583413407247E-02
 -3.326770695316747 8.299295451422227E-02
 -3.306653832160597 0.1314310887974185
 -3.284803137870728 0.1794282911136462
 -3.261164666649577 0.2270244000101382
 -3.235775842370482 0.2742133696148116
 -3.208749903129989 0.3209136070351835
 -3.180117578537572 0.3670854042310864
 -3.149813835573227 0.4127790365824571
 -3.117837224313391 0.4580185805713951
 -3.084291137007190 0.5027339354160386
 -3.049225480851892 0.5468730243624862
 -3.012566055292800 0.5904897196331074
 -2.974267983862910 0.6336370941151603
 -2.934415625611067 0.6762579996118716
 -2.893076311964812 0.7182835301006760
 -2.850168925540572 0.7597648600141070
 -2.805598251504287 0.8007855933906253
 -2.759418222780857 0.8413057694037374
 -2.711711989692879 0.8812354917652057
 -2.662392488034925 0.9206176663570682
 -2.611300519145797 0.9595731881505459
 -2.558440942655118 0.9980892597238485
 -2.503909348091702 1.036051280861965
 -2.447609293391299 1.073490315461892
 -2.389286110124077 1.110585249993453
 -2.328857313287433 1.147376922560533
 -2.266422671561314 1.183726462445501
 -2.201859792065659 1.219662139876590
 -2.134730979640312 1.255498107335213
 -2.064767532182093 1.291429523004287
 -1.992064700572184 1.327334933186030
 -1.916419347764781 1.363363784357073
 -1.836862681157869 1.400469094524297
 -1.752683052969841 1.439695783890794
 -1.665144583228645 1.480760085023389
   
   
 #BODY NUMBER  4
 2.345414602146596 -2.538168705831028
 2.310256706475859 -2.574049792175191
 2.274063859860478 -2.608788611966681
 2.236319884146544 -2.641814854735104
 2.197085659146976 -2.673129854603908
 2.156615749924306 -2.702860286620219
 2.114994047673966 -2.730952513567209
 2.072149011281559 -2.757268279908416
 2.028095018826961 -2.781782028389900
 1.982994818437966 -2.804557170460040
 1.936975363910801 -2.825595786783786
 1.890022217447198 -2.844826051341592
 1.842120031199905 -2.862221284576786
 1.793383693500333 -2.877833749213042
 1.743952313960292 -2.891697771229359
 1.693838567268828 -2.903779683709377
 1.643001764589327 -2.914054201462179
 1.591511340713931 -2.922564411967034
 1.539504254334686 -2.929361764570951
 1.487012110673317 -2.934437109383712
 1.433973435637089 -2.937763647247813
 1.380412177041482 -2.939370765252234
 1.326455615452429 -2.939315734019019
 1.272153503846185 -2.937605312150535
 1.217429785956539 -2.934208317089344
 1.162262885976578 -2.929135531405855
 1.106765209088780 -2.922441445023436
 1.051006808683607 -2.914143240465802
 0.9949039297705784 -2.904203594278794
 0.9383881716475752 -2.892610178745585
 0.8815512056292059 -2.879407476847127
 0.8244863717952561 -2.864619346298859
 0.7671087930953416 -2.848201124602187
 0.7092984588912660 -2.830112155311228
 0.6511169427363791 -2.810379165295798
 0.5926836722612987 -2.789029216703481
 0.5339179577794949 -2.766008362661636
 0.4746355018441006 -2.741239180571025
 0.4148498171623016 -2.714719480283463
 0.3547079451959833 -2.686474744651729
 0.2941347627890800 -2.656436984346690
 0.2328480154994165 -2.624475093273482
 0.1707710939902842 -2.590538056376359
 0.1080741481709668 -2.554642840507843
 4.467149886561272E-02 -2.516697585438677
 -1.992776553542064E-02 -2.476480312281758
 -8.602700802788599E-02 -2.433855897281139
 -0.1534734211835306 -2.388846103270768
 -0.2224979979705236 -2.341349731646841
 -0.2944104724940969 -2.291004292408459
 -0.3704715960858583 -2.237715940599746
 -0.4498035589259375 -2.182437552561753
 -0.5382514008619441 -2.124786272635791
 -0.6363327427508735 -2.071185282172655
 -0.7451743743003478 -2.027438808780765
 -0.8577158673510845 -1.998082508138687
 -0.9661257065116646 -1.981994062212644
 -1.067386074921247 -1.973163029981434
 -1.162480770896224 -1.966099724230768
 -1.252850480555084 -1.959124001720221
 -1.339032538394323 -1.952529772234401
 -1.421497864666000 -1.945785580298598
 -1.501032202370168 -1.937768307349163
 -1.578130560066228 -1.928368360431888
 -1.652825899771509 -1.918251008455453
 -1.725235261736023 -1.907443557160845
 -1.795743569269966 -1.895322863862074
 -1.864582429320671 -1.881772590836967
 -1.931683638616589 -1.867311233207067
 -1.997052427297070 -1.852094858581429
 -2.060923039327582 -1.835683215924029
 -2.123443748388530 -1.817894066458473
 -2.184526031604472 -1.799112181540809
 -2.244124498813089 -1.779554097878077
 -2.302394887215028 -1.758898638976170
 -2.359450084850897 -1.736914974889312
 -2.415200140153076 -1.713878449313292
 -2.469569726256140 -1.690039842622018
 -2.522663809205349 -1.665174189505605
 -2.574575755851010 -1.639021611097855
 -2.625218367111770 -1.611764834002196
 -2.674495055586344 -1.583673004537608
 -2.722473349742851 -1.554606525025289
 -2.769232925778081 -1.524293816686440
 -2.814688641317657 -1.492837427582781
 -2.858726574396560 -1.460513496160846
 -2.901385199387605 -1.427262246049128
 -2.942733362390085 -1.392816556013026
 -2.982685035794803 -1.357209458681975
 -3.021110659184448 -1.320715552550277
 -3.058028056564908 -1.283352675011476
 -3.093499091231900 -1.244874278534632
 -3.127431813418189 -1.205253761239006
 -3.159681143881693 -1.164757336936868
 -3.190258536096059 -1.123481203756409
 -3.219228494786284 -1.081216232902082
 -3.246480937842009 -1.037883501067679
 -3.271850686558937 -0.9937330298599527
 -3.295381751330479 -0.9489459980342947
 -3.317169097975680 -0.9033699795864656
 -3.337011917676666 -0.8568617080375553
 -3.354699359942249 -0.8096388996530486
 -3.370825879413640 -0.7621042749504108
 -3.384320863867700 -0.7137161009838672
 -3.396309140996930 -0.6650027664839291
 -3.406038718368969 -0.6158024032916283
 -3.413541191275075 -0.5661670678098049
 -3.419053546055352 -0.5162538823259675
 -3.422571277115154 -0.4661623173549256
 -3.423938881090490 -0.4158995442424294
 -3.423141413790138 -0.3654907933978779
 -3.420315165203182 -0.3150453031101692
 -3.415525414136438 -0.2646719782594686
 -3.408702738533192 -0.2143942283554738
 -3.399816359295979 -0.1642121015509073
 -3.388968981436876 -0.1141989626975327
 -3.376259886931613 -6.445812126358891E-02
 -3.361666256719877 -1.501738730995323E-02
 -3.345145848765687 3.414583413407247E-02
 -3.326770695316747 8.299295451422227E-02
 -3.306653832160597 0.1314310887974185
 -3.284803137870728 0.1794282911136462
 -3.261164666649577 0.2270244000101382
 -3.235775842370482 0.2742133696148116
 -3.208749903129989 0.3209136070351835
 -3.180117578537572 0.3670854042310864
 -3.149813835573227 0.4127790365824571
 -3.117837224313391 0.4580185805713951
 -3.084291137007190 0.5027339354160386
 -3.049225480851892 0.5468730243624862
 -3.012566055292800 0.5904897196331074
 -2.974267983862910 0.6336370941151603
 -2.934415625611067 0.6762579996118716
 -2.893076311964812 0.7182835301006760
 -2.850168925540572 0.7597648600141070
 -2.805598251504287 0.8007855933906253
 -2.759418222780857 0.8413057694037374
 -2.711711989692879 0.8812354917652057
 -2.662392488034925 0.9206176663570682
 -2.611300519145797 0.9595731881505459
 -2.558440942655118 0.9980892597238485
 -2.503909348091702 1.036051280861965
 -2.447609293391299 1.073490315461892
 -2.389286110124077 1.110585249993453
 -2.328857313287433 1.147376922560533
 -2.266422671561314 1.183726462445501
 -2.201859792065659 1.219662139876590
 -2.134730979640312 1.255498107335213
 -2.064767532182093 1.291429523004287
 -1.992064700572184 1.327334933186030
 -1.916419347764781 1.363363784357073
 -1.836862681157869 1.400469094524297
 -1.752683052969841 1.439695783890794
 -1.665144583228645 1.480760085023389
 -1.570993189284071 1.528532523086900
 -1.475532698930524 1.586672961568412
 -1.383226325872429 1.659059342783658
 -1.301532277229888 1.741844984424386
 -1.233394354770233 1.827686436194613
 -1.175116272311574 1.910964971518277
 -1.121451922109313 1.989787741122432
 -1.070225914375997 2.064562344164355
 -1.021424115203274 2.135901080860646
 -0.9743508105230320 2.203946052375389
 -0.9276404796276638 2.268816172825651
 -0.8809507079550478 2.330885335721862
 -0.8348411542717862 2.390514721462726
 -0.7892769459182356 2.447819342748513
 -0.7435259638430490 2.502820981601368
 -0.6973716531497381 2.555662046660287
 -0.6512971454210743 2.606542719720258
 -0.6054349841015296 2.655545564019353
 -0.5592867786271338 2.702653315264336
 -0.5126205687477693 2.747903262840955
 -0.4658138376701455 2.791411129368285
 -0.4190768067645696 2.833245874166195
 -0.3720534604277230 2.873381781359706
 -0.3244874500423061 2.911801199886883
 -0.2766622060274533 2.948563901252947
 -0.2288325739904524 2.983730040665809
 -0.1807512452353424 3.017278038732256
 -0.1321464746369354 3.049158814083425
 -8.322010761642651E-02 3.079388213401393
 -3.425352542402549E-02 3.108017162702452
 1.490793131047652E-02 3.135034344516070
 6.453929480704290E-02 3.160372971063345
 0.1145091846519275 3.184010580915987
 0.1645214969529600 3.205986583981509
 0.2146472367528212 3.226304411858408
 0.2651521608762104 3.244890126400325
 0.3159646484222844 3.261685741826984
 0.3667821099104818 3.276716354772821
 0.4175980097078003 3.290006319976504
 0.4686567958871339 3.301485938858216
 0.5199355314693712 3.311062279643289
 0.5711311289092074 3.318742806928654
 0.6221660049206583 3.324585538777546
 0.6732535227158267 3.328541773522704
 0.7244069908276605 3.330476715606948
 0.7753272948410692 3.330372326879573
 0.8258795345479619 3.328357310836996
 0.8762431976497307 3.324437697288883
 0.9264419521476852 3.318367947458197
 0.9761818249795040 3.310074317595908
 1.025411277267044 3.300272980781438
 1.074064157391841 3.287765893159059
 1.122245281136451 3.273791378450611
 1.169718834222424 3.257617258026732
 1.216455532128100 3.239296922413713
 1.262437796131046 3.219114168946187
 1.307577229441188 3.197114830922136
 1.351789869808931 3.173167824150846
 1.395046394963177 3.147272821787777
 1.437320346765216 3.119602473570209
 1.478550050225636 3.090267765043255
 1.518680521085994 3.059220279697066
 1.557696328096074 3.026433386127694
 1.595585287936543 2.992032711910575
 1.632307572971321 2.956155892492947
 1.667827689451049 2.918797071019330
 1.702144084176360 2.879908367328107
 1.735259354602816 2.839571457452812
 1.767149577825911 2.797930675773533
 1.797791027197411 2.755008818270065
 1.827191231012488 2.710739247237675
 1.855363665329000 2.665157395637423
 1.882294287677560 2.618402126983835
 1.907964074691386 2.570519907919449
 1.932384049616687 2.521429280506886
 1.955574338336813 2.471116950834460
 1.977525927918410 2.419707509607397
 1.998218672168286 2.367270216103316
 2.017662125522222 2.313713874645687
 2.035879812215335 2.258973084630425
 2.052864419981861 2.203149477235255
 2.068589940169556 2.146335816198183
 2.083060132445230 2.088436264588080
 2.096299792613021 2.029326561920603
 2.108301280044478 1.969073395892061
 2.119028317431580 1.907793724938275
 2.128474530255430 1.845390696304568
 2.136665017301696 1.781665992420480
 2.143591125492816 1.716630220559614
 2.149201402895719 1.650423463789765
 2.153474530602219 1.582946668884798
 2.156438094624661 1.513889843280028
 2.158086219297149 1.443161133815825
 2.158348523390347 1.370916378062342
 2.157188293200046 1.297035445562087
 2.154658745175732 1.220982204946544
 2.150794540209979 1.142426374276852
 2.145538121755715 1.061511170084737
 2.138917345735305 0.9779859472897685
 2.131273153651966 0.8905351978841617
 2.123154649055699 0.7980201567089519
 2.114948142154583 0.7016774675383639
 2.109244590146016 0.5962537495488908
 2.111865441681397 0.4845123206042432
 2.128400700172777 0.3683794659971073
 2.159248144580972 0.2562375237143004
 2.199520061281897 0.1543076260180318
 2.242502347232822 6.219805846315661E-02
 2.283932693005537 -2.368801689166405E-02
 2.323076394931082 -0.1054383424441344
 2.360456653597597 -0.1833713086262447
 2.395848675189032 -0.2581604720767907
 2.428672681997832 -0.3310478654764880
 2.459081268021276 -0.4025169752899736
 2.487667054043295 -0.4722637130072724
 2.514512207654259 -0.5403757855876683
 2.539269533113015 -0.6074981177392937
 2.561954082470409 -0.6738894558233199
 2.582980784037663 -0.7392314865131911
 2.602487411398600 -0.8034507054379243
 2.620209817954716 -0.8669700993403067
 2.636064317136299 -0.9300091963824820
 2.650339869274617 -0.9922989478274757
 2.663201305577659 -1.053691776288118
 2.674448347642751 -1.114483142383537
 2.683937534893203 -1.174886224997570
 2.691862346180530 -1.234685451939655
 2.698402300246593 -1.293690198043791
 2.703415054440692 -1.352103849226650
 2.706722230487946 -1.410137202985571
 2.708438474728196 -1.467623379399197
 2.708748581010370 -1.524344158164844
 2.707565418432375 -1.580427819490781
 2.704693630971037 -1.636079154376905
 2.700179456665729 -1.691173153333206
 2.694205077443599 -1.745473087820662
 2.686737962634783 -1.799042165809280
 2.677581201513874 -1.852073570387299
 2.666720387372518 -1.904476283145009
 2.654328549273966 -1.956000802222544
 2.640430046857107 -2.006653644965028
 2.624842295344766 -2.056611660323584
 2.607496281948818 -2.105808518404284
 2.588550014972486 -2.153985469991786
 2.568092531175401 -2.201104335021137
 2.545974972070458 -2.247325540620622
 2.522073947014348 -2.292593214539269
 2.496523391717868 -2.336639297019620
 2.469502216782517 -2.379411312802701
 2.440925900325949 -2.421067717702418
 2.410569965528981 -2.461506239420641
 2.378517534962744 -2.500435417942859
 2.345414602146596 -2.538168705831028
   
   
 #BODY NUMBER  5
 -1.395674880791419 2.129240854063373
 -1.498728249626926 2.086736887222434
 -1.600851027753158 2.031357777020541
 -1.696507619220787 1.958016982807400
 -1.778386008588796 1.870609646432614
 -1.844023179522942 1.776780242822699
 -1.897236634279300 1.682109175828144
 -1.943145484870256 1.588380209679534
 -1.983965878443698 1.495351841891670
 -2.019931918387233 1.402691586415723
 -2.051822161378400 1.310360769200208
 -2.080869625599869 1.218239593625934
 -2.107327013943861 1.126078156294536
 -2.130722306659559 1.033730899901042
 -2.151158937735161 0.9411957924898035
 -2.169257086951997 0.8484660927944278
 -2.185094538742422 0.7554843300020457
 -2.198210904378395 0.6622228673524021
 -2.208550463107195 0.5687155096069543
 -2.216539746664185 0.4750075725837982
 -2.222258262036792 0.3811271724267238
 -2.225311520495018 0.2871066945625073
 -2.225581854474527 0.1930001772749862
 -2.223406361371976 9.887678750708118E-02
 -2.218898469977095 4.810440432745811E-03
 -2.211732828172652 -8.912799244596514E-02
 -2.201767899249991 -0.1828722477853307
 -2.189297586133853 -0.2763466810966947
 -2.174479364596720 -0.3694565215008199
 -2.157052759582059 -0.4621094256066501
 -2.136869849572808 -0.5542385151123665
 -2.114204979782465 -0.6457804987910025
 -2.089258623232799 -0.7366432976413915
 -2.061819840718224 -0.8267302357179305
 -2.031733057696626 -0.9159866454589728
 -1.999260695016537 -1.004379619440952
 -1.964634636656863 -1.091839700625026
 -1.927662146830324 -1.178277608996624
 -1.888159630294460 -1.263658111648299
 -1.846376547088248 -1.347992090145833
 -1.802558074607180 -1.431247212102760
 -1.756474030549510 -1.513344904698923
 -1.707864739013657 -1.594269764499589
 -1.656961939807088 -1.674091087111824
 -1.603992340132348 -1.752830426015504
 -1.548550370013631 -1.830413796657075
 -1.490151059565935 -1.906837263890586
 -1.428976525047470 -1.982258507950987
 -1.365085743483562 -2.056767275184067
 -1.297206455158609 -2.130162641239367
 -1.223845027011315 -2.202229574684825
 -1.146139229998846 -2.273310329220874
 -1.057803030535228 -2.341305181157520
 -0.9587819251982943 -2.402056546218933
 -0.8474386385421735 -2.448227187362759
 -0.7308024700804726 -2.475432284389015
 -0.6167252374652700 -2.485361040045570
 -0.5081309610664279 -2.484109710190432
 -0.4040048700158018 -2.477003457986439
 -0.3030297434521887 -2.465840771919587
 -0.2048005883170951 -2.450658148446240
 -0.1088946335606982 -2.432110500401692
 -1.459162317615581E-02 -2.411205754545867
 7.845121697411850E-02 -2.388037806303855
 0.1701239333385279 -2.362125095927877
 0.2604800026363835 -2.333556183901498
 0.3498353528662990 -2.302864791037072
 0.4382786474283730 -2.270089545222600
 0.5256036260950443 -2.234817919743856
 0.6117531527077621 -2.197018561394195
 0.6969012484845424 -2.157083515401007
 0.7810633176243214 -2.115095694907080
 0.8640140691597981 -2.070729655364115
 0.9456478707822252 -2.023910512814115
 1.026073370860260 -1.974964785637596
 1.105283271370398 -1.924027663634960
 1.183053519732840 -1.870852819358537
 1.259255961854254 -1.815350810094924
 1.333972039148181 -1.757813985487520
 1.407198415511902 -1.698426108995394
 1.478724881694624 -1.637007774298065
 1.548419558629479 -1.573464316754900
 1.616364807112827 -1.508064971903679
 1.682581120901386 -1.441029393974610
 1.746879306567537 -1.372223242229802
 1.809134233343074 -1.301539118944427
 1.869448612987480 -1.229220740951578
 1.927878235930101 -1.155503654187141
 1.984249415516626 -1.080265584570397
 2.038439841532929 -1.003365150411087
 2.090583667710898 -0.9250129496573009
 2.140775482080235 -0.8454374783552032
 2.188832147431762 -0.7644786791940583
 2.234610486048907 -0.6819193679637131
 2.278286379591491 -0.5979255894209683
 2.319991847521901 -0.5126829010225116
 2.359460032349366 -0.4258770611430590
 2.396445041195026 -0.3370900411151053
 2.431174487277127 -0.2464007181272256
 2.463755581723682 -0.1538152946086989
 2.493378189085154 -5.833242350083134E-02
 2.519109270148116 4.123390365536084E-02
 2.541814110790265 0.1440694751575009
 2.556531280162154 0.2545682939350862
 2.559632952951453 0.3706987691983922
 2.543946257762960 0.4902102045553586
 2.509188478669269 0.6048226379564012
 2.460748416988212 0.7085807972228708
 2.405367595345727 0.8020005343622878
 2.347150354886058 0.8886232483069054
 2.286995621895887 0.9704889300279171
 2.224732506704328 1.047966562030517
 2.160716794939098 1.121749731201484
 2.095461248776024 1.192966160919933
 2.028875796969742 1.261959650009320
 1.960598373321031 1.328394196026834
 1.890678935098777 1.392360391411695
 1.819421734085698 1.454398698242644
 1.746815891314049 1.514605215220555
 1.672607278283350 1.572595052391454
 1.596797310399433 1.628303051787241
 1.519638498179642 1.682075942817209
 1.441194944412471 1.733968522480356
 1.361297451335220 1.783622960801608
 1.279933983692302 1.830910335539129
 1.197332990511716 1.876087998130515
 1.113615198606697 1.919217223202214
 1.028679308439813 1.959980811804502
 0.9425119373957367 1.998223057880254
 0.8553255469856722 2.034160666584214
 0.7672809490848184 2.067882630496214
 0.6783278778874354 2.099117199904716
 0.5884502909433290 2.127702831867267
 0.4978401726696387 2.153845470694682
 0.4066775023314132 2.177672691616001
 0.3149405341506870 2.198953477947732
 0.2225988243535528 2.217525764403399
 0.1298120820290570 2.233600360392531
 3.675640072676237E-02 2.247343354812167
 -5.658726868630180E-02 2.258543193567021
 -0.1502802112384692 2.267023262059385
 -0.2442071206226507 2.273005039803134
 -0.3382174074730552 2.276684690457964
 -0.4323581168822526 2.277823583892981
 -0.5267457470352498 2.276189132463302
 -0.6213244397844029 2.272016676532792
 -0.7159995073895524 2.265513327038016
 -0.8109096623357354 2.256290857800134
 -0.9062939816290911 2.243927305005691
 -1.002197962229658 2.228659226078213
 -1.098669838240120 2.210582569792766
 -1.196171733926545 2.188495064740198
 -1.295264243136800 2.160995671029464
 -1.395674880791419 2.129240854063373
 -1.498728249626926 2.086736887222434
 -1.600851027753158 2.031357777020541
 -1.696507619220787 1.958016982807400
 -1.778386008588796 1.870609646432614
 -1.844023179522942 1.776780242822699
 -1.897236634279300 1.682109175828144
 -1.943145484870256 1.588380209679534
 -1.983965878443698 1.495351841891670
 -2.019931918387233 1.402691586415723
 -2.051822161378400 1.310360769200208
 -2.080869625599869 1.218239593625934
 -2.107327013943861 1.126078156294536
 -2.130722306659559 1.033730899901042
 -2.151158937735161 0.9411957924898035
 -2.169257086951997 0.8484660927944278
 -2.185094538742422 0.7554843300020457
 -2.198210904378395 0.6622228673524021
 -2.208550463107195 0.5687155096069543
 -2.216539746664185 0.4750075725837982
 -2.222258262036792 0.3811271724267238
 -2.225311520495018 0.2871066945625073
 -2.225581854474527 0.1930001772749862
 -2.223406361371976 9.887678750708118E-02
 -2.218898469977095 4.810440432745811E-03
 -2.211732828172652 -8.912799244596514E-02
 -2.201767899249991 -0.1828722477853307
 -2.189297586133853 -0.2763466810966947
 -2.174479364596720 -0.3694565215008199
 -2.157052759582059 -0.4621094256066501
 -2.136869849572808 -0.5542385151123665
 -2.114204979782465 -0.6457804987910025
 -2.089258623232799 -0.7366432976413915
 -2.061819840718224 -0.8267302357179305
 -2.031733057696626 -0.9159866454589728
 -1.999260695016537 -1.004379619440952
 -1.964634636656863 -1.091839700625026
 -1.927662146830324 -1.178277608996624
 -1.888159630294460 -1.263658111648299
 -1.846376547088248 -1.347992090145833
 -1.802558074607180 -1.431247212102760
 -1.756474030549510 -1.513344904698923
 -1.707864739013657 -1.594269764499589
 -1.656961939807088 -1.674091087111824
 -1.603992340132348 -1.752830426015504
 -1.548550370013631 -1.830413796657075
 -1.490151059565935 -1.906837263890586
 -1.428976525047470 -1.982258507950987
 -1.365085743483562 -2.056767275184067
 -1.297206455158609 -2.130162641239367
 -1.223845027011315 -2.202229574684825
 -1.146139229998846 -2.273310329220874
 -1.057803030535228 -2.341305181157520
 -0.9587819251982943 -2.402056546218933
 -0.8474386385421735 -2.448227187362759
 -0.7308024700804726 -2.475432284389015
 -0.6167252374652700 -2.485361040045570
 -0.5081309610664279 -2.484109710190432
 -0.4040048700158018 -2.477003457986439
 -0.3030297434521887 -2.465840771919587
 -0.2048005883170951 -2.450658148446240
 -0.1088946335606982 -2.432110500401692
 -1.459162317615581E-02 -2.411205754545867
 7.845121697411850E-02 -2.388037806303855
 0.1701239333385279 -2.362125095927877
 0.2604800026363835 -2.333556183901498
 0.3498353528662990 -2.302864791037072
 0.4382786474283730 -2.270089545222600
 0.5256036260950443 -2.234817919743856
 0.6117531527077621 -2.197018561394195
 0.6969012484845424 -2.157083515401007
 0.7810633176243214 -2.115095694907080
 0.8640140691597981 -2.070729655364115
 0.9456478707822252 -2.023910512814115
 1.026073370860260 -1.974964785637596
 1.105283271370398 -1.924027663634960
 1.183053519732840 -1.870852819358537
 1.259255961854254 -1.815350810094924
 1.333972039148181 -1.757813985487520
 1.407198415511902 -1.698426108995394
 1.478724881694624 -1.637007774298065
 1.548419558629479 -1.573464316754900
 1.616364807112827 -1.508064971903679
 1.682581120901386 -1.441029393974610
 1.746879306567537 -1.372223242229802
 1.809134233343074 -1.301539118944427
 1.869448612987480 -1.229220740951578
 1.927878235930101 -1.155503654187141
 1.984249415516626 -1.080265584570397
 2.038439841532929 -1.003365150411087
 2.090583667710898 -0.9250129496573009
 2.140775482080235 -0.8454374783552032
 2.188832147431762 -0.7644786791940583
 2.234610486048907 -0.6819193679637131
 2.278286379591491 -0.5979255894209683
 2.319991847521901 -0.5126829010225116
 2.359460032349366 -0.4258770611430590
 2.396445041195026 -0.3370900411151053
 2.431174487277127 -0.2464007181272256
 2.463755581723682 -0.1538152946086989
 2.493378189085154 -5.833242350083134E-02
 2.519109270148116 4.123390365536084E-02
 2.541814110790265 0.1440694751575009
 2.556531280162154 0.2545682939350862
 2.559632952951453 0.3706987691983922
 2.543946257762960 0.4902102045553586
 2.509188478669269 0.6048226379564012
 2.460748416988212 0.7085807972228708
 2.405367595345727 0.8020005343622878
 2.347150354886058 0.8886232483069054
 2.286995621895887 0.9704889300279171
 2.224732506704328 1.047966562030517
 2.160716794939098 1.121749731201484
 2.095461248776024 1.192966160919933
 2.028875796969742 1.261959650009320
 1.960598373321031 1.328394196026834
 1.890678935098777 1.392360391411695
 1.819421734085698 1.454398698242644
 1.746815891314049 1.514605215220555
 1.672607278283350 1.572595052391454
 1.596797310399433 1.628303051787241
 1.519638498179642 1.682075942817209
 1.441194944412471 1.733968522480356
 1.361297451335220 1.783622960801608
 1.279933983692302 1.830910335539129
 1.197332990511716 1.876087998130515
 1.113615198606697 1.919217223202214
 1.028679308439813 1.959980811804502
 0.9425119373957367 1.998223057880254
 0.8553255469856722 2.034160666584214
 0.7672809490848184 2.067882630496214
 0.6783278778874354 2.099117199904716
 0.5884502909433290 2.127702831867267
 0.4978401726696387 2.153845470694682
 0.4066775023314132 2.177672691616001
 0.3149405341506870 2.198953477947732
 0.2225988243535528 2.217525764403399
 0.1298120820290570 2.233600360392531
 3.675640072676237E-02 2.247343354812167
 -5.658726868630180E-02 2.258543193567021
 -0.1502802112384692 2.267023262059385
 -0.2442071206226507 2.273005039803134
 -0.3382174074730552 2.276684690457964
 -0.4323581168822526 2.277823583892981
 -0.5267457470352498 2.276189132463302
 -0.6213244397844029 2.272016676532792
 -0.7159995073895524 2.265513327038016
 -0.8109096623357354 2.256290857800134
 -0.9062939816290911 2.243927305005691
 -1.002197962229658 2.228659226078213
 -1.098669838240120 2.210582569792766
 -1.196171733926545 2.188495064740198
 -1.295264243136800 2.160995671029464
 -1.395674880791419 2.129240854063373
   
   
 #BODY NUMBER  6
 -0.3375252256749997 0.5925931457432329
 -0.3752004201557274 0.5684392948492116
 -0.4122508549651945 0.5421040246532896
 -0.4479815936721506 0.5128649268847425
 -0.4817022771092881 0.4813953019093862
 -0.5128675871850735 0.4486188799870702
 -0.5411274014773283 0.4150369896778912
 -0.5662970112978540 0.3810045260951160
 -0.5883515390796004 0.3470701355846488
 -0.6074306303167172 0.3137752370515193
 -0.6237709452933951 0.2813669205124740
 -0.6376078551377560 0.2499225093911243
 -0.6491600571677152 0.2196007079041860
 -0.6586762752080937 0.1905849659429538
 -0.6664232822383543 0.1628941037280970
 -0.6726172290788069 0.1364359040996466
 -0.6774180047478692 0.1111930231919067
 -0.6809956754774098 8.720628936210645E-02
 -0.6835440152929761 6.441951244993332E-02
 -0.6852144252796126 4.268910829290212E-02
 -0.6860952654499560 2.193076097862634E-02
 -0.6862795987932155 2.127091392926272E-03
 -0.6858965964083871 -1.680326715515307E-02
 -0.6850457687431737 -3.502096598612370E-02
 -0.6837565217737152 -5.264296135086971E-02
 -0.6820525587575941 -6.971636647723758E-02
 -0.6800028159186698 -8.633070343308685E-02
 -0.6776599151350066 -0.1026495256057018
 -0.6749983759586462 -0.1188033412211239
 -0.6719723391372977 -0.1348490195250680
 -0.6685891101577882 -0.1508684090708648
 -0.6648569130213919 -0.1670127409426554
 -0.6606993548145524 -0.1834066410056513
 -0.6560015914011216 -0.2000955631352642
 -0.6507101231923218 -0.2171358306278915
 -0.6447959034029070 -0.2346510100165992
 -0.6381402251661976 -0.2527422439872536
 -0.6305613473677847 -0.2714236079108309
 -0.6219461723591806 -0.2907090295891983
 -0.6122379617069083 -0.3106819460311513
 -0.6012846311530088 -0.3314043392128502
 -0.5888323378429127 -0.3528348552013650
 -0.5747018317992876 -0.3749201324458317
 -0.5588207293075754 -0.3976834333186350
 -0.5410157881259671 -0.4211166820188228
 -0.5209458744460556 -0.4450638674823043
 -0.4983629426050525 -0.4693349062033945
 -0.4732528121751500 -0.4938394046602477
 -0.4455141906097719 -0.5184192021323850
 -0.4147218713881856 -0.5426284378558177
 -0.3806943894685239 -0.5659932352029308
 -0.3444381054846741 -0.5886019927242417
 -0.3046826597708664 -0.6091527427900607
 -0.2633504293609371 -0.6280717254583574
 -0.2201632585561605 -0.6443959039902918
 -0.1760494221613639 -0.6578640599921479
 -0.1320815530935884 -0.6684657992734392
 -8.886887583260947E-02 -0.6761485712021729
 -4.681109290629454E-02 -0.6809298609187029
 -6.395784771415225E-03 -0.6830624469909312
 3.197798879325858E-02 -0.6829379754168307
 6.821457169829814E-02 -0.6808849450229504
 0.1023646854586094 -0.6771458548973672
 0.1344002368497863 -0.6719894545814928
 0.1642867155180567 -0.6657228701717963
 0.1921412091639477 -0.6585865439558702
 0.2181516556008120 -0.6507215594551674
 0.2424130195661511 -0.6422577126885756
 0.2649749757813440 -0.6333626995118335
 0.2859830733654379 -0.6241762380735030
 0.3056373603932481 -0.6147576534781496
 0.3240550365931630 -0.6051413097852030
 0.3412976842141624 -0.5953991123503801
 0.3575003544271328 -0.5856022432813690
 0.3728519305806406 -0.5757565554935663
 0.3874684027471531 -0.5658290371838901
 0.4014024238076306 -0.5558166593616363
 0.4147659902589685 -0.5457343615139780
 0.4277270544284623 -0.5355459388304715
 0.4403858995312873 -0.5251640704828650
 0.4527688461527816 -0.5145206065708180
 0.4649504299628057 -0.5035809495548447
 0.4770657329227050 -0.4922766060868987
 0.4891844877409429 -0.4804791050305652
 0.5012886365602526 -0.4680662615087586
 0.5134002069917500 -0.4549635818703065
 0.5256116873995050 -0.4410841275947549
 0.5379513164855452 -0.4262745241770221
 0.5503404133214989 -0.4103703415096300
 0.5627344909133580 -0.3932666702549463
 0.5751774386136170 -0.3748726549838113
 0.5876468922592281 -0.3550255958772367
 0.5999801168664424 -0.3335263355410609
 0.6120412749879605 -0.3102463197167187
 0.6238143205719405 -0.2851112310823901
 0.6352056386486976 -0.2579750753561356
 0.6459095527692542 -0.2286204275258306
 0.6556374229574526 -0.1969275154990444
 0.6643038759131328 -0.1629292554259816
 0.6717212941611912 -0.1266170057483326
 0.6772909476930966 -8.784545719928255E-02
 0.6805117147901408 -4.669439475648340E-02
 0.6819633311596738 -3.991153018991112E-03
 0.6798830799265938 4.071344794084907E-02
 0.6756012843261316 8.596770080506791E-02
 0.6681448522283111 0.1315309771055493
 0.6577516992706520 0.1764687580827617
 0.6449491402786619 0.2198469192863690
 0.6299962773099378 0.2611115815242817
 0.6131081042041486 0.2999253348235869
 0.5947473238510156 0.3359923114062824
 0.5754526415234585 0.3691627383653114
 0.5555563735950969 0.3995180245104765
 0.5352431696791466 0.4272233455062429
 0.5147598203179289 0.4523887466773068
 0.4943895596900370 0.4751379042288424
 0.4742820730744066 0.4956924402277733
 0.4544655734779949 0.5142856553555207
 0.4350049851817180 0.5310646894966689
 0.4160206996960658 0.5461564101497272
 0.3975609419275383 0.5597567256235696
 0.3795770648863645 0.5720685451852475
 0.3620402288567929 0.5832105488065766
 0.3449819145790531 0.5932720209574539
 0.3283962419812543 0.6024055104365221
 0.3121938381625330 0.6107775214796900
 0.2962881190265620 0.6184719985347599
 0.2806501349499635 0.6255330258388738
 0.2652368256597013 0.6320650649470648
 0.2499328607065443 0.6381954644361734
 0.2346124764273588 0.6439674117039889
 0.2192034929845162 0.6493696260958860
 0.2036386801949825 0.6544493586257095
 0.1877911800986869 0.6592893470295541
 0.1715148670736095 0.6638857460362165
 0.1547129548408690 0.6681618246440227
 0.1373099162005716 0.6720994124981980
 0.1191842160034019 0.6757351376113541
 0.1001889086806523 0.6790167681642757
 8.022093404628589E-02 0.6817939494204609
 5.921168144582255E-02 0.6839756998441446
 3.706052309329115E-02 0.6855546010149626
 1.363773889378077E-02 0.6864299350900869
 -1.114777902352979E-02 0.6863611907424260
 -3.733944318867283E-02 0.6851664521625505
 -6.499359126436506E-02 0.6827946644010251
 -9.418985052273050E-02 0.6790917573749584
 -0.1249636783231987 0.6736842950081349
 -0.1572744803524001 0.6662624217024389
 -0.1910510637379828 0.6567686600862292
 -0.2262071035514193 0.6450362078807177
 -0.2625690763049110 0.6304738950551003
 -0.2998173253216169 0.6126876299594142
 -0.3375252256749997 0.5925931457432329
 -0.3752004201557274 0.5684392948492116
 -0.4122508549651945 0.5421040246532896
 -0.4479815936721506 0.5128649268847425
 -0.4817022771092881 0.4813953019093862
 -0.5128675871850735 0.4486188799870702
 -0.5411274014773283 0.4150369896778912
 -0.5662970112978540 0.3810045260951160
 -0.5883515390796004 0.3470701355846488
 -0.6074306303167172 0.3137752370515193
 -0.6237709452933951 0.2813669205124740
 -0.6376078551377560 0.2499225093911243
 -0.6491600571677152 0.2196007079041860
 -0.6586762752080937 0.1905849659429538
 -0.6664232822383543 0.1628941037280970
 -0.6726172290788069 0.1364359040996466
 -0.6774180047478692 0.1111930231919067
 -0.6809956754774098 8.720628936210645E-02
 -0.6835440152929761 6.441951244993332E-02
 -0.6852144252796126 4.268910829290212E-02
 -0.6860952654499560 2.193076097862634E-02
 -0.6862795987932155 2.127091392926272E-03
 -0.6858965964083871 -1.680326715515307E-02
 -0.6850457687431737 -3.502096598612370E-02
 -0.6837565217737152 -5.264296135086971E-02
 -0.6820525587575941 -6.971636647723758E-02
 -0.6800028159186698 -8.633070343308685E-02
 -0.6776599151350066 -0.1026495256057018
 -0.6749983759586462 -0.1188033412211239
 -0.6719723391372977 -0.1348490195250680
 -0.6685891101577882 -0.1508684090708648
 -0.6648569130213919 -0.1670127409426554
 -0.6606993548145524 -0.1834066410056513
 -0.6560015914011216 -0.2000955631352642
 -0.6507101231923218 -0.2171358306278915
 -0.6447959034029070 -0.2346510100165992
 -0.6381402251661976 -0.2527422439872536
 -0.6305613473677847 -0.2714236079108309
 -0.6219461723591806 -0.2907090295891983
 -0.6122379617069083 -0.3106819460311513
 -0.6012846311530088 -0.3314043392128502
 -0.5888323378429127 -0.3528348552013650
 -0.5747018317992876 -0.3749201324458317
 -0.5588207293075754 -0.3976834333186350
 -0.5410157881259671 -0.4211166820188228
 -0.5209458744460556 -0.4450638674823043
 -0.4983629426050525 -0.4693349062033945
 -0.4732528121751500 -0.4938394046602477
 -0.4455141906097719 -0.5184192021323850
 -0.4147218713881856 -0.5426284378558177
 -0.3806943894685239 -0.5659932352029308
 -0.3444381054846741 -0.5886019927242417
 -0.3046826597708664 -0.6091527427900607
 -0.2633504293609371 -0.6280717254583574
 -0.2201632585561605 -0.6443959039902918
 -0.1760494221613639 -0.6578640599921479
 -0.1320815530935884 -0.6684657992734392
 -8.886887583260947E-02 -0.6761485712021729
 -4.681109290629454E-02 -0.6809298609187029
 -6.395784771415225E-03 -0.6830624469909312
 3.197798879325858E-02 -0.6829379754168307
 6.821457169829814E-02 -0.6808849450229504
 0.1023646854586094 -0.6771458548973672
 0.1344002368497863 -0.6719894545814928
 0.1642867155180567 -0.6657228701717963
 0.1921412091639477 -0.6585865439558702
 0.2181516556008120 -0.6507215594551674
 0.2424130195661511 -0.6422577126885756
 0.2649749757813440 -0.6333626995118335
 0.2859830733654379 -0.6241762380735030
 0.3056373603932481 -0.6147576534781496
 0.3240550365931630 -0.6051413097852030
 0.3412976842141624 -0.5953991123503801
 0.3575003544271328 -0.5856022432813690
 0.3728519305806406 -0.5757565554935663
 0.3874684027471531 -0.5658290371838901
 0.4014024238076306 -0.5558166593616363
 0.4147659902589685 -0.5457343615139780
 0.4277270544284623 -0.5355459388304715
 0.4403858995312873 -0.5251640704828650
 0.4527688461527816 -0.5145206065708180
 0.4649504299628057 -0.5035809495548447
 0.4770657329227050 -0.4922766060868987
 0.4891844877409429 -0.4804791050305652
 0.5012886365602526 -0.4680662615087586
 0.5134002069917500 -0.4549635818703065
 0.5256116873995050 -0.4410841275947549
 0.5379513164855452 -0.4262745241770221
 0.5503404133214989 -0.4103703415096300
 0.5627344909133580 -0.3932666702549463
 0.5751774386136170 -0.3748726549838113
 0.5876468922592281 -0.3550255958772367
 0.5999801168664424 -0.3335263355410609
 0.6120412749879605 -0.3102463197167187
 0.6238143205719405 -0.2851112310823901
 0.6352056386486976 -0.2579750753561356
 0.6459095527692542 -0.2286204275258306
 0.6556374229574526 -0.1969275154990444
 0.6643038759131328 -0.1629292554259816
 0.6717212941611912 -0.1266170057483326
 0.6772909476930966 -8.784545719928255E-02
 0.6805117147901408 -4.669439475648340E-02
 0.6819633311596738 -3.991153018991112E-03
 0.6798830799265938 4.071344794084907E-02
 0.6756012843261316 8.596770080506791E-02
 0.6681448522283111 0.1315309771055493
 0.6577516992706520 0.1764687580827617
 0.6449491402786619 0.2198469192863690
 0.6299962773099378 0.2611115815242817
 0.6131081042041486 0.2999253348235869
 0.5947473238510156 0.3359923114062824
 0.5754526415234585 0.3691627383653114
 0.5555563735950969 0.3995180245104765
 0.5352431696791466 0.4272233455062429
 0.5147598203179289 0.4523887466773068
 0.4943895596900370 0.4751379042288424
 0.4742820730744066 0.4956924402277733
 0.4544655734779949 0.5142856553555207
 0.4350049851817180 0.5310646894966689
 0.4160206996960658 0.5461564101497272
 0.3975609419275383 0.5597567256235696
 0.3795770648863645 0.5720685451852475
 0.3620402288567929 0.5832105488065766
 0.3449819145790531 0.5932720209574539
 0.3283962419812543 0.6024055104365221
 0.3121938381625330 0.6107775214796900
 0.2962881190265620 0.6184719985347599
 0.2806501349499635 0.6255330258388738
 0.2652368256597013 0.6320650649470648
 0.2499328607065443 0.6381954644361734
 0.2346124764273588 0.6439674117039889
 0.2192034929845162 0.6493696260958860
 0.2036386801949825 0.6544493586257095
 0.1877911800986869 0.6592893470295541
 0.1715148670736095 0.6638857460362165
 0.1547129548408690 0.6681618246440227
 0.1373099162005716 0.6720994124981980
 0.1191842160034019 0.6757351376113541
 0.1001889086806523 0.6790167681642757
 8.022093404628589E-02 0.6817939494204609
 5.921168144582255E-02 0.6839756998441446
 3.706052309329115E-02 0.6855546010149626
 1.363773889378077E-02 0.6864299350900869
 -1.114777902352979E-02 0.6863611907424260
 -3.733944318867283E-02 0.6851664521625505
 -6.499359126436506E-02 0.6827946644010251
 -9.418985052273050E-02 0.6790917573749584
 -0.1249636783231987 0.6736842950081349
 -0.1572744803524001 0.6662624217024389
 -0.1910510637379828 0.6567686600862292
 -0.2262071035514193 0.6450362078807177
 -0.2625690763049110 0.6304738950551003
 -0.2998173253216169 0.6126876299594142
 -0.3375252256749997 0.5925931457432329
   
   
