 # action(x) =  103.1193160097689
 # |grad_action(x)| =  1.432067629281960E-11
 # PRINTSTEPS = 50
 #
 #BODY NUMBER  1
 0.5089780247078579 0.9057531358889150
 0.4544836966071550 0.9148421199953870
 0.3479542052054558 0.9393147987845311
 0.1942745353910618 0.9726811607692633
 5.017278942202088E-02 0.9937966849545957
 -3.865404168190165E-02 0.9929826529891413
 -8.518037573555697E-02 0.9808490069894942
 -0.1350635988816154 0.9685693396018840
 -0.2041602245767692 0.9508835238191441
 -0.2666830121872656 0.9184947948252538
 -0.3049191413671968 0.8776087024487051
 -0.3398759930338492 0.8392404757215015
 -0.3993428591261951 0.7917582909207476
 -0.4815639814246024 0.7071064470985120
 -0.5679611176132621 0.5834965593237514
 -0.6461775581481679 0.4623739656182506
 -0.6988469276823484 0.3859828801821404
 -0.6987895128018964 0.3505790615900531
 -0.6482648547127771 0.3202800012130990
 -0.5949926207735385 0.2779060229957500
 -0.5633962302482329 0.2403604871387295
 -0.4932354794807803 0.2284811291244734
 -0.3094918437763863 0.2453975472792610
 -4.637423380627394E-02 0.2847404929848567
 0.1702268225193781 0.3357096819140308
 0.2747714060146224 0.3760024348764690
 0.3190106091358331 0.3858145082810772
 0.3486871420611126 0.3775904765061623
 0.3150730742888638 0.3834820767079321
 0.1841808570570255 0.3973040110408753
 6.205034095651966E-02 0.3596293362645013
 9.576645866033923E-02 0.2301690878048321
 0.2681257894433476 5.142273905893793E-02
 0.4012663489195599 -9.841624789916338E-02
 0.3773477064909010 -0.2016082430676430
 0.2549870684750611 -0.3042838086994370
 0.1353793522801789 -0.4274455971044211
 1.677532406128337E-02 -0.5287890188891666
 -0.1469266689826295 -0.5720100257113094
 -0.3221229769736910 -0.5866554091283680
 -0.4289879157821773 -0.6231679646183990
 -0.4638338972284664 -0.6808488554923067
 -0.4957142816312576 -0.7226736540044140
 -0.5518757072685380 -0.7415254790740664
 -0.5901372543811244 -0.7654593780288460
 -0.5887865833136596 -0.8037877135119289
 -0.5845418181718653 -0.8332832403743777
 -0.6005594466107076 -0.8433216036184170
 -0.6052407926860625 -0.8545431998803633
 -0.5735979994779693 -0.8797441687908509
 -0.5323996905512327 -0.9013058339772643
 -0.5089780247078579 -0.9057531358889150
 -0.4544836966071550 -0.9148421199953870
 -0.3479542052054558 -0.9393147987845311
 -0.1942745353910618 -0.9726811607692633
 -5.017278942202088E-02 -0.9937966849545957
 3.865404168190165E-02 -0.9929826529891413
 8.518037573555697E-02 -0.9808490069894942
 0.1350635988816154 -0.9685693396018840
 0.2041602245767692 -0.9508835238191441
 0.2666830121872656 -0.9184947948252538
 0.3049191413671968 -0.8776087024487051
 0.3398759930338492 -0.8392404757215015
 0.3993428591261951 -0.7917582909207476
 0.4815639814246024 -0.7071064470985120
 0.5679611176132621 -0.5834965593237514
 0.6461775581481679 -0.4623739656182506
 0.6988469276823484 -0.3859828801821404
 0.6987895128018964 -0.3505790615900531
 0.6482648547127771 -0.3202800012130990
 0.5949926207735385 -0.2779060229957500
 0.5633962302482329 -0.2403604871387295
 0.4932354794807803 -0.2284811291244734
 0.3094918437763863 -0.2453975472792610
 4.637423380627394E-02 -0.2847404929848567
 -0.1702268225193781 -0.3357096819140308
 -0.2747714060146224 -0.3760024348764690
 -0.3190106091358331 -0.3858145082810772
 -0.3486871420611126 -0.3775904765061623
 -0.3150730742888638 -0.3834820767079321
 -0.1841808570570255 -0.3973040110408753
 -6.205034095651966E-02 -0.3596293362645013
 -9.576645866033923E-02 -0.2301690878048321
 -0.2681257894433476 -5.142273905893793E-02
 -0.4012663489195599 9.841624789916338E-02
 -0.3773477064909010 0.2016082430676430
 -0.2549870684750611 0.3042838086994370
 -0.1353793522801789 0.4274455971044211
 -1.677532406128337E-02 0.5287890188891666
 0.1469266689826295 0.5720100257113094
 0.3221229769736910 0.5866554091283680
 0.4289879157821773 0.6231679646183990
 0.4638338972284664 0.6808488554923067
 0.4957142816312576 0.7226736540044140
 0.5518757072685380 0.7415254790740664
 0.5901372543811244 0.7654593780288460
 0.5887865833136596 0.8037877135119289
 0.5845418181718653 0.8332832403743777
 0.6005594466107076 0.8433216036184170
 0.6052407926860625 0.8545431998803633
 0.5735979994779693 0.8797441687908509
 0.5323996905512327 0.9013058339772643
 0.5089780247078579 0.9057531358889150
   
   
 #BODY NUMBER  2
 0.5299162128833288 -0.8936644673095770
 0.5650346680644763 -0.8510154868654367
 0.6394933752953801 -0.7709945804538978
 0.7452293273132207 -0.6545872633417906
 0.8355667806564624 -0.5403492526955720
 0.8792752238468461 -0.4630159444391748
 0.8920303451974507 -0.4166561342039208
 0.9063374528627846 -0.3673161620429770
 0.9255693999558555 -0.2986338209838157
 0.9287813316561037 -0.2282931341007583
 0.9124910015864994 -0.1747366287002768
 0.8967415683759042 -0.1252789937570258
 0.8853542231574353 -5.003808463722642E-02
 0.8531541370793893 6.349341791198308E-02
 0.7893034022018317 0.2001204765529704
 0.7235163793480580 0.3284191979025472
 0.6836944435048076 0.4122277526385163
 0.6530051297728563 0.4298799391895366
 0.6015030447310544 0.4012738319553168
 0.5381699861658009 0.3763257131562668
 0.4898564030522668 0.3677352042219718
 0.4444882018475426 0.3129138907159011
 0.3672664318584304 0.1453290253347924
 0.2697796173141312 -0.1022089819351652
 0.2056197015742572 -0.3152755936643073
 0.1882419574805157 -0.4259602352804678
 0.1746198607520972 -0.4691785457289165
 0.1526593738508492 -0.4907671612509930
 0.1745686831806460 -0.4646023247365754
 0.2519849380583325 -0.3581573066226001
 0.2804229706729272 -0.2335518397140667
 0.1514490478746971 -0.1980207299327220
 -8.952949636446567E-02 -0.2579151145971419
 -0.2858641452856139 -0.2982987278985608
 -0.3632717133543902 -0.2259885783470629
 -0.3910110425315420 -6.868337458617300E-02
 -0.4378684219683424 9.648084032973052E-02
 -0.4663323856309272 0.2498666526508373
 -0.4219118789940884 0.4132472406880844
 -0.3469969990858947 0.5722943857661184
 -0.3251853302931091 0.6830984152931564
 -0.3577154563796881 0.7421163658824015
 -0.3779966021979447 0.7906379879136891
 -0.3662420487973251 0.8487011217631540
 -0.3678386397474824 0.8938035430281428
 -0.4017072874943384 0.9117979953131066
 -0.4293735456261239 0.9228696842984421
 -0.4300582089884585 0.9417605390568820
 -0.4374357233846408 0.9514255018130230
 -0.4750817992651537 0.9366225235033638
 -0.5143539035278515 0.9117245739730611
 -0.5299162128833288 0.8936644673095770
 -0.5650346680644763 0.8510154868654367
 -0.6394933752953801 0.7709945804538978
 -0.7452293273132207 0.6545872633417906
 -0.8355667806564624 0.5403492526955720
 -0.8792752238468461 0.4630159444391748
 -0.8920303451974507 0.4166561342039208
 -0.9063374528627846 0.3673161620429770
 -0.9255693999558555 0.2986338209838157
 -0.9287813316561037 0.2282931341007583
 -0.9124910015864994 0.1747366287002768
 -0.8967415683759042 0.1252789937570258
 -0.8853542231574353 5.003808463722642E-02
 -0.8531541370793893 -6.349341791198308E-02
 -0.7893034022018317 -0.2001204765529704
 -0.7235163793480580 -0.3284191979025472
 -0.6836944435048076 -0.4122277526385163
 -0.6530051297728563 -0.4298799391895366
 -0.6015030447310544 -0.4012738319553168
 -0.5381699861658009 -0.3763257131562668
 -0.4898564030522668 -0.3677352042219718
 -0.4444882018475426 -0.3129138907159011
 -0.3672664318584304 -0.1453290253347924
 -0.2697796173141312 0.1022089819351652
 -0.2056197015742572 0.3152755936643073
 -0.1882419574805157 0.4259602352804678
 -0.1746198607520972 0.4691785457289165
 -0.1526593738508492 0.4907671612509930
 -0.1745686831806460 0.4646023247365754
 -0.2519849380583325 0.3581573066226001
 -0.2804229706729272 0.2335518397140667
 -0.1514490478746971 0.1980207299327220
 8.952949636446567E-02 0.2579151145971419
 0.2858641452856139 0.2982987278985608
 0.3632717133543902 0.2259885783470629
 0.3910110425315420 6.868337458617300E-02
 0.4378684219683424 -9.648084032973052E-02
 0.4663323856309272 -0.2498666526508373
 0.4219118789940884 -0.4132472406880844
 0.3469969990858947 -0.5722943857661184
 0.3251853302931091 -0.6830984152931564
 0.3577154563796881 -0.7421163658824015
 0.3779966021979447 -0.7906379879136891
 0.3662420487973251 -0.8487011217631540
 0.3678386397474824 -0.8938035430281428
 0.4017072874943384 -0.9117979953131066
 0.4293735456261239 -0.9228696842984421
 0.4300582089884585 -0.9417605390568820
 0.4374357233846408 -0.9514255018130230
 0.4750817992651537 -0.9366225235033638
 0.5143539035278515 -0.9117245739730611
 0.5299162128833288 -0.8936644673095770
   
   
 #BODY NUMBER  3
 -1.038894237591194 -1.208866857942326E-02
 -1.019518364671639 -6.382663313003246E-02
 -0.9874475805008434 -0.1683202183307124
 -0.9395038627042895 -0.3180938974275484
 -0.8857395700784900 -0.4534474322590956
 -0.8406211821649514 -0.5299667085500356
 -0.8068499694618996 -0.5641928727856388
 -0.7712738539811741 -0.6012531775589683
 -0.7214091753790910 -0.6522497028353863
 -0.6620983194688422 -0.6902016607245502
 -0.6075718602193065 -0.7028720737484802
 -0.5568655753420587 -0.7139614819645242
 -0.4860113640312440 -0.7417202062835666
 -0.3715901556547903 -0.7705998650105372
 -0.2213422845885727 -0.7836170358767600
 -7.733882119989363E-02 -0.7907931635208330
 1.515248417753749E-02 -0.7982106328206890
 4.578438302903724E-02 -0.7804590007796183
 4.676180998172055E-02 -0.7215538331684412
 5.682263460773609E-02 -0.6542317361520388
 7.353982719596465E-02 -0.6080956913607197
 4.874727763323614E-02 -0.5413950198403896
 -5.777458808204570E-02 -0.3907265726140647
 -0.2234053835078588 -0.1825315110497001
 -0.3758465240936363 -2.043408824972866E-02
 -0.4630133634951387 4.995780040399706E-02
 -0.4936304698879301 8.336403744784084E-02
 -0.5013465159119612 0.1131766847448356
 -0.4896417574695092 8.112024802865177E-02
 -0.4361657951153574 -3.914670441826312E-02
 -0.3424733116294462 -0.1260774965504187
 -0.2472155065350354 -3.214835787209077E-02
 -0.1785962930788807 0.2064923755382262
 -0.1154022036339441 0.3967149757977489
 -1.407599313650827E-02 0.4275968214147336
 0.1360239740564836 0.3729671832856414
 0.3024890696881667 0.3309647567747262
 0.4495570615696473 0.2789223662383689
 0.5688385479767213 0.1587627850232681
 0.6691199760595896 1.436102336229502E-02
 0.7541732460752899 -5.993045067470833E-02
 0.8215493536081586 -6.126751039004225E-02
 0.8737108838292071 -6.796433390921922E-02
 0.9181177560658686 -0.1071756426890290
 0.9579758941286132 -0.1283441649992346
 0.9904938708080046 -0.1080102818011123
 1.013915363797996 -8.958644392399552E-02
 1.030617655599172 -9.843893543839299E-02
 1.042676516070709 -9.688230193258415E-02
 1.048679798743129 -5.687835471243392E-02
 1.046753594079090 -1.041873999571478E-02
 1.038894237591194 1.208866857942326E-02
 1.019518364671639 6.382663313003246E-02
 0.9874475805008434 0.1683202183307124
 0.9395038627042895 0.3180938974275484
 0.8857395700784900 0.4534474322590956
 0.8406211821649514 0.5299667085500356
 0.8068499694618996 0.5641928727856388
 0.7712738539811741 0.6012531775589683
 0.7214091753790910 0.6522497028353863
 0.6620983194688422 0.6902016607245502
 0.6075718602193065 0.7028720737484802
 0.5568655753420587 0.7139614819645242
 0.4860113640312440 0.7417202062835666
 0.3715901556547903 0.7705998650105372
 0.2213422845885727 0.7836170358767600
 7.733882119989363E-02 0.7907931635208330
 -1.515248417753749E-02 0.7982106328206890
 -4.578438302903724E-02 0.7804590007796183
 -4.676180998172055E-02 0.7215538331684412
 -5.682263460773609E-02 0.6542317361520388
 -7.353982719596465E-02 0.6080956913607197
 -4.874727763323614E-02 0.5413950198403896
 5.777458808204570E-02 0.3907265726140647
 0.2234053835078588 0.1825315110497001
 0.3758465240936363 2.043408824972866E-02
 0.4630133634951387 -4.995780040399706E-02
 0.4936304698879301 -8.336403744784084E-02
 0.5013465159119612 -0.1131766847448356
 0.4896417574695092 -8.112024802865177E-02
 0.4361657951153574 3.914670441826312E-02
 0.3424733116294462 0.1260774965504187
 0.2472155065350354 3.214835787209077E-02
 0.1785962930788807 -0.2064923755382262
 0.1154022036339441 -0.3967149757977489
 1.407599313650827E-02 -0.4275968214147336
 -0.1360239740564836 -0.3729671832856414
 -0.3024890696881667 -0.3309647567747262
 -0.4495570615696473 -0.2789223662383689
 -0.5688385479767213 -0.1587627850232681
 -0.6691199760595896 -1.436102336229502E-02
 -0.7541732460752899 5.993045067470833E-02
 -0.8215493536081586 6.126751039004225E-02
 -0.8737108838292071 6.796433390921922E-02
 -0.9181177560658686 0.1071756426890290
 -0.9579758941286132 0.1283441649992346
 -0.9904938708080046 0.1080102818011123
 -1.013915363797996 8.958644392399552E-02
 -1.030617655599172 9.843893543839299E-02
 -1.042676516070709 9.688230193258415E-02
 -1.048679798743129 5.687835471243392E-02
 -1.046753594079090 1.041873999571478E-02
 -1.038894237591194 -1.208866857942326E-02
   
   
 #BODY NUMBER  4
 -0.9057531358889150 -0.5089780247079148
 -0.9148421199953870 -0.4544836966072098
 -0.9393147987845311 -0.3479542052055080
 -0.9726811607692636 -0.1942745353911117
 -0.9937966849545954 -5.017278942206871E-02
 -0.9929826529891412 3.865404168185579E-02
 -0.9808490069894942 8.518037573551329E-02
 -0.9685693396018837 0.1350635988815741
 -0.9508835238191441 0.2041602245767301
 -0.9184947948252535 0.2666830121872287
 -0.8776087024487051 0.3049191413671622
 -0.8392404757215016 0.3398759930338171
 -0.7917582909207481 0.3993428591261650
 -0.7071064470985127 0.4815639814245746
 -0.5834965593237519 0.5679611176132365
 -0.4623739656182507 0.6461775581481445
 -0.3859828801821407 0.6988469276823273
 -0.3505790615900534 0.6987895128018775
 -0.3202800012130993 0.6482648547127604
 -0.2779060229957501 0.5949926207735241
 -0.2403604871387293 0.5633962302482204
 -0.2284811291244731 0.4932354794807705
 -0.2453975472792607 0.3094918437763787
 -0.2847404929848569 4.637423380626825E-02
 -0.3357096819140309 -0.1702268225193818
 -0.3760024348764691 -0.2747714060146239
 -0.3858145082810773 -0.3190106091358320
 -0.3775904765061625 -0.3486871420611092
 -0.3834820767079321 -0.3150730742888583
 -0.3973040110408753 -0.1841808570570178
 -0.3596293362645007 -6.205034095650953E-02
 -0.2301690878048316 -9.576645866032676E-02
 -5.142273905893769E-02 -0.2681257894433329
 9.841624789916335E-02 -0.4012663489195429
 0.2016082430676428 -0.3773477064908820
 0.3042838086994367 -0.2549870684750397
 0.4274455971044209 -0.1353793522801553
 0.5287890188891671 -1.677532406125770E-02
 0.5720100257113098 0.1469266689826574
 0.5866554091283678 0.3221229769737208
 0.6231679646183991 0.4289879157822095
 0.6808488554923067 0.4638338972285010
 0.7226736540044142 0.4957142816312946
 0.7415254790740666 0.5518757072685773
 0.7654593780288466 0.5901372543811663
 0.8037877135119293 0.5887865833137031
 0.8332832403743781 0.5845418181719111
 0.8433216036184173 0.6005594466107552
 0.8545431998803633 0.6052407926861124
 0.8797441687908506 0.5735979994780214
 0.9013058339772638 0.5323996905512872
 0.9057531358889150 0.5089780247079148
 0.9148421199953870 0.4544836966072098
 0.9393147987845311 0.3479542052055080
 0.9726811607692636 0.1942745353911117
 0.9937966849545954 5.017278942206871E-02
 0.9929826529891412 -3.865404168185579E-02
 0.9808490069894942 -8.518037573551329E-02
 0.9685693396018837 -0.1350635988815741
 0.9508835238191441 -0.2041602245767301
 0.9184947948252535 -0.2666830121872287
 0.8776087024487051 -0.3049191413671622
 0.8392404757215016 -0.3398759930338171
 0.7917582909207481 -0.3993428591261650
 0.7071064470985127 -0.4815639814245746
 0.5834965593237519 -0.5679611176132365
 0.4623739656182507 -0.6461775581481445
 0.3859828801821407 -0.6988469276823273
 0.3505790615900534 -0.6987895128018775
 0.3202800012130993 -0.6482648547127604
 0.2779060229957501 -0.5949926207735241
 0.2403604871387293 -0.5633962302482204
 0.2284811291244731 -0.4932354794807705
 0.2453975472792607 -0.3094918437763787
 0.2847404929848569 -4.637423380626825E-02
 0.3357096819140309 0.1702268225193818
 0.3760024348764691 0.2747714060146239
 0.3858145082810773 0.3190106091358320
 0.3775904765061625 0.3486871420611092
 0.3834820767079321 0.3150730742888583
 0.3973040110408753 0.1841808570570178
 0.3596293362645007 6.205034095650953E-02
 0.2301690878048316 9.576645866032676E-02
 5.142273905893769E-02 0.2681257894433329
 -9.841624789916335E-02 0.4012663489195429
 -0.2016082430676428 0.3773477064908820
 -0.3042838086994367 0.2549870684750397
 -0.4274455971044209 0.1353793522801553
 -0.5287890188891671 1.677532406125770E-02
 -0.5720100257113098 -0.1469266689826574
 -0.5866554091283678 -0.3221229769737208
 -0.6231679646183991 -0.4289879157822095
 -0.6808488554923067 -0.4638338972285010
 -0.7226736540044142 -0.4957142816312946
 -0.7415254790740666 -0.5518757072685773
 -0.7654593780288466 -0.5901372543811663
 -0.8037877135119293 -0.5887865833137031
 -0.8332832403743781 -0.5845418181719111
 -0.8433216036184173 -0.6005594466107552
 -0.8545431998803633 -0.6052407926861124
 -0.8797441687908506 -0.5735979994780214
 -0.9013058339772638 -0.5323996905512872
 -0.9057531358889150 -0.5089780247079148
   
   
 #BODY NUMBER  5
 1.208866857942326E-02 1.038894237591137
 6.382663313003276E-02 1.019518364671584
 0.1683202183307127 0.9874475805007901
 0.3180938974275482 0.9395038627042387
 0.4534474322590953 0.8857395700784412
 0.5299667085500355 0.8406211821649051
 0.5641928727856386 0.8068499694618558
 0.6012531775589683 0.7712738539811329
 0.6522497028353861 0.7214091753790517
 0.6902016607245497 0.6620983194688054
 0.7028720737484798 0.6075718602192718
 0.7139614819645242 0.5568655753420265
 0.7417202062835662 0.4860113640312135
 0.7705998650105363 0.3715901556547619
 0.7836170358767601 0.2213422845885468
 0.7907931635208325 7.733882119986982E-02
 0.7982106328206885 -1.515248417755891E-02
 0.7804590007796185 -4.578438302905612E-02
 0.7215538331684410 -4.676180998173713E-02
 0.6542317361520384 -5.682263460775041E-02
 0.6080956913607193 -7.353982719597682E-02
 0.5413950198403893 -4.874727763324609E-02
 0.3907265726140647 5.777458808203813E-02
 0.1825315110497003 0.2234053835078532
 2.043408824972885E-02 0.3758465240936327
 -4.995780040399697E-02 0.4630133634951374
 -8.336403744784091E-02 0.4936304698879309
 -0.1131766847448356 0.5013465159119642
 -8.112024802865155E-02 0.4896417574695149
 3.914670441826339E-02 0.4361657951153655
 0.1260774965504189 0.3424733116294563
 3.214835787209089E-02 0.2472155065350478
 -0.2064923755382259 0.1785962930788954
 -0.3967149757977484 0.1154022036339609
 -0.4275968214147333 1.407599313652738E-02
 -0.3729671832856412 -0.1360239740564625
 -0.3309647567747260 -0.3024890696881435
 -0.2789223662383686 -0.4495570615696220
 -0.1587627850232677 -0.5688385479766934
 -1.436102336229447E-02 -0.6691199760595593
 5.993045067470873E-02 -0.7541732460752578
 6.126751039004261E-02 -0.8215493536081239
 6.796433390921948E-02 -0.8737108838291702
 0.1071756426890293 -0.9181177560658290
 0.1283441649992349 -0.9579758941285712
 0.1080102818011126 -0.9904938708079607
 8.958644392399578E-02 -1.013915363797950
 9.843893543839334E-02 -1.030617655599124
 9.688230193258449E-02 -1.042676516070659
 5.687835471243415E-02 -1.048679798743077
 1.041873999571492E-02 -1.046753594079036
 -1.208866857942326E-02 -1.038894237591137
 -6.382663313003276E-02 -1.019518364671584
 -0.1683202183307127 -0.9874475805007901
 -0.3180938974275482 -0.9395038627042387
 -0.4534474322590953 -0.8857395700784412
 -0.5299667085500355 -0.8406211821649051
 -0.5641928727856386 -0.8068499694618558
 -0.6012531775589683 -0.7712738539811329
 -0.6522497028353861 -0.7214091753790517
 -0.6902016607245497 -0.6620983194688054
 -0.7028720737484798 -0.6075718602192718
 -0.7139614819645242 -0.5568655753420265
 -0.7417202062835662 -0.4860113640312135
 -0.7705998650105363 -0.3715901556547619
 -0.7836170358767601 -0.2213422845885468
 -0.7907931635208325 -7.733882119986982E-02
 -0.7982106328206885 1.515248417755891E-02
 -0.7804590007796185 4.578438302905612E-02
 -0.7215538331684410 4.676180998173713E-02
 -0.6542317361520384 5.682263460775041E-02
 -0.6080956913607193 7.353982719597682E-02
 -0.5413950198403893 4.874727763324609E-02
 -0.3907265726140647 -5.777458808203813E-02
 -0.1825315110497003 -0.2234053835078532
 -2.043408824972885E-02 -0.3758465240936327
 4.995780040399697E-02 -0.4630133634951374
 8.336403744784091E-02 -0.4936304698879309
 0.1131766847448356 -0.5013465159119642
 8.112024802865155E-02 -0.4896417574695149
 -3.914670441826339E-02 -0.4361657951153655
 -0.1260774965504189 -0.3424733116294563
 -3.214835787209089E-02 -0.2472155065350478
 0.2064923755382259 -0.1785962930788954
 0.3967149757977484 -0.1154022036339609
 0.4275968214147333 -1.407599313652738E-02
 0.3729671832856412 0.1360239740564625
 0.3309647567747260 0.3024890696881435
 0.2789223662383686 0.4495570615696220
 0.1587627850232677 0.5688385479766934
 1.436102336229447E-02 0.6691199760595593
 -5.993045067470873E-02 0.7541732460752578
 -6.126751039004261E-02 0.8215493536081239
 -6.796433390921948E-02 0.8737108838291702
 -0.1071756426890293 0.9181177560658290
 -0.1283441649992349 0.9579758941285712
 -0.1080102818011126 0.9904938708079607
 -8.958644392399578E-02 1.013915363797950
 -9.843893543839334E-02 1.030617655599124
 -9.688230193258449E-02 1.042676516070659
 -5.687835471243415E-02 1.048679798743077
 -1.041873999571492E-02 1.046753594079036
 1.208866857942326E-02 1.038894237591137
   
   
 #BODY NUMBER  6
 0.8936644673094634 -0.5299162128833288
 0.8510154868653276 -0.5650346680644763
 0.7709945804537927 -0.6394933752953804
 0.6545872633416902 -0.7452293273132209
 0.5403492526954762 -0.8355667806564625
 0.4630159444390836 -0.8792752238468463
 0.4166561342038341 -0.8920303451974506
 0.3673161620428949 -0.9063374528627843
 0.2986338209837378 -0.9255693999558552
 0.2282931341006846 -0.9287813316561035
 0.1747366287002075 -0.9124910015864994
 0.1252789937569611 -0.8967415683759045
 5.003808463716611E-02 -0.8853542231574355
 -6.349341791203869E-02 -0.8531541370793891
 -0.2001204765530214 -0.7893034022018317
 -0.3284191979025938 -0.7235163793480580
 -0.4122277526385586 -0.6836944435048073
 -0.4298799391895746 -0.6530051297728561
 -0.4012738319553506 -0.6015030447310543
 -0.3763257131562961 -0.5381699861658009
 -0.3677352042219965 -0.4898564030522671
 -0.3129138907159213 -0.4444882018475428
 -0.1453290253348078 -0.3672664318584306
 0.1022089819351542 -0.2697796173141314
 0.3152755936643006 -0.2056197015742573
 0.4259602352804656 -0.1882419574805157
 0.4691785457289188 -0.1746198607520970
 0.4907671612509997 -0.1526593738508488
 0.4646023247365865 -0.1745686831806457
 0.3581573066226156 -0.2519849380583326
 0.2335518397140867 -0.2804229706729273
 0.1980207299327466 -0.1514490478746972
 0.2579151145971713 8.952949636446554E-02
 0.2982987278985943 0.2858641452856139
 0.2259885783471006 0.3632717133543899
 6.868337458621521E-02 0.3910110425315417
 -9.648084032968393E-02 0.4378684219683426
 -0.2498666526507861 0.4663323856309273
 -0.4132472406880285 0.4219118789940886
 -0.5722943857660583 0.3469969990858947
 -0.6830984152930916 0.3251853302931090
 -0.7421163658823324 0.3577154563796882
 -0.7906379879136152 0.3779966021979448
 -0.8487011217630760 0.3662420487973253
 -0.8938035430280600 0.3678386397474826
 -0.9117979953130193 0.4017072874943386
 -0.9228696842983506 0.4293735456261240
 -0.9417605390567864 0.4300582089884582
 -0.9514255018129231 0.4374357233846406
 -0.9366225235032593 0.4750817992651535
 -0.9117245739729516 0.5143539035278514
 -0.8936644673094634 0.5299162128833288
 -0.8510154868653276 0.5650346680644763
 -0.7709945804537927 0.6394933752953804
 -0.6545872633416902 0.7452293273132209
 -0.5403492526954762 0.8355667806564625
 -0.4630159444390836 0.8792752238468463
 -0.4166561342038341 0.8920303451974506
 -0.3673161620428949 0.9063374528627843
 -0.2986338209837378 0.9255693999558552
 -0.2282931341006846 0.9287813316561035
 -0.1747366287002075 0.9124910015864994
 -0.1252789937569611 0.8967415683759045
 -5.003808463716611E-02 0.8853542231574355
 6.349341791203869E-02 0.8531541370793891
 0.2001204765530214 0.7893034022018317
 0.3284191979025938 0.7235163793480580
 0.4122277526385586 0.6836944435048073
 0.4298799391895746 0.6530051297728561
 0.4012738319553506 0.6015030447310543
 0.3763257131562961 0.5381699861658009
 0.3677352042219965 0.4898564030522671
 0.3129138907159213 0.4444882018475428
 0.1453290253348078 0.3672664318584306
 -0.1022089819351542 0.2697796173141314
 -0.3152755936643006 0.2056197015742573
 -0.4259602352804656 0.1882419574805157
 -0.4691785457289188 0.1746198607520970
 -0.4907671612509997 0.1526593738508488
 -0.4646023247365865 0.1745686831806457
 -0.3581573066226156 0.2519849380583326
 -0.2335518397140867 0.2804229706729273
 -0.1980207299327466 0.1514490478746972
 -0.2579151145971713 -8.952949636446554E-02
 -0.2982987278985943 -0.2858641452856139
 -0.2259885783471006 -0.3632717133543899
 -6.868337458621521E-02 -0.3910110425315417
 9.648084032968393E-02 -0.4378684219683426
 0.2498666526507861 -0.4663323856309273
 0.4132472406880285 -0.4219118789940886
 0.5722943857660583 -0.3469969990858947
 0.6830984152930916 -0.3251853302931090
 0.7421163658823324 -0.3577154563796882
 0.7906379879136152 -0.3779966021979448
 0.8487011217630760 -0.3662420487973253
 0.8938035430280600 -0.3678386397474826
 0.9117979953130193 -0.4017072874943386
 0.9228696842983506 -0.4293735456261240
 0.9417605390567864 -0.4300582089884582
 0.9514255018129231 -0.4374357233846406
 0.9366225235032593 -0.4750817992651535
 0.9117245739729516 -0.5143539035278514
 0.8936644673094634 -0.5299162128833288
   
   
