 # action(x) =  29.96334172002123
 # |grad_action(x)| =  9.561996356744438E-04
 # PRINTSTEPS = 50
 #
 #BODY NUMBER  1
 -1.375247815862685 -1.702720019445283
 -1.312304819770248 -1.713990179122659
 -1.247521497868525 -1.724042513175818
 -1.179832552862645 -1.732288222472004
 -1.108980789882401 -1.738526374061848
 -1.034916777816444 -1.742315859019661
 -0.9572788834399790 -1.742827952997792
 -0.8754450274482635 -1.738945087363993
 -0.7891179350236096 -1.728956269252118
 -0.6990874564921766 -1.710350372017951
 -0.6076198844373283 -1.680764171306911
 -0.5179223668854644 -1.639671569203093
 -0.4327491417040378 -1.588992154802239
 -0.3531593882129120 -1.531827400998593
 -0.2784996610264183 -1.470699878401065
 -0.2074815390808069 -1.406950034638785
 -0.1391530854232905 -1.341227851586935
 -7.298393296057404E-02 -1.273947843700352
 -8.504747986578409E-03 -1.205295886632325
 5.474718833562747E-02 -1.135245165801316
 0.1170035961993504 -1.063769258862687
 0.1782603666182498 -0.9909238516128971
 0.2385207532695844 -0.9167141452648933
 0.2978711792369050 -0.8410647416855344
 0.3563073598657330 -0.7639670097043867
 0.4136681827274289 -0.6855175737101910
 0.4698058019616935 -0.6057845447233032
 0.5246872398979319 -0.5247756657839228
 0.5782660925592874 -0.4425711550475176
 0.6303847455554716 -0.3593537854635123
 0.6808956572844649 -0.2752695999523120
 0.7297811057938423 -0.1903857842866580
 0.7770592211563416 -0.1048210470174544
 0.8226591360981275 -1.877961650570614E-02
 0.8664979345822792 6.759822775527230E-02
 0.9086121535769331 0.1542930301922067
 0.9490909598158819 0.2412662766725686
 0.9879227563803008 0.3284097909394892
 1.025029128328269 0.4157106692067255
 1.060409541862511 0.5033329450592972
 1.094093666234228 0.5914624145393601
 1.125931712221831 0.6802308731170185
 1.155552608823881 0.7699102785151023
 1.182489950074250 0.8610376604235903
 1.206049231817177 0.9542028834528753
 1.224814443370512 1.049754569246021
 1.236438456524143 1.147570184151955
 1.238372323619097 1.246540154503625
 1.229233788577936 1.343937160386459
 1.209745423560399 1.436000133373198
 1.182564529424916 1.520482948279566
 1.151390994087380 1.599289157402922
 1.116810762012887 1.670224022514391
 1.081255033004790 1.737516232458692
 1.044524632269290 1.799853438586792
 1.007091897877558 1.858097850175879
 0.9694023483977976 1.913344669448946
 0.9315223114362103 1.965784885660482
 0.8933957125132717 2.015258666088511
 0.8551262746523189 2.062020862784999
 0.8168776038161588 2.106520453554896
 0.7786768947286280 2.148843444649253
 0.7404742467243837 2.188815835577270
 0.7023070546551214 2.226470274593906
 0.6642731323032109 2.262042523278662
 0.6263918896525311 2.295594490220045
 0.5886107477488766 2.326970758867607
 0.5509260227925165 2.356122726706625
 0.5133937663619599 2.383198713231518
 0.4760266257091988 2.408273756237134
 0.4387728087885597 2.431230030159021
 0.4016064119372234 2.451983116980553
 0.3645578481737094 2.470626096423890
 0.3276359393213718 2.487245305051292
 0.2907908305131067 2.501759458998808
 0.2539811870199207 2.514066294931688
 0.2172169204819073 2.524217094450332
 0.1805024270174100 2.532307504765886
 0.1437902075657687 2.538295297177451
 0.1070288237854962 2.542075017720623
 7.021308836715789E-02 2.543665609076661
 3.334583360100662E-02 2.543170667203131
 -3.613501127007313E-03 2.540589936231512
 -4.071809489342804E-02 2.535825097941482
 -7.798006236952704E-02 2.528865646828455
 -0.1153923393948435 2.519816563791042
 -0.1529821954055457 2.508717919076534
 -0.1907963960769201 2.495482193741859
 -0.2288473163631202 2.480063745745303
 -0.2671200757740608 2.462555814086365
 -0.3056254190461056 2.443034878968902
 -0.3443994659773325 2.421425682964169
 -0.3834520574733029 2.397635459680796
 -0.4227599565344836 2.371728559049478
 -0.4623160779741292 2.343819928841659
 -0.5021422817550579 2.313852536459731
 -0.5422419061025718 2.281660900355598
 -0.5825790295980282 2.247250870916195
 -0.6231206177566498 2.210798400444521
 -0.6638625398153566 2.172273884617101
 -0.7047920131649097 2.131301994448218
 -0.7458537820739276 2.087723814951835
 -0.7869748844406059 2.042359554758791
 -0.8282066270721394 1.993484400991124
 -0.8693038646803638 1.942406565509266
 -0.9102893309060227 1.887909074226899
 -0.9511176101456071 1.829668723378016
 -0.9914314064193113 1.767422149901606
 -1.030693840001730 1.700441808064321
 -1.068248107719236 1.627630177068958
 -1.102761083692897 1.547874312938423
 -1.131663143293623 1.460602682798249
 -1.151774527903821 1.366596341420746
 -1.161036049350240 1.268369711512523
 -1.159733001620895 1.169267827582728
 -1.150021749371418 1.071758702276649
 -1.134413625524798 0.9765377205947655
 -1.114713702312180 0.8831593009796652
 -1.091960849025865 0.7911240327850233
 -1.066779229260625 0.7001798618621334
 -1.039564482907193 0.6100132711253240
 -1.010524747275230 0.5202101270162334
 -0.9797530000397072 0.4305565427885699
 -0.9472954120218153 0.3410839198271167
 -0.9131581144427280 0.2517920409711863
 -0.8773190221455220 0.1625683625683797
 -0.8397685179900981 7.341227965310464E-02
 -0.8005097249374113 -1.548836812420102E-02
 -0.7595277059312178 -0.1039714869824960
 -0.7168126778057353 -0.1920046459011877
 -0.6724109095330156 -0.2795075487797476
 -0.6264018799352405 -0.3662523110774718
 -0.5788382950905144 -0.4520381365586934
 -0.5297694786085912 -0.5368160846760374
 -0.4793073001465695 -0.6205425022576150
 -0.4275931930163349 -0.7030539022634853
 -0.3747071848042675 -0.7842083375526366
 -0.3206843930151362 -0.8640277222810153
 -0.2656027552330116 -0.9425700200389939
 -0.2095501563850162 -1.019771099471830
 -0.1524985640068811 -1.095556599354663
 -9.430565394826730E-02 -1.170008074198002
 -3.482535674234554E-02 -1.243244116348174
 2.613136044689185E-02 -1.315200902269124
 8.898555541689047E-02 -1.385693053908414
 0.1544355125048229 -1.454585166695889
 0.2233393215259632 -1.521570714694821
 0.2967069030205889 -1.585597707503971
 0.3756057038391086 -1.644572205641907
 0.4603492788279694 -1.695731968849515
 0.5492668276956273 -1.736516268291912
 0.6387398835588320 -1.765670335601871
 0.7254945945187069 -1.784372398236151
 0.8093295412642499 -1.796778429269750
 0.8880510525020513 -1.802298502380213
 0.9641056802946608 -1.805152442781276
 1.036456484770292 -1.804511585717200
 1.105613992030785 -1.801216092595388
 1.172303915739428 -1.796199394925259
 1.236658493639360 -1.789614428725999
 1.298567343772756 -1.781332715712848
 1.358199312979155 -1.771571508684956
 1.415861424461978 -1.760696983464801
 1.471614564457600 -1.748775694499599
 1.525332994453387 -1.735677426300097
 1.577026291241677 -1.721450887885315
 1.626849723448369 -1.706298669265373
 1.674847200491882 -1.690268534273653
 1.720910417168463 -1.673237239924885
 1.764999124365539 -1.655177294697556
 1.807213744743900 -1.636211400429789
 1.847612939314132 -1.616388028860520
 1.886120564167039 -1.595603413980255
 1.922676462987099 -1.573792913550630
 1.957346038669017 -1.551029405879368
 1.990199649957309 -1.527363699170731
 2.021191830394428 -1.502711975911329
 2.050254684699102 -1.476987307508421
 2.077427668219978 -1.450223918494322
 2.102791415812536 -1.422473439624767
 2.126333105879360 -1.393673621156119
 2.147987131779089 -1.363727189195719
 2.167772492009627 -1.332639122742451
 2.185777487156829 -1.300463672610406
 2.202022175939080 -1.267165584343164
 2.216448001818200 -1.232649644399327
 2.229051924095972 -1.196900108413522
 2.239921326817275 -1.159975584577470
 2.249104546552285 -1.121872491990350
 2.256549172510630 -1.082506570917799
 2.262221865001783 -1.041844283314295
 2.266195931122892 -0.9999451355620217
 2.268542977041564 -0.9568380625482592
 2.269215887811721 -0.9124541548959203
 2.268139245834600 -0.8667385069351068
 2.265357161285150 -0.8197434174630709
 2.260965639260176 -0.7715324963172461
 2.254926218062715 -0.7220582959157018
 2.247097255580908 -0.6712351844964752
 2.237465857689143 -0.6190971961141186
 2.226167886309282 -0.5657609156231488
 2.213175637963595 -0.5112151182075935
 2.198157676911052 -0.4552832094389204
 2.180948750871015 -0.3979335846911936
 2.162222700303291 -0.3396395353135079
 2.140511446842388 -0.2794942218684644
 2.116825362548889 -0.2183640523334480
 2.090121883768667 -0.1556208517548948
 2.060098400028008 -9.114234931616816E-02
 2.026348184235755 -2.510629088194538E-02
 1.987972723441709 4.238614493347170E-02
 1.943693135167500 0.1113149102950352
 1.891879018716506 0.1810819563136948
 1.830750599785799 0.2497476892197020
 1.759394412341149 0.3141678298861641
 1.678958416235705 0.3713018576905697
 1.592482143324933 0.4197243272195108
 1.503181137584330 0.4600686987219442
 1.412913286551216 0.4941621578062991
 1.322195241392987 0.5237907336591200
 1.231113934449156 0.5501038188019118
 1.139763162221199 0.5737679818382182
 1.048069230893772 0.5952826155070010
 0.9557775589396027 0.6150350387850823
 0.8627494038403568 0.6332127160741177
 0.7690350454035655 0.6498399317857804
 0.6746373611731435 0.6649221042937070
 0.5794478429086171 0.6784963791171548
 0.4834611581243651 0.6905547300512820
 0.3868415422099825 0.7010059418343920
 0.2897219039695242 0.7097560317057992
 0.1921254379078034 0.7167803116851105
 9.414481697372820E-02 0.7220787038272652
 -3.982865620231035E-03 0.7256060965409841
 -0.1020573621939505 0.7273077365110054
 -0.2000116271852510 0.7272018689626953
 -0.2977519210097721 0.7253635492750694
 -0.3950659430817927 0.7218335187691914
 -0.4917907497780116 0.7166101097973643
 -0.5879277605617970 0.7097346920888086
 -0.6834882045828703 0.7013037433664253
 -0.7783725999952846 0.6913613085323411
 -0.8725305643213883 0.6798459301479379
 -0.9661038879142441 0.6666751291387045
 -1.059268309491882 0.6517817018088139
 -1.152063072668722 0.6349700291521060
 -1.244538164240772 0.6157827753933122
 -1.336925462579073 0.5935475062722984
 -1.429388553343141 0.5673678312419457
 -1.521521346391101 0.5358431382579496
 -1.612044160363251 0.4970020214899510
 -1.698721602447067 0.4491918143458901
 -1.778500616273563 0.3925791079054526
 -1.848485307119232 0.3296702022286727
 -1.908059123943623 0.2638894499565847
 -1.960720535351630 0.1974892718668286
 -2.004861814514939 0.1320744798658217
 -2.045360713299451 6.763621032258348E-02
 -2.080981117039582 4.658147130407710E-03
 -2.112705889908342 -5.688175758049131E-02
 -2.141706264137226 -0.1171452745236872
 -2.168180805075571 -0.1761704569344834
 -2.191963056286028 -0.2339259503756631
 -2.213325587631474 -0.2904493541000419
 -2.232739028278137 -0.3458234700900942
 -2.250291459186228 -0.4000677501496537
 -2.265807241177770 -0.4531384092771725
 -2.279333345896799 -0.5050193867085919
 -2.291122855751579 -0.5557438540132891
 -2.301239090144413 -0.6053259559463919
 -2.309521164917339 -0.6537335189427225
 -2.315925147158056 -0.7009454320090686
 -2.320607511105860 -0.7469873128017289
 -2.323639565023330 -0.7918857273766143
 -2.324893372955599 -0.8356266161787659
 -2.324282874924322 -0.8781902034299234
 -2.321903886842726 -0.9195966905445228
 -2.317835589278681 -0.9598816058805614
 -2.311982660907534 -0.9990474830874783
 -2.304235871719023 -1.037078987423266
 -2.294644588701885 -1.073993175956010
 -2.283293842829946 -1.109834065141119
 -2.270123313445128 -1.144621676021333
 -2.255015955564585 -1.178347828524904
 -2.237985580376785 -1.211026486334210
 -2.219123320757836 -1.242706994592725
 -2.198408674812073 -1.273424351888348
 -2.175729906924771 -1.303175453542155
 -2.151071861726445 -1.331965538414933
 -2.124528987422432 -1.359840979213571
 -2.096122351146740 -1.386845427086185
 -2.065752776433710 -1.412975622824060
 -2.033374548638663 -1.438219462431008
 -1.999075855348831 -1.462610678524344
 -1.962917557995458 -1.486196816420643
 -1.924816421834389 -1.508971528068249
 -1.884687188361298 -1.530896952745689
 -1.842597204750667 -1.551985141586407
 -1.798649561286047 -1.572287432524413
 -1.752783936307657 -1.591794240544029
 -1.704855349478336 -1.610425715859122
 -1.654886828091115 -1.628153674802076
 -1.603047268552632 -1.645037484821372
 -1.549313098148238 -1.661058766409508
 -1.493365663746142 -1.676018785009297
 -1.435094968797088 -1.689790230260642
 -1.375247815862685 -1.702720019445283
   
   
 #BODY NUMBER  2
 0.8093295412642499 -1.796778429269750
 0.8880510525020513 -1.802298502380213
 0.9641056802946608 -1.805152442781276
 1.036456484770292 -1.804511585717200
 1.105613992030785 -1.801216092595388
 1.172303915739428 -1.796199394925259
 1.236658493639360 -1.789614428725999
 1.298567343772756 -1.781332715712848
 1.358199312979155 -1.771571508684956
 1.415861424461978 -1.760696983464801
 1.471614564457600 -1.748775694499599
 1.525332994453387 -1.735677426300097
 1.577026291241677 -1.721450887885315
 1.626849723448369 -1.706298669265373
 1.674847200491882 -1.690268534273653
 1.720910417168463 -1.673237239924885
 1.764999124365539 -1.655177294697556
 1.807213744743900 -1.636211400429789
 1.847612939314132 -1.616388028860520
 1.886120564167039 -1.595603413980255
 1.922676462987099 -1.573792913550630
 1.957346038669017 -1.551029405879368
 1.990199649957309 -1.527363699170731
 2.021191830394428 -1.502711975911329
 2.050254684699102 -1.476987307508421
 2.077427668219978 -1.450223918494322
 2.102791415812536 -1.422473439624767
 2.126333105879360 -1.393673621156119
 2.147987131779089 -1.363727189195719
 2.167772492009627 -1.332639122742451
 2.185777487156829 -1.300463672610406
 2.202022175939080 -1.267165584343164
 2.216448001818200 -1.232649644399327
 2.229051924095972 -1.196900108413522
 2.239921326817275 -1.159975584577470
 2.249104546552285 -1.121872491990350
 2.256549172510630 -1.082506570917799
 2.262221865001783 -1.041844283314295
 2.266195931122892 -0.9999451355620217
 2.268542977041564 -0.9568380625482592
 2.269215887811721 -0.9124541548959203
 2.268139245834600 -0.8667385069351068
 2.265357161285150 -0.8197434174630709
 2.260965639260176 -0.7715324963172461
 2.254926218062715 -0.7220582959157018
 2.247097255580908 -0.6712351844964752
 2.237465857689143 -0.6190971961141186
 2.226167886309282 -0.5657609156231488
 2.213175637963595 -0.5112151182075935
 2.198157676911052 -0.4552832094389204
 2.180948750871015 -0.3979335846911936
 2.162222700303291 -0.3396395353135079
 2.140511446842388 -0.2794942218684644
 2.116825362548889 -0.2183640523334480
 2.090121883768667 -0.1556208517548948
 2.060098400028008 -9.114234931616816E-02
 2.026348184235755 -2.510629088194538E-02
 1.987972723441709 4.238614493347170E-02
 1.943693135167500 0.1113149102950352
 1.891879018716506 0.1810819563136948
 1.830750599785799 0.2497476892197020
 1.759394412341149 0.3141678298861641
 1.678958416235705 0.3713018576905697
 1.592482143324933 0.4197243272195108
 1.503181137584330 0.4600686987219442
 1.412913286551216 0.4941621578062991
 1.322195241392987 0.5237907336591200
 1.231113934449156 0.5501038188019118
 1.139763162221199 0.5737679818382182
 1.048069230893772 0.5952826155070010
 0.9557775589396027 0.6150350387850823
 0.8627494038403568 0.6332127160741177
 0.7690350454035655 0.6498399317857804
 0.6746373611731435 0.6649221042937070
 0.5794478429086171 0.6784963791171548
 0.4834611581243651 0.6905547300512820
 0.3868415422099825 0.7010059418343920
 0.2897219039695242 0.7097560317057992
 0.1921254379078034 0.7167803116851105
 9.414481697372820E-02 0.7220787038272652
 -3.982865620231035E-03 0.7256060965409841
 -0.1020573621939505 0.7273077365110054
 -0.2000116271852510 0.7272018689626953
 -0.2977519210097721 0.7253635492750694
 -0.3950659430817927 0.7218335187691914
 -0.4917907497780116 0.7166101097973643
 -0.5879277605617970 0.7097346920888086
 -0.6834882045828703 0.7013037433664253
 -0.7783725999952846 0.6913613085323411
 -0.8725305643213883 0.6798459301479379
 -0.9661038879142441 0.6666751291387045
 -1.059268309491882 0.6517817018088139
 -1.152063072668722 0.6349700291521060
 -1.244538164240772 0.6157827753933122
 -1.336925462579073 0.5935475062722984
 -1.429388553343141 0.5673678312419457
 -1.521521346391101 0.5358431382579496
 -1.612044160363251 0.4970020214899510
 -1.698721602447067 0.4491918143458901
 -1.778500616273563 0.3925791079054526
 -1.848485307119232 0.3296702022286727
 -1.908059123943623 0.2638894499565847
 -1.960720535351630 0.1974892718668286
 -2.004861814514939 0.1320744798658217
 -2.045360713299451 6.763621032258348E-02
 -2.080981117039582 4.658147130407710E-03
 -2.112705889908342 -5.688175758049131E-02
 -2.141706264137226 -0.1171452745236872
 -2.168180805075571 -0.1761704569344834
 -2.191963056286028 -0.2339259503756631
 -2.213325587631474 -0.2904493541000419
 -2.232739028278137 -0.3458234700900942
 -2.250291459186228 -0.4000677501496537
 -2.265807241177770 -0.4531384092771725
 -2.279333345896799 -0.5050193867085919
 -2.291122855751579 -0.5557438540132891
 -2.301239090144413 -0.6053259559463919
 -2.309521164917339 -0.6537335189427225
 -2.315925147158056 -0.7009454320090686
 -2.320607511105860 -0.7469873128017289
 -2.323639565023330 -0.7918857273766143
 -2.324893372955599 -0.8356266161787659
 -2.324282874924322 -0.8781902034299234
 -2.321903886842726 -0.9195966905445228
 -2.317835589278681 -0.9598816058805614
 -2.311982660907534 -0.9990474830874783
 -2.304235871719023 -1.037078987423266
 -2.294644588701885 -1.073993175956010
 -2.283293842829946 -1.109834065141119
 -2.270123313445128 -1.144621676021333
 -2.255015955564585 -1.178347828524904
 -2.237985580376785 -1.211026486334210
 -2.219123320757836 -1.242706994592725
 -2.198408674812073 -1.273424351888348
 -2.175729906924771 -1.303175453542155
 -2.151071861726445 -1.331965538414933
 -2.124528987422432 -1.359840979213571
 -2.096122351146740 -1.386845427086185
 -2.065752776433710 -1.412975622824060
 -2.033374548638663 -1.438219462431008
 -1.999075855348831 -1.462610678524344
 -1.962917557995458 -1.486196816420643
 -1.924816421834389 -1.508971528068249
 -1.884687188361298 -1.530896952745689
 -1.842597204750667 -1.551985141586407
 -1.798649561286047 -1.572287432524413
 -1.752783936307657 -1.591794240544029
 -1.704855349478336 -1.610425715859122
 -1.654886828091115 -1.628153674802076
 -1.603047268552632 -1.645037484821372
 -1.549313098148238 -1.661058766409508
 -1.493365663746142 -1.676018785009297
 -1.435094968797088 -1.689790230260642
 -1.375247815862685 -1.702720019445283
 -1.312304819770248 -1.713990179122659
 -1.247521497868525 -1.724042513175818
 -1.179832552862645 -1.732288222472004
 -1.108980789882401 -1.738526374061848
 -1.034916777816444 -1.742315859019661
 -0.9572788834399790 -1.742827952997792
 -0.8754450274482635 -1.738945087363993
 -0.7891179350236096 -1.728956269252118
 -0.6990874564921766 -1.710350372017951
 -0.6076198844373283 -1.680764171306911
 -0.5179223668854644 -1.639671569203093
 -0.4327491417040378 -1.588992154802239
 -0.3531593882129120 -1.531827400998593
 -0.2784996610264183 -1.470699878401065
 -0.2074815390808069 -1.406950034638785
 -0.1391530854232905 -1.341227851586935
 -7.298393296057404E-02 -1.273947843700352
 -8.504747986578409E-03 -1.205295886632325
 5.474718833562747E-02 -1.135245165801316
 0.1170035961993504 -1.063769258862687
 0.1782603666182498 -0.9909238516128971
 0.2385207532695844 -0.9167141452648933
 0.2978711792369050 -0.8410647416855344
 0.3563073598657330 -0.7639670097043867
 0.4136681827274289 -0.6855175737101910
 0.4698058019616935 -0.6057845447233032
 0.5246872398979319 -0.5247756657839228
 0.5782660925592874 -0.4425711550475176
 0.6303847455554716 -0.3593537854635123
 0.6808956572844649 -0.2752695999523120
 0.7297811057938423 -0.1903857842866580
 0.7770592211563416 -0.1048210470174544
 0.8226591360981275 -1.877961650570614E-02
 0.8664979345822792 6.759822775527230E-02
 0.9086121535769331 0.1542930301922067
 0.9490909598158819 0.2412662766725686
 0.9879227563803008 0.3284097909394892
 1.025029128328269 0.4157106692067255
 1.060409541862511 0.5033329450592972
 1.094093666234228 0.5914624145393601
 1.125931712221831 0.6802308731170185
 1.155552608823881 0.7699102785151023
 1.182489950074250 0.8610376604235903
 1.206049231817177 0.9542028834528753
 1.224814443370512 1.049754569246021
 1.236438456524143 1.147570184151955
 1.238372323619097 1.246540154503625
 1.229233788577936 1.343937160386459
 1.209745423560399 1.436000133373198
 1.182564529424916 1.520482948279566
 1.151390994087380 1.599289157402922
 1.116810762012887 1.670224022514391
 1.081255033004790 1.737516232458692
 1.044524632269290 1.799853438586792
 1.007091897877558 1.858097850175879
 0.9694023483977976 1.913344669448946
 0.9315223114362103 1.965784885660482
 0.8933957125132717 2.015258666088511
 0.8551262746523189 2.062020862784999
 0.8168776038161588 2.106520453554896
 0.7786768947286280 2.148843444649253
 0.7404742467243837 2.188815835577270
 0.7023070546551214 2.226470274593906
 0.6642731323032109 2.262042523278662
 0.6263918896525311 2.295594490220045
 0.5886107477488766 2.326970758867607
 0.5509260227925165 2.356122726706625
 0.5133937663619599 2.383198713231518
 0.4760266257091988 2.408273756237134
 0.4387728087885597 2.431230030159021
 0.4016064119372234 2.451983116980553
 0.3645578481737094 2.470626096423890
 0.3276359393213718 2.487245305051292
 0.2907908305131067 2.501759458998808
 0.2539811870199207 2.514066294931688
 0.2172169204819073 2.524217094450332
 0.1805024270174100 2.532307504765886
 0.1437902075657687 2.538295297177451
 0.1070288237854962 2.542075017720623
 7.021308836715789E-02 2.543665609076661
 3.334583360100662E-02 2.543170667203131
 -3.613501127007313E-03 2.540589936231512
 -4.071809489342804E-02 2.535825097941482
 -7.798006236952704E-02 2.528865646828455
 -0.1153923393948435 2.519816563791042
 -0.1529821954055457 2.508717919076534
 -0.1907963960769201 2.495482193741859
 -0.2288473163631202 2.480063745745303
 -0.2671200757740608 2.462555814086365
 -0.3056254190461056 2.443034878968902
 -0.3443994659773325 2.421425682964169
 -0.3834520574733029 2.397635459680796
 -0.4227599565344836 2.371728559049478
 -0.4623160779741292 2.343819928841659
 -0.5021422817550579 2.313852536459731
 -0.5422419061025718 2.281660900355598
 -0.5825790295980282 2.247250870916195
 -0.6231206177566498 2.210798400444521
 -0.6638625398153566 2.172273884617101
 -0.7047920131649097 2.131301994448218
 -0.7458537820739276 2.087723814951835
 -0.7869748844406059 2.042359554758791
 -0.8282066270721394 1.993484400991124
 -0.8693038646803638 1.942406565509266
 -0.9102893309060227 1.887909074226899
 -0.9511176101456071 1.829668723378016
 -0.9914314064193113 1.767422149901606
 -1.030693840001730 1.700441808064321
 -1.068248107719236 1.627630177068958
 -1.102761083692897 1.547874312938423
 -1.131663143293623 1.460602682798249
 -1.151774527903821 1.366596341420746
 -1.161036049350240 1.268369711512523
 -1.159733001620895 1.169267827582728
 -1.150021749371418 1.071758702276649
 -1.134413625524798 0.9765377205947655
 -1.114713702312180 0.8831593009796652
 -1.091960849025865 0.7911240327850233
 -1.066779229260625 0.7001798618621334
 -1.039564482907193 0.6100132711253240
 -1.010524747275230 0.5202101270162334
 -0.9797530000397072 0.4305565427885699
 -0.9472954120218153 0.3410839198271167
 -0.9131581144427280 0.2517920409711863
 -0.8773190221455220 0.1625683625683797
 -0.8397685179900981 7.341227965310464E-02
 -0.8005097249374113 -1.548836812420102E-02
 -0.7595277059312178 -0.1039714869824960
 -0.7168126778057353 -0.1920046459011877
 -0.6724109095330156 -0.2795075487797476
 -0.6264018799352405 -0.3662523110774718
 -0.5788382950905144 -0.4520381365586934
 -0.5297694786085912 -0.5368160846760374
 -0.4793073001465695 -0.6205425022576150
 -0.4275931930163349 -0.7030539022634853
 -0.3747071848042675 -0.7842083375526366
 -0.3206843930151362 -0.8640277222810153
 -0.2656027552330116 -0.9425700200389939
 -0.2095501563850162 -1.019771099471830
 -0.1524985640068811 -1.095556599354663
 -9.430565394826730E-02 -1.170008074198002
 -3.482535674234554E-02 -1.243244116348174
 2.613136044689185E-02 -1.315200902269124
 8.898555541689047E-02 -1.385693053908414
 0.1544355125048229 -1.454585166695889
 0.2233393215259632 -1.521570714694821
 0.2967069030205889 -1.585597707503971
 0.3756057038391086 -1.644572205641907
 0.4603492788279694 -1.695731968849515
 0.5492668276956273 -1.736516268291912
 0.6387398835588320 -1.765670335601871
 0.7254945945187069 -1.784372398236151
 0.8093295412642499 -1.796778429269750
   
   
 #BODY NUMBER  3
 3.975966488864602E-02 3.130611673541729
 5.806701084863630E-02 3.134067497992659
 7.635142362650704E-02 3.136340010936248
 9.458844859490623E-02 3.136898911327270
 0.1127664963330177 3.135824205812335
 0.1308928866199299 3.133277205423269
 0.1489731267317953 3.129206419162350
 0.1669943081624710 3.123504186914997
 0.1849410512563225 3.116190833755501
 0.2028149555214329 3.107331355343544
 0.2206214191215778 3.096895209749982
 0.2383478378718096 3.084804671064783
 0.2559738858906129 3.071049459328217
 0.2734946937596321 3.055658982063555
 0.2909125715319005 3.038604402735426
 0.3082115321228041 3.019811840478989
 0.3253620659860346 2.999247405293068
 0.3423470397674759 2.976914455146189
 0.3591586542704748 2.952779077336336
 0.3757704001362159 2.926765561190937
 0.3921365355391313 2.898823251701851
 0.4082206519700746 2.868938215915513
 0.4239985909347954 2.837074866556375
 0.4394284505266894 2.803160776985326
 0.4544447044344995 2.767140165078531
 0.4689899568812514 2.728994656375442
 0.4830251802223466 2.688697134148859
 0.4964982622282739 2.646188992080345
 0.5093323305287619 2.601421710850835
 0.5214613312058295 2.554382320138106
 0.5328486873561252 2.505056010540947
 0.5434531484563450 2.453396670619552
 0.5532089888651314 2.399356473004611
 0.5620659195503602 2.342912798514806
 0.5700175882641256 2.284037858184205
 0.5770621064670486 2.222663675849930
 0.5831716718274356 2.158699390825721
 0.5883428409095948 2.092057120612998
 0.5926435999294477 2.022627482716070
 0.5961691706084944 1.950237363549953
 0.5990069867143125 1.874647543437399
 0.6013319073476444 1.795570085397926
 0.6035205540765629 1.712652071797629
 0.6061430441478861 1.625431761967338
 0.6100196908905521 1.533338976988739
 0.6165837344023792 1.435867084526980
 0.6281772913297987 1.333060172683441
 0.6474817282207734 1.226214773867144
 0.6760514574805548 1.118165925488676
 0.7131804211154448 1.012368663239912
 0.7562607999645478 0.9108921645529390
 0.8021632735582083 0.8128255361453826
 0.8499059930062565 0.7185901209004082
 0.8980015549536133 0.6257089111940983
 0.9465512353037162 0.5342523746965706
 0.9955956409445720 0.4432741623334216
 1.045470717864835 0.3519899927508324
 1.096904097158417 0.2602159466469638
 1.151008505685835 0.1679672102508289
 1.209372327872249 7.555662183888556E-02
 1.273757547697207 -1.549405006199600E-02
 1.344976587219913 -0.1021843269453534
 1.421767038432299 -0.1814070973578922
 1.501054942702748 -0.2518035308844407
 1.579621189006487 -0.3142219123242473
 1.655555965917873 -0.3705840203891118
 1.728281796442495 -0.4226117570390456
 1.797712609546637 -0.4714705620417792
 1.863782409204374 -0.5180017367930656
 1.926551663261245 -0.5628412656607450
 1.986250708807606 -0.6063747463797554
 2.043052319427177 -0.6488129407988383
 2.096978420876374 -0.6903446805999202
 2.148073276176372 -0.7311448836476728
 2.196488041256984 -0.7712901379609574
 2.242334520078906 -0.8107830398475609
 2.285606752539250 -0.8496519996950358
 2.326314365695002 -0.8879494751251237
 2.364567067036431 -0.9256703458707204
 2.400460889235095 -0.9627557068991186
 2.433996169973512 -0.9991769096414240
 2.465182234972563 -1.034945821467856
 2.494123444090933 -1.070040798164136
 2.520925639471168 -1.104393081080649
 2.545608031575596 -1.137960444222879
 2.568187915406777 -1.170752594734503
 2.588770079772628 -1.202764784910065
 2.607466787997796 -1.233945261768172
 2.624303308328608 -1.264257286259880
 2.639291472424646 -1.293721361408594
 2.652526461452735 -1.322359239218253
 2.664114121737911 -1.350140936486474
 2.674067382405750 -1.377032194505016
 2.682378626571631 -1.403057773277669
 2.689131086088723 -1.428262693408252
 2.694421256817264 -1.452634354423366
 2.698233794446173 -1.476126702525695
 2.700531687011733 -1.498754668664972
 2.701406624624951 -1.520590026507921
 2.700960474135839 -1.541639135543409
 2.699098433417613 -1.561805414945720
 2.695734159692245 -1.581072526245961
 2.691309406226930 -1.599738716610388
 2.685148565012460 -1.617321255513076
 2.677974412563101 -1.634292277943786
 2.669339922015712 -1.650365455051382
 2.659320175869135 -1.665570753426326
 2.648051213685299 -1.679995167699170
 2.635485689314033 -1.693617721812108
 2.621536820614210 -1.706373406613606
 2.606229899444313 -1.718259065468326
 2.589620413942723 -1.729308581420744
 2.571679214941033 -1.739511358453251
 2.552345291919097 -1.748817618066474
 2.531619905111394 -1.757204617550798
 2.509530956889321 -1.764682843627864
 2.486052319054170 -1.771239878594596
 2.461128002442443 -1.776824936797166
 2.434743412225342 -1.781395517218229
 2.406910023165972 -1.784938460922130
 2.377602365601205 -1.787430057255432
 2.346768126844663 -1.788809493103675
 2.314386309285249 -1.789011827379832
 2.280463050885802 -1.787998562913288
 2.244979611408769 -1.785730984196527
 2.207894218498073 -1.782136589794409
 2.169191326573023 -1.777130741194853
 2.128883720772492 -1.770654544966654
 2.086967431144156 -1.762660643814539
 2.043417759242180 -1.753074604064685
 1.998231122288818 -1.741805592632058
 1.951429314614520 -1.728789919984552
 1.903017799353296 -1.713988504894070
 1.852977268088523 -1.697342567639607
 1.801299163924059 -1.678771274461412
 1.747989042590334 -1.658219764189476
 1.693026014260858 -1.635668641132774
 1.636352154121416 -1.611082281686790
 1.577902675675349 -1.584391177982862
 1.517603192164184 -1.555548406668915
 1.455324982459964 -1.524558154287199
 1.390870514939599 -1.491416328475032
 1.323988902401723 -1.456079039257662
 1.254343354556176 -1.418553750568173
 1.181439924982516 -1.378990167435178
 1.104593675907873 -1.337651155542971
 1.022900661239815 -1.294962037614318
 0.9352055044570727 -1.251910719816228
 0.8403753286522310 -1.210547578713824
 0.7381922805543509 -1.173843012059014
 0.6303343683790541 -1.144560699187994
 0.5201467698033344 -1.123816693787615
 0.4107253546287664 -1.110387146932110
 0.3028459263675036 -1.101106540956986
 0.1973643031051563 -1.095335241222262
 9.287903499158390E-02 -1.090546614824806
 -1.059948913246528E-02 -1.086863603104845
 -0.1139111350502756 -1.083848198121761
 -0.2179030833322960 -1.081399196959117
 -0.3230984283131215 -1.080054786977905
 -0.4300403817628976 -1.080786211021313
 -0.5392522099995154 -1.085125469490734
 -0.6502970148098001 -1.095359369536953
 -0.7609825166132473 -1.113691728555065
 -0.8679866739548812 -1.140582824866791
 -0.9685957258599192 -1.174049947414555
 -1.061934753001768 -1.210881121873675
 -1.148713158852478 -1.248461513677207
 -1.230133415755038 -1.285430062097884
 -1.307161788638026 -1.321129507550114
 -1.380493867869442 -1.355082045101019
 -1.450710665991014 -1.387022049257029
 -1.518261288982017 -1.416956198922357
 -1.583414648749471 -1.444928739485235
 -1.646345241205172 -1.470864243366757
 -1.707226681174088 -1.494713584535369
 -1.766200873791085 -1.516569373856792
 -1.823325969505011 -1.536527138247340
 -1.878623592381774 -1.554567510912726
 -1.932143985582917 -1.570672600317993
 -1.983937568572187 -1.584939976070251
 -2.034001344430629 -1.597482257419016
 -2.082310671611058 -1.608314061090376
 -2.128880490417998 -1.617437529710411
 -2.173744236341386 -1.624953863675017
 -2.216895283715193 -1.630989104293238
 -2.258306668986636 -1.635581001310726
 -2.297995446290016 -1.638739679067218
 -2.336009898395756 -1.640558261185131
 -2.372361337569573 -1.641159847046218
 -2.407030580984935 -1.640584689118181
 -2.440041300610754 -1.638832782407082
 -2.471459924818438 -1.635975680219387
 -2.501313410555554 -1.632120039762663
 -2.529578553473253 -1.627294187342229
 -2.556272987921504 -1.621479146540610
 -2.581477318813493 -1.614724487955146
 -2.605228881749274 -1.607120079688863
 -2.627480120814894 -1.598675660077218
 -2.648225460610261 -1.589351710344522
 -2.667572904009587 -1.579191749622820
 -2.685578891916793 -1.568280817447594
 -2.702112381819896 -1.556585103181574
 -2.717116052800763 -1.544038001020000
 -2.731069071115576 -1.530872956931340
 -2.743215575861097 -1.516746242479584
 -2.754325836189608 -1.502047732992461
 -2.763928370610619 -1.486533456275888
 -2.772086672202152 -1.470253452386009
 -2.778944100305229 -1.453282037724099
 -2.784458816045829 -1.435588697350241
 -2.788531128776681 -1.417130780301392
 -2.791170950700636 -1.397931768287175
 -2.792435369464155 -1.378022773922800
 -2.792300634062611 -1.357383851296730
 -2.790693129790906 -1.335987052998310
 -2.787593791002007 -1.313844841777418
 -2.783025650648953 -1.290976138435691
 -2.776964890586070 -1.267364524140829
 -2.769339534565247 -1.242986903681822
 -2.760105478211377 -1.217851888074839
 -2.749257062933448 -1.191975994224058
 -2.736761019871680 -1.165349020080904
 -2.722538526980879 -1.137956068087262
 -2.706522844824380 -1.109811424322018
 -2.688683702855877 -1.080939653002226
 -2.668978202343565 -1.051343882359848
 -2.647322669024763 -1.021024187190916
 -2.623636031007523 -0.9900094238836782
 -2.597873677653744 -0.9583401114087886
 -2.569992611366502 -0.9260364903343208
 -2.539916021470454 -0.8931143880156590
 -2.507563452817581 -0.8596161182187770
 -2.472890645820349 -0.8255924001535535
 -2.435866486709422 -0.7910675056468771
 -2.396430416544868 -0.7560541029799452
 -2.354508152789191 -0.7205851985431990
 -2.310054962140694 -0.6846930343253305
 -2.263043602524983 -0.6483692170514308
 -2.213414260588464 -0.6115813941631403
 -2.161074347502784 -0.5743082128428593
 -2.105946033073779 -0.5365087139440833
 -2.047968582389411 -0.4980693284288716
 -1.987039685548094 -0.4588210350749209
 -1.922995889116036 -0.4185685041797370
 -1.855675261903820 -0.3770163348297525
 -1.784960479059078 -0.3336619043624509
 -1.710736720055759 -0.2877806064243672
 -1.632920352130367 -0.2383769393744205
 -1.551789238859452 -0.1839563647107522
 -1.468552619982030 -0.1225125939696163
 -1.385674008775124 -5.237176180813041E-02
 -1.306385825859609 2.639477369931764E-02
 -1.233327190918779 0.1114480305477033
 -1.166986154593314 0.1994949823791706
 -1.105009199925712 0.2882810048116031
 -1.047270296111413 0.3767451203218535
 -0.9908805899451972 0.4648377036307076
 -0.9359517461712509 0.5526112284082747
 -0.8816845058942964 0.6405740357883392
 -0.8275676345325387 0.7294092042082843
 -0.7738056688452951 0.8198388403309409
 -0.7209681239229373 0.9128190007704841
 -0.6701201178727335 1.009568847651848
 -0.6234605328874074 1.110853419598949
 -0.5839940706066660 1.215876055500418
 -0.5537803644774181 1.321989922224684
 -0.5324592168428292 1.425853478298996
 -0.5176864360047190 1.525103034197922
 -0.5068428070653955 1.619045534066319
 -0.4981483806874569 1.708041819136930
 -0.4905508209086105 1.792600069591893
 -0.4832885413349317 1.873083781894084
 -0.4758409972702313 1.949863314917774
 -0.4679894198255888 2.023330945302112
 -0.4596376706777053 2.093741680284074
 -0.4506331796712020 2.161208923966677
 -0.4408465950022839 2.225858468183041
 -0.4302871674658986 2.287859511817749
 -0.4190085505738946 2.347310178094901
 -0.4069831601574762 2.404219510607762
 -0.3941703801120854 2.458622075443116
 -0.3806294984642441 2.510610321940971
 -0.3664595448044655 2.560237964318135
 -0.3516854983624544 2.607490970731800
 -0.3363017445545642 2.652383351178266
 -0.3203792077495476 2.694994661839153
 -0.3040303557559749 2.735382185373887
 -0.2873013625889597 2.773541445533605
 -0.2701924691167611 2.809492273801721
 -0.2527601813768717 2.843323046095196
 -0.2351054504282222 2.875105108814390
 -0.2172727273436729 2.904841975378061
 -0.1992501718138912 2.932554143815677
 -0.1810665366342969 2.958334919437640
 -0.1628007111823573 2.982260976249137
 -0.1444888289324972 3.004326381847245
 -0.1261056386501266 3.024536919818280
 -0.1076537672752303 3.042987181363398
 -8.919237506798938E-02 3.059754434112229
 -7.075367363127946E-02 3.074802362602913
 -5.230622640147202E-02 3.088106379009493
 -3.383372061536308E-02 3.099781776130741
 -1.538158221904612E-02 3.109919952991003
 3.013948402283489E-03 3.118390518127294
 2.138189310851852E-02 3.125110527265961
 3.975966488864602E-02 3.130611673541729
   
   
 #BODY NUMBER  4
 0.3028459263675036 -1.101106540956986
 0.1973643031051563 -1.095335241222262
 9.287903499158390E-02 -1.090546614824806
 -1.059948913246528E-02 -1.086863603104845
 -0.1139111350502756 -1.083848198121761
 -0.2179030833322960 -1.081399196959117
 -0.3230984283131215 -1.080054786977905
 -0.4300403817628976 -1.080786211021313
 -0.5392522099995154 -1.085125469490734
 -0.6502970148098001 -1.095359369536953
 -0.7609825166132473 -1.113691728555065
 -0.8679866739548812 -1.140582824866791
 -0.9685957258599192 -1.174049947414555
 -1.061934753001768 -1.210881121873675
 -1.148713158852478 -1.248461513677207
 -1.230133415755038 -1.285430062097884
 -1.307161788638026 -1.321129507550114
 -1.380493867869442 -1.355082045101019
 -1.450710665991014 -1.387022049257029
 -1.518261288982017 -1.416956198922357
 -1.583414648749471 -1.444928739485235
 -1.646345241205172 -1.470864243366757
 -1.707226681174088 -1.494713584535369
 -1.766200873791085 -1.516569373856792
 -1.823325969505011 -1.536527138247340
 -1.878623592381774 -1.554567510912726
 -1.932143985582917 -1.570672600317993
 -1.983937568572187 -1.584939976070251
 -2.034001344430629 -1.597482257419016
 -2.082310671611058 -1.608314061090376
 -2.128880490417998 -1.617437529710411
 -2.173744236341386 -1.624953863675017
 -2.216895283715193 -1.630989104293238
 -2.258306668986636 -1.635581001310726
 -2.297995446290016 -1.638739679067218
 -2.336009898395756 -1.640558261185131
 -2.372361337569573 -1.641159847046218
 -2.407030580984935 -1.640584689118181
 -2.440041300610754 -1.638832782407082
 -2.471459924818438 -1.635975680219387
 -2.501313410555554 -1.632120039762663
 -2.529578553473253 -1.627294187342229
 -2.556272987921504 -1.621479146540610
 -2.581477318813493 -1.614724487955146
 -2.605228881749274 -1.607120079688863
 -2.627480120814894 -1.598675660077218
 -2.648225460610261 -1.589351710344522
 -2.667572904009587 -1.579191749622820
 -2.685578891916793 -1.568280817447594
 -2.702112381819896 -1.556585103181574
 -2.717116052800763 -1.544038001020000
 -2.731069071115576 -1.530872956931340
 -2.743215575861097 -1.516746242479584
 -2.754325836189608 -1.502047732992461
 -2.763928370610619 -1.486533456275888
 -2.772086672202152 -1.470253452386009
 -2.778944100305229 -1.453282037724099
 -2.784458816045829 -1.435588697350241
 -2.788531128776681 -1.417130780301392
 -2.791170950700636 -1.397931768287175
 -2.792435369464155 -1.378022773922800
 -2.792300634062611 -1.357383851296730
 -2.790693129790906 -1.335987052998310
 -2.787593791002007 -1.313844841777418
 -2.783025650648953 -1.290976138435691
 -2.776964890586070 -1.267364524140829
 -2.769339534565247 -1.242986903681822
 -2.760105478211377 -1.217851888074839
 -2.749257062933448 -1.191975994224058
 -2.736761019871680 -1.165349020080904
 -2.722538526980879 -1.137956068087262
 -2.706522844824380 -1.109811424322018
 -2.688683702855877 -1.080939653002226
 -2.668978202343565 -1.051343882359848
 -2.647322669024763 -1.021024187190916
 -2.623636031007523 -0.9900094238836782
 -2.597873677653744 -0.9583401114087886
 -2.569992611366502 -0.9260364903343208
 -2.539916021470454 -0.8931143880156590
 -2.507563452817581 -0.8596161182187770
 -2.472890645820349 -0.8255924001535535
 -2.435866486709422 -0.7910675056468771
 -2.396430416544868 -0.7560541029799452
 -2.354508152789191 -0.7205851985431990
 -2.310054962140694 -0.6846930343253305
 -2.263043602524983 -0.6483692170514308
 -2.213414260588464 -0.6115813941631403
 -2.161074347502784 -0.5743082128428593
 -2.105946033073779 -0.5365087139440833
 -2.047968582389411 -0.4980693284288716
 -1.987039685548094 -0.4588210350749209
 -1.922995889116036 -0.4185685041797370
 -1.855675261903820 -0.3770163348297525
 -1.784960479059078 -0.3336619043624509
 -1.710736720055759 -0.2877806064243672
 -1.632920352130367 -0.2383769393744205
 -1.551789238859452 -0.1839563647107522
 -1.468552619982030 -0.1225125939696163
 -1.385674008775124 -5.237176180813041E-02
 -1.306385825859609 2.639477369931764E-02
 -1.233327190918779 0.1114480305477033
 -1.166986154593314 0.1994949823791706
 -1.105009199925712 0.2882810048116031
 -1.047270296111413 0.3767451203218535
 -0.9908805899451972 0.4648377036307076
 -0.9359517461712509 0.5526112284082747
 -0.8816845058942964 0.6405740357883392
 -0.8275676345325387 0.7294092042082843
 -0.7738056688452951 0.8198388403309409
 -0.7209681239229373 0.9128190007704841
 -0.6701201178727335 1.009568847651848
 -0.6234605328874074 1.110853419598949
 -0.5839940706066660 1.215876055500418
 -0.5537803644774181 1.321989922224684
 -0.5324592168428292 1.425853478298996
 -0.5176864360047190 1.525103034197922
 -0.5068428070653955 1.619045534066319
 -0.4981483806874569 1.708041819136930
 -0.4905508209086105 1.792600069591893
 -0.4832885413349317 1.873083781894084
 -0.4758409972702313 1.949863314917774
 -0.4679894198255888 2.023330945302112
 -0.4596376706777053 2.093741680284074
 -0.4506331796712020 2.161208923966677
 -0.4408465950022839 2.225858468183041
 -0.4302871674658986 2.287859511817749
 -0.4190085505738946 2.347310178094901
 -0.4069831601574762 2.404219510607762
 -0.3941703801120854 2.458622075443116
 -0.3806294984642441 2.510610321940971
 -0.3664595448044655 2.560237964318135
 -0.3516854983624544 2.607490970731800
 -0.3363017445545642 2.652383351178266
 -0.3203792077495476 2.694994661839153
 -0.3040303557559749 2.735382185373887
 -0.2873013625889597 2.773541445533605
 -0.2701924691167611 2.809492273801721
 -0.2527601813768717 2.843323046095196
 -0.2351054504282222 2.875105108814390
 -0.2172727273436729 2.904841975378061
 -0.1992501718138912 2.932554143815677
 -0.1810665366342969 2.958334919437640
 -0.1628007111823573 2.982260976249137
 -0.1444888289324972 3.004326381847245
 -0.1261056386501266 3.024536919818280
 -0.1076537672752303 3.042987181363398
 -8.919237506798938E-02 3.059754434112229
 -7.075367363127946E-02 3.074802362602913
 -5.230622640147202E-02 3.088106379009493
 -3.383372061536308E-02 3.099781776130741
 -1.538158221904612E-02 3.109919952991003
 3.013948402283489E-03 3.118390518127294
 2.138189310851852E-02 3.125110527265961
 3.975966488864602E-02 3.130611673541729
 5.806701084863630E-02 3.134067497992659
 7.635142362650704E-02 3.136340010936248
 9.458844859490623E-02 3.136898911327270
 0.1127664963330177 3.135824205812335
 0.1308928866199299 3.133277205423269
 0.1489731267317953 3.129206419162350
 0.1669943081624710 3.123504186914997
 0.1849410512563225 3.116190833755501
 0.2028149555214329 3.107331355343544
 0.2206214191215778 3.096895209749982
 0.2383478378718096 3.084804671064783
 0.2559738858906129 3.071049459328217
 0.2734946937596321 3.055658982063555
 0.2909125715319005 3.038604402735426
 0.3082115321228041 3.019811840478989
 0.3253620659860346 2.999247405293068
 0.3423470397674759 2.976914455146189
 0.3591586542704748 2.952779077336336
 0.3757704001362159 2.926765561190937
 0.3921365355391313 2.898823251701851
 0.4082206519700746 2.868938215915513
 0.4239985909347954 2.837074866556375
 0.4394284505266894 2.803160776985326
 0.4544447044344995 2.767140165078531
 0.4689899568812514 2.728994656375442
 0.4830251802223466 2.688697134148859
 0.4964982622282739 2.646188992080345
 0.5093323305287619 2.601421710850835
 0.5214613312058295 2.554382320138106
 0.5328486873561252 2.505056010540947
 0.5434531484563450 2.453396670619552
 0.5532089888651314 2.399356473004611
 0.5620659195503602 2.342912798514806
 0.5700175882641256 2.284037858184205
 0.5770621064670486 2.222663675849930
 0.5831716718274356 2.158699390825721
 0.5883428409095948 2.092057120612998
 0.5926435999294477 2.022627482716070
 0.5961691706084944 1.950237363549953
 0.5990069867143125 1.874647543437399
 0.6013319073476444 1.795570085397926
 0.6035205540765629 1.712652071797629
 0.6061430441478861 1.625431761967338
 0.6100196908905521 1.533338976988739
 0.6165837344023792 1.435867084526980
 0.6281772913297987 1.333060172683441
 0.6474817282207734 1.226214773867144
 0.6760514574805548 1.118165925488676
 0.7131804211154448 1.012368663239912
 0.7562607999645478 0.9108921645529390
 0.8021632735582083 0.8128255361453826
 0.8499059930062565 0.7185901209004082
 0.8980015549536133 0.6257089111940983
 0.9465512353037162 0.5342523746965706
 0.9955956409445720 0.4432741623334216
 1.045470717864835 0.3519899927508324
 1.096904097158417 0.2602159466469638
 1.151008505685835 0.1679672102508289
 1.209372327872249 7.555662183888556E-02
 1.273757547697207 -1.549405006199600E-02
 1.344976587219913 -0.1021843269453534
 1.421767038432299 -0.1814070973578922
 1.501054942702748 -0.2518035308844407
 1.579621189006487 -0.3142219123242473
 1.655555965917873 -0.3705840203891118
 1.728281796442495 -0.4226117570390456
 1.797712609546637 -0.4714705620417792
 1.863782409204374 -0.5180017367930656
 1.926551663261245 -0.5628412656607450
 1.986250708807606 -0.6063747463797554
 2.043052319427177 -0.6488129407988383
 2.096978420876374 -0.6903446805999202
 2.148073276176372 -0.7311448836476728
 2.196488041256984 -0.7712901379609574
 2.242334520078906 -0.8107830398475609
 2.285606752539250 -0.8496519996950358
 2.326314365695002 -0.8879494751251237
 2.364567067036431 -0.9256703458707204
 2.400460889235095 -0.9627557068991186
 2.433996169973512 -0.9991769096414240
 2.465182234972563 -1.034945821467856
 2.494123444090933 -1.070040798164136
 2.520925639471168 -1.104393081080649
 2.545608031575596 -1.137960444222879
 2.568187915406777 -1.170752594734503
 2.588770079772628 -1.202764784910065
 2.607466787997796 -1.233945261768172
 2.624303308328608 -1.264257286259880
 2.639291472424646 -1.293721361408594
 2.652526461452735 -1.322359239218253
 2.664114121737911 -1.350140936486474
 2.674067382405750 -1.377032194505016
 2.682378626571631 -1.403057773277669
 2.689131086088723 -1.428262693408252
 2.694421256817264 -1.452634354423366
 2.698233794446173 -1.476126702525695
 2.700531687011733 -1.498754668664972
 2.701406624624951 -1.520590026507921
 2.700960474135839 -1.541639135543409
 2.699098433417613 -1.561805414945720
 2.695734159692245 -1.581072526245961
 2.691309406226930 -1.599738716610388
 2.685148565012460 -1.617321255513076
 2.677974412563101 -1.634292277943786
 2.669339922015712 -1.650365455051382
 2.659320175869135 -1.665570753426326
 2.648051213685299 -1.679995167699170
 2.635485689314033 -1.693617721812108
 2.621536820614210 -1.706373406613606
 2.606229899444313 -1.718259065468326
 2.589620413942723 -1.729308581420744
 2.571679214941033 -1.739511358453251
 2.552345291919097 -1.748817618066474
 2.531619905111394 -1.757204617550798
 2.509530956889321 -1.764682843627864
 2.486052319054170 -1.771239878594596
 2.461128002442443 -1.776824936797166
 2.434743412225342 -1.781395517218229
 2.406910023165972 -1.784938460922130
 2.377602365601205 -1.787430057255432
 2.346768126844663 -1.788809493103675
 2.314386309285249 -1.789011827379832
 2.280463050885802 -1.787998562913288
 2.244979611408769 -1.785730984196527
 2.207894218498073 -1.782136589794409
 2.169191326573023 -1.777130741194853
 2.128883720772492 -1.770654544966654
 2.086967431144156 -1.762660643814539
 2.043417759242180 -1.753074604064685
 1.998231122288818 -1.741805592632058
 1.951429314614520 -1.728789919984552
 1.903017799353296 -1.713988504894070
 1.852977268088523 -1.697342567639607
 1.801299163924059 -1.678771274461412
 1.747989042590334 -1.658219764189476
 1.693026014260858 -1.635668641132774
 1.636352154121416 -1.611082281686790
 1.577902675675349 -1.584391177982862
 1.517603192164184 -1.555548406668915
 1.455324982459964 -1.524558154287199
 1.390870514939599 -1.491416328475032
 1.323988902401723 -1.456079039257662
 1.254343354556176 -1.418553750568173
 1.181439924982516 -1.378990167435178
 1.104593675907873 -1.337651155542971
 1.022900661239815 -1.294962037614318
 0.9352055044570727 -1.251910719816228
 0.8403753286522310 -1.210547578713824
 0.7381922805543509 -1.173843012059014
 0.6303343683790541 -1.144560699187994
 0.5201467698033344 -1.123816693787615
 0.4107253546287664 -1.110387146932110
 0.3028459263675036 -1.101106540956986
   
   
 #BODY NUMBER  5
 1.063615366163658 0.6246679884801275
 1.041896832721562 0.6532164823045786
 1.018709204975514 0.6808940600732682
 0.9934241632013724 0.7073219898811767
 0.9661810227033696 0.7325988331685189
 0.9372000894396090 0.7569072337365896
 0.9064330893588559 0.7802651757598851
 0.8737875843223878 0.8026230298797991
 0.8393427499086317 0.8240226502934525
 0.8032146104821467 0.8445602167071581
 0.7653920905869267 0.8642645360435037
 0.7258308967195788 0.8831033284440868
 0.6845902680737759 0.9010788319683927
 0.6417637042511922 0.9182367712845699
 0.5973592680222294 0.9345859910982928
 0.5513529546797834 0.9500760853568249
 0.5037988519030074 0.9646632985558707
 0.4547909019418892 0.9783416240289894
 0.4043645545858743 0.9910888855288114
 0.3525302391176899 1.002828768962045
 0.2993714173017213 1.013473455979965
 0.2450243517356655 1.022966527499713
 0.1895894399595266 1.031251415202429
 0.1331503939409204 1.038226859640216
 7.586568118195736E-02 1.043771811654157
 1.795932207569795E-02 1.047797077511164
 -4.036727859249084E-02 1.050236582353487
 -9.893230145156301E-02 1.051002881158727
 -0.1574892535874221 1.049996241354536
 -0.2157319290517732 1.047159610124043
 -0.2733908250479411 1.042488500742887
 -0.3302483525540039 1.035984515042169
 -0.3860567720438361 1.027640684699738
 -0.4405332210914695 1.017486866233426
 -0.4934596244372332 1.005610568589704
 -0.5447061158722649 0.9921074547264724
 -0.5941339090024165 0.9770411353907958
 -0.6415665263413182 0.9604780027420005
 -0.6868919073196340 0.9425276803534393
 -0.7300966499485262 0.9233047985389464
 -0.7711486614781518 0.9028696624504642
 -0.8099427185680208 0.8812531654203574
 -0.8464228116184518 0.8585253693852343
 -0.8806473084110207 0.8347788467755110
 -0.9126425697332167 0.8100424783187644
 -0.9423077577214889 0.7842809456103579
 -0.9695890073372557 0.7575009735304711
 -0.9946201665755912 0.7297767306909559
 -1.017499428303319 0.7011108163575264
 -1.038060451237008 0.6713609643229184
 -1.056239360968722 0.6404657124824759
 -1.072786030036544 0.6087839327131516
 -1.086650484207254 0.5757008841071288
 -1.099026155797135 0.5417810205412101
 -1.109270893493145 0.5066695671250983
 -1.117539711658460 0.4704378937312881
 -1.124100937443897 0.4331854690154546
 -1.128946008575818 0.3948614943356369
 -1.131985725699536 0.3554107305947257
 -1.133295923402226 0.3148808187564376
 -1.133017907935163 0.2733241490147827
 -1.131171089097109 0.2307167262822070
 -1.127705364958961 0.1870363311887510
 -1.122652293333926 0.1423331473512926
 -1.116098222747035 9.666528546605091E-02
 -1.108054844323294 5.003530574418158E-02
 -1.098466502786975 2.447622525890314E-03
 -1.087322348599380 -4.602904513249673E-02
 -1.074664150959774 -9.531033752278095E-02
 -1.060490429569295 -0.1453544661030592
 -1.044740309125851 -0.1961142418029002
 -1.027379467590720 -0.2474734754397395
 -1.008427175903737 -0.2992859506009565
 -0.9878846432337207 -0.3514364363069999
 -0.9657060323102278 -0.4038018061433652
 -0.9418657452375849 -0.4561842986480923
 -0.9163985481736094 -0.5083453096032808
 -0.8893479210056219 -0.5600773799194843
 -0.8607290438083137 -0.6111793268912773
 -0.8305787920974942 -0.6613878151070252
 -0.7990008596585432 -0.7104091360282792
 -0.7661261122725227 -0.7580076500245478
 -0.7320647316768187 -0.8039957203908115
 -0.6969345528904896 -0.8481553142428492
 -0.6609028636294311 -0.8902563937929122
 -0.6241544864941811 -0.9301538547994245
 -0.5868372011409125 -0.9677830613053676
 -0.5490754892896121 -1.003055626141243
 -0.5110150869800532 -1.035851911400320
 -0.4728069612962806 -1.066129681569469
 -0.4345570859965378 -1.093934645342812
 -0.3963337332493073 -1.119269162159678
 -0.3582162691354694 -1.142057552600315
 -0.3202933738718061 -1.162286341896847
 -0.2826160336439595 -1.180052364246089
 -0.2451960795019471 -1.195392889123459
 -0.2080533437419071 -1.208202929175140
 -0.1712205828002037 -1.218439198349436
 -0.1346951045813272 -1.226254696716250
 -9.843006368200502E-02 -1.231735761425580
 -6.238542459436175E-02 -1.234667203596645
 -2.653989677836344E-02 -1.234962975317193
 9.170663872886564E-03 -1.233451921193279
 4.475365148569251E-02 -1.228917366411707
 8.031695082162074E-02 -1.222675080614478
 0.1158467302917725 -1.213991557006275
 0.1513586889550904 -1.203036726899807
 0.1869008480042880 -1.190092702752044
 0.2225129192169625 -1.175126670095522
 0.2581981413771486 -1.158033760474525
 0.2939531734935946 -1.138903469049890
 0.3298032974530162 -1.117884365721941
 0.3657789985101825 -1.094981262325711
 0.4018744682393827 -1.070139659632838
 0.4380620252601496 -1.043411979319685
 0.4743345184958428 -1.014902056750621
 0.5106955763010641 -0.9846212968424743
 0.5471135481071914 -0.9525237078827152
 0.5835234966963727 -0.9186342534233740
 0.6198732490178844 -0.8830312865062084
 0.6561258749834211 -0.8457344194257522
 0.6922100700081613 -0.8067145271591445
 0.7280080502889988 -0.7659999805402252
 0.7634028241680715 -0.7236805768987568
 0.7982952032741941 -0.6798149788954292
 0.8325556383693075 -0.6344250534968506
 0.8660000640556276 -0.5875875130060646
 0.8984392260979115 -0.5394517679078831
 0.9297151995981128 -0.4901592024340027
 0.9596613452598768 -0.4398235542674501
 0.9880680456849162 -0.3886084262475111
 1.014732788710316 -0.3367504740957638
 1.039516937320464 -0.2844808507183397
 1.062313084230823 -0.2319887946513579
 1.082991324934326 -0.1794853704568889
 1.101436084720901 -0.1272304724405137
 1.117614110931414 -7.545671379027986E-02
 1.131543317013177 -2.432439342110478E-02
 1.143209398292029 2.601449075044674E-02
 1.152581613321371 7.537390865831953E-02
 1.159698868615915 0.1236020012160295
 1.164653735945064 0.1706298468038651
 1.167482394727459 0.2163994997092136
 1.168158987703490 0.2608043871799574
 1.166716185490258 0.3037609725116123
 1.163263342054980 0.3452735174705778
 1.157838649235164 0.3853504108046944
 1.150361101463396 0.4239219835647825
 1.140809590137460 0.4609382248189645
 1.129315271156918 0.4964779660252939
 1.115929491985324 0.5306249450680537
 1.100445875831369 0.5633062392737269
 1.082779257747085 0.5944972628347169
 1.063615366163658 0.6246679884801275
 1.041896832721562 0.6532164823045786
 1.018709204975514 0.6808940600732682
 0.9934241632013724 0.7073219898811767
 0.9661810227033696 0.7325988331685189
 0.9372000894396090 0.7569072337365896
 0.9064330893588559 0.7802651757598851
 0.8737875843223878 0.8026230298797991
 0.8393427499086317 0.8240226502934525
 0.8032146104821467 0.8445602167071581
 0.7653920905869267 0.8642645360435037
 0.7258308967195788 0.8831033284440868
 0.6845902680737759 0.9010788319683927
 0.6417637042511922 0.9182367712845699
 0.5973592680222294 0.9345859910982928
 0.5513529546797834 0.9500760853568249
 0.5037988519030074 0.9646632985558707
 0.4547909019418892 0.9783416240289894
 0.4043645545858743 0.9910888855288114
 0.3525302391176899 1.002828768962045
 0.2993714173017213 1.013473455979965
 0.2450243517356655 1.022966527499713
 0.1895894399595266 1.031251415202429
 0.1331503939409204 1.038226859640216
 7.586568118195736E-02 1.043771811654157
 1.795932207569795E-02 1.047797077511164
 -4.036727859249084E-02 1.050236582353487
 -9.893230145156301E-02 1.051002881158727
 -0.1574892535874221 1.049996241354536
 -0.2157319290517732 1.047159610124043
 -0.2733908250479411 1.042488500742887
 -0.3302483525540039 1.035984515042169
 -0.3860567720438361 1.027640684699738
 -0.4405332210914695 1.017486866233426
 -0.4934596244372332 1.005610568589704
 -0.5447061158722649 0.9921074547264724
 -0.5941339090024165 0.9770411353907958
 -0.6415665263413182 0.9604780027420005
 -0.6868919073196340 0.9425276803534393
 -0.7300966499485262 0.9233047985389464
 -0.7711486614781518 0.9028696624504642
 -0.8099427185680208 0.8812531654203574
 -0.8464228116184518 0.8585253693852343
 -0.8806473084110207 0.8347788467755110
 -0.9126425697332167 0.8100424783187644
 -0.9423077577214889 0.7842809456103579
 -0.9695890073372557 0.7575009735304711
 -0.9946201665755912 0.7297767306909559
 -1.017499428303319 0.7011108163575264
 -1.038060451237008 0.6713609643229184
 -1.056239360968722 0.6404657124824759
 -1.072786030036544 0.6087839327131516
 -1.086650484207254 0.5757008841071288
 -1.099026155797135 0.5417810205412101
 -1.109270893493145 0.5066695671250983
 -1.117539711658460 0.4704378937312881
 -1.124100937443897 0.4331854690154546
 -1.128946008575818 0.3948614943356369
 -1.131985725699536 0.3554107305947257
 -1.133295923402226 0.3148808187564376
 -1.133017907935163 0.2733241490147827
 -1.131171089097109 0.2307167262822070
 -1.127705364958961 0.1870363311887510
 -1.122652293333926 0.1423331473512926
 -1.116098222747035 9.666528546605091E-02
 -1.108054844323294 5.003530574418158E-02
 -1.098466502786975 2.447622525890314E-03
 -1.087322348599380 -4.602904513249673E-02
 -1.074664150959774 -9.531033752278095E-02
 -1.060490429569295 -0.1453544661030592
 -1.044740309125851 -0.1961142418029002
 -1.027379467590720 -0.2474734754397395
 -1.008427175903737 -0.2992859506009565
 -0.9878846432337207 -0.3514364363069999
 -0.9657060323102278 -0.4038018061433652
 -0.9418657452375849 -0.4561842986480923
 -0.9163985481736094 -0.5083453096032808
 -0.8893479210056219 -0.5600773799194843
 -0.8607290438083137 -0.6111793268912773
 -0.8305787920974942 -0.6613878151070252
 -0.7990008596585432 -0.7104091360282792
 -0.7661261122725227 -0.7580076500245478
 -0.7320647316768187 -0.8039957203908115
 -0.6969345528904896 -0.8481553142428492
 -0.6609028636294311 -0.8902563937929122
 -0.6241544864941811 -0.9301538547994245
 -0.5868372011409125 -0.9677830613053676
 -0.5490754892896121 -1.003055626141243
 -0.5110150869800532 -1.035851911400320
 -0.4728069612962806 -1.066129681569469
 -0.4345570859965378 -1.093934645342812
 -0.3963337332493073 -1.119269162159678
 -0.3582162691354694 -1.142057552600315
 -0.3202933738718061 -1.162286341896847
 -0.2826160336439595 -1.180052364246089
 -0.2451960795019471 -1.195392889123459
 -0.2080533437419071 -1.208202929175140
 -0.1712205828002037 -1.218439198349436
 -0.1346951045813272 -1.226254696716250
 -9.843006368200502E-02 -1.231735761425580
 -6.238542459436175E-02 -1.234667203596645
 -2.653989677836344E-02 -1.234962975317193
 9.170663872886564E-03 -1.233451921193279
 4.475365148569251E-02 -1.228917366411707
 8.031695082162074E-02 -1.222675080614478
 0.1158467302917725 -1.213991557006275
 0.1513586889550904 -1.203036726899807
 0.1869008480042880 -1.190092702752044
 0.2225129192169625 -1.175126670095522
 0.2581981413771486 -1.158033760474525
 0.2939531734935946 -1.138903469049890
 0.3298032974530162 -1.117884365721941
 0.3657789985101825 -1.094981262325711
 0.4018744682393827 -1.070139659632838
 0.4380620252601496 -1.043411979319685
 0.4743345184958428 -1.014902056750621
 0.5106955763010641 -0.9846212968424743
 0.5471135481071914 -0.9525237078827152
 0.5835234966963727 -0.9186342534233740
 0.6198732490178844 -0.8830312865062084
 0.6561258749834211 -0.8457344194257522
 0.6922100700081613 -0.8067145271591445
 0.7280080502889988 -0.7659999805402252
 0.7634028241680715 -0.7236805768987568
 0.7982952032741941 -0.6798149788954292
 0.8325556383693075 -0.6344250534968506
 0.8660000640556276 -0.5875875130060646
 0.8984392260979115 -0.5394517679078831
 0.9297151995981128 -0.4901592024340027
 0.9596613452598768 -0.4398235542674501
 0.9880680456849162 -0.3886084262475111
 1.014732788710316 -0.3367504740957638
 1.039516937320464 -0.2844808507183397
 1.062313084230823 -0.2319887946513579
 1.082991324934326 -0.1794853704568889
 1.101436084720901 -0.1272304724405137
 1.117614110931414 -7.545671379027986E-02
 1.131543317013177 -2.432439342110478E-02
 1.143209398292029 2.601449075044674E-02
 1.152581613321371 7.537390865831953E-02
 1.159698868615915 0.1236020012160295
 1.164653735945064 0.1706298468038651
 1.167482394727459 0.2163994997092136
 1.168158987703490 0.2608043871799574
 1.166716185490258 0.3037609725116123
 1.163263342054980 0.3452735174705778
 1.157838649235164 0.3853504108046944
 1.150361101463396 0.4239219835647825
 1.140809590137460 0.4609382248189645
 1.129315271156918 0.4964779660252939
 1.115929491985324 0.5306249450680537
 1.100445875831369 0.5633062392737269
 1.082779257747085 0.5944972628347169
 1.063615366163658 0.6246679884801275
   
   
 #BODY NUMBER  6
 -0.8403026828213800 0.8453253276501579
 -0.8730743794071647 0.8243399424278919
 -0.9045238460197462 0.8025074997723786
 -0.9340370545714659 0.7794425100855976
 -0.9616695861345013 0.7551676257981388
 -0.9875770306502325 0.7297300117441730
 -1.011687397976916 0.7030255737794577
 -1.033863827046458 0.6749367973033538
 -1.054112969120989 0.6454397633788502
 -1.072506519163586 0.6145151529689998
 -1.089025673115532 0.5820718485680858
 -1.103602688204435 0.5480238208611095
 -1.116245577642112 0.5123646988054973
 -1.127013980244515 0.4751114387895135
 -1.135906220167119 0.4362395325182025
 -1.142859949135208 0.3957294108257371
 -1.147845168193266 0.3536239499856626
 -1.150873885623252 0.3099852100559781
 -1.151920734192889 0.2648380018847218
 -1.150907102774555 0.2182104485509429
 -1.147773363277831 0.1701942042167331
 -1.142506167787834 0.1209127574437902
 -1.135081752947127 7.046514721218544E-02
 -1.125440980307856 1.895845482810893E-02
 -1.113546460676279 -3.343052127254387E-02
 -1.099421537522578 -8.648273076936713E-02
 -1.083111133821165 -0.1400031318362873
 -1.064648737981811 -0.1938026102287817
 -1.044094956849082 -0.2476373505431209
 -1.021575968108092 -0.3012349609658106
 -0.9972505163314744 -0.3543737090107079
 -0.9712638412938709 -0.4068759533568842
 -0.9437641560806398 -0.4585373619943308
 -0.9149370896663475 -0.5091389385182775
 -0.8849817789364247 -0.5585313908844942
 -0.8540627923282399 -0.6066334075931291
 -0.8223165575819494 -0.6533403849250701
 -0.7898903549654164 -0.6985159418620136
 -0.7569354514502118 -0.7420879143071307
 -0.7235651147455968 -0.7840613643805509
 -0.6898544687265444 -0.8244054257686397
 -0.6558815933627914 -0.8630214296579662
 -0.6217345246456265 -0.8998651556942845
 -0.5874740062577901 -0.9349912848940474
 -0.5531236892879419 -0.9684059631558141
 -0.5187075548174043 -0.9999917548096660
 -0.4842671375955542 -1.029682423907226
 -0.4498288675639602 -1.057578993815754
 -0.4153825638019606 -1.083717966577474
 -0.3809106885299801 -1.107861448315532
 -0.3464186664909812 -1.129869239603787
 -0.3119218667967509 -1.150386134016612
 -0.2773621417931737 -1.168274563173884
 -0.2427299585205414 -1.184594378868093
 -0.2079984872379032 -1.198621072377680
 -0.1731595549895185 -1.210414104538415
 -0.1381762127492543 -1.220131802609191
 -0.1029943074146837 -1.227659774226315
 -6.758049889038387E-02 -1.232820736927710
 -3.191074713820685E-02 -1.235608491406843
 4.067526100158703E-03 -1.236075467804587
 4.042382887003459E-02 -1.234159822575541
 7.719879335748414E-02 -1.229759874100392
 0.1144019436531331 -1.222879376502853
 0.1520484145019633 -1.213578456706720
 0.1901585927877481 -1.201843409240586
 0.2287182517678670 -1.187610454331750
 0.2676752600224516 -1.170875050259422
 0.3069818761056934 -1.151678626529832
 0.3466039295767642 -1.130011619899424
 0.3864777595709636 -1.105820012674184
 0.4264941772103480 -1.079097992494074
 0.4665395643059688 -1.049895744006566
 0.5065162689064007 -1.018242207030477
 0.5463019866562862 -0.9841397068207203
 0.5857249110219184 -0.9476442626036349
 0.6246070105962110 -0.9088856155776155
 0.6628018356901892 -0.8680001910927519
 0.7001623527687645 -0.8251115480849003
 0.7365077149207557 -0.7803940813229617
 0.7716651127584515 -0.7340932597943838
 0.8055218926023247 -0.6864574265748512
 0.8379968324430095 -0.6377011836593074
 0.8689870821117114 -0.5880550533498508
 0.8983957996458455 -0.5377892932565190
 0.9261932627852405 -0.4871510070030410
 0.9523913379240895 -0.4363233707867645
 0.9769676494543892 -0.3854768363560023
 0.9998777280836260 -0.3348071426733515
 1.021134711356491 -0.2844813728273606
 1.040799617052243 -0.2345950884716138
 1.058883276096640 -0.1852287819470853
 1.075339278775559 -0.1364994068978094
 1.090173347134503 -8.850531490581265E-02
 1.103463208164194 -4.127177103524088E-02
 1.115226009913243 5.183815219578780E-03
 1.125372040648852 5.078195779805156E-02
 1.133864705731772 9.545356857788884E-02
 1.140804708935208 0.1392262702419013
 1.146218571494688 0.1821271307471288
 1.149891502379662 0.2240523913177817
 1.151704797696977 0.2649272542755747
 1.152224549618131 0.3050608063664537
 1.150436521200338 0.3439346207459921
 1.147253804540288 0.3820868790957149
 1.142035541809369 0.4191785622920827
 1.134829141124020 0.4552464787402760
 1.125753243399487 0.4904017908650180
 1.114681705391599 0.5246342004468576
 1.101444325936842 0.5578839396243568
 1.086023716259196 0.5901687280279929
 1.068438993063427 0.6215603148355874
 1.048601844245497 0.6520879740074554
 1.026403894846950 0.6817360532392828
 1.001843633988979 0.7105146776973555
 0.9749655657425513 0.7384670179172064
 0.9457476273793705 0.7656038767223831
 0.9141416973673412 0.7918810435060132
 0.8801699081708149 0.8172511002737592
 0.8438920095175584 0.8416934164738534
 0.8053168046161245 0.8651736180147026
 0.7644293432035913 0.8876095641232410
 0.7212791860674833 0.9089037882773405
 0.6759666034818654 0.9289829865627757
 0.6285654840407264 0.9477770598182915
 0.5791389936515703 0.9651812519926114
 0.5278215496543603 0.9810747838761787
 0.4748145269263671 0.9953683463469827
 0.4203092981309758 1.008003322929039
 0.3644863852130468 1.018914158313682
 0.3075872419283260 1.028031431866083
 0.2499108553496402 1.035328220760194
 0.1917286237291498 1.040831135585559
 0.1332670088508614 1.044577137016192
 7.477707396892833E-02 1.046592415344181
 1.654129002050201E-02 1.046928231774797
 -4.121148384881583E-02 1.045682397887535
 -9.832854559584964E-02 1.042956778379894
 -0.1546510918724397 1.038817221281072
 -0.2099873731182096 1.033323084535365
 -0.2641992599062789 1.026569287134491
 -0.3172345023066460 1.018656452852165
 -0.3690288073700961 1.009634207715725
 -0.4194576854127680 0.9995208365557756
 -0.4684388224888761 0.9883704706000971
 -0.5159892019064034 0.9762630559292882
 -0.5621023206253012 0.9632221479362353
 -0.6066644858314482 0.9492097970116143
 -0.6495975681362179 0.9342288553293373
 -0.6909758413712481 0.9183527235738522
 -0.7308360076927276 0.9015908358303454
 -0.7689808138496820 0.8838090569977508
 -0.8052861312059958 0.8649419853282124
 -0.8403026828213800 0.8453253276501579
 -0.8730743794071647 0.8243399424278919
 -0.9045238460197462 0.8025074997723786
 -0.9340370545714659 0.7794425100855976
 -0.9616695861345013 0.7551676257981388
 -0.9875770306502325 0.7297300117441730
 -1.011687397976916 0.7030255737794577
 -1.033863827046458 0.6749367973033538
 -1.054112969120989 0.6454397633788502
 -1.072506519163586 0.6145151529689998
 -1.089025673115532 0.5820718485680858
 -1.103602688204435 0.5480238208611095
 -1.116245577642112 0.5123646988054973
 -1.127013980244515 0.4751114387895135
 -1.135906220167119 0.4362395325182025
 -1.142859949135208 0.3957294108257371
 -1.147845168193266 0.3536239499856626
 -1.150873885623252 0.3099852100559781
 -1.151920734192889 0.2648380018847218
 -1.150907102774555 0.2182104485509429
 -1.147773363277831 0.1701942042167331
 -1.142506167787834 0.1209127574437902
 -1.135081752947127 7.046514721218544E-02
 -1.125440980307856 1.895845482810893E-02
 -1.113546460676279 -3.343052127254387E-02
 -1.099421537522578 -8.648273076936713E-02
 -1.083111133821165 -0.1400031318362873
 -1.064648737981811 -0.1938026102287817
 -1.044094956849082 -0.2476373505431209
 -1.021575968108092 -0.3012349609658106
 -0.9972505163314744 -0.3543737090107079
 -0.9712638412938709 -0.4068759533568842
 -0.9437641560806398 -0.4585373619943308
 -0.9149370896663475 -0.5091389385182775
 -0.8849817789364247 -0.5585313908844942
 -0.8540627923282399 -0.6066334075931291
 -0.8223165575819494 -0.6533403849250701
 -0.7898903549654164 -0.6985159418620136
 -0.7569354514502118 -0.7420879143071307
 -0.7235651147455968 -0.7840613643805509
 -0.6898544687265444 -0.8244054257686397
 -0.6558815933627914 -0.8630214296579662
 -0.6217345246456265 -0.8998651556942845
 -0.5874740062577901 -0.9349912848940474
 -0.5531236892879419 -0.9684059631558141
 -0.5187075548174043 -0.9999917548096660
 -0.4842671375955542 -1.029682423907226
 -0.4498288675639602 -1.057578993815754
 -0.4153825638019606 -1.083717966577474
 -0.3809106885299801 -1.107861448315532
 -0.3464186664909812 -1.129869239603787
 -0.3119218667967509 -1.150386134016612
 -0.2773621417931737 -1.168274563173884
 -0.2427299585205414 -1.184594378868093
 -0.2079984872379032 -1.198621072377680
 -0.1731595549895185 -1.210414104538415
 -0.1381762127492543 -1.220131802609191
 -0.1029943074146837 -1.227659774226315
 -6.758049889038387E-02 -1.232820736927710
 -3.191074713820685E-02 -1.235608491406843
 4.067526100158703E-03 -1.236075467804587
 4.042382887003459E-02 -1.234159822575541
 7.719879335748414E-02 -1.229759874100392
 0.1144019436531331 -1.222879376502853
 0.1520484145019633 -1.213578456706720
 0.1901585927877481 -1.201843409240586
 0.2287182517678670 -1.187610454331750
 0.2676752600224516 -1.170875050259422
 0.3069818761056934 -1.151678626529832
 0.3466039295767642 -1.130011619899424
 0.3864777595709636 -1.105820012674184
 0.4264941772103480 -1.079097992494074
 0.4665395643059688 -1.049895744006566
 0.5065162689064007 -1.018242207030477
 0.5463019866562862 -0.9841397068207203
 0.5857249110219184 -0.9476442626036349
 0.6246070105962110 -0.9088856155776155
 0.6628018356901892 -0.8680001910927519
 0.7001623527687645 -0.8251115480849003
 0.7365077149207557 -0.7803940813229617
 0.7716651127584515 -0.7340932597943838
 0.8055218926023247 -0.6864574265748512
 0.8379968324430095 -0.6377011836593074
 0.8689870821117114 -0.5880550533498508
 0.8983957996458455 -0.5377892932565190
 0.9261932627852405 -0.4871510070030410
 0.9523913379240895 -0.4363233707867645
 0.9769676494543892 -0.3854768363560023
 0.9998777280836260 -0.3348071426733515
 1.021134711356491 -0.2844813728273606
 1.040799617052243 -0.2345950884716138
 1.058883276096640 -0.1852287819470853
 1.075339278775559 -0.1364994068978094
 1.090173347134503 -8.850531490581265E-02
 1.103463208164194 -4.127177103524088E-02
 1.115226009913243 5.183815219578780E-03
 1.125372040648852 5.078195779805156E-02
 1.133864705731772 9.545356857788884E-02
 1.140804708935208 0.1392262702419013
 1.146218571494688 0.1821271307471288
 1.149891502379662 0.2240523913177817
 1.151704797696977 0.2649272542755747
 1.152224549618131 0.3050608063664537
 1.150436521200338 0.3439346207459921
 1.147253804540288 0.3820868790957149
 1.142035541809369 0.4191785622920827
 1.134829141124020 0.4552464787402760
 1.125753243399487 0.4904017908650180
 1.114681705391599 0.5246342004468576
 1.101444325936842 0.5578839396243568
 1.086023716259196 0.5901687280279929
 1.068438993063427 0.6215603148355874
 1.048601844245497 0.6520879740074554
 1.026403894846950 0.6817360532392828
 1.001843633988979 0.7105146776973555
 0.9749655657425513 0.7384670179172064
 0.9457476273793705 0.7656038767223831
 0.9141416973673412 0.7918810435060132
 0.8801699081708149 0.8172511002737592
 0.8438920095175584 0.8416934164738534
 0.8053168046161245 0.8651736180147026
 0.7644293432035913 0.8876095641232410
 0.7212791860674833 0.9089037882773405
 0.6759666034818654 0.9289829865627757
 0.6285654840407264 0.9477770598182915
 0.5791389936515703 0.9651812519926114
 0.5278215496543603 0.9810747838761787
 0.4748145269263671 0.9953683463469827
 0.4203092981309758 1.008003322929039
 0.3644863852130468 1.018914158313682
 0.3075872419283260 1.028031431866083
 0.2499108553496402 1.035328220760194
 0.1917286237291498 1.040831135585559
 0.1332670088508614 1.044577137016192
 7.477707396892833E-02 1.046592415344181
 1.654129002050201E-02 1.046928231774797
 -4.121148384881583E-02 1.045682397887535
 -9.832854559584964E-02 1.042956778379894
 -0.1546510918724397 1.038817221281072
 -0.2099873731182096 1.033323084535365
 -0.2641992599062789 1.026569287134491
 -0.3172345023066460 1.018656452852165
 -0.3690288073700961 1.009634207715725
 -0.4194576854127680 0.9995208365557756
 -0.4684388224888761 0.9883704706000971
 -0.5159892019064034 0.9762630559292882
 -0.5621023206253012 0.9632221479362353
 -0.6066644858314482 0.9492097970116143
 -0.6495975681362179 0.9342288553293373
 -0.6909758413712481 0.9183527235738522
 -0.7308360076927276 0.9015908358303454
 -0.7689808138496820 0.8838090569977508
 -0.8052861312059958 0.8649419853282124
 -0.8403026828213800 0.8453253276501579
   
   
