 # action(x) =  184.6395110240776
 # |grad_action(x)| =  6.916923649892986E-07
 # PRINTSTEPS = 50
 #
 #BODY NUMBER  1
 -1.033442768115492 -0.2769101551093627
 -1.049707840566078 -0.2812683681465767
 -0.9649686125531906 -0.2585625604344504
 -0.8572998574540968 -0.2297128044482063
 -0.8270137330287510 -0.2215976618580964
 -0.7979387511078292 -0.2138070439321143
 -0.6551308981371542 -0.1755417950671022
 -0.4635504693459687 -0.1242079739027554
 -0.3403709635188762 -9.120212479871836E-02
 -0.2038481291561128 -5.462094157244023E-02
 9.507507281583490E-02 2.547528901195600E-02
 0.4308374631103126 0.1154425503457754
 0.4845560445991348 0.1298364008636562
 0.2151958630609294 5.766155773357657E-02
 -3.104023539121558E-02 -8.317205999589889E-03
 -4.294497334296299E-03 -1.150707087505879E-03
 0.1106152428026927 2.963926498009848E-02
 3.364056356297076E-02 9.013961836237174E-03
 -0.1417004563288213 -3.796852284012776E-02
 -9.072399091104272E-02 -2.430942009283037E-02
 0.2373298207273531 6.359233380694701E-02
 0.5427329049785206 0.1454248435919478
 0.5953726268016429 0.1595296145492973
 0.4803339342524187 0.1287050897984887
 0.3778702451896371 0.1012500270725146
 0.3199932486167772 8.574193258338667E-02
 0.2623561145165449 7.029810905241993E-02
 0.2199604838235144 5.893823405435883E-02
 0.2001803131086048 5.363815327871423E-02
 0.1223337420974415 3.277922741364107E-02
 -6.315571131053116E-02 -1.692252185848358E-02
 -0.2556371937033694 -6.849777962244359E-02
 -0.3226051272988738 -8.644178332957002E-02
 -0.2737901199735402 -7.336184153213877E-02
 -0.2049649600588567 -5.492019552489039E-02
 -0.1261373720260046 -3.379840697808572E-02
 2.678304917485641E-02 7.176496388357191E-03
 0.2406859665722795 6.449161035484355E-02
 0.4173392971357575 0.1118257276054687
 0.5186950662557268 0.1389839240978159
 0.6063600398558734 0.1624736830142804
 0.7200686385830662 0.1929418102390245
 0.8192456768438525 0.2195162175265313
 0.8733752124438882 0.2340201828318943
 0.9179816649005251 0.2459724457209666
 0.9808566560309598 0.2628197488212077
 1.030401001476804 0.2760951161755165
 1.040963827457286 0.2789254168655575
 1.042309589236554 0.2792860126648911
 1.059348540102567 0.2838515858209848
 1.063842781006467 0.2850558140478663
 1.033442768115492 0.2769101551093627
 1.049707840566078 0.2812683681465767
 0.9649686125531906 0.2585625604344504
 0.8572998574540968 0.2297128044482063
 0.8270137330287510 0.2215976618580964
 0.7979387511078292 0.2138070439321143
 0.6551308981371542 0.1755417950671022
 0.4635504693459687 0.1242079739027554
 0.3403709635188762 9.120212479871836E-02
 0.2038481291561128 5.462094157244023E-02
 -9.507507281583490E-02 -2.547528901195600E-02
 -0.4308374631103126 -0.1154425503457754
 -0.4845560445991348 -0.1298364008636562
 -0.2151958630609294 -5.766155773357657E-02
 3.104023539121558E-02 8.317205999589889E-03
 4.294497334296299E-03 1.150707087505879E-03
 -0.1106152428026927 -2.963926498009848E-02
 -3.364056356297076E-02 -9.013961836237174E-03
 0.1417004563288213 3.796852284012776E-02
 9.072399091104272E-02 2.430942009283037E-02
 -0.2373298207273531 -6.359233380694701E-02
 -0.5427329049785206 -0.1454248435919478
 -0.5953726268016429 -0.1595296145492973
 -0.4803339342524187 -0.1287050897984887
 -0.3778702451896371 -0.1012500270725146
 -0.3199932486167772 -8.574193258338667E-02
 -0.2623561145165449 -7.029810905241993E-02
 -0.2199604838235144 -5.893823405435883E-02
 -0.2001803131086048 -5.363815327871423E-02
 -0.1223337420974415 -3.277922741364107E-02
 6.315571131053116E-02 1.692252185848358E-02
 0.2556371937033694 6.849777962244359E-02
 0.3226051272988738 8.644178332957002E-02
 0.2737901199735402 7.336184153213877E-02
 0.2049649600588567 5.492019552489039E-02
 0.1261373720260046 3.379840697808572E-02
 -2.678304917485641E-02 -7.176496388357191E-03
 -0.2406859665722795 -6.449161035484355E-02
 -0.4173392971357575 -0.1118257276054687
 -0.5186950662557268 -0.1389839240978159
 -0.6063600398558734 -0.1624736830142804
 -0.7200686385830662 -0.1929418102390245
 -0.8192456768438525 -0.2195162175265313
 -0.8733752124438882 -0.2340201828318943
 -0.9179816649005251 -0.2459724457209666
 -0.9808566560309598 -0.2628197488212077
 -1.030401001476804 -0.2760951161755165
 -1.040963827457286 -0.2789254168655575
 -1.042309589236554 -0.2792860126648911
 -1.059348540102567 -0.2838515858209848
 -1.063842781006467 -0.2850558140478663
 -1.033442768115492 -0.2769101551093627
   
   
 #BODY NUMBER  2
 0.2769101551311905 1.033442768122768
 0.2812683681851489 1.049707840570283
 0.2585625604786911 0.9649686125558896
 0.2297128044937588 0.8572998574560849
 0.2215976619148661 0.8270137330292677
 0.2138070440071031 0.7979387511065593
 0.1755417951456416 0.6551308981354552
 0.1242079739579742 0.4635504693450658
 9.120212482099130E-02 0.3403709635180294
 5.462094158007777E-02 0.2038481291541340
 -2.547528899573862E-02 -9.507507281792889E-02
 -0.1154425503178575 -0.4308374631101165
 -0.1298364008351152 -0.4845560445965780
 -5.766155770679084E-02 -0.2151958630594443
 8.317206033695445E-03 3.104023538827399E-02
 1.150707130527799E-03 4.294497327357578E-03
 -2.963926494016657E-02 -0.1106152428104101
 -9.013961806648657E-03 -3.364056356946805E-02
 3.796852286784179E-02 0.1417004563226510
 2.430942012511500E-02 9.072399090355385E-02
 -6.359233378364565E-02 -0.2373298207361408
 -0.1454248435962366 -0.5427329049870813
 -0.1595296145769801 -0.5953726268084819
 -0.1287050898262233 -0.4803339342566298
 -0.1012500270888559 -0.3778702451904355
 -8.574193259845997E-02 -0.3199932486134261
 -7.029810907181086E-02 -0.2623561145090592
 -5.893823406224081E-02 -0.2199604838132966
 -5.363815326116187E-02 -0.2001803130982783
 -3.277922738571495E-02 -0.1223337420896756
 1.692252186859040E-02 6.315571131481656E-02
 6.849777961181262E-02 0.2556371937059531
 8.644178332321845E-02 0.3226051273027072
 7.336184154534189E-02 0.2737901199795812
 5.492019554216682E-02 0.2049649600648369
 3.379840697879855E-02 0.1261373720291029
 -7.176496399526661E-03 -2.678304917449507E-02
 -6.449161035848598E-02 -0.2406859665717449
 -0.1118257275990367 -0.4173392971329414
 -0.1389839240978033 -0.5186950662513097
 -0.1624736830281492 -0.6063600398514154
 -0.1929418102534070 -0.7200686385788140
 -0.2195162175300294 -0.8192456768398998
 -0.2340201828351466 -0.8733752124424564
 -0.2459724457413087 -0.9179816649048339
 -0.2628197488545537 -0.9808566560414055
 -0.2760951161978131 -1.030401001489809
 -0.2789254168623347 -1.040963827468740
 -0.2792860126478323 -1.042309589245361
 -0.2838515858117313 -1.059348540110113
 -0.2850558140555104 -1.063842781013868
 -0.2769101551311905 -1.033442768122768
 -0.2812683681851489 -1.049707840570283
 -0.2585625604786911 -0.9649686125558896
 -0.2297128044937588 -0.8572998574560849
 -0.2215976619148661 -0.8270137330292677
 -0.2138070440071031 -0.7979387511065593
 -0.1755417951456416 -0.6551308981354552
 -0.1242079739579742 -0.4635504693450658
 -9.120212482099130E-02 -0.3403709635180294
 -5.462094158007777E-02 -0.2038481291541340
 2.547528899573862E-02 9.507507281792889E-02
 0.1154425503178575 0.4308374631101165
 0.1298364008351152 0.4845560445965780
 5.766155770679084E-02 0.2151958630594443
 -8.317206033695445E-03 -3.104023538827399E-02
 -1.150707130527799E-03 -4.294497327357578E-03
 2.963926494016657E-02 0.1106152428104101
 9.013961806648657E-03 3.364056356946805E-02
 -3.796852286784179E-02 -0.1417004563226510
 -2.430942012511500E-02 -9.072399090355385E-02
 6.359233378364565E-02 0.2373298207361408
 0.1454248435962366 0.5427329049870813
 0.1595296145769801 0.5953726268084819
 0.1287050898262233 0.4803339342566298
 0.1012500270888559 0.3778702451904355
 8.574193259845997E-02 0.3199932486134261
 7.029810907181086E-02 0.2623561145090592
 5.893823406224081E-02 0.2199604838132966
 5.363815326116187E-02 0.2001803130982783
 3.277922738571495E-02 0.1223337420896756
 -1.692252186859040E-02 -6.315571131481656E-02
 -6.849777961181262E-02 -0.2556371937059531
 -8.644178332321845E-02 -0.3226051273027072
 -7.336184154534189E-02 -0.2737901199795812
 -5.492019554216682E-02 -0.2049649600648369
 -3.379840697879855E-02 -0.1261373720291029
 7.176496399526661E-03 2.678304917449507E-02
 6.449161035848598E-02 0.2406859665717449
 0.1118257275990367 0.4173392971329414
 0.1389839240978033 0.5186950662513097
 0.1624736830281492 0.6063600398514154
 0.1929418102534070 0.7200686385788140
 0.2195162175300294 0.8192456768398998
 0.2340201828351466 0.8733752124424564
 0.2459724457413087 0.9179816649048339
 0.2628197488545537 0.9808566560414055
 0.2760951161978131 1.030401001489809
 0.2789254168623347 1.040963827468740
 0.2792860126478323 1.042309589245361
 0.2838515858117313 1.059348540110113
 0.2850558140555104 1.063842781013868
 0.2769101551311905 1.033442768122768
   
   
 #BODY NUMBER  3
 0.7565326129915775 -0.7565326129843015
 0.7684394724106909 -0.7684394724084420
 0.7064060521056891 -0.7064060520961331
 0.6275870529861516 -0.6275870529574494
 0.6054160711533076 -0.6054160711100066
 0.5841317071647053 -0.5841317071289474
 0.4795891030554921 -0.4795891030467994
 0.3393424954142260 -0.3393424954288692
 0.2491688386761449 -0.2491688386930791
 0.1492271875279110 -0.1492271875350233
 -6.959978387031857E-02 6.959978386412748E-02
 -0.3153949128338657 0.3153949128146784
 -0.3547196437879543 0.3547196437554464
 -0.1575343053475088 0.1575343053118934
 2.272302939659220E-02 -2.272302942816589E-02
 3.143790253860008E-03 -3.143790279218143E-03
 -8.097597782900126E-02 8.097597781349272E-02
 -2.462660174464202E-02 2.462660174194753E-02
 0.1037319334696338 -0.1037319334650537
 6.641457080521906E-02 -6.641457080448999E-02
 -0.1737374869280986 0.1737374869205555
 -0.3973080613976638 0.3973080613881916
 -0.4358430122755873 0.4358430122731660
 -0.3516288444848463 0.3516288444938166
 -0.2766202181385607 0.2766202181572247
 -0.2342513160368521 0.2342513160556153
 -0.1920580054623634 0.1920580054650074
 -0.1610222497757749 0.1610222497539258
 -0.1465421598354938 0.1465421598046516
 -8.955451467111909E-02 8.955451466131145E-02
 4.623318947493650E-02 -4.623318945094398E-02
 0.1871394140876477 -0.1871394140484999
 0.2361633439578904 -0.2361633439294551
 0.2004282784428401 -0.2004282784290323
 0.1500447645668398 -0.1500447645546938
 9.233896508959138E-02 -9.233896507564607E-02
 -1.960655276607691E-02 1.960655276947143E-02
 -0.1761943562171272 0.1761943562011087
 -0.3055135695381081 0.3055135695101521
 -0.3797111421883285 0.3797111421638865
 -0.4438863569150355 0.4438863569066041
 -0.5271268284376047 0.5271268284531937
 -0.5997294593766910 0.5997294594162872
 -0.6393550296172883 0.6393550296651350
 -0.6720092191628152 0.6720092191942867
 -0.7180369071973399 0.7180369072024164
 -0.7543058852782408 0.7543058852714337
 -0.7620384105448436 0.7620384105447966
 -0.7630235765303586 0.7630235765373836
 -0.7754969542783389 0.7754969542808319
 -0.7787869669728861 0.7787869669676063
 -0.7565326129915775 0.7565326129843015
 -0.7684394724106909 0.7684394724084420
 -0.7064060521056891 0.7064060520961331
 -0.6275870529861516 0.6275870529574494
 -0.6054160711533076 0.6054160711100066
 -0.5841317071647053 0.5841317071289474
 -0.4795891030554921 0.4795891030467994
 -0.3393424954142260 0.3393424954288692
 -0.2491688386761449 0.2491688386930791
 -0.1492271875279110 0.1492271875350233
 6.959978387031857E-02 -6.959978386412748E-02
 0.3153949128338657 -0.3153949128146784
 0.3547196437879543 -0.3547196437554464
 0.1575343053475088 -0.1575343053118934
 -2.272302939659220E-02 2.272302942816589E-02
 -3.143790253860008E-03 3.143790279218143E-03
 8.097597782900126E-02 -8.097597781349272E-02
 2.462660174464202E-02 -2.462660174194753E-02
 -0.1037319334696338 0.1037319334650537
 -6.641457080521906E-02 6.641457080448999E-02
 0.1737374869280986 -0.1737374869205555
 0.3973080613976638 -0.3973080613881916
 0.4358430122755873 -0.4358430122731660
 0.3516288444848463 -0.3516288444938166
 0.2766202181385607 -0.2766202181572247
 0.2342513160368521 -0.2342513160556153
 0.1920580054623634 -0.1920580054650074
 0.1610222497757749 -0.1610222497539258
 0.1465421598354938 -0.1465421598046516
 8.955451467111909E-02 -8.955451466131145E-02
 -4.623318947493650E-02 4.623318945094398E-02
 -0.1871394140876477 0.1871394140484999
 -0.2361633439578904 0.2361633439294551
 -0.2004282784428401 0.2004282784290323
 -0.1500447645668398 0.1500447645546938
 -9.233896508959138E-02 9.233896507564607E-02
 1.960655276607691E-02 -1.960655276947143E-02
 0.1761943562171272 -0.1761943562011087
 0.3055135695381081 -0.3055135695101521
 0.3797111421883285 -0.3797111421638865
 0.4438863569150355 -0.4438863569066041
 0.5271268284376047 -0.5271268284531937
 0.5997294593766910 -0.5997294594162872
 0.6393550296172883 -0.6393550296651350
 0.6720092191628152 -0.6720092191942867
 0.7180369071973399 -0.7180369072024164
 0.7543058852782408 -0.7543058852714337
 0.7620384105448436 -0.7620384105447966
 0.7630235765303586 -0.7630235765373836
 0.7754969542783389 -0.7754969542808319
 0.7787869669728861 -0.7787869669676063
 0.7565326129915775 -0.7565326129843015
   
   
 #BODY NUMBER  4
 8.623425805126317E-02 2.310639983625151E-02
 0.2393550612606891 6.413499539712843E-02
 0.2989663333936448 8.010778761936478E-02
 0.3249907827357729 8.708101779860800E-02
 0.4050319656059904 0.1085279881090520
 0.4842037645561819 0.1297420077056827
 0.4701965721856389 0.1259887918274873
 0.4184806058632270 0.1121315404172766
 0.4302343914410438 0.1152809577674128
 0.4241083791278135 0.1136394977097664
 0.2337564790700412 6.263485980772945E-02
 -6.145845830343247E-02 -1.646774425576728E-02
 -0.1482458951207048 -3.972236786274348E-02
 8.351836294391290E-02 2.237867792090844E-02
 0.3334923361878913 8.935900217825199E-02
 0.2877690563192066 7.710748625616058E-02
 5.335094230418815E-02 1.429534190650631E-02
 -3.101250146123453E-02 -8.309774728108153E-03
 8.405416795146076E-02 2.252224641387878E-02
 0.1048509408407923 2.809472491674836E-02
 -0.1289901272028808 -3.456280041794013E-02
 -0.3823811302589288 -0.1024587150523593
 -0.3529727552835924 -9.457876472747051E-02
 -6.214507507046196E-02 -1.665172268201225E-02
 0.2431298512958903 6.514644730324642E-02
 0.4395518055710714 0.1177775513271398
 0.5848185973366604 0.1567016708722044
 0.7014122514964679 0.1879428463516966
 0.7179089928938749 0.1923631348877511
 0.6361015905674721 0.1704429074955675
 0.5710413448696715 0.1530100671955280
 0.5590260386348290 0.1497905755889095
 0.4676294043482563 0.1253009212400346
 0.1896010160159649 5.080343911418147E-02
 -0.1767632042809231 -4.736355785073378E-02
 -0.4456972734472086 -0.1194242245038863
 -0.5701203473959859 -0.1527632866903534
 -0.6393713637927982 -0.1713190406070035
 -0.7026953727107756 -0.1882866576529859
 -0.7236349664657237 -0.1938974048861943
 -0.6981295081208443 -0.1870632379225770
 -0.6874551257358291 -0.1842030457892806
 -0.7039934338045618 -0.1886344720852371
 -0.6768109671408352 -0.1813509520938080
 -0.5838225147921537 -0.1564347713773594
 -0.5152228063965193 -0.1380535349088479
 -0.5227794353019722 -0.1400783275235633
 -0.4948870829265402 -0.1326045942363326
 -0.3065223834548138 -8.213242513863769E-02
 -4.832025605916426E-02 -1.294737362450802E-02
 4.491131346034675E-02 1.203395013713994E-02
 -8.623425805126317E-02 -2.310639983625151E-02
 -0.2393550612606891 -6.413499539712843E-02
 -0.2989663333936448 -8.010778761936478E-02
 -0.3249907827357729 -8.708101779860800E-02
 -0.4050319656059904 -0.1085279881090520
 -0.4842037645561819 -0.1297420077056827
 -0.4701965721856389 -0.1259887918274873
 -0.4184806058632270 -0.1121315404172766
 -0.4302343914410438 -0.1152809577674128
 -0.4241083791278135 -0.1136394977097664
 -0.2337564790700412 -6.263485980772945E-02
 6.145845830343247E-02 1.646774425576728E-02
 0.1482458951207048 3.972236786274348E-02
 -8.351836294391290E-02 -2.237867792090844E-02
 -0.3334923361878913 -8.935900217825199E-02
 -0.2877690563192066 -7.710748625616058E-02
 -5.335094230418815E-02 -1.429534190650631E-02
 3.101250146123453E-02 8.309774728108153E-03
 -8.405416795146076E-02 -2.252224641387878E-02
 -0.1048509408407923 -2.809472491674836E-02
 0.1289901272028808 3.456280041794013E-02
 0.3823811302589288 0.1024587150523593
 0.3529727552835924 9.457876472747051E-02
 6.214507507046196E-02 1.665172268201225E-02
 -0.2431298512958903 -6.514644730324642E-02
 -0.4395518055710714 -0.1177775513271398
 -0.5848185973366604 -0.1567016708722044
 -0.7014122514964679 -0.1879428463516966
 -0.7179089928938749 -0.1923631348877511
 -0.6361015905674721 -0.1704429074955675
 -0.5710413448696715 -0.1530100671955280
 -0.5590260386348290 -0.1497905755889095
 -0.4676294043482563 -0.1253009212400346
 -0.1896010160159649 -5.080343911418147E-02
 0.1767632042809231 4.736355785073378E-02
 0.4456972734472086 0.1194242245038863
 0.5701203473959859 0.1527632866903534
 0.6393713637927982 0.1713190406070035
 0.7026953727107756 0.1882866576529859
 0.7236349664657237 0.1938974048861943
 0.6981295081208443 0.1870632379225770
 0.6874551257358291 0.1842030457892806
 0.7039934338045618 0.1886344720852371
 0.6768109671408352 0.1813509520938080
 0.5838225147921537 0.1564347713773594
 0.5152228063965193 0.1380535349088479
 0.5227794353019722 0.1400783275235633
 0.4948870829265402 0.1326045942363326
 0.3065223834548138 8.213242513863769E-02
 4.832025605916426E-02 1.294737362450802E-02
 -4.491131346034675E-02 -1.203395013713994E-02
 8.623425805126317E-02 2.310639983625151E-02
   
   
 #BODY NUMBER  5
 -2.310639981442364E-02 -8.623425805126317E-02
 -6.413499537412609E-02 -0.2393550612553315
 -8.010778759604859E-02 -0.2989663333883347
 -8.708101777446466E-02 -0.3249907827339930
 -0.1085279880827364 -0.4050319656056836
 -0.1297420076783838 -0.4842037645545157
 -0.1259887918031139 -0.4701965721839260
 -0.1121315403981057 -0.4184806058647352
 -0.1152809577518072 -0.4302343914461202
 -0.1136394976956482 -0.4241083791337946
 -6.263485979611988E-02 -0.2337564790747922
 1.646774426275608E-02 6.145845830020995E-02
 3.972236786581514E-02 0.1482458951188597
 -2.237867791873143E-02 -8.351836294463282E-02
 -8.935900217503541E-02 -0.3334923361886218
 -7.710748625164986E-02 -0.2877690563210884
 -1.429534190014967E-02 -5.335094230667052E-02
 8.309774736922466E-03 3.101250145962230E-02
 -2.252224640414670E-02 -8.405416795209550E-02
 -2.809472490901061E-02 -0.1048509408414550
 3.456280042324519E-02 0.1289901272025090
 0.1024587150582047 0.3823811302606092
 9.457876473621221E-02 0.3529727552877650
 1.665172269204177E-02 6.214507507523306E-02
 -6.514644729572933E-02 -0.2431298512923247
 -0.1177775513243493 -0.4395518055687325
 -0.1567016708737024 -0.5848185973352954
 -0.1879428463556246 -0.7014122514968871
 -0.1923631348919317 -0.7179089928965483
 -0.1704429074988074 -0.6361015905714356
 -0.1530100671993989 -0.5710413448743487
 -0.1497905755971231 -0.5590260386414149
 -0.1253009212542672 -0.4676294043573987
 -5.080343913115033E-02 -0.1896010160253344
 4.736355783652901E-02 0.1767632042743881
 0.1194242244951991 0.4456972734432548
 0.1527632866863234 0.5701203473915635
 0.1713190406057865 0.6393713637862958
 0.1882866576524883 0.7026953727032874
 0.1938974048827589 0.7236349664580618
 0.1870632379124981 0.6981295081120487
 0.1842030457729084 0.6874551257255526
 0.1886344720671790 0.7039934337945171
 0.1813509520776033 0.6768109671324529
 0.1564347713618507 0.5838225147847237
 0.1380535348911469 0.5152228063891748
 0.1400783275034204 0.5227794352956887
 0.1326045942154457 0.4948870829222881
 8.213242511738045E-02 0.3065223834513403
 1.294737360209249E-02 4.832025605498666E-02
 -1.203395016009966E-02 -4.491131346382473E-02
 2.310639981442364E-02 8.623425805126317E-02
 6.413499537412609E-02 0.2393550612553315
 8.010778759604859E-02 0.2989663333883347
 8.708101777446466E-02 0.3249907827339930
 0.1085279880827364 0.4050319656056836
 0.1297420076783838 0.4842037645545157
 0.1259887918031139 0.4701965721839260
 0.1121315403981057 0.4184806058647352
 0.1152809577518072 0.4302343914461202
 0.1136394976956482 0.4241083791337946
 6.263485979611988E-02 0.2337564790747922
 -1.646774426275608E-02 -6.145845830020995E-02
 -3.972236786581514E-02 -0.1482458951188597
 2.237867791873143E-02 8.351836294463282E-02
 8.935900217503541E-02 0.3334923361886218
 7.710748625164986E-02 0.2877690563210884
 1.429534190014967E-02 5.335094230667052E-02
 -8.309774736922466E-03 -3.101250145962230E-02
 2.252224640414670E-02 8.405416795209550E-02
 2.809472490901061E-02 0.1048509408414550
 -3.456280042324519E-02 -0.1289901272025090
 -0.1024587150582047 -0.3823811302606092
 -9.457876473621221E-02 -0.3529727552877650
 -1.665172269204177E-02 -6.214507507523306E-02
 6.514644729572933E-02 0.2431298512923247
 0.1177775513243493 0.4395518055687325
 0.1567016708737024 0.5848185973352954
 0.1879428463556246 0.7014122514968871
 0.1923631348919317 0.7179089928965483
 0.1704429074988074 0.6361015905714356
 0.1530100671993989 0.5710413448743487
 0.1497905755971231 0.5590260386414149
 0.1253009212542672 0.4676294043573987
 5.080343913115033E-02 0.1896010160253344
 -4.736355783652901E-02 -0.1767632042743881
 -0.1194242244951991 -0.4456972734432548
 -0.1527632866863234 -0.5701203473915635
 -0.1713190406057865 -0.6393713637862958
 -0.1882866576524883 -0.7026953727032874
 -0.1938974048827589 -0.7236349664580618
 -0.1870632379124981 -0.6981295081120487
 -0.1842030457729084 -0.6874551257255526
 -0.1886344720671790 -0.7039934337945171
 -0.1813509520776033 -0.6768109671324529
 -0.1564347713618507 -0.5838225147847237
 -0.1380535348911469 -0.5152228063891748
 -0.1400783275034204 -0.5227794352956887
 -0.1326045942154457 -0.4948870829222881
 -8.213242511738045E-02 -0.3065223834513403
 -1.294737360209249E-02 -4.832025605498666E-02
 1.203395016009966E-02 4.491131346382473E-02
 -2.310639981442364E-02 -8.623425805126317E-02
   
   
 #BODY NUMBER  6
 -6.312785827321932E-02 6.312785828777123E-02
 -0.1752200659107043 0.1752200659264593
 -0.2188585458125029 0.2188585458304882
 -0.2379097649720358 0.2379097649927492
 -0.2965039775354262 0.2965039775575722
 -0.3544617568960009 0.3544617569171700
 -0.3442077804088993 0.3442077804275293
 -0.3063490654986972 0.3063490655149747
 -0.3149534337266656 0.3149534337415180
 -0.3104688814699258 0.3104688814840230
 -0.1711216193109731 0.1711216193252562
 4.499071400171176E-02 -4.499071398569528E-02
 0.1085235272098473 -0.1085235271918498
 -6.113968507682811E-02 6.113968509377782E-02
 -0.2441333340635214 0.2441333340751796
 -0.2106615701031547 0.2106615701090941
 -3.905560041297248E-02 3.905560041807161E-02
 2.270272674126672E-02 -2.270272673175177E-02
 -6.153192151869007E-02 6.153192153280355E-02
 -7.675621590859229E-02 7.675621592326025E-02
 9.442732679108137E-02 -9.442732677900263E-02
 0.2799224152092802 -0.2799224152000344
 0.2583939905678403 -0.2583939905613296
 4.549335241678923E-02 -4.549335241381713E-02
 -0.1779834039538645 0.1779834039543397
 -0.3217742542116346 0.3217742542139173
 -0.4281169264521616 0.4281169264597001
 -0.5134694051510039 0.5134694051616271
 -0.5255458580171340 0.5255458580248019
 -0.4656586830747839 0.4656586830760304
 -0.4180312776662734 0.4180312776629322
 -0.4092354630331940 0.4092354630288191
 -0.3423284830967694 0.3423284830930244
 -0.1387975768916136 0.1387975768893093
 0.1293996464455306 -0.1293996464444370
 0.3262730489714677 -0.3262730489657754
 0.4173570607480392 -0.4173570607405118
 0.4680523232347721 -0.4680523232307010
 0.5144087151022689 -0.5144087151040421
 0.5297375616147983 -0.5297375616194160
 0.5110662702288233 -0.5110662702315094
 0.5032520799783780 -0.5032520799774433
 0.5153589617508794 -0.5153589617483371
 0.4954600150698559 -0.4954600150686986
 0.4273877434228851 -0.4273877434252421
 0.3771692714848349 -0.3771692714918446
 0.3827011077766095 -0.3827011077878759
 0.3622824887017226 -0.3622824887145032
 0.2243899583466892 -0.2243899583574629
 3.537288248149661E-02 -3.537288248967056E-02
 -3.287736326758231E-02 3.287736325833865E-02
 6.312785827321932E-02 -6.312785828777123E-02
 0.1752200659107043 -0.1752200659264593
 0.2188585458125029 -0.2188585458304882
 0.2379097649720358 -0.2379097649927492
 0.2965039775354262 -0.2965039775575722
 0.3544617568960009 -0.3544617569171700
 0.3442077804088993 -0.3442077804275293
 0.3063490654986972 -0.3063490655149747
 0.3149534337266656 -0.3149534337415180
 0.3104688814699258 -0.3104688814840230
 0.1711216193109731 -0.1711216193252562
 -4.499071400171176E-02 4.499071398569528E-02
 -0.1085235272098473 0.1085235271918498
 6.113968507682811E-02 -6.113968509377782E-02
 0.2441333340635214 -0.2441333340751796
 0.2106615701031547 -0.2106615701090941
 3.905560041297248E-02 -3.905560041807161E-02
 -2.270272674126672E-02 2.270272673175177E-02
 6.153192151869007E-02 -6.153192153280355E-02
 7.675621590859229E-02 -7.675621592326025E-02
 -9.442732679108137E-02 9.442732677900263E-02
 -0.2799224152092802 0.2799224152000344
 -0.2583939905678403 0.2583939905613296
 -4.549335241678923E-02 4.549335241381713E-02
 0.1779834039538645 -0.1779834039543397
 0.3217742542116346 -0.3217742542139173
 0.4281169264521616 -0.4281169264597001
 0.5134694051510039 -0.5134694051616271
 0.5255458580171340 -0.5255458580248019
 0.4656586830747839 -0.4656586830760304
 0.4180312776662734 -0.4180312776629322
 0.4092354630331940 -0.4092354630288191
 0.3423284830967694 -0.3423284830930244
 0.1387975768916136 -0.1387975768893093
 -0.1293996464455306 0.1293996464444370
 -0.3262730489714677 0.3262730489657754
 -0.4173570607480392 0.4173570607405118
 -0.4680523232347721 0.4680523232307010
 -0.5144087151022689 0.5144087151040421
 -0.5297375616147983 0.5297375616194160
 -0.5110662702288233 0.5110662702315094
 -0.5032520799783780 0.5032520799774433
 -0.5153589617508794 0.5153589617483371
 -0.4954600150698559 0.4954600150686986
 -0.4273877434228851 0.4273877434252421
 -0.3771692714848349 0.3771692714918446
 -0.3827011077766095 0.3827011077878759
 -0.3622824887017226 0.3622824887145032
 -0.2243899583466892 0.2243899583574629
 -3.537288248149661E-02 3.537288248967056E-02
 3.287736326758231E-02 -3.287736325833865E-02
 -6.312785827321932E-02 6.312785828777123E-02
   
   
