 # action(x) =  28.89625575835345
 # |grad_action(x)| =  1.146553197360123E-06
 # PRINTSTEPS = 50
 #
 #BODY NUMBER  1
 1.183688349265139 -0.2608712193724865
 1.158809333497508 -0.1868323293229189
 1.131970399182167 -0.1128848541339622
 1.102332823688580 -3.914784772685270E-02
 1.070095602612759 3.426143574722679E-02
 1.035588642826124 0.1072591149341497
 0.9987929083419878 0.1797641586933730
 0.9596252357015269 0.2516570522068406
 0.9182352515292361 0.3228023162834704
 0.8748396186120039 0.3930924899728426
 0.8294930715965863 0.4624307535098601
 0.7821938674569465 0.5306838439911781
 0.7330698728323974 0.5976942318868349
 0.6823035444617070 0.6633314711720244
 0.6299680023160266 0.7274891609800942
 0.5760767099148368 0.7900353792429438
 0.5207281705556566 0.8508131117436187
 0.4640725017000209 0.9096949665037055
 0.4061803758642643 0.9665931501657956
 0.3470648164852484 1.021407024360639
 0.2868039178767335 1.074008049755416
 0.2255313069904635 1.124293491126430
 0.1633230814769860 1.172209489664703
 0.1002002974617469 1.217697943169882
 3.623726677777250E-02 1.260665070685747
 -2.843235117881981E-02 1.301032370648431
 -9.371838926998899E-02 1.338775384976303
 -0.1595865944750280 1.373873944259428
 -0.2259590751618235 1.406263762507294
 -0.2926954885981221 1.435882294175824
 -0.3596902902979185 1.462725661942273
 -0.4268978954526513 1.486806250861052
 -0.4942369433142435 1.508085343771959
 -0.5615591982563812 1.526509860835354
 -0.6287456488022636 1.542090233484503
 -0.6957447151833458 1.554870208271017
 -0.7624751783303714 1.564836876025335
 -0.8287809172715173 1.571942141273234
 -0.8945317140455117 1.576206195248628
 -0.9596780430321957 1.577707162737468
 -1.024145158515643 1.576461671826914
 -1.087767409812119 1.572420378888863
 -1.150403871150178 1.565606885600249
 -1.212020180784992 1.556142495340614
 -1.272558585961115 1.544081525919641
 -1.331833225817670 1.529356389242252
 -1.389685638142171 1.511979246233849
 -1.446129639436474 1.492146466687460
 -1.501148293604165 1.469973686654455
 -1.554463694408516 1.445287519724575
 -1.605868698077687 1.418046252862265
 -1.655904650792418 1.389071454537825
 -1.703457172416374 1.357219589187232
 -1.749500077654416 1.323757169561389
 -1.793289469267688 1.288022067433491
 -1.834822926454310 1.250219604010377
 -1.874231399338561 1.210650019756712
 -1.911401551676710 1.169314770055482
 -1.946130842165765 1.126168985924017
 -1.978368175900535 1.081364308169103
 -2.008150300949077 1.035096626887126
 -2.035419031911921 0.9874204035415201
 -2.060040809928339 0.9383536075173465
 -2.081954442467568 0.8880319303191706
 -2.101178927407233 0.8366312834363527
 -2.117691581196694 0.7842324697650158
 -2.131401898434817 0.7308795613311510
 -2.142253000830545 0.6767019192099619
 -2.150261259787941 0.6218690061433830
 -2.155432539160489 0.5664767867299149
 -2.157712674334475 0.5105818417551558
 -2.157055442596524 0.4543083434194208
 -2.153479465357775 0.3978222304852511
 -2.147014797175865 0.3412280295402024
 -2.137640553352691 0.2845867629676591
 -2.125324418608434 0.2280160637942579
 -2.110088659594131 0.1716786647735117
 -2.091983843230807 0.1156832974881005
 -2.071020495686833 6.008945282531042E-02
 -2.047182276060513 5.005894185716064E-03
 -2.020495055795309 -4.940818567858296E-02
 -1.991026491375214 -0.1030429508651823
 -1.958817333308349 -0.1558459195842139
 -1.923868861309207 -0.2077205071826498
 -1.886209533392828 -0.2585115192150287
 -1.845920390701425 -0.3081104089997869
 -1.803071565156942 -0.3564779617289141
 -1.757683260168690 -0.4035345358765894
 -1.709783954792564 -0.4491287864919586
 -1.659463162062860 -0.4931548366894103
 -1.606819937110930 -0.5355950600326769
 -1.551894661007266 -0.5763936090593961
 -1.494710569292865 -0.6153998172744208
 -1.435358649877135 -0.6525089401319967
 -1.373969211092447 -0.6877386902672443
 -1.310606428186750 -0.7210684061223591
 -1.245277090818270 -0.7523339092485269
 -1.178062730106596 -0.7814215263649739
 -1.109142349023683 -0.8084226784838664
 -1.038618581544033 -0.8333802883443057
 -0.9664315378506239 -0.8560302251280167
 -0.8926292023739300 -0.8762122171190883
 -0.8177652777253659 -0.8946685709410342
 -0.7412062101906223 -0.9101421562898964
 -0.6637463509735956 -0.9238726949567874
 -0.5850694424792294 -0.9350743048763167
 -0.5053765275791531 -0.9438606942142806
 -0.4249052030926536 -0.9504756300251478
 -0.3437161260525956 -0.9548621110905903
 -0.2618712175981328 -0.9568883583335723
 -0.1795626194626735 -0.9566162126164475
 -9.699172695264059E-02 -0.9541795789415063
 -1.426975576757429E-02 -0.9495774490207579
 6.848875654586481E-02 -0.9427416818977028
 0.1510834520932273 -0.9337042485653015
 0.2333101329338246 -0.9225579381820157
 0.3150400932285752 -0.9093128740670603
 0.3961523533554441 -0.8939147549362795
 0.4764616833650338 -0.8763703800392040
 0.5557826998370325 -0.8567460589218681
 0.6340040352354736 -0.8350590991000624
 0.7110320224575605 -0.8112704600163291
 0.7867162960188050 -0.7853835036638652
 0.8609010711297506 -0.7574625867656631
 0.9335016558683323 -0.7275466824157772
 1.004457204190304 -0.6956249746535713
 1.073649343488675 -0.6617149289361383
 1.140943259716843 -0.6258930469140370
 1.206272687985764 -0.5882251865785820
 1.269603034563705 -0.5487309272108946
 1.330839680333715 -0.5074455819478705
 1.389858287899605 -0.4644594183888399
 1.446602727158377 -0.4198619020785400
 1.501060931477496 -0.3736987031464166
 1.553158690438626 -0.3260209234870750
 1.602775917739055 -0.2769303989988286
 1.649862141526588 -0.2265354123605625
 1.694429457541975 -0.1749025062379622
 1.736426076581806 -0.1220955638234958
 1.775732286257686 -6.822574210771389E-02
 1.812300463710482 -1.341590877006370E-02
 1.846173504179414 4.225198335128325E-02
 1.877328435152416 9.870488852393103E-02
 1.905639698452167 0.1558240208616614
 1.931057270844742 0.2134755342278899
 1.953669023265975 0.2715690187889037
 1.973493119941207 0.3300273002865083
 1.990378097432668 0.3887232125411532
 2.004255256304446 0.4475134427885841
 2.015301566036768 0.5063117715738865
 2.023608702339507 0.5650457137816401
 2.028887555058343 0.6235612887560978
 2.030998427758897 0.6816999612463872
 2.030923492697766 0.7395197665621215
 2.027115228958209 0.7966273909777728
 2.021157376109155 0.8532329263908777
 2.012104565666200 0.9090232030081856
 2.000133400609463 0.9638934637503505
 1.985569371870726 1.017806994519295
 1.968357071726761 1.070664915557284
 1.948356371847241 1.122314255441948
 1.925673049570495 1.172634944283993
 1.900495124730372 1.221560861795704
 1.872840669637999 1.269014387211293
 1.842658466806964 1.314870870471939
 1.810035432261918 1.359009471539196
 1.775133408760277 1.401358687313026
 1.738011031887462 1.441858471814266
 1.698661216437012 1.480408409053356
 1.657167553240784 1.516894560447717
 1.613684987040321 1.551246372678196
 1.568299557542530 1.583420941691623
 1.521033182838249 1.613343069163737
 1.471970287850705 1.640910638950365
 1.421263890469303 1.666056808285339
 1.369019540653055 1.688755341885293
 1.315279642987119 1.708957641879425
 1.260129913020978 1.726576905901168
 1.203722414778719 1.741551051059216
 1.146176596033651 1.753869503800431
 1.087549240489642 1.763511634610382
 1.027926369563744 1.770408910152794
 0.9674587839451032 1.774504139378886
 0.9062754325574476 1.775800996571325
 0.8444421412180984 1.774308531810427
 0.7820431945474406 1.769979561034939
 0.7192272238852903 1.762761132386096
 0.6561287539864833 1.752669156211024
 0.5928168118319346 1.739744761131738
 0.5293704707108554 1.723965623051033
 0.4659350387233688 1.705280733079364
 0.4026469644592342 1.683714673335595
 0.3395710404257152 1.659344414861718
 0.2767758224791994 1.632177004959430
 0.2144034094024824 1.602157232949932
 0.1525900065877989 1.569311524401331
 9.138542860935228E-02 1.533761585957345
 3.083965652505738E-02 1.495552664234091
 -2.890173212854608E-02 1.454608550023667
 -8.769952784278101E-02 1.410943014706450
 -0.1455434020506465 1.364756789909589
 -0.2024192099473525 1.316160220631845
 -0.2581281524428627 1.264969375361111
 -0.3125074379444516 1.211145673975208
 -0.3659230715397729 1.155539790313521
 -0.4176031233068860 1.096974485612815
 -0.4682240482085715 1.036757549090749
 -0.5172633812093508 0.9742221526031694
 -0.5647190750336064 0.9095992584670538
 -0.6106834397334706 0.8432165150909980
 -0.6550767822893921 0.7750979523972172
 -0.6977540181033941 0.7052313061267317
 -0.7386726320665625 0.6338138963329771
 -0.7778478916593633 0.5610870889686638
 -0.8152233158290119 0.4871466955108978
 -0.8506826240028112 0.4120578379065247
 -0.8841533249256248 0.3360100166784666
 -0.9156136773955316 0.2592264670099914
 -0.9450080955446019 0.1818237130869661
 -0.9722290632702809 0.1038793756933357
 -0.9971898539206905 2.555726829558524E-02
 -1.019855201537053 -5.294890758183751E-02
 -1.040184411099738 -0.1315340510657332
 -1.058096838942809 -0.2101365643443103
 -1.073520213895538 -0.2886245460915509
 -1.086432378120214 -0.3668309043607663
 -1.096824737345318 -0.4446628072489259
 -1.104657501652051 -0.5220729685163108
 -1.109886610266448 -0.5989501417496084
 -1.112510908538023 -0.6751393237343937
 -1.112554298715775 -0.7505501983977207
 -1.110016440088677 -0.8251430170485337
 -1.104880605171891 -0.8988181805594233
 -1.097162799301483 -0.9714228757869843
 -1.086912436860459 -1.042863759863734
 -1.074163036024844 -1.113107547714635
 -1.058921747124383 -1.182064420284884
 -1.041216719482674 -1.249579461836525
 -1.021116492724324 -1.315554821123941
 -0.9986847423586289 -1.379967702033055
 -0.9739508982514347 -1.442741312201839
 -0.9469513689861690 -1.503716399165520
 -0.9177687496649708 -1.562790286478564
 -0.8864954611472188 -1.619959146088751
 -0.8531832766367725 -1.675166560350845
 -0.8178722886400486 -1.728244399750525
 -0.7806533996945642 -1.779082419828139
 -0.7416488424809832 -1.827711514129517
 -0.7009345339800921 -1.874108826206150
 -0.6585448716149976 -1.918079601783406
 -0.6145696181622753 -1.959492689022433
 -0.5691719266002946 -1.998458238261347
 -0.5224604087353422 -2.035019400436096
 -0.4744238606498269 -2.068848808480673
 -0.4251297296812099 -2.099746214108652
 -0.3750188419053480 -2.128591221099946
 -0.3236580565418350 -2.153846980165004
 -0.2716572984547396 -2.176990095952267
 -0.2188150963985126 -2.197045270441677
 -0.1653104741551531 -2.214113067760728
 -0.1113379725321648 -2.228457014276007
 -5.695552005005195E-02 -2.239979685612766
 -2.225529681476000E-03 -2.248483241365964
 5.269512633004016E-02 -2.253999252453096
 0.1076551762187051 -2.256657488682829
 0.1625783622739222 -2.256434790752813
 0.2173823431213747 -2.253224477989285
 0.2719190102056499 -2.247041401858367
 0.3260455186469559 -2.237989970749379
 0.3796805493092318 -2.226090941579281
 0.4327406819978048 -2.211287970384507
 0.4850854475897608 -2.193596479657679
 0.5365762727476199 -2.173115378821579
 0.5871329816179588 -2.149897728421538
 0.6366794914962266 -2.123924910918893
 0.6850851547458187 -2.095218982369786
 0.7322155748884720 -2.063879038770590
 0.7779952565228108 -2.029983371425495
 0.8223609103655721 -1.993544404847084
 0.8651945055874566 -1.954592969695425
 0.9063662448154116 -1.913229715832728
 0.9458072471971563 -1.869552801288532
 0.9834712551971909 -1.823601087435693
 1.019255906496770 -1.775414804338511
 1.053036271850206 -1.725095953700303
 1.084751058817767 -1.672758045706143
 1.114375192090250 -1.618462612226213
 1.141825666761766 -1.562259053852289
 1.166982309507538 -1.504249613171067
 1.189791636714942 -1.444558747211237
 1.210254753325008 -1.383266799402824
 1.228312789457834 -1.320431087174443
 1.243848916069196 -1.256151946587406
 1.256816197603625 -1.190559836646184
 1.267248896685215 -1.123749354829041
 1.275118838528066 -1.055783395900034
 1.280307159890383 -0.9867574156755111
 1.282768643289336 -0.9168025842693341
 1.282583782483095 -0.8460228956901010
 1.279766771661693 -0.7744842581117316
 1.274178822946816 -0.7022746407751395
 1.265762257949377 -0.6295214883414759
 1.254685751074329 -0.5563341114257225
 1.241037791491386 -0.4827799322875396
 1.224559690293487 -0.4089391502330942
 1.205136640318382 -0.3349334568561200
 1.183688349265139 -0.2608712193724865
   
   
 #BODY NUMBER  2
 -2.030923492697766 -0.7395197665621215
 -2.027115228958209 -0.7966273909777728
 -2.021157376109155 -0.8532329263908777
 -2.012104565666200 -0.9090232030081856
 -2.000133400609463 -0.9638934637503505
 -1.985569371870726 -1.017806994519295
 -1.968357071726761 -1.070664915557284
 -1.948356371847241 -1.122314255441948
 -1.925673049570495 -1.172634944283993
 -1.900495124730372 -1.221560861795704
 -1.872840669637999 -1.269014387211293
 -1.842658466806964 -1.314870870471939
 -1.810035432261918 -1.359009471539196
 -1.775133408760277 -1.401358687313026
 -1.738011031887462 -1.441858471814266
 -1.698661216437012 -1.480408409053356
 -1.657167553240784 -1.516894560447717
 -1.613684987040321 -1.551246372678196
 -1.568299557542530 -1.583420941691623
 -1.521033182838249 -1.613343069163737
 -1.471970287850705 -1.640910638950365
 -1.421263890469303 -1.666056808285339
 -1.369019540653055 -1.688755341885293
 -1.315279642987119 -1.708957641879425
 -1.260129913020978 -1.726576905901168
 -1.203722414778719 -1.741551051059216
 -1.146176596033651 -1.753869503800431
 -1.087549240489642 -1.763511634610382
 -1.027926369563744 -1.770408910152794
 -0.9674587839451032 -1.774504139378886
 -0.9062754325574476 -1.775800996571325
 -0.8444421412180984 -1.774308531810427
 -0.7820431945474406 -1.769979561034939
 -0.7192272238852903 -1.762761132386096
 -0.6561287539864833 -1.752669156211024
 -0.5928168118319346 -1.739744761131738
 -0.5293704707108554 -1.723965623051033
 -0.4659350387233688 -1.705280733079364
 -0.4026469644592342 -1.683714673335595
 -0.3395710404257152 -1.659344414861718
 -0.2767758224791994 -1.632177004959430
 -0.2144034094024824 -1.602157232949932
 -0.1525900065877989 -1.569311524401331
 -9.138542860935228E-02 -1.533761585957345
 -3.083965652505738E-02 -1.495552664234091
 2.890173212854608E-02 -1.454608550023667
 8.769952784278101E-02 -1.410943014706450
 0.1455434020506465 -1.364756789909589
 0.2024192099473525 -1.316160220631845
 0.2581281524428627 -1.264969375361111
 0.3125074379444516 -1.211145673975208
 0.3659230715397729 -1.155539790313521
 0.4176031233068860 -1.096974485612815
 0.4682240482085715 -1.036757549090749
 0.5172633812093508 -0.9742221526031694
 0.5647190750336064 -0.9095992584670538
 0.6106834397334706 -0.8432165150909980
 0.6550767822893921 -0.7750979523972172
 0.6977540181033941 -0.7052313061267317
 0.7386726320665625 -0.6338138963329771
 0.7778478916593633 -0.5610870889686638
 0.8152233158290119 -0.4871466955108978
 0.8506826240028112 -0.4120578379065247
 0.8841533249256248 -0.3360100166784666
 0.9156136773955316 -0.2592264670099914
 0.9450080955446019 -0.1818237130869661
 0.9722290632702809 -0.1038793756933357
 0.9971898539206905 -2.555726829558524E-02
 1.019855201537053 5.294890758183751E-02
 1.040184411099738 0.1315340510657332
 1.058096838942809 0.2101365643443103
 1.073520213895538 0.2886245460915509
 1.086432378120214 0.3668309043607663
 1.096824737345318 0.4446628072489259
 1.104657501652051 0.5220729685163108
 1.109886610266448 0.5989501417496084
 1.112510908538023 0.6751393237343937
 1.112554298715775 0.7505501983977207
 1.110016440088677 0.8251430170485337
 1.104880605171891 0.8988181805594233
 1.097162799301483 0.9714228757869843
 1.086912436860459 1.042863759863734
 1.074163036024844 1.113107547714635
 1.058921747124383 1.182064420284884
 1.041216719482674 1.249579461836525
 1.021116492724324 1.315554821123941
 0.9986847423586289 1.379967702033055
 0.9739508982514347 1.442741312201839
 0.9469513689861690 1.503716399165520
 0.9177687496649708 1.562790286478564
 0.8864954611472188 1.619959146088751
 0.8531832766367725 1.675166560350845
 0.8178722886400486 1.728244399750525
 0.7806533996945642 1.779082419828139
 0.7416488424809832 1.827711514129517
 0.7009345339800921 1.874108826206150
 0.6585448716149976 1.918079601783406
 0.6145696181622753 1.959492689022433
 0.5691719266002946 1.998458238261347
 0.5224604087353422 2.035019400436096
 0.4744238606498269 2.068848808480673
 0.4251297296812099 2.099746214108652
 0.3750188419053480 2.128591221099946
 0.3236580565418350 2.153846980165004
 0.2716572984547396 2.176990095952267
 0.2188150963985126 2.197045270441677
 0.1653104741551531 2.214113067760728
 0.1113379725321648 2.228457014276007
 5.695552005005195E-02 2.239979685612766
 2.225529681476000E-03 2.248483241365964
 -5.269512633004016E-02 2.253999252453096
 -0.1076551762187051 2.256657488682829
 -0.1625783622739222 2.256434790752813
 -0.2173823431213747 2.253224477989285
 -0.2719190102056499 2.247041401858367
 -0.3260455186469559 2.237989970749379
 -0.3796805493092318 2.226090941579281
 -0.4327406819978048 2.211287970384507
 -0.4850854475897608 2.193596479657679
 -0.5365762727476199 2.173115378821579
 -0.5871329816179588 2.149897728421538
 -0.6366794914962266 2.123924910918893
 -0.6850851547458187 2.095218982369786
 -0.7322155748884720 2.063879038770590
 -0.7779952565228108 2.029983371425495
 -0.8223609103655721 1.993544404847084
 -0.8651945055874566 1.954592969695425
 -0.9063662448154116 1.913229715832728
 -0.9458072471971563 1.869552801288532
 -0.9834712551971909 1.823601087435693
 -1.019255906496770 1.775414804338511
 -1.053036271850206 1.725095953700303
 -1.084751058817767 1.672758045706143
 -1.114375192090250 1.618462612226213
 -1.141825666761766 1.562259053852289
 -1.166982309507538 1.504249613171067
 -1.189791636714942 1.444558747211237
 -1.210254753325008 1.383266799402824
 -1.228312789457834 1.320431087174443
 -1.243848916069196 1.256151946587406
 -1.256816197603625 1.190559836646184
 -1.267248896685215 1.123749354829041
 -1.275118838528066 1.055783395900034
 -1.280307159890383 0.9867574156755111
 -1.282768643289336 0.9168025842693341
 -1.282583782483095 0.8460228956901010
 -1.279766771661693 0.7744842581117316
 -1.274178822946816 0.7022746407751395
 -1.265762257949377 0.6295214883414759
 -1.254685751074329 0.5563341114257225
 -1.241037791491386 0.4827799322875396
 -1.224559690293487 0.4089391502330942
 -1.205136640318382 0.3349334568561200
 -1.183688349265139 0.2608712193724865
 -1.158809333497508 0.1868323293229189
 -1.131970399182167 0.1128848541339622
 -1.102332823688580 3.914784772685270E-02
 -1.070095602612759 -3.426143574722679E-02
 -1.035588642826124 -0.1072591149341497
 -0.9987929083419878 -0.1797641586933730
 -0.9596252357015269 -0.2516570522068406
 -0.9182352515292361 -0.3228023162834704
 -0.8748396186120039 -0.3930924899728426
 -0.8294930715965863 -0.4624307535098601
 -0.7821938674569465 -0.5306838439911781
 -0.7330698728323974 -0.5976942318868349
 -0.6823035444617070 -0.6633314711720244
 -0.6299680023160266 -0.7274891609800942
 -0.5760767099148368 -0.7900353792429438
 -0.5207281705556566 -0.8508131117436187
 -0.4640725017000209 -0.9096949665037055
 -0.4061803758642643 -0.9665931501657956
 -0.3470648164852484 -1.021407024360639
 -0.2868039178767335 -1.074008049755416
 -0.2255313069904635 -1.124293491126430
 -0.1633230814769860 -1.172209489664703
 -0.1002002974617469 -1.217697943169882
 -3.623726677777250E-02 -1.260665070685747
 2.843235117881981E-02 -1.301032370648431
 9.371838926998899E-02 -1.338775384976303
 0.1595865944750280 -1.373873944259428
 0.2259590751618235 -1.406263762507294
 0.2926954885981221 -1.435882294175824
 0.3596902902979185 -1.462725661942273
 0.4268978954526513 -1.486806250861052
 0.4942369433142435 -1.508085343771959
 0.5615591982563812 -1.526509860835354
 0.6287456488022636 -1.542090233484503
 0.6957447151833458 -1.554870208271017
 0.7624751783303714 -1.564836876025335
 0.8287809172715173 -1.571942141273234
 0.8945317140455117 -1.576206195248628
 0.9596780430321957 -1.577707162737468
 1.024145158515643 -1.576461671826914
 1.087767409812119 -1.572420378888863
 1.150403871150178 -1.565606885600249
 1.212020180784992 -1.556142495340614
 1.272558585961115 -1.544081525919641
 1.331833225817670 -1.529356389242252
 1.389685638142171 -1.511979246233849
 1.446129639436474 -1.492146466687460
 1.501148293604165 -1.469973686654455
 1.554463694408516 -1.445287519724575
 1.605868698077687 -1.418046252862265
 1.655904650792418 -1.389071454537825
 1.703457172416374 -1.357219589187232
 1.749500077654416 -1.323757169561389
 1.793289469267688 -1.288022067433491
 1.834822926454310 -1.250219604010377
 1.874231399338561 -1.210650019756712
 1.911401551676710 -1.169314770055482
 1.946130842165765 -1.126168985924017
 1.978368175900535 -1.081364308169103
 2.008150300949077 -1.035096626887126
 2.035419031911921 -0.9874204035415201
 2.060040809928339 -0.9383536075173465
 2.081954442467568 -0.8880319303191706
 2.101178927407233 -0.8366312834363527
 2.117691581196694 -0.7842324697650158
 2.131401898434817 -0.7308795613311510
 2.142253000830545 -0.6767019192099619
 2.150261259787941 -0.6218690061433830
 2.155432539160489 -0.5664767867299149
 2.157712674334475 -0.5105818417551558
 2.157055442596524 -0.4543083434194208
 2.153479465357775 -0.3978222304852511
 2.147014797175865 -0.3412280295402024
 2.137640553352691 -0.2845867629676591
 2.125324418608434 -0.2280160637942579
 2.110088659594131 -0.1716786647735117
 2.091983843230807 -0.1156832974881005
 2.071020495686833 -6.008945282531042E-02
 2.047182276060513 -5.005894185716064E-03
 2.020495055795309 4.940818567858296E-02
 1.991026491375214 0.1030429508651823
 1.958817333308349 0.1558459195842139
 1.923868861309207 0.2077205071826498
 1.886209533392828 0.2585115192150287
 1.845920390701425 0.3081104089997869
 1.803071565156942 0.3564779617289141
 1.757683260168690 0.4035345358765894
 1.709783954792564 0.4491287864919586
 1.659463162062860 0.4931548366894103
 1.606819937110930 0.5355950600326769
 1.551894661007266 0.5763936090593961
 1.494710569292865 0.6153998172744208
 1.435358649877135 0.6525089401319967
 1.373969211092447 0.6877386902672443
 1.310606428186750 0.7210684061223591
 1.245277090818270 0.7523339092485269
 1.178062730106596 0.7814215263649739
 1.109142349023683 0.8084226784838664
 1.038618581544033 0.8333802883443057
 0.9664315378506239 0.8560302251280167
 0.8926292023739300 0.8762122171190883
 0.8177652777253659 0.8946685709410342
 0.7412062101906223 0.9101421562898964
 0.6637463509735956 0.9238726949567874
 0.5850694424792294 0.9350743048763167
 0.5053765275791531 0.9438606942142806
 0.4249052030926536 0.9504756300251478
 0.3437161260525956 0.9548621110905903
 0.2618712175981328 0.9568883583335723
 0.1795626194626735 0.9566162126164475
 9.699172695264059E-02 0.9541795789415063
 1.426975576757429E-02 0.9495774490207579
 -6.848875654586481E-02 0.9427416818977028
 -0.1510834520932273 0.9337042485653015
 -0.2333101329338246 0.9225579381820157
 -0.3150400932285752 0.9093128740670603
 -0.3961523533554441 0.8939147549362795
 -0.4764616833650338 0.8763703800392040
 -0.5557826998370325 0.8567460589218681
 -0.6340040352354736 0.8350590991000624
 -0.7110320224575605 0.8112704600163291
 -0.7867162960188050 0.7853835036638652
 -0.8609010711297506 0.7574625867656631
 -0.9335016558683323 0.7275466824157772
 -1.004457204190304 0.6956249746535713
 -1.073649343488675 0.6617149289361383
 -1.140943259716843 0.6258930469140370
 -1.206272687985764 0.5882251865785820
 -1.269603034563705 0.5487309272108946
 -1.330839680333715 0.5074455819478705
 -1.389858287899605 0.4644594183888399
 -1.446602727158377 0.4198619020785400
 -1.501060931477496 0.3736987031464166
 -1.553158690438626 0.3260209234870750
 -1.602775917739055 0.2769303989988286
 -1.649862141526588 0.2265354123605625
 -1.694429457541975 0.1749025062379622
 -1.736426076581806 0.1220955638234958
 -1.775732286257686 6.822574210771389E-02
 -1.812300463710482 1.341590877006370E-02
 -1.846173504179414 -4.225198335128325E-02
 -1.877328435152416 -9.870488852393103E-02
 -1.905639698452167 -0.1558240208616614
 -1.931057270844742 -0.2134755342278899
 -1.953669023265975 -0.2715690187889037
 -1.973493119941207 -0.3300273002865083
 -1.990378097432668 -0.3887232125411532
 -2.004255256304446 -0.4475134427885841
 -2.015301566036768 -0.5063117715738865
 -2.023608702339507 -0.5650457137816401
 -2.028887555058343 -0.6235612887560978
 -2.030998427758897 -0.6816999612463872
 -2.030923492697766 -0.7395197665621215
   
   
 #BODY NUMBER  3
 -0.1436003617345304 -2.101665730358050
 -8.784434865275881E-02 -2.081683275485406
 -3.246303609708490E-02 -2.059530102580316
 2.229385015273544E-02 -2.034257893999847
 7.631927086270907E-02 -2.006048834731213
 0.1295581799870030 -1.975224532741473
 0.1819150495243849 -1.941720224580838
 0.2332537892302257 -1.905395287098792
 0.2834601101971138 -1.866359891213771
 0.3324620609122241 -1.824796886287680
 0.3801832696732054 -1.780712416811314
 0.4265123132476080 -1.734051260075050
 0.4713388678765630 -1.684902715900306
 0.5145916180602654 -1.633422256553474
 0.5562119466779645 -1.579653275971271
 0.5961116777409485 -1.523579980616823
 0.6341911695096687 -1.465285622331235
 0.6703853871255142 -1.404917609813732
 0.7046545278595271 -1.342543649409188
 0.7369360584291245 -1.278172320075169
 0.7671463552282542 -1.211885518844704
 0.7952305259341080 -1.143829173531903
 0.8211694617787780 -1.074089695423996
 0.8449300091901717 -1.002693950655920
 0.8664501595239905 -0.9297260955459844
 0.8856891322651046 -0.8553362524787815
 0.9026512251648875 -0.7796298048210181
 0.9173373614179088 -0.7026521882735997
 0.9297128102643274 -0.6244963718565091
 0.9397537205431272 -0.5453260116669183
 0.9474883894531851 -0.4652722135802919
 0.9529532328236079 -0.3844051005466466
 0.9561408440751440 -0.3028364850170870
 0.9570382521817878 -0.2207558782481343
 0.9556870325542316 -0.1383287414067167
 0.9521480143604464 -5.565321882905355E-02
 0.9464271388809538 2.713812497834772E-02
 0.9385007254276793 0.1098292030954021
 0.9283996504035896 0.1922281243754883
 0.9161917435221577 0.2742294583413488
 0.9018823697089644 0.3557052178050188
 0.8854196901869965 0.4364349700014003
 0.8668126569770033 0.5162280310488223
 0.8461450046981946 0.5950128676085141
 0.8234372029159790 0.6727020874345867
 0.7986095335242562 0.7490801275393230
 0.7716545462035818 0.8239647355096797
 0.7427180654863155 0.8973605256031996
 0.7118746357941681 0.9692469471185086
 0.6789604104352144 1.039334197192753
 0.6439297618223385 1.107408093314093
 0.6074612999952040 1.174040545900971
 0.5685876922844298 1.238076901502641
 0.5283536186174610 1.300542329863935
 0.4862058119522067 1.360671305416396
 0.4423204716062976 1.418475061229326
 0.3969431999312945 1.474100814184178
 0.3500682133233733 1.527439112913348
 0.3016641601647138 1.578290489468199
 0.2518700760940439 1.626614819713144
 0.2008521354162811 1.672459680807834
 0.1486534796961282 1.715770695110037
 9.529857292478761E-02 1.756417186748974
 4.091884990831918E-02 1.794345684638366
 -1.432955668906266E-02 1.829582631937736
 -7.037788651745769E-02 1.862107284393690
 -0.1271780545403454 1.891830047003932
 -0.1845996361216929 1.918698966227304
 -0.2424860209140812 1.942735464373898
 -0.3007528177319443 1.963945723737084
 -0.3593408942128717 1.982274760567257
 -0.4181211797862038 1.997679404600758
 -0.4769347591762401 2.010182070524260
 -0.5356875410925905 2.019812321674807
 -0.5943171228244007 2.026547416788404
 -0.6526980755275840 2.030357169533787
 -0.7106693072702274 2.031267486321813
 -0.7681308324815442 2.029328574631903
 -0.8250228945521704 2.024548852249529
 -0.8812267682914648 2.016914092722714
 -0.9365796884874200 2.006454747600638
 -0.9909783684824685 1.993239254226040
 -1.044371289544952 1.977306796394334
 -1.096650439061042 1.958661607578613
 -1.147651808553648 1.937338776243769
 -1.197270623376904 1.913422325865374
 -1.245470100221788 1.886982099256076
 -1.292158394835123 1.858042862493303
 -1.337169713761877 1.826642953903558
 -1.380398294996528 1.792878188061091
 -1.421830836099754 1.756849107005096
 -1.461399268663395 1.718602716826687
 -1.498931655725606 1.678176472104511
 -1.534318094682626 1.635671857275775
 -1.567583519242765 1.591221825825082
 -1.598696038284797 1.544898404008189
 -1.627459662039707 1.496727750635940
 -1.653746397113160 1.446806122608035
 -1.677661898873983 1.395311943239178
 -1.699241413423982 1.342352619970619
 -1.718160869677994 1.287896821694347
 -1.734226234660521 1.232010839576342
 -1.748295731885982 1.175194426433763
 -1.758868424877183 1.116917075254890
 -1.767373870644782 1.057878865234205
 -1.772865939129267 0.9978219064194910
 -1.775448887540756 0.9369299900001949
 -1.775373713525865 0.8754115912339155
 -1.772536566291224 0.8133170580715976
 -1.766747617493811 0.7506939365470395
 -1.758045133494044 0.6876962892166485
 -1.746551490727986 0.6244778525993245
 -1.732233824629585 0.5611078387748314
 -1.714988599313214 0.4976551317382303
 -1.694837988813342 0.4342599245780527
 -1.671880978312344 0.3710617144620079
 -1.646125839501414 0.3081329622741229
 -1.617514806782046 0.2455421338921875
 -1.586070157493775 0.1834171475144814
 -1.551887033885563 0.1218880293303054
 -1.515004170007590 6.102310268651418E-02
 -1.475397728813753 8.808124731892410E-04
 -1.433096823412126 -5.842547262595742E-02
 -1.388200384835441 -0.1167752505578462
 -1.340773693069660 -0.1741087670004186
 -1.290823438084093 -0.2303838770505481
 -1.238391497066136 -0.2855048014878629
 -1.183587489556958 -0.3393611621579855
 -1.126504829104949 -0.3919039893394309
 -1.067183325778618 -0.4431113646916961
 -1.005686127731114 -0.4929067259844748
 -0.9421430397195640 -0.5411875894578311
 -0.8766817513621445 -0.5879129082671162
 -0.8093811988295113 -0.6330791579704279
 -0.7403345112551550 -0.6766240180564271
 -0.6696993246885228 -0.7184414996588191
 -0.5976397204088608 -0.7584848775559720
 -0.5242711084885581 -0.7967577591845303
 -0.4497112637981507 -0.8331990075911028
 -0.3741354827558210 -0.8676800712381956
 -0.2977253861707873 -0.9001317443018445
 -0.2206061943714244 -0.9305600537984199
 -0.1428914299766591 -0.9589056522957817
 -6.474607397238621E-02 -0.9850134297135864
 1.366026054540048E-02 -1.008795796788382
 9.222375657850285E-02 -1.030289503158197
 0.1708584954391832 -1.049468579863733
 0.2494176531570128 -1.066156207506108
 0.3277471196721177 -1.080254807712895
 0.4057779787825692 -1.091892975362383
 0.4834551608480567 -1.101124992466799
 0.5606096125732218 -1.107664062197181
 0.6370786602553237 -1.111363578648055
 0.7130182878255891 -1.113097190562252
 0.7879122023977966 -1.111449836548806
 0.8621258870504388 -1.107838820836124
 0.9352730107150303 -1.101402237326448
 1.007275201856134 -1.092298295639630
 1.078137152857175 -1.080813302092075
 1.147766967855241 -1.066887522252145
 1.216007578348479 -1.050394070848039
 1.282754717996805 -1.031433294207134
 1.347966502676657 -1.010172892078768
 1.411574269186113 -0.9866230373328198
 1.473452616905814 -0.9607395784717566
 1.533489521113646 -0.9326096058334299
 1.591629815925405 -0.9023815558511705
 1.647821156115719 -0.8701046046080685
 1.701961907618286 -0.8357755974661437
 1.753941865028632 -0.7994815087029022
 1.803701275437795 -0.7613686780127499
 1.851203297276102 -0.7215132814529271
 1.896370747038396 -0.6799390372766649
 1.939101702894330 -0.6367361387452056
 1.979336118894131 -0.5920534178676927
 2.017052551993505 -0.5459871417603996
 2.052200106324689 -0.4985799821241941
 2.084689925335919 -0.4499254703587912
 2.114463898671163 -0.4001760693750004
 2.141515514497665 -0.3494434729568450
 2.165822184526805 -0.2977836407388146
 2.187312225694446 -0.2452922785260853
 2.205930627209756 -0.1921255709016970
 2.221685014221333 -0.1384071854063458
 2.234583561525594 -8.420133046812484E-02
 2.244575929110867 -2.960366449108542E-02
 2.251610500240584 2.522623278472980E-02
 2.255707654056172 8.015561211654321E-02
 2.256909484553145 0.1351176968179818
 2.255191517657118 0.1900205643938878
 2.250504058605267 0.2447014643371723
 2.242877204250183 0.2990208967771735
 2.232391375332296 0.3529170704439071
 2.219053246116562 0.4063075333211571
 2.202809284738657 0.4590246563427899
 2.183692427997409 0.5109225188434043
 2.161830283842161 0.5619562373055063
 2.137269283279525 0.6120621800800794
 2.109934085619718 0.6610575356428533
 2.079844055086002 0.7087833300129678
 2.047206538485951 0.7552418517665198
 2.012132176443146 0.8004099212024351
 1.974431799879539 0.8440225500823337
 1.934065802141167 0.8858785553372732
 1.891896093620512 0.9264713039242866
 1.846712773529942 0.9647662002305166
 1.799836906741867 1.001651237346111
 1.750572088976531 1.036435987580356
 1.699129616678047 1.069118844731018
 1.645815533538862 1.099812941507558
 1.590621516766839 1.128403166509241
 1.533493828263585 1.154701350551752
 1.474585023296930 1.178663601997122
 1.414089429815762 1.200319033688355
 1.352050554956379 1.219604578036483
 1.288476286065606 1.236396128336819
 1.223499120936779 1.250642791322254
 1.157289360252078 1.262360542091466
 1.089913892823449 1.271520313697148
 1.021403129041097 1.278037846724636
 0.9518789879841061 1.281868474816754
 0.8815016467600486 1.283029580483427
 0.8103496421480625 1.281520546722674
 0.7384616703846287 1.277291507601980
 0.6659504681838713 1.270310991470661
 0.5929698589013327 1.260604424089749
 0.5196042312908816 1.248198462424414
 0.4458934288939210 1.233077827706468
 0.3719413375421455 1.215230897033847
 0.2978983572918532 1.194697414636767
 0.2238536039400616 1.171533794160449
 0.1498459643607093 1.145763552965296
 7.597331746678659E-02 1.117403097840984
 2.389319176436866E-03 1.086513601124749
 -7.080663809104060E-02 1.053185121847408
 -0.1435720339940965 1.017484258517074
 -0.2158063328199890 0.9794605030735142
 -0.2873389274932651 0.9391973779069533
 -0.3580473121453708 0.8968136189626887
 -0.4278769058718883 0.8524109780135838
 -0.4967158750828030 0.8060608826127551
 -0.5643652426718583 0.7578508681427936
 -0.6306742642328023 0.7079036199263562
 -0.6955855491507333 0.6563305954570711
 -0.7589909397323054 0.6032004344907629
 -0.8206736162146103 0.5485784597121861
 -0.8804729175224036 0.4925677657395602
 -0.9383687612766975 0.4352766355496828
 -0.9942956983551622 0.3767664924291462
 -1.048027186681269 0.3170760799667848
 -1.099401665875700 0.2562900722032148
 -1.148496044268885 0.1945324497591838
 -1.195329796642225 0.1318780453482905
 -1.239570023008436 6.832986500442845E-02
 -1.281008422077662 3.955485333961617E-03
 -1.320479587820793 -6.094335533871886E-02
 -1.356499894682226 -0.1266270649538351
 -1.390479505667900 -0.1927035090278118
 -1.421478822667237 -0.2592690680899474
 -1.449595673462432 -0.3261767655896957
 -1.475080352788470 -0.3932875120921027
 -1.497835181178614 -0.4605515906612028
 -1.517671738513193 -0.5278964186201597
 -1.534624794090849 -0.5951815255060102
 -1.548818638092938 -0.6622867887290654
 -1.560227748882241 -0.7291476577772174
 -1.568751189830601 -0.7956776082772168
 -1.574408371021965 -0.8617360788049361
 -1.577300259236343 -0.9272010760865658
 -1.577443269598261 -0.9920026797856220
 -1.574783853077941 -1.056054449537788
 -1.569342228906939 -1.119217457524402
 -1.561215254523713 -1.181366786361148
 -1.550450479544157 -1.242432442284157
 -1.537029852825524 -1.302335723290592
 -1.520980523108126 -1.360943265855552
 -1.502401359717891 -1.418128652656568
 -1.481365010900914 -1.473825179914408
 -1.457882983500288 -1.527967434664209
 -1.431991849808335 -1.580431699174995
 -1.403794591400936 -1.631091416946812
 -1.373384682016121 -1.679885101675058
 -1.340799289974635 -1.726765211510714
 -1.306085457402981 -1.771621814196629
 -1.269350938722336 -1.814329176698940
 -1.230706645738865 -1.854832068819694
 -1.190212271980642 -1.893105465926209
 -1.147925490049825 -1.929057943087527
 -1.103958691686937 -1.962565009028499
 -1.058437030679268 -1.993577937981917
 -1.011439384331356 -2.022099796074058
 -0.9630331228219956 -2.048063426887191
 -0.9133343448433906 -2.071344418240731
 -0.8624789092536548 -2.091899084838264
 -0.8105605392325422 -2.109766177449004
 -0.7576539774531668 -2.124910250147844
 -0.7038776290130507 -2.137201128447301
 -0.6493743333147829 -2.146594376119180
 -0.5942467645993957 -2.153178063130588
 -0.5385732449947279 -2.156960584088268
 -0.4824744235800110 -2.157785286278793
 -0.4260976579728414 -2.155589452621003
 -0.3695446396119679 -2.150553795005698
 -0.3128907630191634 -2.142762541173054
 -0.2562709302015451 -2.131919371776681
 -0.1998395674806464 -2.117889394913615
 -0.1436003617345304 -2.101665730358050
   
   
 #BODY NUMBER  4
 -0.7130182878255891 1.113097190562252
 -0.7879122023977966 1.111449836548806
 -0.8621258870504388 1.107838820836124
 -0.9352730107150303 1.101402237326448
 -1.007275201856134 1.092298295639630
 -1.078137152857175 1.080813302092075
 -1.147766967855241 1.066887522252145
 -1.216007578348479 1.050394070848039
 -1.282754717996805 1.031433294207134
 -1.347966502676657 1.010172892078768
 -1.411574269186113 0.9866230373328198
 -1.473452616905814 0.9607395784717566
 -1.533489521113646 0.9326096058334299
 -1.591629815925405 0.9023815558511705
 -1.647821156115719 0.8701046046080685
 -1.701961907618286 0.8357755974661437
 -1.753941865028632 0.7994815087029022
 -1.803701275437795 0.7613686780127499
 -1.851203297276102 0.7215132814529271
 -1.896370747038396 0.6799390372766649
 -1.939101702894330 0.6367361387452056
 -1.979336118894131 0.5920534178676927
 -2.017052551993505 0.5459871417603996
 -2.052200106324689 0.4985799821241941
 -2.084689925335919 0.4499254703587912
 -2.114463898671163 0.4001760693750004
 -2.141515514497665 0.3494434729568450
 -2.165822184526805 0.2977836407388146
 -2.187312225694446 0.2452922785260853
 -2.205930627209756 0.1921255709016970
 -2.221685014221333 0.1384071854063458
 -2.234583561525594 8.420133046812484E-02
 -2.244575929110867 2.960366449108542E-02
 -2.251610500240584 -2.522623278472980E-02
 -2.255707654056172 -8.015561211654321E-02
 -2.256909484553145 -0.1351176968179818
 -2.255191517657118 -0.1900205643938878
 -2.250504058605267 -0.2447014643371723
 -2.242877204250183 -0.2990208967771735
 -2.232391375332296 -0.3529170704439071
 -2.219053246116562 -0.4063075333211571
 -2.202809284738657 -0.4590246563427899
 -2.183692427997409 -0.5109225188434043
 -2.161830283842161 -0.5619562373055063
 -2.137269283279525 -0.6120621800800794
 -2.109934085619718 -0.6610575356428533
 -2.079844055086002 -0.7087833300129678
 -2.047206538485951 -0.7552418517665198
 -2.012132176443146 -0.8004099212024351
 -1.974431799879539 -0.8440225500823337
 -1.934065802141167 -0.8858785553372732
 -1.891896093620512 -0.9264713039242866
 -1.846712773529942 -0.9647662002305166
 -1.799836906741867 -1.001651237346111
 -1.750572088976531 -1.036435987580356
 -1.699129616678047 -1.069118844731018
 -1.645815533538862 -1.099812941507558
 -1.590621516766839 -1.128403166509241
 -1.533493828263585 -1.154701350551752
 -1.474585023296930 -1.178663601997122
 -1.414089429815762 -1.200319033688355
 -1.352050554956379 -1.219604578036483
 -1.288476286065606 -1.236396128336819
 -1.223499120936779 -1.250642791322254
 -1.157289360252078 -1.262360542091466
 -1.089913892823449 -1.271520313697148
 -1.021403129041097 -1.278037846724636
 -0.9518789879841061 -1.281868474816754
 -0.8815016467600486 -1.283029580483427
 -0.8103496421480625 -1.281520546722674
 -0.7384616703846287 -1.277291507601980
 -0.6659504681838713 -1.270310991470661
 -0.5929698589013327 -1.260604424089749
 -0.5196042312908816 -1.248198462424414
 -0.4458934288939210 -1.233077827706468
 -0.3719413375421455 -1.215230897033847
 -0.2978983572918532 -1.194697414636767
 -0.2238536039400616 -1.171533794160449
 -0.1498459643607093 -1.145763552965296
 -7.597331746678659E-02 -1.117403097840984
 -2.389319176436866E-03 -1.086513601124749
 7.080663809104060E-02 -1.053185121847408
 0.1435720339940965 -1.017484258517074
 0.2158063328199890 -0.9794605030735142
 0.2873389274932651 -0.9391973779069533
 0.3580473121453708 -0.8968136189626887
 0.4278769058718883 -0.8524109780135838
 0.4967158750828030 -0.8060608826127551
 0.5643652426718583 -0.7578508681427936
 0.6306742642328023 -0.7079036199263562
 0.6955855491507333 -0.6563305954570711
 0.7589909397323054 -0.6032004344907629
 0.8206736162146103 -0.5485784597121861
 0.8804729175224036 -0.4925677657395602
 0.9383687612766975 -0.4352766355496828
 0.9942956983551622 -0.3767664924291462
 1.048027186681269 -0.3170760799667848
 1.099401665875700 -0.2562900722032148
 1.148496044268885 -0.1945324497591838
 1.195329796642225 -0.1318780453482905
 1.239570023008436 -6.832986500442845E-02
 1.281008422077662 -3.955485333961617E-03
 1.320479587820793 6.094335533871886E-02
 1.356499894682226 0.1266270649538351
 1.390479505667900 0.1927035090278118
 1.421478822667237 0.2592690680899474
 1.449595673462432 0.3261767655896957
 1.475080352788470 0.3932875120921027
 1.497835181178614 0.4605515906612028
 1.517671738513193 0.5278964186201597
 1.534624794090849 0.5951815255060102
 1.548818638092938 0.6622867887290654
 1.560227748882241 0.7291476577772174
 1.568751189830601 0.7956776082772168
 1.574408371021965 0.8617360788049361
 1.577300259236343 0.9272010760865658
 1.577443269598261 0.9920026797856220
 1.574783853077941 1.056054449537788
 1.569342228906939 1.119217457524402
 1.561215254523713 1.181366786361148
 1.550450479544157 1.242432442284157
 1.537029852825524 1.302335723290592
 1.520980523108126 1.360943265855552
 1.502401359717891 1.418128652656568
 1.481365010900914 1.473825179914408
 1.457882983500288 1.527967434664209
 1.431991849808335 1.580431699174995
 1.403794591400936 1.631091416946812
 1.373384682016121 1.679885101675058
 1.340799289974635 1.726765211510714
 1.306085457402981 1.771621814196629
 1.269350938722336 1.814329176698940
 1.230706645738865 1.854832068819694
 1.190212271980642 1.893105465926209
 1.147925490049825 1.929057943087527
 1.103958691686937 1.962565009028499
 1.058437030679268 1.993577937981917
 1.011439384331356 2.022099796074058
 0.9630331228219956 2.048063426887191
 0.9133343448433906 2.071344418240731
 0.8624789092536548 2.091899084838264
 0.8105605392325422 2.109766177449004
 0.7576539774531668 2.124910250147844
 0.7038776290130507 2.137201128447301
 0.6493743333147829 2.146594376119180
 0.5942467645993957 2.153178063130588
 0.5385732449947279 2.156960584088268
 0.4824744235800110 2.157785286278793
 0.4260976579728414 2.155589452621003
 0.3695446396119679 2.150553795005698
 0.3128907630191634 2.142762541173054
 0.2562709302015451 2.131919371776681
 0.1998395674806464 2.117889394913615
 0.1436003617345304 2.101665730358050
 8.784434865275881E-02 2.081683275485406
 3.246303609708490E-02 2.059530102580316
 -2.229385015273544E-02 2.034257893999847
 -7.631927086270907E-02 2.006048834731213
 -0.1295581799870030 1.975224532741473
 -0.1819150495243849 1.941720224580838
 -0.2332537892302257 1.905395287098792
 -0.2834601101971138 1.866359891213771
 -0.3324620609122241 1.824796886287680
 -0.3801832696732054 1.780712416811314
 -0.4265123132476080 1.734051260075050
 -0.4713388678765630 1.684902715900306
 -0.5145916180602654 1.633422256553474
 -0.5562119466779645 1.579653275971271
 -0.5961116777409485 1.523579980616823
 -0.6341911695096687 1.465285622331235
 -0.6703853871255142 1.404917609813732
 -0.7046545278595271 1.342543649409188
 -0.7369360584291245 1.278172320075169
 -0.7671463552282542 1.211885518844704
 -0.7952305259341080 1.143829173531903
 -0.8211694617787780 1.074089695423996
 -0.8449300091901717 1.002693950655920
 -0.8664501595239905 0.9297260955459844
 -0.8856891322651046 0.8553362524787815
 -0.9026512251648875 0.7796298048210181
 -0.9173373614179088 0.7026521882735997
 -0.9297128102643274 0.6244963718565091
 -0.9397537205431272 0.5453260116669183
 -0.9474883894531851 0.4652722135802919
 -0.9529532328236079 0.3844051005466466
 -0.9561408440751440 0.3028364850170870
 -0.9570382521817878 0.2207558782481343
 -0.9556870325542316 0.1383287414067167
 -0.9521480143604464 5.565321882905355E-02
 -0.9464271388809538 -2.713812497834772E-02
 -0.9385007254276793 -0.1098292030954021
 -0.9283996504035896 -0.1922281243754883
 -0.9161917435221577 -0.2742294583413488
 -0.9018823697089644 -0.3557052178050188
 -0.8854196901869965 -0.4364349700014003
 -0.8668126569770033 -0.5162280310488223
 -0.8461450046981946 -0.5950128676085141
 -0.8234372029159790 -0.6727020874345867
 -0.7986095335242562 -0.7490801275393230
 -0.7716545462035818 -0.8239647355096797
 -0.7427180654863155 -0.8973605256031996
 -0.7118746357941681 -0.9692469471185086
 -0.6789604104352144 -1.039334197192753
 -0.6439297618223385 -1.107408093314093
 -0.6074612999952040 -1.174040545900971
 -0.5685876922844298 -1.238076901502641
 -0.5283536186174610 -1.300542329863935
 -0.4862058119522067 -1.360671305416396
 -0.4423204716062976 -1.418475061229326
 -0.3969431999312945 -1.474100814184178
 -0.3500682133233733 -1.527439112913348
 -0.3016641601647138 -1.578290489468199
 -0.2518700760940439 -1.626614819713144
 -0.2008521354162811 -1.672459680807834
 -0.1486534796961282 -1.715770695110037
 -9.529857292478761E-02 -1.756417186748974
 -4.091884990831918E-02 -1.794345684638366
 1.432955668906266E-02 -1.829582631937736
 7.037788651745769E-02 -1.862107284393690
 0.1271780545403454 -1.891830047003932
 0.1845996361216929 -1.918698966227304
 0.2424860209140812 -1.942735464373898
 0.3007528177319443 -1.963945723737084
 0.3593408942128717 -1.982274760567257
 0.4181211797862038 -1.997679404600758
 0.4769347591762401 -2.010182070524260
 0.5356875410925905 -2.019812321674807
 0.5943171228244007 -2.026547416788404
 0.6526980755275840 -2.030357169533787
 0.7106693072702274 -2.031267486321813
 0.7681308324815442 -2.029328574631903
 0.8250228945521704 -2.024548852249529
 0.8812267682914648 -2.016914092722714
 0.9365796884874200 -2.006454747600638
 0.9909783684824685 -1.993239254226040
 1.044371289544952 -1.977306796394334
 1.096650439061042 -1.958661607578613
 1.147651808553648 -1.937338776243769
 1.197270623376904 -1.913422325865374
 1.245470100221788 -1.886982099256076
 1.292158394835123 -1.858042862493303
 1.337169713761877 -1.826642953903558
 1.380398294996528 -1.792878188061091
 1.421830836099754 -1.756849107005096
 1.461399268663395 -1.718602716826687
 1.498931655725606 -1.678176472104511
 1.534318094682626 -1.635671857275775
 1.567583519242765 -1.591221825825082
 1.598696038284797 -1.544898404008189
 1.627459662039707 -1.496727750635940
 1.653746397113160 -1.446806122608035
 1.677661898873983 -1.395311943239178
 1.699241413423982 -1.342352619970619
 1.718160869677994 -1.287896821694347
 1.734226234660521 -1.232010839576342
 1.748295731885982 -1.175194426433763
 1.758868424877183 -1.116917075254890
 1.767373870644782 -1.057878865234205
 1.772865939129267 -0.9978219064194910
 1.775448887540756 -0.9369299900001949
 1.775373713525865 -0.8754115912339155
 1.772536566291224 -0.8133170580715976
 1.766747617493811 -0.7506939365470395
 1.758045133494044 -0.6876962892166485
 1.746551490727986 -0.6244778525993245
 1.732233824629585 -0.5611078387748314
 1.714988599313214 -0.4976551317382303
 1.694837988813342 -0.4342599245780527
 1.671880978312344 -0.3710617144620079
 1.646125839501414 -0.3081329622741229
 1.617514806782046 -0.2455421338921875
 1.586070157493775 -0.1834171475144814
 1.551887033885563 -0.1218880293303054
 1.515004170007590 -6.102310268651418E-02
 1.475397728813753 -8.808124731892410E-04
 1.433096823412126 5.842547262595742E-02
 1.388200384835441 0.1167752505578462
 1.340773693069660 0.1741087670004186
 1.290823438084093 0.2303838770505481
 1.238391497066136 0.2855048014878629
 1.183587489556958 0.3393611621579855
 1.126504829104949 0.3919039893394309
 1.067183325778618 0.4431113646916961
 1.005686127731114 0.4929067259844748
 0.9421430397195640 0.5411875894578311
 0.8766817513621445 0.5879129082671162
 0.8093811988295113 0.6330791579704279
 0.7403345112551550 0.6766240180564271
 0.6696993246885228 0.7184414996588191
 0.5976397204088608 0.7584848775559720
 0.5242711084885581 0.7967577591845303
 0.4497112637981507 0.8331990075911028
 0.3741354827558210 0.8676800712381956
 0.2977253861707873 0.9001317443018445
 0.2206061943714244 0.9305600537984199
 0.1428914299766591 0.9589056522957817
 6.474607397238621E-02 0.9850134297135864
 -1.366026054540048E-02 1.008795796788382
 -9.222375657850285E-02 1.030289503158197
 -0.1708584954391832 1.049468579863733
 -0.2494176531570128 1.066156207506108
 -0.3277471196721177 1.080254807712895
 -0.4057779787825692 1.091892975362383
 -0.4834551608480567 1.101124992466799
 -0.5606096125732218 1.107664062197181
 -0.6370786602553237 1.111363578648055
 -0.7130182878255891 1.113097190562252
   
   
 #BODY NUMBER  5
 -0.4183949581197396 -0.4880148167341833
 -0.4284028974154859 -0.4792667878151688
 -0.4382773952286609 -0.4703836961891406
 -0.4479502311797947 -0.4613066540527961
 -0.4574180647703574 -0.4520476629820849
 -0.4666913494142348 -0.4426275181808564
 -0.4757598261407067 -0.4330414616670191
 -0.4846039277082684 -0.4232777588245025
 -0.4932173457332021 -0.4133394480093547
 -0.5016042052886813 -0.4032347147847497
 -0.5097621639238241 -0.3929607136320904
 -0.5176813676006077 -0.3825096087103828
 -0.5253579768339185 -0.3718823285698398
 -0.5327976552515583 -0.3610855020579951
 -0.5400044509363764 -0.3501201743198037
 -0.5469752620161126 -0.3389836209454702
 -0.5537083537131839 -0.3276794719286835
 -0.5602096449948397 -0.3162172983854274
 -0.5664856056490116 -0.3046037173820768
 -0.5725355313974488 -0.2928418309451253
 -0.5783563429153989 -0.2809389959482765
 -0.5839505114829695 -0.2689078411652014
 -0.5893226027092697 -0.2567589657950331
 -0.5944706277549617 -0.2444989377047695
 -0.5993876360443322 -0.2321364477199995
 -0.6040705164212639 -0.2196843336071972
 -0.6085200609148357 -0.2071536002297283
 -0.6127321977518619 -0.1945505655076445
 -0.6166964709438475 -0.1818818786868375
 -0.6204049802944509 -0.1691573521444845
 -0.6238559275609734 -0.1563851522720472
 -0.6270453841180976 -0.1435684687349024
 -0.6299625101034670 -0.1307097481381403
 -0.6325978150681497 -0.1178142393408444
 -0.6349502249581873 -0.1048862268904251
 -0.6370200098837799 -9.192544962666072E-02
 -0.6388002941002678 -7.893082530740433E-02
 -0.6402835488325246 -6.590462814627601E-02
 -0.6414723664766098 -5.284948723390462E-02
 -0.6423743758134757 -3.976449294368214E-02
 -0.6429892113001396 -2.664854006022016E-02
 -0.6433117445747779 -1.350498528262745E-02
 -0.6433474750338743 -3.388186968035223E-04
 -0.6431112873216926 1.284797493091244E-02
 -0.6426083243606171 2.605320593043586E-02
 -0.6418312518783288 3.926913681156591E-02
 -0.6407833733738155 5.248605632644721E-02
 -0.6394865262573830 6.569865749248982E-02
 -0.6379501398733496 7.890155867730303E-02
 -0.6361512576148740 9.208094060916988E-02
 -0.6340826742146811 0.1052226620786581
 -0.6318307077748798 0.1183332541799291
 -0.6292586621458454 0.1313743983090852
 -0.6265029280401475 0.1443675100779228
 -0.6234783969344184 0.1572829528064163
 -0.6201937922490506 0.1701118327500029
 -0.6166723498657976 0.1828528052287390
 -0.6129048197659370 0.1954993647044104
 -0.6088712558530962 0.2080404327568268
 -0.6045711352289395 0.2204690269874081
 -0.6000136093357065 0.2327846270327279
 -0.5951950426565642 0.2449866270301138
 -0.5901037221351407 0.2570704110528054
 -0.5847385321769520 0.2690321897340502
 -0.5791080453462611 0.2808735534956355
 -0.5732151908065741 0.2925974855076676
 -0.5670560582136683 0.3042026616748679
 -0.5606329238455017 0.3156857646389352
 -0.5539570360152839 0.3270471348178794
 -0.5470373601645598 0.3382890666792193
 -0.5398762305879509 0.3494093992868512
 -0.5324784788626004 0.3604017874304614
 -0.5248562774673800 0.3712620569145674
 -0.5170210883825532 0.3819888620730750
 -0.5089776051281202 0.3925771965870947
 -0.5007298788919639 0.4030166956686932
 -0.4922874719279203 0.4132982460944007
 -0.4836603107417685 0.4234170313498376
 -0.4748518309261797 0.4333663662159604
 -0.4658625629027645 0.4431338709181651
 -0.4566970543412591 0.4527077974971364
 -0.4473614784227773 0.4620825054332838
 -0.4378566331659062 0.4712529976045928
 -0.4281792174616287 0.4802086631123434
 -0.4183290317307861 0.4889386585571259
 -0.4083092494733003 0.4974399115072218
 -0.3981197795728849 0.5057127864650373
 -0.3877562469080177 0.5137518699821004
 -0.3772168566179043 0.5215495048410825
 -0.3665051817598476 0.5291066215775132
 -0.3556242489645736 0.5364302817228010
 -0.3445729183159878 0.5435207213151312
 -0.3333515326198793 0.5503718207133300
 -0.3219671631156462 0.5569858474915084
 -0.3104289709834905 0.5633746997465552
 -0.2987414239945236 0.5695417365448630
 -0.2869075558756616 0.5754767374751844
 -0.2749374285637435 0.5811777078276369
 -0.2628465567456625 0.5866609058630031
 -0.2506443157239418 0.5919318068168082
 -0.2383311950355297 0.5969636200484847
 -0.2259158386933971 0.6017430350088149
 -0.2134357496551402 0.6063480709141125
 -0.2008557647303595 0.6106411861242540
 -0.1882255328114867 0.6147512062670634
 -0.1755281657546238 0.6185896068592124
 -0.1627757274786931 0.6221594957320877
 -0.1499810004515628 0.6254803234095955
 -0.1371449936252303 0.6285408263714295
 -0.1242673281448278 0.6313181915813293
 -0.1113537894957374 0.6338084749967628
 -9.840940404702513E-02 0.6360193418174775
 -8.543287873274018E-02 0.6379473406622042
 -7.242235453453301E-02 0.6395800197631881
 -5.938055534303354E-02 0.6409145183038900
 -4.631039009470275E-02 0.6419590555536305
 -3.321073987019782E-02 0.6427176598274713
 -2.008079619755566E-02 0.6431862826203382
 -6.924570132317766E-03 0.6433652365676187
 6.252608979555838E-03 0.6432644332033068
 1.944824548445178E-02 0.6428927840612960
 3.265930080949805E-02 0.6422512302319765
 4.587786405279855E-02 0.6413407833787379
 5.909423401558950E-02 0.6401698980797689
 7.230151432671646E-02 0.6387478278681081
 8.549302262684155E-02 0.6370761342918643
 9.865775715236832E-02 0.6351531433886927
 0.1117830444933436 0.6329825797015980
 0.1248597501730672 0.6305706315795659
 0.1378803668256822 0.6279169317236050
 0.1508339080410830 0.6250157496050026
 0.1637079259531918 0.6218651496416209
 0.1764944491381960 0.6184676577053311
 0.1891887509521915 0.6148214663394952
 0.2017832926418383 0.6109184112504837
 0.2142687833373636 0.6067528978979703
 0.2266409754848870 0.6023261383976469
 0.2389002303108950 0.5976382360916980
 0.2510440471922501 0.5926826952895048
 0.2630666922146204 0.5874541329873585
 0.2749671847167622 0.5819561088114178
 0.2867501268489021 0.5761947746664832
 0.2984162929841519 0.5701692613753513
 0.3099602119548986 0.5638768059959575
 0.3213803119182282 0.5573246661883119
 0.3326823163382021 0.5505267248156428
 0.3438669003660934 0.5434885306144270
 0.3549236960026672 0.5362076006636185
 0.3658459448100720 0.5286916515011897
 0.3766399695117206 0.5209622483705133
 0.3873058241494077 0.5130302481395052
 0.3978200625793443 0.5048826794393148
 0.4081668355212840 0.4965203729301568
 0.4183949581197396 0.4880148167341833
 0.4284028974154859 0.4792667878151688
 0.4382773952286609 0.4703836961891406
 0.4479502311797947 0.4613066540527961
 0.4574180647703574 0.4520476629820849
 0.4666913494142348 0.4426275181808564
 0.4757598261407067 0.4330414616670191
 0.4846039277082684 0.4232777588245025
 0.4932173457332021 0.4133394480093547
 0.5016042052886813 0.4032347147847497
 0.5097621639238241 0.3929607136320904
 0.5176813676006077 0.3825096087103828
 0.5253579768339185 0.3718823285698398
 0.5327976552515583 0.3610855020579951
 0.5400044509363764 0.3501201743198037
 0.5469752620161126 0.3389836209454702
 0.5537083537131839 0.3276794719286835
 0.5602096449948397 0.3162172983854274
 0.5664856056490116 0.3046037173820768
 0.5725355313974488 0.2928418309451253
 0.5783563429153989 0.2809389959482765
 0.5839505114829695 0.2689078411652014
 0.5893226027092697 0.2567589657950331
 0.5944706277549617 0.2444989377047695
 0.5993876360443322 0.2321364477199995
 0.6040705164212639 0.2196843336071972
 0.6085200609148357 0.2071536002297283
 0.6127321977518619 0.1945505655076445
 0.6166964709438475 0.1818818786868375
 0.6204049802944509 0.1691573521444845
 0.6238559275609734 0.1563851522720472
 0.6270453841180976 0.1435684687349024
 0.6299625101034670 0.1307097481381403
 0.6325978150681497 0.1178142393408444
 0.6349502249581873 0.1048862268904251
 0.6370200098837799 9.192544962666072E-02
 0.6388002941002678 7.893082530740433E-02
 0.6402835488325246 6.590462814627601E-02
 0.6414723664766098 5.284948723390462E-02
 0.6423743758134757 3.976449294368214E-02
 0.6429892113001396 2.664854006022016E-02
 0.6433117445747779 1.350498528262745E-02
 0.6433474750338743 3.388186968035223E-04
 0.6431112873216926 -1.284797493091244E-02
 0.6426083243606171 -2.605320593043586E-02
 0.6418312518783288 -3.926913681156591E-02
 0.6407833733738155 -5.248605632644721E-02
 0.6394865262573830 -6.569865749248982E-02
 0.6379501398733496 -7.890155867730303E-02
 0.6361512576148740 -9.208094060916988E-02
 0.6340826742146811 -0.1052226620786581
 0.6318307077748798 -0.1183332541799291
 0.6292586621458454 -0.1313743983090852
 0.6265029280401475 -0.1443675100779228
 0.6234783969344184 -0.1572829528064163
 0.6201937922490506 -0.1701118327500029
 0.6166723498657976 -0.1828528052287390
 0.6129048197659370 -0.1954993647044104
 0.6088712558530962 -0.2080404327568268
 0.6045711352289395 -0.2204690269874081
 0.6000136093357065 -0.2327846270327279
 0.5951950426565642 -0.2449866270301138
 0.5901037221351407 -0.2570704110528054
 0.5847385321769520 -0.2690321897340502
 0.5791080453462611 -0.2808735534956355
 0.5732151908065741 -0.2925974855076676
 0.5670560582136683 -0.3042026616748679
 0.5606329238455017 -0.3156857646389352
 0.5539570360152839 -0.3270471348178794
 0.5470373601645598 -0.3382890666792193
 0.5398762305879509 -0.3494093992868512
 0.5324784788626004 -0.3604017874304614
 0.5248562774673800 -0.3712620569145674
 0.5170210883825532 -0.3819888620730750
 0.5089776051281202 -0.3925771965870947
 0.5007298788919639 -0.4030166956686932
 0.4922874719279203 -0.4132982460944007
 0.4836603107417685 -0.4234170313498376
 0.4748518309261797 -0.4333663662159604
 0.4658625629027645 -0.4431338709181651
 0.4566970543412591 -0.4527077974971364
 0.4473614784227773 -0.4620825054332838
 0.4378566331659062 -0.4712529976045928
 0.4281792174616287 -0.4802086631123434
 0.4183290317307861 -0.4889386585571259
 0.4083092494733003 -0.4974399115072218
 0.3981197795728849 -0.5057127864650373
 0.3877562469080177 -0.5137518699821004
 0.3772168566179043 -0.5215495048410825
 0.3665051817598476 -0.5291066215775132
 0.3556242489645736 -0.5364302817228010
 0.3445729183159878 -0.5435207213151312
 0.3333515326198793 -0.5503718207133300
 0.3219671631156462 -0.5569858474915084
 0.3104289709834905 -0.5633746997465552
 0.2987414239945236 -0.5695417365448630
 0.2869075558756616 -0.5754767374751844
 0.2749374285637435 -0.5811777078276369
 0.2628465567456625 -0.5866609058630031
 0.2506443157239418 -0.5919318068168082
 0.2383311950355297 -0.5969636200484847
 0.2259158386933971 -0.6017430350088149
 0.2134357496551402 -0.6063480709141125
 0.2008557647303595 -0.6106411861242540
 0.1882255328114867 -0.6147512062670634
 0.1755281657546238 -0.6185896068592124
 0.1627757274786931 -0.6221594957320877
 0.1499810004515628 -0.6254803234095955
 0.1371449936252303 -0.6285408263714295
 0.1242673281448278 -0.6313181915813293
 0.1113537894957374 -0.6338084749967628
 9.840940404702513E-02 -0.6360193418174775
 8.543287873274018E-02 -0.6379473406622042
 7.242235453453301E-02 -0.6395800197631881
 5.938055534303354E-02 -0.6409145183038900
 4.631039009470275E-02 -0.6419590555536305
 3.321073987019782E-02 -0.6427176598274713
 2.008079619755566E-02 -0.6431862826203382
 6.924570132317766E-03 -0.6433652365676187
 -6.252608979555838E-03 -0.6432644332033068
 -1.944824548445178E-02 -0.6428927840612960
 -3.265930080949805E-02 -0.6422512302319765
 -4.587786405279855E-02 -0.6413407833787379
 -5.909423401558950E-02 -0.6401698980797689
 -7.230151432671646E-02 -0.6387478278681081
 -8.549302262684155E-02 -0.6370761342918643
 -9.865775715236832E-02 -0.6351531433886927
 -0.1117830444933436 -0.6329825797015980
 -0.1248597501730672 -0.6305706315795659
 -0.1378803668256822 -0.6279169317236050
 -0.1508339080410830 -0.6250157496050026
 -0.1637079259531918 -0.6218651496416209
 -0.1764944491381960 -0.6184676577053311
 -0.1891887509521915 -0.6148214663394952
 -0.2017832926418383 -0.6109184112504837
 -0.2142687833373636 -0.6067528978979703
 -0.2266409754848870 -0.6023261383976469
 -0.2389002303108950 -0.5976382360916980
 -0.2510440471922501 -0.5926826952895048
 -0.2630666922146204 -0.5874541329873585
 -0.2749671847167622 -0.5819561088114178
 -0.2867501268489021 -0.5761947746664832
 -0.2984162929841519 -0.5701692613753513
 -0.3099602119548986 -0.5638768059959575
 -0.3213803119182282 -0.5573246661883119
 -0.3326823163382021 -0.5505267248156428
 -0.3438669003660934 -0.5434885306144270
 -0.3549236960026672 -0.5362076006636185
 -0.3658459448100720 -0.5286916515011897
 -0.3766399695117206 -0.5209622483705133
 -0.3873058241494077 -0.5130302481395052
 -0.3978200625793443 -0.5048826794393148
 -0.4081668355212840 -0.4965203729301568
 -0.4183949581197396 -0.4880148167341833
   
   
 #BODY NUMBER  6
 2.122248751112494 2.476974342464592
 2.172465343926750 2.432959947052462
 2.222053295303182 2.388192758458175
 2.270701133719718 2.342333361461233
 2.318411793760497 2.295430230076793
 2.365251051329019 2.247586628415399
 2.411175907856348 2.198774920859622
 2.456088852972247 2.148936178310363
 2.499949751574165 2.098098673016515
 2.542764153171493 2.046327080816522
 2.584500761478155 1.993633726812017
 2.625086270608842 1.940008316794436
 2.664474189500535 1.885490678289079
 2.702665717415281 1.830153418901302
 2.739656689945579 1.774038156517179
 2.775409998415636 1.717161033906562
 2.809898431917287 1.659565034261115
 2.843138018647432 1.601317636360901
 2.875153556743864 1.542461876864165
 2.905938586359732 1.483011158546725
 2.935478060555458 1.422990965242722
 2.963788687921844 1.362446913988319
 2.990902152100078 1.301407371679215
 3.016820070414863 1.239872604946035
 3.041520048099478 1.177848908122610
 3.065000048784873 1.115363197121760
 3.087279335551266 1.052434050918027
 3.108352855825439 0.9890568033933786
 3.128181331099546 0.9252311196627557
 3.146736159504318 0.8609796381127619
 3.164018275184499 0.7963255150750400
 3.180015749490843 0.7312745197627931
 3.194677733000884 0.6658367859271149
 3.207956485268630 0.6000476219244457
 3.219845249248884 0.5339495031401991
 3.230343007091770 0.4675709181344108
 3.239410321917669 0.4009420117486364
 3.247002838005009 0.3341154811941693
 3.253128598827959 0.2671507377225502
 3.257823091081533 0.2000893571704836
 3.261081068702591 0.1329661887088678
 3.262872158341049 6.583152568507655E-02
 3.263221123792269 -1.262054707542815E-03
 3.262202175860013 -6.828551461719901E-02
 3.259838647210346 -0.1352219749705046
 3.256087297662926 -0.2020395679266300
 3.250958992555637 -0.2687036933505686
 3.244561236642855 -0.3352070081070524
 3.236936764179149 -0.4015520506159984
 3.227958189024864 -0.4677107320830622
 3.217579974666754 -0.5336527789425445
 3.206247080652840 -0.5994341603809225
 3.193237792500850 -0.6649302031556321
 3.179262245610404 -0.7302582230663932
 3.163870762017086 -0.7953181854727849
 3.147106788741510 -0.8600883947916429
 3.129092643078460 -0.9245741825710818
 3.109782892596725 -0.9887521287667933
 3.089077748014344 -1.052567251470568
 3.066981626265805 -1.115970656539566
 3.043553313024906 -1.178934812070678
 3.018787833999730 -1.241426452134300
 2.992639621201492 -1.303387239075790
 2.965119920747362 -1.364756996690876
 2.936292212299111 -1.425500459768278
 2.906190455799581 -1.485593212882269
 2.874810076959653 -1.544995047591988
 2.842174694861161 -1.603660906963872
 2.808350761940308 -1.661570932433581
 2.773387948105324 -1.718725081489287
 2.737294630577122 -1.775111058351606
 2.700085355533665 -1.830703090071540
 2.661807982782518 -1.885492838195108
 2.622502920596577 -1.939493558112609
 2.582171208547085 -1.992706517153013
 2.540807100303683 -2.045109173712510
 2.498432887546111 -2.096686306287364
 2.455074291678410 -2.147445307707125
 2.410724745437216 -2.197384135374050
 2.365364319549639 -2.246468940545050
 2.318998318498943 -2.294663634081440
 2.271647263328962 -2.341957446810479
 2.223310186000266 -2.388337163612285
 2.173970437887505 -2.433753680719688
 2.123634726701325 -2.478147999515451
 2.072336458681933 -2.521493030534072
 2.020099796721099 -2.563773648011683
 1.966931128577592 -2.604940626187910
 1.912853913514317 -2.644929203275422
 1.857923624921461 -2.683716639501413
 1.802194011877303 -2.721312879326911
 1.745692631617570 -2.757695954942516
 1.688447852783689 -2.792814415581772
 1.630517590458436 -2.826663418723880
 1.571964097561019 -2.859292713884242
 1.512813658130812 -2.890714068207710
 1.453072250437370 -2.920874100679232
 1.392775271745522 -2.949764920889931
 1.331982833774143 -2.977475959120492
 1.270714105314385 -3.004045493530941
 1.208929718905882 -3.029349160091074
 1.146633123968972 -3.053332386240772
 1.083998329540346 -3.076408502845515
 1.020772448574100 -3.097890150208094
 0.9572089503072221 -3.118450981524568
 0.8931696282973672 -3.137651546934018
 0.8286949949810127 -3.155518624868435
 0.7638415917494419 -3.172160810986481
 0.6986069847403772 -3.187527049626415
 0.6329888950420968 -3.201503429780931
 0.5670318746916398 -3.214069329556081
 0.5007891598534135 -3.225261892887199
 0.4342870725215744 -3.235060178946317
 0.3675533505926502 -3.243395555870226
 0.3006457312468271 -3.250247674979955
 0.2336264948838299 -3.255653878669579
 0.1665337658540020 -3.259631369399449
 9.940007854401649E-02 -3.262156081498551
 3.227626294387431E-02 -3.263225941224987
 -3.478725670712438E-02 -3.262888568794482
 -0.1017656086385404 -3.261186958353453
 -0.1686439557826107 -3.258122216898331
 -0.2353927050217928 -3.253694055314262
 -0.3019807051393262 -3.247939752183426
 -0.3683992315035017 -3.240900929791825
 -0.4346488618677780 -3.232579122099048
 -0.5007129477957949 -3.222958081835121
 -0.5665671612387617 -3.212049503409124
 -0.6322050438728564 -3.199879358625152
 -0.6976281103882230 -3.186440938767429
 -0.7628170115499070 -3.171700060207805
 -0.8277378410053744 -3.155643272194201
 -0.8923710118555368 -3.138282961885519
 -0.9567055634905774 -3.119611683375079
 -1.020707295113380 -3.099590466646803
 -1.084321758567305 -3.078195621439897
 -1.147508790566951 -3.055442533674271
 -1.210243210370671 -3.031344566146093
 -1.272479193340077 -3.005882637936546
 -1.334148924490692 -2.979044684469591
 -1.395204973906497 -2.950867377223963
 -1.455629079204230 -2.921402236497394
 -1.515388437085021 -2.890662143651384
 -1.574424305557361 -2.858645941266848
 -1.632703533333832 -2.825401364016338
 -1.690238078298995 -2.791007199267043
 -1.747024989079533 -2.755492093237205
 -1.803015047225556 -2.718834532752602
 -1.858183720810115 -2.681061227539363
 -1.912578402868711 -2.642268951013440
 -1.966222658864764 -2.602493442914943
 -2.019028470118982 -2.561638428008012
 -2.070946850697782 -2.519679607298228
 -2.122248751112494 -2.476974342464592
 -2.172465343926750 -2.432959947052462
 -2.222053295303182 -2.388192758458175
 -2.270701133719718 -2.342333361461233
 -2.318411793760497 -2.295430230076793
 -2.365251051329019 -2.247586628415399
 -2.411175907856348 -2.198774920859622
 -2.456088852972247 -2.148936178310363
 -2.499949751574165 -2.098098673016515
 -2.542764153171493 -2.046327080816522
 -2.584500761478155 -1.993633726812017
 -2.625086270608842 -1.940008316794436
 -2.664474189500535 -1.885490678289079
 -2.702665717415281 -1.830153418901302
 -2.739656689945579 -1.774038156517179
 -2.775409998415636 -1.717161033906562
 -2.809898431917287 -1.659565034261115
 -2.843138018647432 -1.601317636360901
 -2.875153556743864 -1.542461876864165
 -2.905938586359732 -1.483011158546725
 -2.935478060555458 -1.422990965242722
 -2.963788687921844 -1.362446913988319
 -2.990902152100078 -1.301407371679215
 -3.016820070414863 -1.239872604946035
 -3.041520048099478 -1.177848908122610
 -3.065000048784873 -1.115363197121760
 -3.087279335551266 -1.052434050918027
 -3.108352855825439 -0.9890568033933786
 -3.128181331099546 -0.9252311196627557
 -3.146736159504318 -0.8609796381127619
 -3.164018275184499 -0.7963255150750400
 -3.180015749490843 -0.7312745197627931
 -3.194677733000884 -0.6658367859271149
 -3.207956485268630 -0.6000476219244457
 -3.219845249248884 -0.5339495031401991
 -3.230343007091770 -0.4675709181344108
 -3.239410321917669 -0.4009420117486364
 -3.247002838005009 -0.3341154811941693
 -3.253128598827959 -0.2671507377225502
 -3.257823091081533 -0.2000893571704836
 -3.261081068702591 -0.1329661887088678
 -3.262872158341049 -6.583152568507655E-02
 -3.263221123792269 1.262054707542815E-03
 -3.262202175860013 6.828551461719901E-02
 -3.259838647210346 0.1352219749705046
 -3.256087297662926 0.2020395679266300
 -3.250958992555637 0.2687036933505686
 -3.244561236642855 0.3352070081070524
 -3.236936764179149 0.4015520506159984
 -3.227958189024864 0.4677107320830622
 -3.217579974666754 0.5336527789425445
 -3.206247080652840 0.5994341603809225
 -3.193237792500850 0.6649302031556321
 -3.179262245610404 0.7302582230663932
 -3.163870762017086 0.7953181854727849
 -3.147106788741510 0.8600883947916429
 -3.129092643078460 0.9245741825710818
 -3.109782892596725 0.9887521287667933
 -3.089077748014344 1.052567251470568
 -3.066981626265805 1.115970656539566
 -3.043553313024906 1.178934812070678
 -3.018787833999730 1.241426452134300
 -2.992639621201492 1.303387239075790
 -2.965119920747362 1.364756996690876
 -2.936292212299111 1.425500459768278
 -2.906190455799581 1.485593212882269
 -2.874810076959653 1.544995047591988
 -2.842174694861161 1.603660906963872
 -2.808350761940308 1.661570932433581
 -2.773387948105324 1.718725081489287
 -2.737294630577122 1.775111058351606
 -2.700085355533665 1.830703090071540
 -2.661807982782518 1.885492838195108
 -2.622502920596577 1.939493558112609
 -2.582171208547085 1.992706517153013
 -2.540807100303683 2.045109173712510
 -2.498432887546111 2.096686306287364
 -2.455074291678410 2.147445307707125
 -2.410724745437216 2.197384135374050
 -2.365364319549639 2.246468940545050
 -2.318998318498943 2.294663634081440
 -2.271647263328962 2.341957446810479
 -2.223310186000266 2.388337163612285
 -2.173970437887505 2.433753680719688
 -2.123634726701325 2.478147999515451
 -2.072336458681933 2.521493030534072
 -2.020099796721099 2.563773648011683
 -1.966931128577592 2.604940626187910
 -1.912853913514317 2.644929203275422
 -1.857923624921461 2.683716639501413
 -1.802194011877303 2.721312879326911
 -1.745692631617570 2.757695954942516
 -1.688447852783689 2.792814415581772
 -1.630517590458436 2.826663418723880
 -1.571964097561019 2.859292713884242
 -1.512813658130812 2.890714068207710
 -1.453072250437370 2.920874100679232
 -1.392775271745522 2.949764920889931
 -1.331982833774143 2.977475959120492
 -1.270714105314385 3.004045493530941
 -1.208929718905882 3.029349160091074
 -1.146633123968972 3.053332386240772
 -1.083998329540346 3.076408502845515
 -1.020772448574100 3.097890150208094
 -0.9572089503072221 3.118450981524568
 -0.8931696282973672 3.137651546934018
 -0.8286949949810127 3.155518624868435
 -0.7638415917494419 3.172160810986481
 -0.6986069847403772 3.187527049626415
 -0.6329888950420968 3.201503429780931
 -0.5670318746916398 3.214069329556081
 -0.5007891598534135 3.225261892887199
 -0.4342870725215744 3.235060178946317
 -0.3675533505926502 3.243395555870226
 -0.3006457312468271 3.250247674979955
 -0.2336264948838299 3.255653878669579
 -0.1665337658540020 3.259631369399449
 -9.940007854401649E-02 3.262156081498551
 -3.227626294387431E-02 3.263225941224987
 3.478725670712438E-02 3.262888568794482
 0.1017656086385404 3.261186958353453
 0.1686439557826107 3.258122216898331
 0.2353927050217928 3.253694055314262
 0.3019807051393262 3.247939752183426
 0.3683992315035017 3.240900929791825
 0.4346488618677780 3.232579122099048
 0.5007129477957949 3.222958081835121
 0.5665671612387617 3.212049503409124
 0.6322050438728564 3.199879358625152
 0.6976281103882230 3.186440938767429
 0.7628170115499070 3.171700060207805
 0.8277378410053744 3.155643272194201
 0.8923710118555368 3.138282961885519
 0.9567055634905774 3.119611683375079
 1.020707295113380 3.099590466646803
 1.084321758567305 3.078195621439897
 1.147508790566951 3.055442533674271
 1.210243210370671 3.031344566146093
 1.272479193340077 3.005882637936546
 1.334148924490692 2.979044684469591
 1.395204973906497 2.950867377223963
 1.455629079204230 2.921402236497394
 1.515388437085021 2.890662143651384
 1.574424305557361 2.858645941266848
 1.632703533333832 2.825401364016338
 1.690238078298995 2.791007199267043
 1.747024989079533 2.755492093237205
 1.803015047225556 2.718834532752602
 1.858183720810115 2.681061227539363
 1.912578402868711 2.642268951013440
 1.966222658864764 2.602493442914943
 2.019028470118982 2.561638428008012
 2.070946850697782 2.519679607298228
 2.122248751112494 2.476974342464592
   
   
