 # action(x) =  28.71364193961034
 # |grad_action(x)| =  4.183397077520862E-05
 # PRINTSTEPS = 50
 #
 #BODY NUMBER  1
 0.5623921285610618 -0.1551408388277901
 0.5464099299868359 -0.1765726532210641
 0.5357239667827604 -0.1995658313099212
 0.5327943651879876 -0.2240075595313003
 0.5372250481742290 -0.2481227836975728
 0.5478145203817095 -0.2698887167264803
 0.5638458066826888 -0.2881354706812303
 0.5846629229003906 -0.3023904044378412
 0.6090857061451083 -0.3122202808660890
 0.6358094346877776 -0.3171515873211141
 0.6640075009605251 -0.3170752533016756
 0.6931764718552094 -0.3123057698526076
 0.7226753884557156 -0.3031544151315824
 0.7517961477377217 -0.2896995016664181
 0.7801308584163875 -0.2720572757789803
 0.8075247871185951 -0.2506081279723465
 0.8337273833106364 -0.2257633373696837
 0.8583673225910482 -0.1976858178934410
 0.8812322917428677 -0.1664489590025431
 0.9023022192056331 -0.1323351193653704
 0.9214865536480166 -9.573580117866987E-02
 0.9385521041021223 -5.683682247379906E-02
 0.9533426254256832 -1.566017983147250E-02
 0.9658597832256242 2.760981281054109E-02
 0.9760628387607591 7.260833272916445E-02
 0.9837660746998440 0.1191184384003756
 0.9888089148119167 0.1671468218290261
 0.9911661190445624 0.2165966723727872
 0.9907970326378235 0.2671309736453604
 0.9875233372542265 0.3184895706201279
 0.9811566978022088 0.3706853095172970
 0.9716266173929931 0.4236997191080969
 0.9588707822115493 0.4772200591459753
 0.9427002687535174 0.5309171848272151
 0.9228898389860464 0.5847705629083230
 0.8993155756439334 0.6388151133654276
 0.8718799893194884 0.6927367072433236
 0.8403703246690695 0.7460750558621747
 0.8045177159306056 0.7986963340705926
 0.7641416029509212 0.8506315786298262
 0.7191064080760077 0.9014984049511513
 0.6691801089976473 0.9505707264390905
 0.6140748827735161 0.9974415184480240
 0.5536063915604510 1.042028510356432
 0.4876878218516401 1.083747995017581
 0.4162057364410688 1.121332231626805
 0.3390768339776539 1.153820228231118
 0.2564574127721193 1.180970851171288
 0.1687853665850444 1.201973266960558
 7.667112512707719E-02 1.214593007480335
 -1.899379082518160E-02 1.217333094386957
 -0.1167219608418427 1.212934812766664
 -0.2151652313191602 1.195115236801562
 -0.3121470407486924 1.169639070398701
 -0.4061755247632207 1.133454839179772
 -0.4957819217434443 1.088038169076035
 -0.5797296876803861 1.035850492907476
 -0.6572694834731521 0.9780971930638160
 -0.7281739970143100 0.9154928648560183
 -0.7924980780661586 0.8494494736858637
 -0.8503601800609295 0.7815858215424126
 -0.9019655741596124 0.7127296810677602
 -0.9476829957542013 0.6431353072361309
 -0.9879272953728692 0.5733205205307786
 -1.022985718069144 0.5040495295115870
 -1.053059089020812 0.4356888606392174
 -1.078420539901940 0.3681822191245500
 -1.099390745739856 0.3016406735508582
 -1.116171953677466 0.2364795727870768
 -1.128851754700677 0.1729449070624416
 -1.137580195822202 0.1109455493849217
 -1.142599206387148 5.046920134514798E-02
 -1.144070841352729 -8.196319277745667E-03
 -1.142028462274984 -6.480275964381232E-02
 -1.136554483760531 -0.1193878693540804
 -1.127862102898140 -0.1719939289481742
 -1.116125511271236 -0.2223953357601566
 -1.101374376330281 -0.2703197178994946
 -1.083662048180231 -0.3157358895172409
 -1.063204389436713 -0.3586883008088917
 -1.040223721349809 -0.3989984211941279
 -1.014782270734534 -0.4363761214151427
 -0.9869298067558431 -0.4707232828841244
 -0.9569073337800251 -0.5020754598710020
 -0.9250197956713329 -0.5302990549840449
 -0.8914014782838817 -0.5550981069520776
 -0.8561283274156866 -0.5763122174871619
 -0.8194988243694460 -0.5939632187189194
 -0.7819565300126301 -0.6079710915486571
 -0.7437740800020095 -0.6180584598701966
 -0.7051064037750088 -0.6240226761774987
 -0.6663706402859011 -0.6258943250175358
 -0.6282528987986149 -0.6237031462560304
 -0.5912796508212178 -0.6172795835836613
 -0.5557606445422758 -0.6064787926023755
 -0.5223104291512344 -0.5914799316601377
 -0.4920047790961398 -0.5726617108344766
 -0.4657354018083760 -0.5502847906551920
 -0.4438704141206440 -0.5246091271098479
 -0.4270335637154803 -0.4964086555863869
 -0.4166520268314133 -0.4670906052343212
 -0.4135341630032778 -0.4379867363476206
 -0.4155519718698244 -0.4094754508083884
 -0.4261213682964797 -0.3849185536381444
 -0.4406910630331319 -0.3641676489950806
 -0.4603934197878548 -0.3494096754803505
 -0.4834931580269239 -0.3411891474194148
 -0.5076377450707690 -0.3394769328493085
 -0.5314555406826762 -0.3442370570639229
 -0.5542092335540164 -0.3551377416636802
 -0.5749335478792997 -0.3713735541706028
 -0.5925660488145323 -0.3920513287448812
 -0.6065989747508993 -0.4165097374843970
 -0.6170529663684192 -0.4441555490059765
 -0.6238771190012218 -0.4742780375266459
 -0.6267852017756712 -0.5062248115749369
 -0.6256739413171796 -0.5395845037752626
 -0.6207953987782112 -0.5740329158441509
 -0.6123804770606210 -0.6091474250928955
 -0.6003846015591484 -0.6445249981955595
 -0.5847651728011107 -0.6799450717832316
 -0.5657566847860734 -0.7152490840404684
 -0.5436529126963926 -0.7501628641156194
 -0.5184981841837575 -0.7843915536908754
 -0.4902334262747295 -0.8177888422134579
 -0.4590190923251505 -0.8502640151723921
 -0.4251507587104900 -0.8815993804213540
 -0.3887234436360650 -0.9115256312715525
 -0.3496510635401904 -0.9399070506301559
 -0.3080048388722725 -0.9666733746494158
 -0.2640563070043583 -0.9916208870812749
 -0.2179416096296845 -1.014465082202212
 -0.1695554540494277 -1.035049280148613
 -0.1188785883725537 -1.053303193209524
 -6.615069668984774E-02 -1.069016485914845
 -1.156236501067238E-02 -1.081860973308571
 4.498124337091063E-02 -1.091631326910608
 0.1035723286739297 -1.098237691209386
 0.1639875919469575 -1.101438573423644
 0.2259347891720027 -1.100819577681078
 0.2894324572493331 -1.096080946825833
 0.3545977548792291 -1.087081829558973
 0.4211673161208443 -1.073513619893578
 0.4886283426912568 -1.054812337318747
 0.5567722523785555 -1.030525207531828
 0.6256199656561008 -1.000451453967002
 0.6947093840598564 -0.9642240403486105
 0.7629993304505754 -0.9211108567721790
 0.8296992120596800 -0.8705592661750057
 0.8945220518572069 -0.8125840600351308
 0.9565467005650964 -0.7471590487299969
 1.013532837173374 -0.6736956458369516
 1.063738280019216 -0.5922174418247037
 1.108793341411374 -0.5053832231147636
 1.142582771179588 -0.4112190620672332
 1.169010668598436 -0.3144922681948463
 1.184688447153698 -0.2149690967494614
 1.190159655578677 -0.1146593455711263
 1.186937685220700 -1.586460959450486E-02
 1.175691758300093 8.016347328811801E-02
 1.156927076455861 0.1728707473616374
 1.131893862476358 0.2615987312127047
 1.102053266723925 0.3456406075282682
 1.068224796915668 0.4247602600273613
 1.030813012014300 0.4991498954396133
 0.9904737829770066 0.5689098746195681
 0.9480125563572005 0.6339068548007509
 0.9038471659698665 0.6941314924585135
 0.8580654249345591 0.7498484739557351
 0.8109238589796198 0.8012799777208047
 0.7628832943484329 0.8483934804828552
 0.7142005603215515 0.8911418431462048
 0.6648717621152642 0.9297005737316425
 0.6150072136671838 0.9642853384026349
 0.5649371999643087 0.9948925719793724
 0.5148933950506137 1.021427039996921
 0.4648843141159343 1.043978990398769
 0.4149799396832554 1.062754197549615
 0.3654627451841525 1.077790714452863
 0.3165834453203352 1.088978047929014
 0.2683957228817078 1.096346807599776
 0.2209690141775819 1.100106161071763
 0.1745690918509063 1.100359378905184
 0.1294783286168308 1.097015286473736
 8.580658224746107E-02 1.090067925844689
 4.364356402497038E-02 1.079743790056638
 3.257444616602545E-03 1.066240169546887
 -3.502832307120968E-02 1.049525378640883
 -7.103685714738134E-02 1.029584989185047
 -0.1046378241394341 1.006688409634882
 -0.1355401450413767 0.9811797654203951
 -0.1633672872704706 0.9531564778932380
 -0.1878662882197600 0.9226513961289946
 -0.2088550654067496 0.8900410653324603
 -0.2260163196786961 0.8559345434888298
 -0.2389399752103215 0.8207029901437977
 -0.2473457189790332 0.7845422328984121
 -0.2510814320707458 0.7480740661365900
 -0.2499371998092451 0.7124194928978463
 -0.2436929071194099 0.6784810847354026
 -0.2323896240739859 0.6467076181717206
 -0.2163857245385510 0.6180262422394001
 -0.1961863165862643 0.5943765423914401
 -0.1725405586960377 0.5771244586673838
 -0.1468401566912373 0.5646162896361785
 -0.1202885616903563 0.5614912068592085
 -9.503290374962847E-02 0.5637334803050018
 -7.240094540013278E-02 0.5734172350116508
 -5.373189014730506E-02 0.5893119311169875
 -4.017677531094060E-02 0.6093656495757889
 -3.239026600001260E-02 0.6323725277451533
 -3.045368934637410E-02 0.6575281461015214
 -3.415215826580853E-02 0.6835938350366918
 -4.324338587324528E-02 0.7092029160659954
 -5.740852620962572E-02 0.7335849907860725
 -7.612350548679020E-02 0.7564613188585841
 -9.879826945449371E-02 0.7774324526582284
 -0.1250109459620505 0.7959243132413549
 -0.1544569170992079 0.8116417795542428
 -0.1867293883403839 0.8246410438164975
 -0.2213469062500154 0.8349107624625793
 -0.2579827210318998 0.8422108160890005
 -0.2964671189417569 0.8463940307857747
 -0.3365455344195598 0.8475842034058387
 -0.3778336409516239 0.8458986652942893
 -0.4200539199183648 0.8412283761646745
 -0.4631091991509537 0.8334490220449304
 -0.5068406909004737 0.8226542023618510
 -0.5509120800502689 0.8089910476921895
 -0.5950426310637791 0.7924071928711769
 -0.6391578512717263 0.7727602288011297
 -0.6831612801722899 0.7500767022766286
 -0.7267407256334653 0.7244899134359145
 -0.7695817276245420 0.6959755115820840
 -0.8116012437527811 0.6643639706313158
 -0.8527480290204394 0.6296034741014267
 -0.8927200855217016 0.5917964267688699
 -0.9311379037428450 0.5509437884813563
 -0.9678710823569571 0.5068607640022850
 -1.002887904317863 0.4594225778439585
 -1.035867581266446 0.4087018661803202
 -1.066305113841072 0.3547445218189034
 -1.093950173179939 0.2973846127552408
 -1.118739357830150 0.2364502509291467
 -1.140273724196852 0.1720152149424262
 -1.157808451688904 0.1042416108796570
 -1.170847135152072 3.308368908380410E-02
 -1.179226357216552 -4.157705638943043E-02
 -1.182397205911496 -0.1195239546689705
 -1.179205066891644 -0.2002213748546264
 -1.168776046037334 -0.2832609620561121
 -1.150979464629326 -0.3683867911361567
 -1.125332067150141 -0.4548142182305616
 -1.090203962300451 -0.5408973616433831
 -1.044744489194034 -0.6251156525622538
 -0.9920713805695311 -0.7075515896519002
 -0.9274175398604279 -0.7838961747343290
 -0.8568636278497439 -0.8551468022038543
 -0.7785129223904775 -0.9184857424303103
 -0.6943777338352327 -0.9733788235049091
 -0.6072079975403134 -1.019985883312971
 -0.5184222748269413 -1.058260666351934
 -0.4287530794415507 -1.088363612217656
 -0.3393957844101997 -1.111048204898568
 -0.2516930866629953 -1.127226429070681
 -0.1662592227560550 -1.137489941095122
 -8.313001626009855E-02 -1.142285202675744
 -2.546487604137553E-03 -1.142230395150347
 7.497316171194357E-02 -1.137956384312338
 0.1492119230509460 -1.129820353097731
 0.2203551149673811 -1.118030693080285
 0.2884668867602360 -1.102920651271663
 0.3532886593290335 -1.084873053269932
 0.4146511943791252 -1.064086750208646
 0.4727084337069379 -1.040646123116564
 0.5275919927199640 -1.014754539747783
 0.5791336413884204 -0.9866962527016268
 0.6271350672243707 -0.9566242803531089
 0.6716701696445970 -0.9245911210446882
 0.7128821632148846 -0.8907602686014408
 0.7506627660870834 -0.8553953786927068
 0.7847909310099461 -0.8186583300295189
 0.8152663252985227 -0.7806109180825356
 0.8422353752591313 -0.7414178602628713
 0.8656546294989027 -0.7013609577110558
 0.8853039421177032 -0.6606391650585930
 0.9011232245083820 -0.6193446429605648
 0.9132637697550547 -0.5776683301856359
 0.9217623510547303 -0.5359411145628424
 0.9264298013550915 -0.4944272716888054
 0.9271651845630678 -0.4532727716978851
 0.9241366485088801 -0.4127251909159625
 0.9174966750540068 -0.3732086738717379
 0.9071413672724801 -0.3350980180230413
 0.8929726919947687 -0.2986287199514960
 0.8752257056926507 -0.2641467403149245
 0.8542692184773111 -0.2322313972327994
 0.8302196260315393 -0.2034234065601364
 0.8031063635213090 -0.1780634402960365
 0.7733918612219801 -0.1565941344764523
 0.7419419789053849 -0.1397577820633697
 0.7094283089277860 -0.1281962940802107
 0.6762600381946299 -0.1220984910618728
 0.6434192882540313 -0.1216175866530132
 0.6128383434176776 -0.1272859371571188
 0.5860747216993155 -0.1391377223197632
 0.5623921285610618 -0.1551408388277901
   
   
 #BODY NUMBER  2
 1.108793341411374 -0.5053832231147636
 1.142582771179588 -0.4112190620672332
 1.169010668598436 -0.3144922681948463
 1.184688447153698 -0.2149690967494614
 1.190159655578677 -0.1146593455711263
 1.186937685220700 -1.586460959450486E-02
 1.175691758300093 8.016347328811801E-02
 1.156927076455861 0.1728707473616374
 1.131893862476358 0.2615987312127047
 1.102053266723925 0.3456406075282682
 1.068224796915668 0.4247602600273613
 1.030813012014300 0.4991498954396133
 0.9904737829770066 0.5689098746195681
 0.9480125563572005 0.6339068548007509
 0.9038471659698665 0.6941314924585135
 0.8580654249345591 0.7498484739557351
 0.8109238589796198 0.8012799777208047
 0.7628832943484329 0.8483934804828552
 0.7142005603215515 0.8911418431462048
 0.6648717621152642 0.9297005737316425
 0.6150072136671838 0.9642853384026349
 0.5649371999643087 0.9948925719793724
 0.5148933950506137 1.021427039996921
 0.4648843141159343 1.043978990398769
 0.4149799396832554 1.062754197549615
 0.3654627451841525 1.077790714452863
 0.3165834453203352 1.088978047929014
 0.2683957228817078 1.096346807599776
 0.2209690141775819 1.100106161071763
 0.1745690918509063 1.100359378905184
 0.1294783286168308 1.097015286473736
 8.580658224746107E-02 1.090067925844689
 4.364356402497038E-02 1.079743790056638
 3.257444616602545E-03 1.066240169546887
 -3.502832307120968E-02 1.049525378640883
 -7.103685714738134E-02 1.029584989185047
 -0.1046378241394341 1.006688409634882
 -0.1355401450413767 0.9811797654203951
 -0.1633672872704706 0.9531564778932380
 -0.1878662882197600 0.9226513961289946
 -0.2088550654067496 0.8900410653324603
 -0.2260163196786961 0.8559345434888298
 -0.2389399752103215 0.8207029901437977
 -0.2473457189790332 0.7845422328984121
 -0.2510814320707458 0.7480740661365900
 -0.2499371998092451 0.7124194928978463
 -0.2436929071194099 0.6784810847354026
 -0.2323896240739859 0.6467076181717206
 -0.2163857245385510 0.6180262422394001
 -0.1961863165862643 0.5943765423914401
 -0.1725405586960377 0.5771244586673838
 -0.1468401566912373 0.5646162896361785
 -0.1202885616903563 0.5614912068592085
 -9.503290374962847E-02 0.5637334803050018
 -7.240094540013278E-02 0.5734172350116508
 -5.373189014730506E-02 0.5893119311169875
 -4.017677531094060E-02 0.6093656495757889
 -3.239026600001260E-02 0.6323725277451533
 -3.045368934637410E-02 0.6575281461015214
 -3.415215826580853E-02 0.6835938350366918
 -4.324338587324528E-02 0.7092029160659954
 -5.740852620962572E-02 0.7335849907860725
 -7.612350548679020E-02 0.7564613188585841
 -9.879826945449371E-02 0.7774324526582284
 -0.1250109459620505 0.7959243132413549
 -0.1544569170992079 0.8116417795542428
 -0.1867293883403839 0.8246410438164975
 -0.2213469062500154 0.8349107624625793
 -0.2579827210318998 0.8422108160890005
 -0.2964671189417569 0.8463940307857747
 -0.3365455344195598 0.8475842034058387
 -0.3778336409516239 0.8458986652942893
 -0.4200539199183648 0.8412283761646745
 -0.4631091991509537 0.8334490220449304
 -0.5068406909004737 0.8226542023618510
 -0.5509120800502689 0.8089910476921895
 -0.5950426310637791 0.7924071928711769
 -0.6391578512717263 0.7727602288011297
 -0.6831612801722899 0.7500767022766286
 -0.7267407256334653 0.7244899134359145
 -0.7695817276245420 0.6959755115820840
 -0.8116012437527811 0.6643639706313158
 -0.8527480290204394 0.6296034741014267
 -0.8927200855217016 0.5917964267688699
 -0.9311379037428450 0.5509437884813563
 -0.9678710823569571 0.5068607640022850
 -1.002887904317863 0.4594225778439585
 -1.035867581266446 0.4087018661803202
 -1.066305113841072 0.3547445218189034
 -1.093950173179939 0.2973846127552408
 -1.118739357830150 0.2364502509291467
 -1.140273724196852 0.1720152149424262
 -1.157808451688904 0.1042416108796570
 -1.170847135152072 3.308368908380410E-02
 -1.179226357216552 -4.157705638943043E-02
 -1.182397205911496 -0.1195239546689705
 -1.179205066891644 -0.2002213748546264
 -1.168776046037334 -0.2832609620561121
 -1.150979464629326 -0.3683867911361567
 -1.125332067150141 -0.4548142182305616
 -1.090203962300451 -0.5408973616433831
 -1.044744489194034 -0.6251156525622538
 -0.9920713805695311 -0.7075515896519002
 -0.9274175398604279 -0.7838961747343290
 -0.8568636278497439 -0.8551468022038543
 -0.7785129223904775 -0.9184857424303103
 -0.6943777338352327 -0.9733788235049091
 -0.6072079975403134 -1.019985883312971
 -0.5184222748269413 -1.058260666351934
 -0.4287530794415507 -1.088363612217656
 -0.3393957844101997 -1.111048204898568
 -0.2516930866629953 -1.127226429070681
 -0.1662592227560550 -1.137489941095122
 -8.313001626009855E-02 -1.142285202675744
 -2.546487604137553E-03 -1.142230395150347
 7.497316171194357E-02 -1.137956384312338
 0.1492119230509460 -1.129820353097731
 0.2203551149673811 -1.118030693080285
 0.2884668867602360 -1.102920651271663
 0.3532886593290335 -1.084873053269932
 0.4146511943791252 -1.064086750208646
 0.4727084337069379 -1.040646123116564
 0.5275919927199640 -1.014754539747783
 0.5791336413884204 -0.9866962527016268
 0.6271350672243707 -0.9566242803531089
 0.6716701696445970 -0.9245911210446882
 0.7128821632148846 -0.8907602686014408
 0.7506627660870834 -0.8553953786927068
 0.7847909310099461 -0.8186583300295189
 0.8152663252985227 -0.7806109180825356
 0.8422353752591313 -0.7414178602628713
 0.8656546294989027 -0.7013609577110558
 0.8853039421177032 -0.6606391650585930
 0.9011232245083820 -0.6193446429605648
 0.9132637697550547 -0.5776683301856359
 0.9217623510547303 -0.5359411145628424
 0.9264298013550915 -0.4944272716888054
 0.9271651845630678 -0.4532727716978851
 0.9241366485088801 -0.4127251909159625
 0.9174966750540068 -0.3732086738717379
 0.9071413672724801 -0.3350980180230413
 0.8929726919947687 -0.2986287199514960
 0.8752257056926507 -0.2641467403149245
 0.8542692184773111 -0.2322313972327994
 0.8302196260315393 -0.2034234065601364
 0.8031063635213090 -0.1780634402960365
 0.7733918612219801 -0.1565941344764523
 0.7419419789053849 -0.1397577820633697
 0.7094283089277860 -0.1281962940802107
 0.6762600381946299 -0.1220984910618728
 0.6434192882540313 -0.1216175866530132
 0.6128383434176776 -0.1272859371571188
 0.5860747216993155 -0.1391377223197632
 0.5623921285610618 -0.1551408388277901
 0.5464099299868359 -0.1765726532210641
 0.5357239667827604 -0.1995658313099212
 0.5327943651879876 -0.2240075595313003
 0.5372250481742290 -0.2481227836975728
 0.5478145203817095 -0.2698887167264803
 0.5638458066826888 -0.2881354706812303
 0.5846629229003906 -0.3023904044378412
 0.6090857061451083 -0.3122202808660890
 0.6358094346877776 -0.3171515873211141
 0.6640075009605251 -0.3170752533016756
 0.6931764718552094 -0.3123057698526076
 0.7226753884557156 -0.3031544151315824
 0.7517961477377217 -0.2896995016664181
 0.7801308584163875 -0.2720572757789803
 0.8075247871185951 -0.2506081279723465
 0.8337273833106364 -0.2257633373696837
 0.8583673225910482 -0.1976858178934410
 0.8812322917428677 -0.1664489590025431
 0.9023022192056331 -0.1323351193653704
 0.9214865536480166 -9.573580117866987E-02
 0.9385521041021223 -5.683682247379906E-02
 0.9533426254256832 -1.566017983147250E-02
 0.9658597832256242 2.760981281054109E-02
 0.9760628387607591 7.260833272916445E-02
 0.9837660746998440 0.1191184384003756
 0.9888089148119167 0.1671468218290261
 0.9911661190445624 0.2165966723727872
 0.9907970326378235 0.2671309736453604
 0.9875233372542265 0.3184895706201279
 0.9811566978022088 0.3706853095172970
 0.9716266173929931 0.4236997191080969
 0.9588707822115493 0.4772200591459753
 0.9427002687535174 0.5309171848272151
 0.9228898389860464 0.5847705629083230
 0.8993155756439334 0.6388151133654276
 0.8718799893194884 0.6927367072433236
 0.8403703246690695 0.7460750558621747
 0.8045177159306056 0.7986963340705926
 0.7641416029509212 0.8506315786298262
 0.7191064080760077 0.9014984049511513
 0.6691801089976473 0.9505707264390905
 0.6140748827735161 0.9974415184480240
 0.5536063915604510 1.042028510356432
 0.4876878218516401 1.083747995017581
 0.4162057364410688 1.121332231626805
 0.3390768339776539 1.153820228231118
 0.2564574127721193 1.180970851171288
 0.1687853665850444 1.201973266960558
 7.667112512707719E-02 1.214593007480335
 -1.899379082518160E-02 1.217333094386957
 -0.1167219608418427 1.212934812766664
 -0.2151652313191602 1.195115236801562
 -0.3121470407486924 1.169639070398701
 -0.4061755247632207 1.133454839179772
 -0.4957819217434443 1.088038169076035
 -0.5797296876803861 1.035850492907476
 -0.6572694834731521 0.9780971930638160
 -0.7281739970143100 0.9154928648560183
 -0.7924980780661586 0.8494494736858637
 -0.8503601800609295 0.7815858215424126
 -0.9019655741596124 0.7127296810677602
 -0.9476829957542013 0.6431353072361309
 -0.9879272953728692 0.5733205205307786
 -1.022985718069144 0.5040495295115870
 -1.053059089020812 0.4356888606392174
 -1.078420539901940 0.3681822191245500
 -1.099390745739856 0.3016406735508582
 -1.116171953677466 0.2364795727870768
 -1.128851754700677 0.1729449070624416
 -1.137580195822202 0.1109455493849217
 -1.142599206387148 5.046920134514798E-02
 -1.144070841352729 -8.196319277745667E-03
 -1.142028462274984 -6.480275964381232E-02
 -1.136554483760531 -0.1193878693540804
 -1.127862102898140 -0.1719939289481742
 -1.116125511271236 -0.2223953357601566
 -1.101374376330281 -0.2703197178994946
 -1.083662048180231 -0.3157358895172409
 -1.063204389436713 -0.3586883008088917
 -1.040223721349809 -0.3989984211941279
 -1.014782270734534 -0.4363761214151427
 -0.9869298067558431 -0.4707232828841244
 -0.9569073337800251 -0.5020754598710020
 -0.9250197956713329 -0.5302990549840449
 -0.8914014782838817 -0.5550981069520776
 -0.8561283274156866 -0.5763122174871619
 -0.8194988243694460 -0.5939632187189194
 -0.7819565300126301 -0.6079710915486571
 -0.7437740800020095 -0.6180584598701966
 -0.7051064037750088 -0.6240226761774987
 -0.6663706402859011 -0.6258943250175358
 -0.6282528987986149 -0.6237031462560304
 -0.5912796508212178 -0.6172795835836613
 -0.5557606445422758 -0.6064787926023755
 -0.5223104291512344 -0.5914799316601377
 -0.4920047790961398 -0.5726617108344766
 -0.4657354018083760 -0.5502847906551920
 -0.4438704141206440 -0.5246091271098479
 -0.4270335637154803 -0.4964086555863869
 -0.4166520268314133 -0.4670906052343212
 -0.4135341630032778 -0.4379867363476206
 -0.4155519718698244 -0.4094754508083884
 -0.4261213682964797 -0.3849185536381444
 -0.4406910630331319 -0.3641676489950806
 -0.4603934197878548 -0.3494096754803505
 -0.4834931580269239 -0.3411891474194148
 -0.5076377450707690 -0.3394769328493085
 -0.5314555406826762 -0.3442370570639229
 -0.5542092335540164 -0.3551377416636802
 -0.5749335478792997 -0.3713735541706028
 -0.5925660488145323 -0.3920513287448812
 -0.6065989747508993 -0.4165097374843970
 -0.6170529663684192 -0.4441555490059765
 -0.6238771190012218 -0.4742780375266459
 -0.6267852017756712 -0.5062248115749369
 -0.6256739413171796 -0.5395845037752626
 -0.6207953987782112 -0.5740329158441509
 -0.6123804770606210 -0.6091474250928955
 -0.6003846015591484 -0.6445249981955595
 -0.5847651728011107 -0.6799450717832316
 -0.5657566847860734 -0.7152490840404684
 -0.5436529126963926 -0.7501628641156194
 -0.5184981841837575 -0.7843915536908754
 -0.4902334262747295 -0.8177888422134579
 -0.4590190923251505 -0.8502640151723921
 -0.4251507587104900 -0.8815993804213540
 -0.3887234436360650 -0.9115256312715525
 -0.3496510635401904 -0.9399070506301559
 -0.3080048388722725 -0.9666733746494158
 -0.2640563070043583 -0.9916208870812749
 -0.2179416096296845 -1.014465082202212
 -0.1695554540494277 -1.035049280148613
 -0.1188785883725537 -1.053303193209524
 -6.615069668984774E-02 -1.069016485914845
 -1.156236501067238E-02 -1.081860973308571
 4.498124337091063E-02 -1.091631326910608
 0.1035723286739297 -1.098237691209386
 0.1639875919469575 -1.101438573423644
 0.2259347891720027 -1.100819577681078
 0.2894324572493331 -1.096080946825833
 0.3545977548792291 -1.087081829558973
 0.4211673161208443 -1.073513619893578
 0.4886283426912568 -1.054812337318747
 0.5567722523785555 -1.030525207531828
 0.6256199656561008 -1.000451453967002
 0.6947093840598564 -0.9642240403486105
 0.7629993304505754 -0.9211108567721790
 0.8296992120596800 -0.8705592661750057
 0.8945220518572069 -0.8125840600351308
 0.9565467005650964 -0.7471590487299969
 1.013532837173374 -0.6736956458369516
 1.063738280019216 -0.5922174418247037
 1.108793341411374 -0.5053832231147636
   
   
 #BODY NUMBER  3
 -3.194162714556707 -1.318996657231155
 -3.220505638632316 -1.252855694147995
 -3.245745987666919 -1.186317777837893
 -3.269370336343718 -1.119238100958069
 -3.291439178920674 -1.051699120807363
 -3.312121277941792 -0.9838020608630109
 -3.331399482576048 -0.9155633765316628
 -3.349185156322267 -0.8469839428300624
 -3.365503387268877 -0.7781119473126632
 -3.380445966132929 -0.7089998045730599
 -3.394028138723485 -0.6396564569559652
 -3.406198890923470 -0.5700790159778664
 -3.416954578210937 -0.5002938343172993
 -3.426348144905225 -0.4303336356621237
 -3.434394623526814 -0.3602028988751895
 -3.441046935571854 -0.2898977380690664
 -3.446273917442547 -0.2194394398522665
 -3.450095208723460 -0.1488600446394406
 -3.452518076598892 -7.817258995122178E-02
 -3.453496079596674 -7.384490441100455E-03
 -3.452981260365712 6.347236978355508E-02
 -3.450973336392609 0.1343515332403233
 -3.447481844282690 0.2052207237124564
 -3.442475603686937 0.2760538655689855
 -3.435912148224602 0.3468030878649202
 -3.427793655961961 0.4174060940263418
 -3.418150596687473 0.4878162674295510
 -3.406985770350452 0.5579995940896296
 -3.394280645511865 0.6279068015075333
 -3.380051468122839 0.6974773462664825
 -3.364352382654926 0.7666706325241028
 -3.347218164606771 0.8354660087249186
 -3.328648089304370 0.9038316886566526
 -3.308658764806544 0.9717231871804013
 -3.287308585689256 1.039115925792351
 -3.264645762125203 1.106008632493711
 -3.240670824707624 1.172387551910937
 -3.215382713931306 1.238218740916996
 -3.188827260934702 1.303485173309965
 -3.161056992462592 1.368196743219978
 -3.132069804625067 1.432348319913456
 -3.101840872163419 1.495904009255749
 -3.070398946791357 1.558843343451731
 -3.037806753352401 1.621183096101148
 -3.004067460521799 1.682923736322010
 -2.969127088727706 1.744017820258532
 -2.932991263965980 1.804434575886350
 -2.895750343299958 1.864207618945945
 -2.857424910796046 1.923349857598306
 -2.817882709758821 1.981770277650416
 -2.777077987315941 2.039409448561720
 -2.735413767607834 2.096499225428355
 -2.692212223861799 2.152594241330146
 -2.648111663564334 2.208096353051989
 -2.602699901003794 2.262694131922652
 -2.556024017216179 2.316359816412365
 -2.508201616824474 2.369127453140199
 -2.459203754443944 2.420933912282780
 -2.408971427386443 2.471663938450372
 -2.357553470821588 2.521258853620389
 -2.305044596246823 2.569715642400734
 -2.251477431865047 2.617008878782451
 -2.196853555651017 2.663076030748917
 -2.141226788692212 2.707879640633053
 -2.084682589108386 2.751432437181204
 -2.027263567796808 2.793745375657176
 -1.968976793002347 2.834790983106473
 -1.909857331147160 2.874540761317182
 -1.849968549172992 2.913004766924815
 -1.789347009071517 2.950202176440010
 -1.727997516570502 2.986116089758225
 -1.665943188078612 3.020712685853780
 -1.603236342569263 3.053989290052218
 -1.539915152741440 3.085964988432149
 -1.475989974844486 3.116631582506991
 -1.411482291331812 3.145954827440127
 -1.346441391494408 3.173925326548066
 -1.280909492223881 3.200567382578062
 -1.214902017275580 3.225888956932555
 -1.148437606159095 3.249863912258416
 -1.081558759321656 3.272480861233483
 -1.014304439431220 3.293769901446617
 -0.9466869430994080 3.313755068330311
 -0.8787153039981297 3.332416682348545
 -0.8104193235760841 3.349734272054808
 -0.7418291171672018 3.365732995197857
 -0.6729502912506988 3.380443777394531
 -0.6037823081226481 3.393844571417764
 -0.5343451419250365 3.405892916602877
 -0.4646644474405395 3.416595656877639
 -0.3947454535814745 3.425983779070057
 -0.3245874450738226 3.434028869791924
 -0.2542125016344969 3.440657545393474
 -0.1836541557294458 3.445851503347069
 -0.1129291442058169 3.449649072298711
 -4.204971617487185E-02 3.452026526994610
 2.894491617177164E-02 3.452876632554490
 0.1000008223687896 3.452157973990360
 0.1710842585318642 3.449955210611153
 0.2421662843928576 3.446286231284532
 0.3131801328774493 3.440970447984175
 0.3840518205636343 3.433936042335834
 0.4547967446094177 3.425724383242748
 0.5252479609080078 3.415467543160610
 0.5954916612647406 3.404057368469911
 0.6653965398587194 3.390976816131969
 0.7349214337034019 3.376319504360380
 0.8040630619680439 3.360282197544076
 0.8727985984369468 3.342858270331023
 0.9410829670727927 3.323971398767871
 1.008886980273493 3.303667403553757
 1.076211141027992 3.282051985078277
 1.143055327943129 3.259142817771735
 1.209396535460468 3.234894277871038
 1.275210119229964 3.209316385466863
 1.340494211866296 3.182471353528671
 1.405252450820696 3.154374440032509
 1.469464662118469 3.124982930854354
 1.533096829216984 3.094280480831094
 1.596131024095489 3.062300118549212
 1.658559589522064 3.029054656335240
 1.720352883482341 2.994507582021236
 1.781459314853815 2.958633305376539
 1.841838509019814 2.921454810478579
 1.901467282259360 2.882996494378209
 1.960307462239105 2.843244391916566
 2.018296358314208 2.802185661601608
 2.075381109102229 2.759853337981024
 2.131536578317031 2.716297116977513
 2.186734708958251 2.671536430410772
 2.240923564070490 2.625579865833352
 2.294058834492349 2.578471764360025
 2.346132435428820 2.530279314399819
 2.397143869857556 2.481042958195727
 2.447065247774234 2.430777961267791
 2.495866347947881 2.379520949186309
 2.543555082057789 2.327334782389415
 2.590154453607042 2.274261848110779
 2.635652815389331 2.220309483544401
 2.680020242041754 2.165493742695365
 2.723264904010143 2.109862829594818
 2.765421633234932 2.053457286673051
 2.806484934425547 1.996277857274744
 2.846411309720181 1.938320989162526
 2.885197409345149 1.879621815948435
 2.922889122085703 1.820226272140533
 2.959488438547585 1.760136867333079
 2.994927281360505 1.699330575773460
 3.029181814167569 1.637827655729194
 3.062326327585668 1.575689550842301
 3.094382292443339 1.512927633356706
 3.125204759789612 1.449472872710863
 3.154719384830433 1.385315361025304
 3.183328472039271 1.320688199895910
 3.210307408962897 1.255227057578243
 3.236323367528962 1.189283796178590
 3.260900549740892 1.122657166735204
 3.284038453926656 1.055401823386183
 3.305825367634776 0.9876025914130976
 3.326192146142107 0.9192659682891343
 3.345009474009141 0.8503984838823341
 3.362250952162483 0.7810717697014766
 3.377961324944695 0.7113693560054262
 3.392134886887557 0.6413322126512531
 3.404718272663500 0.5709929722134934
 3.415705953525006 0.5004169739547035
 3.425151681949647 0.4296718624043767
 3.433086250922818 0.3587890620501253
 3.439489402290442 0.2877884306488097
 3.444353989088120 0.2167145857187984
 3.447720404088554 0.1456173763236452
 3.449623535632948 7.451887782163302E-02
 3.450051150665327 3.431702147363991E-03
 3.448985517522602 -6.760722078917469E-02
 3.446450479355455 -0.1385512440906760
 3.442481651542312 -0.2093768522693937
 3.437077112110194 -0.2800709773070156
 3.430217945387346 -0.3505978924348463
 3.421920658252649 -0.4209102135330063
 3.412227405948411 -0.4909835310745243
 3.401152795129068 -0.5608084683966641
 3.388683509937618 -0.6303558145340435
 3.374830938887404 -0.6995830693586076
 3.359640628588947 -0.7684715390045374
 3.343139542643192 -0.8370225920100347
 3.325315154907963 -0.9052185652177260
 3.306164637314879 -0.9730234140927136
 3.285724834780433 -1.040423636865149
 3.264025332914041 -1.107429840990023
 3.241046769405019 -1.174031468519065
 3.216762359310084 -1.240189991005556
 3.191190857035887 -1.305886612719853
 3.164361712418820 -1.371132298705060
 3.136249961105882 -1.435913461712546
 3.106803090850607 -1.500174288321670
 3.076022017432083 -1.563876587301251
 3.043948302855014 -1.627025028439482
 3.010567525002537 -1.689597141067940
 2.975806421839970 -1.751505348992410
 2.939656092168276 -1.812682239565887
 2.902206725041819 -1.873140919381795
 2.863488282808509 -1.932865269866567
 2.823377755187091 -1.991707175024545
 2.781849937352011 -2.049566654145687
 2.739365969947289 -2.106727726011593
 2.695257677724308 -2.162611849012616
 2.650254326402178 -2.217739590632019
 2.603973796484999 -2.271738715173900
 2.556517745217272 -2.324620383553017
 2.508058215973747 -2.376480136681066
 2.458600884139101 -2.427294893799361
 2.408102189249474 -2.476987455937808
 2.356616406995383 -2.525555456241094
 2.304234825104936 -2.573052180505217
 2.250972810780356 -2.619486360815770
 2.196802355463002 -2.664815261893172
 2.141744458980973 -2.709022551149563
 2.085853933038928 -2.752137717866548
 2.029142172706118 -2.794171541157320
 1.971582273453385 -2.835085192785288
 1.913177088225563 -2.874841040978828
 1.853964184627971 -2.913440073909771
 1.793958487076828 -2.950882066384018
 1.733143196114333 -2.987123091580135
 1.671521945511897 -3.022105675160094
 1.609134827372795 -3.055806343718902
 1.546014562023330 -3.088217218090666
 1.482168141447832 -3.119298257485552
 1.417615789910393 -3.148988749466529
 1.352412546859732 -3.177259432007365
 1.286614018370442 -3.204113384407064
 1.220251061392202 -3.229536024500402
 1.153357081441376 -3.253486667340885
 1.085992633630490 -3.275949110626508
 1.018219947226106 -3.296949946923922
 0.9500742947492142 -3.316508966920646
 0.8815828415301363 -3.334609649924444
 0.8127924168586631 -3.351244136366710
 0.7437535036314666 -3.366450708181765
 0.6744913085181603 -3.380270480604491
 0.6050180093182929 -3.392697035455337
 0.5353624718895518 -3.403712483612362
 0.4655623569245593 -3.413348002904784
 0.3956353592276609 -3.421654029893029
 0.3255848701995205 -3.428626177188200
 0.2554295624432386 -3.434224998418276
 0.1852015374462086 -3.438465159400166
 0.1149176312666971 -3.441409368241681
 4.457902197421415E-02 -3.443060603655089
 -2.580019263279887E-02 -3.443348396031992
 -9.619055020158918E-02 -3.442262231615544
 -0.1665759842857097 -3.439897169788246
 -0.2369573816472932 -3.436277490955012
 -0.3073220500307905 -3.431243150361280
 -0.3776413975144923 -3.424724809587024
 -0.4479147044314367 -3.417187425324265
 -0.5180951851010975 -3.407821298908389
 -0.5882117039646276 -3.397380149230579
 -0.6582006487370975 -3.385351298657856
 -0.7280144367104764 -3.371761639798547
 -0.7976237508103025 -3.356730044553296
 -0.8669883916981632 -3.340199880571914
 -0.9360380466226980 -3.322062422332706
 -1.004697481340894 -3.302330623321866
 -1.072916728697872 -3.281084998406160
 -1.140657455022510 -3.258341091433704
 -1.207864717012483 -3.234069002962411
 -1.274479164832794 -3.208296614587756
 -1.340469092841262 -3.181104299585581
 -1.405822683126009 -3.152534437707301
 -1.470512609288096 -3.122579413755283
 -1.534496657940961 -3.091255347035981
 -1.597751854915562 -3.058622143248460
 -1.660276526561431 -3.024721054261643
 -1.722053634094825 -2.989547791905589
 -1.783042329443990 -2.953105465064605
 -1.843214136786192 -2.915438045961542
 -1.902566498800873 -2.876588136162756
 -1.961087137265708 -2.836560605199975
 -2.018735654055534 -2.795356935005281
 -2.075479266758240 -2.753015113015059
 -2.131317913724530 -2.709583851503538
 -2.186250777853488 -2.665080488535891
 -2.240245903778523 -2.619508097724373
 -2.293272179565747 -2.572897791874876
 -2.345336189157727 -2.525298362442079
 -2.396452599543784 -2.476732476320276
 -2.446599850909833 -2.427198117130819
 -2.495745313738795 -2.376710857962094
 -2.543895717613231 -2.325309358332708
 -2.591075041663342 -2.273013936404507
 -2.637264461282371 -2.219813102898699
 -2.682417217385048 -2.165702925597321
 -2.726526409595348 -2.110709044157786
 -2.769616258837346 -2.054851480364996
 -2.811662516032060 -1.998115408079379
 -2.852590589216110 -1.940483257071804
 -2.892367861702638 -1.881974916045818
 -2.931019158649197 -1.822624043859229
 -2.968517808827665 -1.762429385926670
 -3.004751338011741 -1.701371283562080
 -3.039656914537066 -1.639475734424473
 -3.073290983573683 -1.576814291229357
 -3.105654567201367 -1.513420961417965
 -3.136557888064540 -1.449263272959630
 -3.165901757915645 -1.384369388190147
 -3.194162714556707 -1.318996657231155
   
   
 #BODY NUMBER  4
 3.183328472039271 1.320688199895910
 3.210307408962897 1.255227057578243
 3.236323367528962 1.189283796178590
 3.260900549740892 1.122657166735204
 3.284038453926656 1.055401823386183
 3.305825367634776 0.9876025914130976
 3.326192146142107 0.9192659682891343
 3.345009474009141 0.8503984838823341
 3.362250952162483 0.7810717697014766
 3.377961324944695 0.7113693560054262
 3.392134886887557 0.6413322126512531
 3.404718272663500 0.5709929722134934
 3.415705953525006 0.5004169739547035
 3.425151681949647 0.4296718624043767
 3.433086250922818 0.3587890620501253
 3.439489402290442 0.2877884306488097
 3.444353989088120 0.2167145857187984
 3.447720404088554 0.1456173763236452
 3.449623535632948 7.451887782163302E-02
 3.450051150665327 3.431702147363991E-03
 3.448985517522602 -6.760722078917469E-02
 3.446450479355455 -0.1385512440906760
 3.442481651542312 -0.2093768522693937
 3.437077112110194 -0.2800709773070156
 3.430217945387346 -0.3505978924348463
 3.421920658252649 -0.4209102135330063
 3.412227405948411 -0.4909835310745243
 3.401152795129068 -0.5608084683966641
 3.388683509937618 -0.6303558145340435
 3.374830938887404 -0.6995830693586076
 3.359640628588947 -0.7684715390045374
 3.343139542643192 -0.8370225920100347
 3.325315154907963 -0.9052185652177260
 3.306164637314879 -0.9730234140927136
 3.285724834780433 -1.040423636865149
 3.264025332914041 -1.107429840990023
 3.241046769405019 -1.174031468519065
 3.216762359310084 -1.240189991005556
 3.191190857035887 -1.305886612719853
 3.164361712418820 -1.371132298705060
 3.136249961105882 -1.435913461712546
 3.106803090850607 -1.500174288321670
 3.076022017432083 -1.563876587301251
 3.043948302855014 -1.627025028439482
 3.010567525002537 -1.689597141067940
 2.975806421839970 -1.751505348992410
 2.939656092168276 -1.812682239565887
 2.902206725041819 -1.873140919381795
 2.863488282808509 -1.932865269866567
 2.823377755187091 -1.991707175024545
 2.781849937352011 -2.049566654145687
 2.739365969947289 -2.106727726011593
 2.695257677724308 -2.162611849012616
 2.650254326402178 -2.217739590632019
 2.603973796484999 -2.271738715173900
 2.556517745217272 -2.324620383553017
 2.508058215973747 -2.376480136681066
 2.458600884139101 -2.427294893799361
 2.408102189249474 -2.476987455937808
 2.356616406995383 -2.525555456241094
 2.304234825104936 -2.573052180505217
 2.250972810780356 -2.619486360815770
 2.196802355463002 -2.664815261893172
 2.141744458980973 -2.709022551149563
 2.085853933038928 -2.752137717866548
 2.029142172706118 -2.794171541157320
 1.971582273453385 -2.835085192785288
 1.913177088225563 -2.874841040978828
 1.853964184627971 -2.913440073909771
 1.793958487076828 -2.950882066384018
 1.733143196114333 -2.987123091580135
 1.671521945511897 -3.022105675160094
 1.609134827372795 -3.055806343718902
 1.546014562023330 -3.088217218090666
 1.482168141447832 -3.119298257485552
 1.417615789910393 -3.148988749466529
 1.352412546859732 -3.177259432007365
 1.286614018370442 -3.204113384407064
 1.220251061392202 -3.229536024500402
 1.153357081441376 -3.253486667340885
 1.085992633630490 -3.275949110626508
 1.018219947226106 -3.296949946923922
 0.9500742947492142 -3.316508966920646
 0.8815828415301363 -3.334609649924444
 0.8127924168586631 -3.351244136366710
 0.7437535036314666 -3.366450708181765
 0.6744913085181603 -3.380270480604491
 0.6050180093182929 -3.392697035455337
 0.5353624718895518 -3.403712483612362
 0.4655623569245593 -3.413348002904784
 0.3956353592276609 -3.421654029893029
 0.3255848701995205 -3.428626177188200
 0.2554295624432386 -3.434224998418276
 0.1852015374462086 -3.438465159400166
 0.1149176312666971 -3.441409368241681
 4.457902197421415E-02 -3.443060603655089
 -2.580019263279887E-02 -3.443348396031992
 -9.619055020158918E-02 -3.442262231615544
 -0.1665759842857097 -3.439897169788246
 -0.2369573816472932 -3.436277490955012
 -0.3073220500307905 -3.431243150361280
 -0.3776413975144923 -3.424724809587024
 -0.4479147044314367 -3.417187425324265
 -0.5180951851010975 -3.407821298908389
 -0.5882117039646276 -3.397380149230579
 -0.6582006487370975 -3.385351298657856
 -0.7280144367104764 -3.371761639798547
 -0.7976237508103025 -3.356730044553296
 -0.8669883916981632 -3.340199880571914
 -0.9360380466226980 -3.322062422332706
 -1.004697481340894 -3.302330623321866
 -1.072916728697872 -3.281084998406160
 -1.140657455022510 -3.258341091433704
 -1.207864717012483 -3.234069002962411
 -1.274479164832794 -3.208296614587756
 -1.340469092841262 -3.181104299585581
 -1.405822683126009 -3.152534437707301
 -1.470512609288096 -3.122579413755283
 -1.534496657940961 -3.091255347035981
 -1.597751854915562 -3.058622143248460
 -1.660276526561431 -3.024721054261643
 -1.722053634094825 -2.989547791905589
 -1.783042329443990 -2.953105465064605
 -1.843214136786192 -2.915438045961542
 -1.902566498800873 -2.876588136162756
 -1.961087137265708 -2.836560605199975
 -2.018735654055534 -2.795356935005281
 -2.075479266758240 -2.753015113015059
 -2.131317913724530 -2.709583851503538
 -2.186250777853488 -2.665080488535891
 -2.240245903778523 -2.619508097724373
 -2.293272179565747 -2.572897791874876
 -2.345336189157727 -2.525298362442079
 -2.396452599543784 -2.476732476320276
 -2.446599850909833 -2.427198117130819
 -2.495745313738795 -2.376710857962094
 -2.543895717613231 -2.325309358332708
 -2.591075041663342 -2.273013936404507
 -2.637264461282371 -2.219813102898699
 -2.682417217385048 -2.165702925597321
 -2.726526409595348 -2.110709044157786
 -2.769616258837346 -2.054851480364996
 -2.811662516032060 -1.998115408079379
 -2.852590589216110 -1.940483257071804
 -2.892367861702638 -1.881974916045818
 -2.931019158649197 -1.822624043859229
 -2.968517808827665 -1.762429385926670
 -3.004751338011741 -1.701371283562080
 -3.039656914537066 -1.639475734424473
 -3.073290983573683 -1.576814291229357
 -3.105654567201367 -1.513420961417965
 -3.136557888064540 -1.449263272959630
 -3.165901757915645 -1.384369388190147
 -3.194162714556707 -1.318996657231155
 -3.220505638632316 -1.252855694147995
 -3.245745987666919 -1.186317777837893
 -3.269370336343718 -1.119238100958069
 -3.291439178920674 -1.051699120807363
 -3.312121277941792 -0.9838020608630109
 -3.331399482576048 -0.9155633765316628
 -3.349185156322267 -0.8469839428300624
 -3.365503387268877 -0.7781119473126632
 -3.380445966132929 -0.7089998045730599
 -3.394028138723485 -0.6396564569559652
 -3.406198890923470 -0.5700790159778664
 -3.416954578210937 -0.5002938343172993
 -3.426348144905225 -0.4303336356621237
 -3.434394623526814 -0.3602028988751895
 -3.441046935571854 -0.2898977380690664
 -3.446273917442547 -0.2194394398522665
 -3.450095208723460 -0.1488600446394406
 -3.452518076598892 -7.817258995122178E-02
 -3.453496079596674 -7.384490441100455E-03
 -3.452981260365712 6.347236978355508E-02
 -3.450973336392609 0.1343515332403233
 -3.447481844282690 0.2052207237124564
 -3.442475603686937 0.2760538655689855
 -3.435912148224602 0.3468030878649202
 -3.427793655961961 0.4174060940263418
 -3.418150596687473 0.4878162674295510
 -3.406985770350452 0.5579995940896296
 -3.394280645511865 0.6279068015075333
 -3.380051468122839 0.6974773462664825
 -3.364352382654926 0.7666706325241028
 -3.347218164606771 0.8354660087249186
 -3.328648089304370 0.9038316886566526
 -3.308658764806544 0.9717231871804013
 -3.287308585689256 1.039115925792351
 -3.264645762125203 1.106008632493711
 -3.240670824707624 1.172387551910937
 -3.215382713931306 1.238218740916996
 -3.188827260934702 1.303485173309965
 -3.161056992462592 1.368196743219978
 -3.132069804625067 1.432348319913456
 -3.101840872163419 1.495904009255749
 -3.070398946791357 1.558843343451731
 -3.037806753352401 1.621183096101148
 -3.004067460521799 1.682923736322010
 -2.969127088727706 1.744017820258532
 -2.932991263965980 1.804434575886350
 -2.895750343299958 1.864207618945945
 -2.857424910796046 1.923349857598306
 -2.817882709758821 1.981770277650416
 -2.777077987315941 2.039409448561720
 -2.735413767607834 2.096499225428355
 -2.692212223861799 2.152594241330146
 -2.648111663564334 2.208096353051989
 -2.602699901003794 2.262694131922652
 -2.556024017216179 2.316359816412365
 -2.508201616824474 2.369127453140199
 -2.459203754443944 2.420933912282780
 -2.408971427386443 2.471663938450372
 -2.357553470821588 2.521258853620389
 -2.305044596246823 2.569715642400734
 -2.251477431865047 2.617008878782451
 -2.196853555651017 2.663076030748917
 -2.141226788692212 2.707879640633053
 -2.084682589108386 2.751432437181204
 -2.027263567796808 2.793745375657176
 -1.968976793002347 2.834790983106473
 -1.909857331147160 2.874540761317182
 -1.849968549172992 2.913004766924815
 -1.789347009071517 2.950202176440010
 -1.727997516570502 2.986116089758225
 -1.665943188078612 3.020712685853780
 -1.603236342569263 3.053989290052218
 -1.539915152741440 3.085964988432149
 -1.475989974844486 3.116631582506991
 -1.411482291331812 3.145954827440127
 -1.346441391494408 3.173925326548066
 -1.280909492223881 3.200567382578062
 -1.214902017275580 3.225888956932555
 -1.148437606159095 3.249863912258416
 -1.081558759321656 3.272480861233483
 -1.014304439431220 3.293769901446617
 -0.9466869430994080 3.313755068330311
 -0.8787153039981297 3.332416682348545
 -0.8104193235760841 3.349734272054808
 -0.7418291171672018 3.365732995197857
 -0.6729502912506988 3.380443777394531
 -0.6037823081226481 3.393844571417764
 -0.5343451419250365 3.405892916602877
 -0.4646644474405395 3.416595656877639
 -0.3947454535814745 3.425983779070057
 -0.3245874450738226 3.434028869791924
 -0.2542125016344969 3.440657545393474
 -0.1836541557294458 3.445851503347069
 -0.1129291442058169 3.449649072298711
 -4.204971617487185E-02 3.452026526994610
 2.894491617177164E-02 3.452876632554490
 0.1000008223687896 3.452157973990360
 0.1710842585318642 3.449955210611153
 0.2421662843928576 3.446286231284532
 0.3131801328774493 3.440970447984175
 0.3840518205636343 3.433936042335834
 0.4547967446094177 3.425724383242748
 0.5252479609080078 3.415467543160610
 0.5954916612647406 3.404057368469911
 0.6653965398587194 3.390976816131969
 0.7349214337034019 3.376319504360380
 0.8040630619680439 3.360282197544076
 0.8727985984369468 3.342858270331023
 0.9410829670727927 3.323971398767871
 1.008886980273493 3.303667403553757
 1.076211141027992 3.282051985078277
 1.143055327943129 3.259142817771735
 1.209396535460468 3.234894277871038
 1.275210119229964 3.209316385466863
 1.340494211866296 3.182471353528671
 1.405252450820696 3.154374440032509
 1.469464662118469 3.124982930854354
 1.533096829216984 3.094280480831094
 1.596131024095489 3.062300118549212
 1.658559589522064 3.029054656335240
 1.720352883482341 2.994507582021236
 1.781459314853815 2.958633305376539
 1.841838509019814 2.921454810478579
 1.901467282259360 2.882996494378209
 1.960307462239105 2.843244391916566
 2.018296358314208 2.802185661601608
 2.075381109102229 2.759853337981024
 2.131536578317031 2.716297116977513
 2.186734708958251 2.671536430410772
 2.240923564070490 2.625579865833352
 2.294058834492349 2.578471764360025
 2.346132435428820 2.530279314399819
 2.397143869857556 2.481042958195727
 2.447065247774234 2.430777961267791
 2.495866347947881 2.379520949186309
 2.543555082057789 2.327334782389415
 2.590154453607042 2.274261848110779
 2.635652815389331 2.220309483544401
 2.680020242041754 2.165493742695365
 2.723264904010143 2.109862829594818
 2.765421633234932 2.053457286673051
 2.806484934425547 1.996277857274744
 2.846411309720181 1.938320989162526
 2.885197409345149 1.879621815948435
 2.922889122085703 1.820226272140533
 2.959488438547585 1.760136867333079
 2.994927281360505 1.699330575773460
 3.029181814167569 1.637827655729194
 3.062326327585668 1.575689550842301
 3.094382292443339 1.512927633356706
 3.125204759789612 1.449472872710863
 3.154719384830433 1.385315361025304
 3.183328472039271 1.320688199895910
   
   
 #BODY NUMBER  5
 -0.5217100650137512 1.291854825438142
 -0.5666512362052766 1.270998203556134
 -0.6108576137160796 1.248289660502156
 -0.6539498374322378 1.222934639158285
 -0.6959059420825752 1.195112901812258
 -0.7367830366463198 1.165120357178685
 -0.7765206811568873 1.132920144794338
 -0.8149962808273917 1.098415325280507
 -0.8521525788999500 1.061726467872820
 -0.8879888992195146 1.023031966394186
 -0.9224655735520610 0.9823563038939633
 -0.9554915290590265 0.9396768031500970
 -0.9870017397056905 0.8950997275277339
 -1.016985668022383 0.8487860581514831
 -1.045426901679899 0.8007993508300417
 -1.072266447947851 0.7511593854921346
 -1.097451233301592 0.6999790399097499
 -1.120978592378510 0.6474268226494240
 -1.142859774829552 0.5936020616658687
 -1.163070021998324 0.5385606257766693
 -1.181573048761431 0.4824311580275275
 -1.198372924569806 0.4253988762479466
 -1.213498011655570 0.3675952162898948
 -1.226944132929139 0.3091046503765919
 -1.238677315419285 0.2500684887354393
 -1.248688888980173 0.1906830776844672
 -1.257000543588034 0.1310967929658451
 -1.263607201039848 7.140213414092977E-02
 -1.268460342558986 1.173317690644082E-02
 -1.271523850098851 -4.772332673022439E-02
 -1.272802001653571 -0.1068269268993511
 -1.272287308324679 -0.1655029639007989
 -1.269923634580106 -0.2236450677905092
 -1.265657330063054 -0.2810898818536309
 -1.259488036686769 -0.3377157936252136
 -1.251424745858366 -0.3934747249091287
 -1.241424850961591 -0.4482897747661384
 -1.229433171160355 -0.5020142329152937
 -1.215457362252352 -0.5545373300466592
 -1.199538417206010 -0.6058338268340910
 -1.181660767302177 -0.6558501661860957
 -1.161770165646802 -0.7044417082972118
 -1.139880981454298 -0.7514969742986602
 -1.116074183463330 -0.7970172363176468
 -1.090367544037295 -0.8409754906506960
 -1.062693416967394 -0.8832118746586883
 -1.033058762478027 -0.9236032256106468
 -1.001606008070687 -0.9622116348228222
 -0.9684025714534870 -0.9990637237649480
 -0.9332999117419073 -1.033910860585724
 -0.8962653852421665 -1.066589466142176
 -0.8579240643240669 -1.097741582431010
 -0.8173911143413589 -1.126233467417693
 -0.7756217504182800 -1.153163041824345
 -0.7321175459629116 -1.177804491596164
 -0.6870451623186652 -1.200228675394181
 -0.6406323094599803 -1.220633005402497
 -0.5928772852725978 -1.238946708843030
 -0.5437574351853706 -1.255015145826611
 -0.4934058035982101 -1.268849015164190
 -0.4419772221711564 -1.280536928199773
 -0.3895127279639278 -1.290056772759649
 -0.3360382183454200 -1.297318338841003
 -0.2816782331067016 -1.302318443928431
 -0.2265774547260489 -1.305128452867813
 -0.1707991303129540 -1.305765930069470
 -0.1143898861533714 -1.304189676294611
 -5.747401402768892E-02 -1.300410167408616
 -1.987793165884044E-04 -1.294509349423023
 5.735542227331647E-02 -1.286546628798690
 0.1151278275985219 -1.276528498319009
 0.1729888859517317 -1.264487855668192
 0.2307802287128288 -1.250520834008878
 0.2884022102111006 -1.234717713680576
 0.3457795868105336 -1.217117113329201
 0.4027729937787693 -1.197760266612331
 0.4592080551435361 -1.176737838122430
 0.5149671187309262 -1.154142799801009
 0.5699675384694547 -1.130017003575924
 0.6240689420114180 -1.104385468802413
 0.6770915383509051 -1.077310292338290
 0.7289158333298469 -1.048865403970000
 0.7794734253020503 -1.019081647971297
 0.8286441274277270 -0.9879635945173840
 0.8762596434635377 -0.9555464593937752
 0.9222144748820421 -0.9218907387207221
 0.9664714804475824 -0.8870282583832659
 1.008942758685076 -0.8509605704389797
 1.049473664346180 -0.8137132420224824
 1.087972096293379 -0.7753482879040325
 1.124436693113270 -0.7359138286987354
 1.158813288644493 -0.6954231600460495
 1.190949497694093 -0.6539016226603797
 1.220755961336930 -0.6114174000808302
 1.248274265636813 -0.5680399772283949
 1.273489910882233 -0.5237982472729968
 1.296230628862199 -0.4787135581989084
 1.316393237635084 -0.4328535191027625
 1.334102723608863 -0.3863104301609252
 1.349415850506667 -0.3391293660864208
 1.362043026386821 -0.2913060026254045
 1.371826265709090 -0.2428938590812750
 1.379634129337818 -0.1941132430071315
 1.384042350546635 -0.1447647361384411
 1.386479364134360 -9.512661867781168E-02
 1.386067383395149 -4.513014756212069E-02
 1.382951104401240 5.115773581923451E-03
 1.377415346106300 5.551264822381141E-02
 1.369397966429485 0.1060265640486917
 1.358753716012762 0.1565998205461042
 1.345558382498160 0.2071225472913697
 1.329966121390671 0.2575049618055861
 1.311978301515989 0.3077004688656858
 1.291529747404446 0.3576415356909056
 1.268679972812392 0.4072187164006970
 1.243563122748432 0.4563423947163295
 1.216226031992853 0.5049665792394280
 1.186656334101222 0.5530302908024759
 1.154925247329281 0.6004311274988664
 1.121177371695099 0.6470825267735991
 1.085504352556235 0.6929445671328207
 1.047942194399802 0.7379678725423398
 1.008584162809699 0.7820566976406649
 0.9675926958569776 0.8251219577609319
 0.9250958014444691 0.8671224973906808
 0.8811645461186051 0.9080124629526093
 0.8359043216405158 0.9476917778768912
 0.7894808338366367 0.9860547604379626
 0.7420334248571082 1.023046006835164
 0.6936396625703934 1.058614869434994
 0.6443914005475675 1.092652291895972
 0.5944323117479465 1.125033619068514
 0.5438861683237245 1.155692330869351
 0.4928138830226289 1.184584611872096
 0.4412795071523794 1.211608662307893
 0.3893976865995161 1.236636341247406
 0.3372735618047267 1.259606532345936
 0.2849532654107841 1.280502983292395
 0.2324820922765157 1.299250345205118
 0.1799595068141750 1.315727474937776
 0.1274852659589736 1.329885617950692
 7.510172409273952E-02 1.341747655532826
 2.284747865768378E-02 1.351273326232145
 -2.917933204729172E-02 1.358343330957591
 -8.087497988263230E-02 1.362914374379490
 -0.1322000821734822 1.365057213546042
 -0.1831223668449380 1.364773737923693
 -0.2335372118948044 1.361925432857597
 -0.2833344751570568 1.356456744713409
 -0.3324967155381761 1.348522064983747
 -0.3810132790531804 1.338193089851369
 -0.4287431146449140 1.325216863211128
 -0.4755608804669231 1.309483325223451
 -0.5217100650137512 1.291854825438142
 -0.5666512362052766 1.270998203556134
 -0.6108576137160796 1.248289660502156
 -0.6539498374322378 1.222934639158285
 -0.6959059420825752 1.195112901812258
 -0.7367830366463198 1.165120357178685
 -0.7765206811568873 1.132920144794338
 -0.8149962808273917 1.098415325280507
 -0.8521525788999500 1.061726467872820
 -0.8879888992195146 1.023031966394186
 -0.9224655735520610 0.9823563038939633
 -0.9554915290590265 0.9396768031500970
 -0.9870017397056905 0.8950997275277339
 -1.016985668022383 0.8487860581514831
 -1.045426901679899 0.8007993508300417
 -1.072266447947851 0.7511593854921346
 -1.097451233301592 0.6999790399097499
 -1.120978592378510 0.6474268226494240
 -1.142859774829552 0.5936020616658687
 -1.163070021998324 0.5385606257766693
 -1.181573048761431 0.4824311580275275
 -1.198372924569806 0.4253988762479466
 -1.213498011655570 0.3675952162898948
 -1.226944132929139 0.3091046503765919
 -1.238677315419285 0.2500684887354393
 -1.248688888980173 0.1906830776844672
 -1.257000543588034 0.1310967929658451
 -1.263607201039848 7.140213414092977E-02
 -1.268460342558986 1.173317690644082E-02
 -1.271523850098851 -4.772332673022439E-02
 -1.272802001653571 -0.1068269268993511
 -1.272287308324679 -0.1655029639007989
 -1.269923634580106 -0.2236450677905092
 -1.265657330063054 -0.2810898818536309
 -1.259488036686769 -0.3377157936252136
 -1.251424745858366 -0.3934747249091287
 -1.241424850961591 -0.4482897747661384
 -1.229433171160355 -0.5020142329152937
 -1.215457362252352 -0.5545373300466592
 -1.199538417206010 -0.6058338268340910
 -1.181660767302177 -0.6558501661860957
 -1.161770165646802 -0.7044417082972118
 -1.139880981454298 -0.7514969742986602
 -1.116074183463330 -0.7970172363176468
 -1.090367544037295 -0.8409754906506960
 -1.062693416967394 -0.8832118746586883
 -1.033058762478027 -0.9236032256106468
 -1.001606008070687 -0.9622116348228222
 -0.9684025714534870 -0.9990637237649480
 -0.9332999117419073 -1.033910860585724
 -0.8962653852421665 -1.066589466142176
 -0.8579240643240669 -1.097741582431010
 -0.8173911143413589 -1.126233467417693
 -0.7756217504182800 -1.153163041824345
 -0.7321175459629116 -1.177804491596164
 -0.6870451623186652 -1.200228675394181
 -0.6406323094599803 -1.220633005402497
 -0.5928772852725978 -1.238946708843030
 -0.5437574351853706 -1.255015145826611
 -0.4934058035982101 -1.268849015164190
 -0.4419772221711564 -1.280536928199773
 -0.3895127279639278 -1.290056772759649
 -0.3360382183454200 -1.297318338841003
 -0.2816782331067016 -1.302318443928431
 -0.2265774547260489 -1.305128452867813
 -0.1707991303129540 -1.305765930069470
 -0.1143898861533714 -1.304189676294611
 -5.747401402768892E-02 -1.300410167408616
 -1.987793165884044E-04 -1.294509349423023
 5.735542227331647E-02 -1.286546628798690
 0.1151278275985219 -1.276528498319009
 0.1729888859517317 -1.264487855668192
 0.2307802287128288 -1.250520834008878
 0.2884022102111006 -1.234717713680576
 0.3457795868105336 -1.217117113329201
 0.4027729937787693 -1.197760266612331
 0.4592080551435361 -1.176737838122430
 0.5149671187309262 -1.154142799801009
 0.5699675384694547 -1.130017003575924
 0.6240689420114180 -1.104385468802413
 0.6770915383509051 -1.077310292338290
 0.7289158333298469 -1.048865403970000
 0.7794734253020503 -1.019081647971297
 0.8286441274277270 -0.9879635945173840
 0.8762596434635377 -0.9555464593937752
 0.9222144748820421 -0.9218907387207221
 0.9664714804475824 -0.8870282583832659
 1.008942758685076 -0.8509605704389797
 1.049473664346180 -0.8137132420224824
 1.087972096293379 -0.7753482879040325
 1.124436693113270 -0.7359138286987354
 1.158813288644493 -0.6954231600460495
 1.190949497694093 -0.6539016226603797
 1.220755961336930 -0.6114174000808302
 1.248274265636813 -0.5680399772283949
 1.273489910882233 -0.5237982472729968
 1.296230628862199 -0.4787135581989084
 1.316393237635084 -0.4328535191027625
 1.334102723608863 -0.3863104301609252
 1.349415850506667 -0.3391293660864208
 1.362043026386821 -0.2913060026254045
 1.371826265709090 -0.2428938590812750
 1.379634129337818 -0.1941132430071315
 1.384042350546635 -0.1447647361384411
 1.386479364134360 -9.512661867781168E-02
 1.386067383395149 -4.513014756212069E-02
 1.382951104401240 5.115773581923451E-03
 1.377415346106300 5.551264822381141E-02
 1.369397966429485 0.1060265640486917
 1.358753716012762 0.1565998205461042
 1.345558382498160 0.2071225472913697
 1.329966121390671 0.2575049618055861
 1.311978301515989 0.3077004688656858
 1.291529747404446 0.3576415356909056
 1.268679972812392 0.4072187164006970
 1.243563122748432 0.4563423947163295
 1.216226031992853 0.5049665792394280
 1.186656334101222 0.5530302908024759
 1.154925247329281 0.6004311274988664
 1.121177371695099 0.6470825267735991
 1.085504352556235 0.6929445671328207
 1.047942194399802 0.7379678725423398
 1.008584162809699 0.7820566976406649
 0.9675926958569776 0.8251219577609319
 0.9250958014444691 0.8671224973906808
 0.8811645461186051 0.9080124629526093
 0.8359043216405158 0.9476917778768912
 0.7894808338366367 0.9860547604379626
 0.7420334248571082 1.023046006835164
 0.6936396625703934 1.058614869434994
 0.6443914005475675 1.092652291895972
 0.5944323117479465 1.125033619068514
 0.5438861683237245 1.155692330869351
 0.4928138830226289 1.184584611872096
 0.4412795071523794 1.211608662307893
 0.3893976865995161 1.236636341247406
 0.3372735618047267 1.259606532345936
 0.2849532654107841 1.280502983292395
 0.2324820922765157 1.299250345205118
 0.1799595068141750 1.315727474937776
 0.1274852659589736 1.329885617950692
 7.510172409273952E-02 1.341747655532826
 2.284747865768378E-02 1.351273326232145
 -2.917933204729172E-02 1.358343330957591
 -8.087497988263230E-02 1.362914374379490
 -0.1322000821734822 1.365057213546042
 -0.1831223668449380 1.364773737923693
 -0.2335372118948044 1.361925432857597
 -0.2833344751570568 1.356456744713409
 -0.3324967155381761 1.348522064983747
 -0.3810132790531804 1.338193089851369
 -0.4287431146449140 1.325216863211128
 -0.4755608804669231 1.309483325223451
 -0.5217100650137512 1.291854825438142
   
   
 #BODY NUMBER  6
 -1.138641162441249 -0.6330223061603459
 -1.112143235291729 -0.6855778516980878
 -1.084454401527160 -0.7371975793380878
 -1.055063188306623 -0.7873770486546595
 -1.024078036676313 -0.8360334751223801
 -0.9916732586490755 -0.8831675614077876
 -0.9578095473919550 -0.9286507391586982
 -0.9224180362157354 -0.9723102092565753
 -0.8855745546151249 -1.014064740608250
 -0.8473891610039549 -1.053890538033707
 -0.8078734724882051 -1.091717066314938
 -0.7670173365505137 -1.127434884972730
 -0.7248988070411011 -1.160978326653123
 -0.6816265731169628 -1.192331638028066
 -0.6372427501023589 -1.221459730684508
 -0.5917662308238938 -1.248290424055265
 -0.5452800806342355 -1.272770826127400
 -0.4978972199260648 -1.294891816923041
 -0.4496785362689240 -1.314641233679940
 -0.4006590303912256 -1.331973291849202
 -0.3509249757106579 -1.346845844245871
 -0.3005935224594696 -1.359254914903165
 -0.2497378160803488 -1.369205947898404
 -0.1984014728356766 -1.376676341847870
 -0.1466712601874725 -1.381636214444289
 -9.466693319450981E-02 -1.384088111031039
 -4.246862580515287E-02 -1.384054399078910
 9.878334334965544E-03 -1.381536739806457
 6.229143131783055E-02 -1.376521298597051
 0.1146519502291563 -1.369019899702959
 0.1668787293005148 -1.359072762611247
 0.2189327306478087 -1.346708097766870
 0.2707422227399972 -1.331931904851029
 0.3221937441846021 -1.314767245608158
 0.3732102716807600 -1.295272436851194
 0.4237664565729793 -1.273504169145032
 0.4738067410841447 -1.249491425503938
 0.5232233461538862 -1.223269338278716
 0.5719433374910348 -1.194914042507281
 0.6199583825186257 -1.164513592439647
 0.6672292681521081 -1.132124162298425
 0.7136441576406665 -1.097793282564787
 0.7591230032503813 -1.061614290443640
 0.8036719613793020 -1.023711574598863
 0.8472610897756665 -0.9841731657575448
 0.8897455472233116 -0.9430523211320833
 0.9310100074174903 -0.9004504236763349
 0.9710818376306962 -0.8565335340843346
 1.009939557394534 -0.8114203731667485
 1.047320057772829 -0.7651217919119222
 1.083027784727320 -0.7177108813281963
 1.117533979517694 -0.6695810193885920
 1.149799453488369 -0.6203553685606077
 1.180659032078758 -0.5705662712993269
 1.209420120645063 -0.5200229993440105
 1.236065246208323 -0.4688608576581894
 1.260682173302035 -0.4172304535399019
 1.283139905050607 -0.3651620304493592
 1.303254359683025 -0.3126823476434936
 1.320993103756384 -0.2598976909376631
 1.336390559247218 -0.2069152713041533
 1.349391449417859 -0.1537804170608656
 1.359895919774427 -0.1005390561094585
 1.367886127645303 -4.729161874406607E-02
 1.373402774826698 5.859890800212098E-03
 1.376436531523662 5.886145537615273E-02
 1.376934333944656 0.1116606230323748
 1.374891908939153 0.1641590110568251
 1.370357818570974 0.2162542675319005
 1.363351973363805 0.2678875808944798
 1.353852223099406 0.3190057473501582
 1.341865203953752 0.3695129783350685
 1.327446047754731 0.4193058307886334
 1.310636041932945 0.4683236809379739
 1.291437421247124 0.5165174552999910
 1.269867690591055 0.5637970698947162
 1.245988931826152 0.6100600864707098
 1.219860582724518 0.6552482907283771
 1.191506745766441 0.6993232583843849
 1.160956697776476 0.7422066112578606
 1.128280036314609 0.7838014513433579
 1.093552173362580 0.8240576002311355
 1.056817058824423 0.8629553553443332
 1.018115754341991 0.9004355951954170
 0.9775249626680582 0.9364115902083691
 0.9351336992945288 0.9708457946544269
 0.8910037340185024 1.003744601236431
 0.8451879457551694 1.035074387015154
 0.7977706495430050 1.064759378761722
 0.7488542474045463 1.092774481046133
 0.6985191628457001 1.119156504770064
 0.6468336507125592 1.143899577517438
 0.5938947919846809 1.166930611061557
 0.5398234429195932 1.188226950633787
 0.4847242490611329 1.207856122163173
 0.4286884183811539 1.225836210262587
 0.3718344935866087 1.242068407365516
 0.3143079380434218 1.256503529439253
 0.2562388808949501 1.269248307584026
 0.1977408776133864 1.280343499573853
 0.1389548798983814 1.289566671880217
 8.004196343907688E-02 1.296785015242341
 2.110718292355429E-02 1.302603325548938
 -3.765621819663998E-02 1.305933220258696
 -9.620463055159803E-02 1.307763850637415
 -0.1543569323384396 1.307400047998670
 -0.2119872095320101 1.304894332780570
 -0.2690089146529595 1.300398014947689
 -0.3253303576586516 1.293812769608057
 -0.3808363234672900 1.284992556900069
 -0.4354185491412592 1.273962431545913
 -0.4890013982432631 1.260805809337860
 -0.5415179769296542 1.245497483375803
 -0.5928785832239135 1.227973941082188
 -0.6429873206042022 1.208269945397189
 -0.6917762017097356 1.186471747227854
 -0.7391937814213037 1.162598275308356
 -0.7851681031207627 1.136629801022891
 -0.8296118283049176 1.108611815070575
 -0.8724605986449091 1.078637549391140
 -0.9136734370948810 1.046753652785461
 -0.9531931927081805 1.012967544499044
 -0.9909402282430945 0.9773328659108023
 -1.026852525295261 0.9399490841145313
 -1.060898225852596 0.9008822669604299
 -1.093035948411448 0.8601588865478793
 -1.123196430403583 0.8178391445495730
 -1.151321998631642 0.7740280245603295
 -1.177391956919365 0.7288061083505328
 -1.201385080101407 0.6822134814220725
 -1.223248129094307 0.6343146873391909
 -1.242931986543765 0.5852184483596010
 -1.260430902663095 0.5350151623801110
 -1.275749789472231 0.4837527424225368
 -1.288857977081988 0.4314963096556123
 -1.299718706852660 0.3783556553997889
 -1.308343970975289 0.3244266421967666
 -1.314770190591482 0.2697595679086006
 -1.318994686839314 0.2144170384887836
 -1.320993995696891 0.1585099595169936
 -1.320797584895581 0.1021395614611475
 -1.318477545364326 4.535708766958348E-02
 -1.314062918864667 -1.177541521901219E-02
 -1.307538949625347 -6.913732849677016E-02
 -1.298946446169974 -0.1266126601901471
 -1.288396210440435 -0.1841445475643103
 -1.275949508156820 -0.2416630445050427
 -1.261580040809920 -0.2990160862334331
 -1.245317945460912 -0.3560531057629177
 -1.227320718525646 -0.4127147734996910
 -1.207680435007920 -0.4689231264071043
 -1.186274937671210 -0.5244448799682945
 -1.163069748166397 -0.5790741339141449
 -1.138641162441249 -0.6330223061603459
 -1.112143235291729 -0.6855778516980878
 -1.084454401527160 -0.7371975793380878
 -1.055063188306623 -0.7873770486546595
 -1.024078036676313 -0.8360334751223801
 -0.9916732586490755 -0.8831675614077876
 -0.9578095473919550 -0.9286507391586982
 -0.9224180362157354 -0.9723102092565753
 -0.8855745546151249 -1.014064740608250
 -0.8473891610039549 -1.053890538033707
 -0.8078734724882051 -1.091717066314938
 -0.7670173365505137 -1.127434884972730
 -0.7248988070411011 -1.160978326653123
 -0.6816265731169628 -1.192331638028066
 -0.6372427501023589 -1.221459730684508
 -0.5917662308238938 -1.248290424055265
 -0.5452800806342355 -1.272770826127400
 -0.4978972199260648 -1.294891816923041
 -0.4496785362689240 -1.314641233679940
 -0.4006590303912256 -1.331973291849202
 -0.3509249757106579 -1.346845844245871
 -0.3005935224594696 -1.359254914903165
 -0.2497378160803488 -1.369205947898404
 -0.1984014728356766 -1.376676341847870
 -0.1466712601874725 -1.381636214444289
 -9.466693319450981E-02 -1.384088111031039
 -4.246862580515287E-02 -1.384054399078910
 9.878334334965544E-03 -1.381536739806457
 6.229143131783055E-02 -1.376521298597051
 0.1146519502291563 -1.369019899702959
 0.1668787293005148 -1.359072762611247
 0.2189327306478087 -1.346708097766870
 0.2707422227399972 -1.331931904851029
 0.3221937441846021 -1.314767245608158
 0.3732102716807600 -1.295272436851194
 0.4237664565729793 -1.273504169145032
 0.4738067410841447 -1.249491425503938
 0.5232233461538862 -1.223269338278716
 0.5719433374910348 -1.194914042507281
 0.6199583825186257 -1.164513592439647
 0.6672292681521081 -1.132124162298425
 0.7136441576406665 -1.097793282564787
 0.7591230032503813 -1.061614290443640
 0.8036719613793020 -1.023711574598863
 0.8472610897756665 -0.9841731657575448
 0.8897455472233116 -0.9430523211320833
 0.9310100074174903 -0.9004504236763349
 0.9710818376306962 -0.8565335340843346
 1.009939557394534 -0.8114203731667485
 1.047320057772829 -0.7651217919119222
 1.083027784727320 -0.7177108813281963
 1.117533979517694 -0.6695810193885920
 1.149799453488369 -0.6203553685606077
 1.180659032078758 -0.5705662712993269
 1.209420120645063 -0.5200229993440105
 1.236065246208323 -0.4688608576581894
 1.260682173302035 -0.4172304535399019
 1.283139905050607 -0.3651620304493592
 1.303254359683025 -0.3126823476434936
 1.320993103756384 -0.2598976909376631
 1.336390559247218 -0.2069152713041533
 1.349391449417859 -0.1537804170608656
 1.359895919774427 -0.1005390561094585
 1.367886127645303 -4.729161874406607E-02
 1.373402774826698 5.859890800212098E-03
 1.376436531523662 5.886145537615273E-02
 1.376934333944656 0.1116606230323748
 1.374891908939153 0.1641590110568251
 1.370357818570974 0.2162542675319005
 1.363351973363805 0.2678875808944798
 1.353852223099406 0.3190057473501582
 1.341865203953752 0.3695129783350685
 1.327446047754731 0.4193058307886334
 1.310636041932945 0.4683236809379739
 1.291437421247124 0.5165174552999910
 1.269867690591055 0.5637970698947162
 1.245988931826152 0.6100600864707098
 1.219860582724518 0.6552482907283771
 1.191506745766441 0.6993232583843849
 1.160956697776476 0.7422066112578606
 1.128280036314609 0.7838014513433579
 1.093552173362580 0.8240576002311355
 1.056817058824423 0.8629553553443332
 1.018115754341991 0.9004355951954170
 0.9775249626680582 0.9364115902083691
 0.9351336992945288 0.9708457946544269
 0.8910037340185024 1.003744601236431
 0.8451879457551694 1.035074387015154
 0.7977706495430050 1.064759378761722
 0.7488542474045463 1.092774481046133
 0.6985191628457001 1.119156504770064
 0.6468336507125592 1.143899577517438
 0.5938947919846809 1.166930611061557
 0.5398234429195932 1.188226950633787
 0.4847242490611329 1.207856122163173
 0.4286884183811539 1.225836210262587
 0.3718344935866087 1.242068407365516
 0.3143079380434218 1.256503529439253
 0.2562388808949501 1.269248307584026
 0.1977408776133864 1.280343499573853
 0.1389548798983814 1.289566671880217
 8.004196343907688E-02 1.296785015242341
 2.110718292355429E-02 1.302603325548938
 -3.765621819663998E-02 1.305933220258696
 -9.620463055159803E-02 1.307763850637415
 -0.1543569323384396 1.307400047998670
 -0.2119872095320101 1.304894332780570
 -0.2690089146529595 1.300398014947689
 -0.3253303576586516 1.293812769608057
 -0.3808363234672900 1.284992556900069
 -0.4354185491412592 1.273962431545913
 -0.4890013982432631 1.260805809337860
 -0.5415179769296542 1.245497483375803
 -0.5928785832239135 1.227973941082188
 -0.6429873206042022 1.208269945397189
 -0.6917762017097356 1.186471747227854
 -0.7391937814213037 1.162598275308356
 -0.7851681031207627 1.136629801022891
 -0.8296118283049176 1.108611815070575
 -0.8724605986449091 1.078637549391140
 -0.9136734370948810 1.046753652785461
 -0.9531931927081805 1.012967544499044
 -0.9909402282430945 0.9773328659108023
 -1.026852525295261 0.9399490841145313
 -1.060898225852596 0.9008822669604299
 -1.093035948411448 0.8601588865478793
 -1.123196430403583 0.8178391445495730
 -1.151321998631642 0.7740280245603295
 -1.177391956919365 0.7288061083505328
 -1.201385080101407 0.6822134814220725
 -1.223248129094307 0.6343146873391909
 -1.242931986543765 0.5852184483596010
 -1.260430902663095 0.5350151623801110
 -1.275749789472231 0.4837527424225368
 -1.288857977081988 0.4314963096556123
 -1.299718706852660 0.3783556553997889
 -1.308343970975289 0.3244266421967666
 -1.314770190591482 0.2697595679086006
 -1.318994686839314 0.2144170384887836
 -1.320993995696891 0.1585099595169936
 -1.320797584895581 0.1021395614611475
 -1.318477545364326 4.535708766958348E-02
 -1.314062918864667 -1.177541521901219E-02
 -1.307538949625347 -6.913732849677016E-02
 -1.298946446169974 -0.1266126601901471
 -1.288396210440435 -0.1841445475643103
 -1.275949508156820 -0.2416630445050427
 -1.261580040809920 -0.2990160862334331
 -1.245317945460912 -0.3560531057629177
 -1.227320718525646 -0.4127147734996910
 -1.207680435007920 -0.4689231264071043
 -1.186274937671210 -0.5244448799682945
 -1.163069748166397 -0.5790741339141449
 -1.138641162441249 -0.6330223061603459
   
   
