 # action(x) =  110.0153181997799
 # |grad_action(x)| =  1.090024864184316E-11
 # PRINTSTEPS = 50
 #
 #BODY NUMBER  1
 0.3527793224826041 0.9464304704960433
 0.1843868916247794 0.9744844784708442
 8.865728672803742E-02 0.9928990550626847
 6.689440720307337E-02 0.9897069797834129
 8.527135753074448E-02 0.9575631230073679
 0.1448851041004704 0.9026757909713593
 0.2590274412580485 0.8407858940250036
 0.3783459131871871 0.7826402476185973
 0.4068722378426420 0.7299749229726018
 0.3088033101613526 0.6876147909289066
 0.1497836865867102 0.6654950208304025
 8.061488035595428E-03 0.6550719369391099
 -0.1126538746031688 0.6162313527262600
 -0.2466788990692141 0.5164438437146421
 -0.3770149124055289 0.3876261976981848
 -0.4341263023795391 0.3150424459644063
 -0.3779509719648554 0.3488484928506834
 -0.2390530292099301 0.4433807360243433
 -7.321792223960120E-02 0.5068659451276459
 8.904493244313283E-02 0.4997898204583595
 0.2348985408069613 0.4589128488971007
 0.3438613495644964 0.4320033078737929
 0.3992381333832511 0.4207457075974990
 0.4144001536747144 0.3924011853415309
 0.4238357006282899 0.3196405153189424
 0.4453746996390920 0.1979391141762007
 0.4613326367823362 4.598016148823108E-02
 0.4366459855383046 -9.964236695841983E-02
 0.3487260268285380 -0.2097697117200714
 0.2020528133712416 -0.2911024133739175
 2.236944177189497E-02 -0.3646499219362940
 -0.1606325559658162 -0.4082948032839291
 -0.3272642514388184 -0.3634704435675261
 -0.4665329623711307 -0.2319487653912645
 -0.5668436318655988 -0.1270406429158402
 -0.6192727617103694 -0.1686191720719143
 -0.6333533506330057 -0.3383665031843019
 -0.6377155168994963 -0.4996370174967626
 -0.6544178915896820 -0.5649969618666527
 -0.6783753942941039 -0.5813723715987387
 -0.6913474613203022 -0.6289707252220386
 -0.6896966368378623 -0.7031456764254606
 -0.6855279448779594 -0.7479993217294466
 -0.6841829074131780 -0.7591324789769763
 -0.6764563649384401 -0.7826121718665369
 -0.6555258432571370 -0.8300337156234618
 -0.6276215526189578 -0.8635180550575634
 -0.5993431710557409 -0.8678963447833266
 -0.5645167031548661 -0.8765545077799581
 -0.5116024073359053 -0.9096313927921583
 -0.4382317203739186 -0.9400782771779186
 -0.3527793224826041 -0.9464304704960433
 -0.1843868916247794 -0.9744844784708442
 -8.865728672803742E-02 -0.9928990550626847
 -6.689440720307337E-02 -0.9897069797834129
 -8.527135753074448E-02 -0.9575631230073679
 -0.1448851041004704 -0.9026757909713593
 -0.2590274412580485 -0.8407858940250036
 -0.3783459131871871 -0.7826402476185973
 -0.4068722378426420 -0.7299749229726018
 -0.3088033101613526 -0.6876147909289066
 -0.1497836865867102 -0.6654950208304025
 -8.061488035595428E-03 -0.6550719369391099
 0.1126538746031688 -0.6162313527262600
 0.2466788990692141 -0.5164438437146421
 0.3770149124055289 -0.3876261976981848
 0.4341263023795391 -0.3150424459644063
 0.3779509719648554 -0.3488484928506834
 0.2390530292099301 -0.4433807360243433
 7.321792223960120E-02 -0.5068659451276459
 -8.904493244313283E-02 -0.4997898204583595
 -0.2348985408069613 -0.4589128488971007
 -0.3438613495644964 -0.4320033078737929
 -0.3992381333832511 -0.4207457075974990
 -0.4144001536747144 -0.3924011853415309
 -0.4238357006282899 -0.3196405153189424
 -0.4453746996390920 -0.1979391141762007
 -0.4613326367823362 -4.598016148823108E-02
 -0.4366459855383046 9.964236695841983E-02
 -0.3487260268285380 0.2097697117200714
 -0.2020528133712416 0.2911024133739175
 -2.236944177189497E-02 0.3646499219362940
 0.1606325559658162 0.4082948032839291
 0.3272642514388184 0.3634704435675261
 0.4665329623711307 0.2319487653912645
 0.5668436318655988 0.1270406429158402
 0.6192727617103694 0.1686191720719143
 0.6333533506330057 0.3383665031843019
 0.6377155168994963 0.4996370174967626
 0.6544178915896820 0.5649969618666527
 0.6783753942941039 0.5813723715987387
 0.6913474613203022 0.6289707252220386
 0.6896966368378623 0.7031456764254606
 0.6855279448779594 0.7479993217294466
 0.6841829074131780 0.7591324789769763
 0.6764563649384401 0.7826121718665369
 0.6555258432571370 0.8300337156234618
 0.6276215526189578 0.8635180550575634
 0.5993431710557409 0.8678963447833266
 0.5645167031548661 0.8765545077799581
 0.5116024073359053 0.9096313927921583
 0.4382317203739186 0.9400782771779186
 0.3527793224826041 0.9464304704960433
   
   
 #BODY NUMBER  2
 0.6432431691239309 -0.7787310904478062
 0.7517348681369922 -0.6469259715073162
 0.8155471617138306 -0.5732289900684112
 0.8236641831936714 -0.5527857459006570
 0.7866383114861724 -0.5526287233404829
 0.7092976143121745 -0.5768120762666296
 0.5986282227402403 -0.6447172914192429
 0.4886133798682557 -0.7189772960474147
 0.4287407084985417 -0.7173491555526438
 0.4410902218816830 -0.6112389068369013
 0.5014437508378283 -0.4624639880717707
 0.5632781946777498 -0.3345174219006772
 0.5899989433709751 -0.2105545591220320
 0.5705929378195681 -4.459172868579770E-02
 0.5242015905817621 0.1326913928996667
 0.4898979126653323 0.2184431833294879
 0.4910871428630340 0.1528908966812484
 0.5035054955506889 -1.466437186474417E-02
 0.4755677459135516 -0.1900243918920105
 0.3883082148482367 -0.3270100838031986
 0.2799809148644982 -0.4328845280992714
 0.2021951643553665 -0.5137943180393489
 0.1647574046210681 -0.5561232194681234
 0.1326293181435343 -0.5550816530852423
 6.489895603080804E-02 -0.5268727414343456
 -5.126704854036798E-02 -0.4846753611784180
 -0.1908463304722493 -0.4225158637924785
 -0.3046158138483552 -0.3283253324574553
 -0.3560289127083893 -0.1971207423342931
 -0.3531284917703925 -2.943166259865422E-02
 -0.3269808167707905 0.1629524561252070
 -0.2732773938941447 0.3432592757831842
 -0.1511425119348671 0.4651543772802744
 3.239295798029333E-02 0.5200037798118368
 0.1734013918545743 0.5544213066269584
 0.1636078942758071 0.6206155295488790
 2.364268776918877E-02 0.7176833428123214
 -0.1138405913735388 0.8020963467708635
 -0.1620927762427087 0.8492409997410351
 -0.1642955457158630 0.8781765105603413
 -0.1990308956188566 0.9132098269562730
 -0.2640936999267106 0.9488676466190010
 -0.3050224421922511 0.9676842761331663
 -0.3153365579253298 0.9720860181433881
 -0.3395338396781145 0.9771344825216250
 -0.3910673620989383 0.9827188909096169
 -0.4340177959969016 0.9752952360594208
 -0.4519486969061489 0.9529945841106460
 -0.4768601199617756 0.9271630596827198
 -0.5319626905698784 0.8978763777862350
 -0.5950158093950277 0.8495589411769188
 -0.6432431691239309 0.7787310904478062
 -0.7517348681369922 0.6469259715073162
 -0.8155471617138306 0.5732289900684112
 -0.8236641831936714 0.5527857459006570
 -0.7866383114861724 0.5526287233404829
 -0.7092976143121745 0.5768120762666296
 -0.5986282227402403 0.6447172914192429
 -0.4886133798682557 0.7189772960474147
 -0.4287407084985417 0.7173491555526438
 -0.4410902218816830 0.6112389068369013
 -0.5014437508378283 0.4624639880717707
 -0.5632781946777498 0.3345174219006772
 -0.5899989433709751 0.2105545591220320
 -0.5705929378195681 4.459172868579770E-02
 -0.5242015905817621 -0.1326913928996667
 -0.4898979126653323 -0.2184431833294879
 -0.4910871428630340 -0.1528908966812484
 -0.5035054955506889 1.466437186474417E-02
 -0.4755677459135516 0.1900243918920105
 -0.3883082148482367 0.3270100838031986
 -0.2799809148644982 0.4328845280992714
 -0.2021951643553665 0.5137943180393489
 -0.1647574046210681 0.5561232194681234
 -0.1326293181435343 0.5550816530852423
 -6.489895603080804E-02 0.5268727414343456
 5.126704854036798E-02 0.4846753611784180
 0.1908463304722493 0.4225158637924785
 0.3046158138483552 0.3283253324574553
 0.3560289127083893 0.1971207423342931
 0.3531284917703925 2.943166259865422E-02
 0.3269808167707905 -0.1629524561252070
 0.2732773938941447 -0.3432592757831842
 0.1511425119348671 -0.4651543772802744
 -3.239295798029333E-02 -0.5200037798118368
 -0.1734013918545743 -0.5544213066269584
 -0.1636078942758071 -0.6206155295488790
 -2.364268776918877E-02 -0.7176833428123214
 0.1138405913735388 -0.8020963467708635
 0.1620927762427087 -0.8492409997410351
 0.1642955457158630 -0.8781765105603413
 0.1990308956188566 -0.9132098269562730
 0.2640936999267106 -0.9488676466190010
 0.3050224421922511 -0.9676842761331663
 0.3153365579253298 -0.9720860181433881
 0.3395338396781145 -0.9771344825216250
 0.3910673620989383 -0.9827188909096169
 0.4340177959969016 -0.9752952360594208
 0.4519486969061489 -0.9529945841106460
 0.4768601199617756 -0.9271630596827198
 0.5319626905698784 -0.8978763777862350
 0.5950158093950277 -0.8495589411769188
 0.6432431691239309 -0.7787310904478062
   
   
 #BODY NUMBER  3
 -0.9960224916065314 -0.1676993800482549
 -0.9361217597617681 -0.3275585069635449
 -0.9042044484418655 -0.4196700649942895
 -0.8905585903967418 -0.4369212338827717
 -0.8719096690169141 -0.4049343996669001
 -0.8541827184126426 -0.3258637147047443
 -0.8576556639982863 -0.1960686026057742
 -0.8669592930554403 -6.366295157119513E-02
 -0.8356129463411809 -1.262576741997005E-02
 -0.7498935320430331 -7.637588409201673E-02
 -0.6512274374245366 -0.2030310327586427
 -0.5713396827133433 -0.3205545150384428
 -0.4773450687678043 -0.4056767936042373
 -0.3239140387503522 -0.4718521150288534
 -0.1471866781762312 -0.5203175905978593
 -5.577161028579158E-02 -0.5334856292939015
 -0.1131361708981772 -0.5017393895319385
 -0.2644524663407579 -0.4287163641596049
 -0.4023498236739494 -0.3168415532356404
 -0.4773531472913687 -0.1727797366551655
 -0.5148794556714588 -2.602832079783299E-02
 -0.5460565139198622 8.179101016555311E-02
 -0.5639955380043186 0.1353775118706218
 -0.5470294718182488 0.1626804677437098
 -0.4887346566590978 0.2072322261154021
 -0.3941076510987243 0.2867362470022167
 -0.2704863063100871 0.3765357023042474
 -0.1320301716899497 0.4279676994158760
 7.302885879851000E-03 0.4068904540543665
 0.1510756783991503 0.3205340759725745
 0.3046113749988950 0.2016974658110904
 0.4339099498599602 6.503552750074881E-02
 0.4784067633736845 -0.1016839337127435
 0.4341400043908363 -0.2880550144205673
 0.3934422400110236 -0.4273806637111127
 0.4556648674345610 -0.4519963574769583
 0.6097106628638151 -0.3793168396280122
 0.7515561082730335 -0.3024593292740929
 0.8165106678323885 -0.2842440378743736
 0.8426709400099648 -0.2968041389615932
 0.8903783569391562 -0.2842391017342242
 0.9537903367645710 -0.2457219701935302
 0.9905503870702081 -0.2196849544037077
 0.9995194653385052 -0.2129535391663988
 1.015990204616553 -0.1945223106550751
 1.046593205356073 -0.1526851752861422
 1.061639348615857 -0.1117771810018422
 1.051291867961887 -8.509823932730443E-02
 1.041376823116639 -5.060855190274655E-02
 1.043565097905780 1.175501500593980E-02
 1.033247529768943 9.051933600101694E-02
 0.9960224916065314 0.1676993800482549
 0.9361217597617681 0.3275585069635449
 0.9042044484418655 0.4196700649942895
 0.8905585903967418 0.4369212338827717
 0.8719096690169141 0.4049343996669001
 0.8541827184126426 0.3258637147047443
 0.8576556639982863 0.1960686026057742
 0.8669592930554403 6.366295157119513E-02
 0.8356129463411809 1.262576741997005E-02
 0.7498935320430331 7.637588409201673E-02
 0.6512274374245366 0.2030310327586427
 0.5713396827133433 0.3205545150384428
 0.4773450687678043 0.4056767936042373
 0.3239140387503522 0.4718521150288534
 0.1471866781762312 0.5203175905978593
 5.577161028579158E-02 0.5334856292939015
 0.1131361708981772 0.5017393895319385
 0.2644524663407579 0.4287163641596049
 0.4023498236739494 0.3168415532356404
 0.4773531472913687 0.1727797366551655
 0.5148794556714588 2.602832079783299E-02
 0.5460565139198622 -8.179101016555311E-02
 0.5639955380043186 -0.1353775118706218
 0.5470294718182488 -0.1626804677437098
 0.4887346566590978 -0.2072322261154021
 0.3941076510987243 -0.2867362470022167
 0.2704863063100871 -0.3765357023042474
 0.1320301716899497 -0.4279676994158760
 -7.302885879851000E-03 -0.4068904540543665
 -0.1510756783991503 -0.3205340759725745
 -0.3046113749988950 -0.2016974658110904
 -0.4339099498599602 -6.503552750074881E-02
 -0.4784067633736845 0.1016839337127435
 -0.4341400043908363 0.2880550144205673
 -0.3934422400110236 0.4273806637111127
 -0.4556648674345610 0.4519963574769583
 -0.6097106628638151 0.3793168396280122
 -0.7515561082730335 0.3024593292740929
 -0.8165106678323885 0.2842440378743736
 -0.8426709400099648 0.2968041389615932
 -0.8903783569391562 0.2842391017342242
 -0.9537903367645710 0.2457219701935302
 -0.9905503870702081 0.2196849544037077
 -0.9995194653385052 0.2129535391663988
 -1.015990204616553 0.1945223106550751
 -1.046593205356073 0.1526851752861422
 -1.061639348615857 0.1117771810018422
 -1.051291867961887 8.509823932730443E-02
 -1.041376823116639 5.060855190274655E-02
 -1.043565097905780 -1.175501500593980E-02
 -1.033247529768943 -9.051933600101694E-02
 -0.9960224916065314 -0.1676993800482549
   
   
 #BODY NUMBER  4
 -0.9464304704960433 -0.3527793224825757
 -0.9744844784708442 -0.1843868916247522
 -0.9928990550626845 -8.865728672801132E-02
 -0.9897069797834129 -6.689440720304834E-02
 -0.9575631230073677 -8.527135753072056E-02
 -0.9026757909713592 -0.1448851041004477
 -0.8407858940250037 -0.2590274412580268
 -0.7826402476185973 -0.3783459131871665
 -0.7299749229726018 -0.4068722378426224
 -0.6876147909289068 -0.3088033101613342
 -0.6654950208304025 -0.1497836865866928
 -0.6550719369391100 -8.061488035579286E-03
 -0.6162313527262601 0.1126538746031839
 -0.5164438437146422 0.2466788990692280
 -0.3876261976981847 0.3770149124055416
 -0.3150424459644064 0.4341263023795506
 -0.3488484928506833 0.3779509719648660
 -0.4433807360243432 0.2390530292099396
 -0.5068659451276460 7.321792223960960E-02
 -0.4997898204583595 -8.904493244312554E-02
 -0.4589128488971006 -0.2348985408069551
 -0.4320033078737929 -0.3438613495644914
 -0.4207457075974990 -0.3992381333832474
 -0.3924011853415308 -0.4144001536747119
 -0.3196405153189424 -0.4238357006282882
 -0.1979391141762007 -0.4453746996390914
 -4.598016148823104E-02 -0.4613326367823368
 9.964236695841987E-02 -0.4366459855383063
 0.2097697117200715 -0.3487260268285410
 0.2911024133739176 -0.2020528133712455
 0.3646499219362940 -2.236944177189993E-02
 0.4082948032839291 0.1606325559658102
 0.3634704435675260 0.3272642514388111
 0.2319487653912644 0.4665329623711222
 0.1270406429158402 0.5668436318655895
 0.1686191720719142 0.6192727617103587
 0.3383665031843019 0.6333533506329941
 0.4996370174967627 0.6377155168994835
 0.5649969618666529 0.6544178915896680
 0.5813723715987387 0.6783753942940890
 0.6289707252220386 0.6913474613202860
 0.7031456764254608 0.6896966368378451
 0.7479993217294466 0.6855279448779409
 0.7591324789769763 0.6841829074131586
 0.7826121718665369 0.6764563649384194
 0.8300337156234617 0.6555258432571153
 0.8635180550575634 0.6276215526189349
 0.8678963447833266 0.5993431710557173
 0.8765545077799580 0.5645167031548410
 0.9096313927921585 0.5116024073358790
 0.9400782771779186 0.4382317203738913
 0.9464304704960433 0.3527793224825757
 0.9744844784708442 0.1843868916247522
 0.9928990550626845 8.865728672801132E-02
 0.9897069797834129 6.689440720304834E-02
 0.9575631230073677 8.527135753072056E-02
 0.9026757909713592 0.1448851041004477
 0.8407858940250037 0.2590274412580268
 0.7826402476185973 0.3783459131871665
 0.7299749229726018 0.4068722378426224
 0.6876147909289068 0.3088033101613342
 0.6654950208304025 0.1497836865866928
 0.6550719369391100 8.061488035579286E-03
 0.6162313527262601 -0.1126538746031839
 0.5164438437146422 -0.2466788990692280
 0.3876261976981847 -0.3770149124055416
 0.3150424459644064 -0.4341263023795506
 0.3488484928506833 -0.3779509719648660
 0.4433807360243432 -0.2390530292099396
 0.5068659451276460 -7.321792223960960E-02
 0.4997898204583595 8.904493244312554E-02
 0.4589128488971006 0.2348985408069551
 0.4320033078737929 0.3438613495644914
 0.4207457075974990 0.3992381333832474
 0.3924011853415308 0.4144001536747119
 0.3196405153189424 0.4238357006282882
 0.1979391141762007 0.4453746996390914
 4.598016148823104E-02 0.4613326367823368
 -9.964236695841987E-02 0.4366459855383063
 -0.2097697117200715 0.3487260268285410
 -0.2911024133739176 0.2020528133712455
 -0.3646499219362940 2.236944177189993E-02
 -0.4082948032839291 -0.1606325559658102
 -0.3634704435675260 -0.3272642514388111
 -0.2319487653912644 -0.4665329623711222
 -0.1270406429158402 -0.5668436318655895
 -0.1686191720719142 -0.6192727617103587
 -0.3383665031843019 -0.6333533506329941
 -0.4996370174967627 -0.6377155168994835
 -0.5649969618666529 -0.6544178915896680
 -0.5813723715987387 -0.6783753942940890
 -0.6289707252220386 -0.6913474613202860
 -0.7031456764254608 -0.6896966368378451
 -0.7479993217294466 -0.6855279448779409
 -0.7591324789769763 -0.6841829074131586
 -0.7826121718665369 -0.6764563649384194
 -0.8300337156234617 -0.6555258432571153
 -0.8635180550575634 -0.6276215526189349
 -0.8678963447833266 -0.5993431710557173
 -0.8765545077799580 -0.5645167031548410
 -0.9096313927921585 -0.5116024073358790
 -0.9400782771779186 -0.4382317203738913
 -0.9464304704960433 -0.3527793224825757
   
   
 #BODY NUMBER  5
 0.1676993800482549 0.9960224916065386
 0.3275585069635448 0.9361217597617750
 0.4196700649942895 0.9042044484418720
 0.4369212338827717 0.8905585903967479
 0.4049343996669001 0.8719096690169202
 0.3258637147047443 0.8541827184126481
 0.1960686026057743 0.8576556639982914
 6.366295157119518E-02 0.8669592930554452
 1.262576741997008E-02 0.8356129463411858
 7.637588409201669E-02 0.7498935320430379
 0.2030310327586426 0.6512274374245407
 0.3205545150384427 0.5713396827133472
 0.4056767936042373 0.4773450687678081
 0.4718521150288535 0.3239140387503558
 0.5203175905978595 0.1471866781762345
 0.5334856292939015 5.577161028579463E-02
 0.5017393895319384 0.1131361708981799
 0.4287163641596048 0.2644524663407601
 0.3168415532356404 0.4023498236739514
 0.1727797366551656 0.4773531472913703
 2.602832079783297E-02 0.5148794556714602
 -8.179101016555307E-02 0.5460565139198633
 -0.1353775118706219 0.5639955380043193
 -0.1626804677437098 0.5470294718182493
 -0.2072322261154021 0.4887346566590981
 -0.2867362470022167 0.3941076510987242
 -0.3765357023042475 0.2704863063100869
 -0.4279676994158760 0.1320301716899494
 -0.4068904540543665 -7.302885879851439E-03
 -0.3205340759725744 -0.1510756783991511
 -0.2016974658110903 -0.3046113749988962
 -6.503552750074888E-02 -0.4339099498599616
 0.1016839337127435 -0.4784067633736862
 0.2880550144205674 -0.4341400043908385
 0.4273806637111127 -0.3934422400110260
 0.4519963574769584 -0.4556648674345638
 0.3793168396280122 -0.6097106628638185
 0.3024593292740931 -0.7515561082730370
 0.2842440378743737 -0.8165106678323923
 0.2968041389615933 -0.8426709400099689
 0.2842391017342241 -0.8903783569391606
 0.2457219701935300 -0.9537903367645756
 0.2196849544037077 -0.9905503870702128
 0.2129535391663989 -0.9995194653385101
 0.1945223106550752 -1.015990204616558
 0.1526851752861422 -1.046593205356078
 0.1117771810018423 -1.061639348615862
 8.509823932730444E-02 -1.051291867961893
 5.060855190274650E-02 -1.041376823116645
 -1.175501500593994E-02 -1.043565097905787
 -9.051933600101705E-02 -1.033247529768950
 -0.1676993800482549 -0.9960224916065386
 -0.3275585069635448 -0.9361217597617750
 -0.4196700649942895 -0.9042044484418720
 -0.4369212338827717 -0.8905585903967479
 -0.4049343996669001 -0.8719096690169202
 -0.3258637147047443 -0.8541827184126481
 -0.1960686026057743 -0.8576556639982914
 -6.366295157119518E-02 -0.8669592930554452
 -1.262576741997008E-02 -0.8356129463411858
 -7.637588409201669E-02 -0.7498935320430379
 -0.2030310327586426 -0.6512274374245407
 -0.3205545150384427 -0.5713396827133472
 -0.4056767936042373 -0.4773450687678081
 -0.4718521150288535 -0.3239140387503558
 -0.5203175905978595 -0.1471866781762345
 -0.5334856292939015 -5.577161028579463E-02
 -0.5017393895319384 -0.1131361708981799
 -0.4287163641596048 -0.2644524663407601
 -0.3168415532356404 -0.4023498236739514
 -0.1727797366551656 -0.4773531472913703
 -2.602832079783297E-02 -0.5148794556714602
 8.179101016555307E-02 -0.5460565139198633
 0.1353775118706219 -0.5639955380043193
 0.1626804677437098 -0.5470294718182493
 0.2072322261154021 -0.4887346566590981
 0.2867362470022167 -0.3941076510987242
 0.3765357023042475 -0.2704863063100869
 0.4279676994158760 -0.1320301716899494
 0.4068904540543665 7.302885879851439E-03
 0.3205340759725744 0.1510756783991511
 0.2016974658110903 0.3046113749988962
 6.503552750074888E-02 0.4339099498599616
 -0.1016839337127435 0.4784067633736862
 -0.2880550144205674 0.4341400043908385
 -0.4273806637111127 0.3934422400110260
 -0.4519963574769584 0.4556648674345638
 -0.3793168396280122 0.6097106628638185
 -0.3024593292740931 0.7515561082730370
 -0.2842440378743737 0.8165106678323923
 -0.2968041389615933 0.8426709400099689
 -0.2842391017342241 0.8903783569391606
 -0.2457219701935300 0.9537903367645756
 -0.2196849544037077 0.9905503870702128
 -0.2129535391663989 0.9995194653385101
 -0.1945223106550752 1.015990204616558
 -0.1526851752861422 1.046593205356078
 -0.1117771810018423 1.061639348615862
 -8.509823932730444E-02 1.051291867961893
 -5.060855190274650E-02 1.041376823116645
 1.175501500593994E-02 1.043565097905787
 9.051933600101705E-02 1.033247529768950
 0.1676993800482549 0.9960224916065386
   
   
 #BODY NUMBER  6
 0.7787310904478062 -0.6432431691239344
 0.6469259715073161 -0.7517348681369954
 0.5732289900684113 -0.8155471617138339
 0.5527857459006568 -0.8236641831936746
 0.5526287233404831 -0.7866383114861756
 0.5768120762666293 -0.7092976143121774
 0.6447172914192428 -0.5986282227402429
 0.7189772960474146 -0.4886133798682581
 0.7173491555526437 -0.4287407084985440
 0.6112389068369011 -0.4410902218816851
 0.4624639880717707 -0.5014437508378303
 0.3345174219006771 -0.5632781946777516
 0.2105545591220321 -0.5899989433709769
 4.459172868579776E-02 -0.5705929378195698
 -0.1326913928996668 -0.5242015905817635
 -0.2184431833294879 -0.4898979126653337
 -0.1528908966812484 -0.4910871428630354
 1.466437186474420E-02 -0.5035054955506900
 0.1900243918920106 -0.4755677459135528
 0.3270100838031985 -0.3883082148482377
 0.4328845280992713 -0.2799809148644991
 0.5137943180393491 -0.2021951643553671
 0.5561232194681235 -0.1647574046210686
 0.5550816530852425 -0.1326293181435346
 0.5268727414343458 -6.489895603080841E-02
 0.4846753611784180 5.126704854036770E-02
 0.4225158637924786 0.1908463304722494
 0.3283253324574554 0.3046158138483552
 0.1971207423342932 0.3560289127083895
 2.943166259865434E-02 0.3531284917703927
 -0.1629524561252068 0.3269808167707911
 -0.3432592757831842 0.2732773938941454
 -0.4651543772802743 0.1511425119348678
 -0.5200037798118370 -3.239295798029243E-02
 -0.5544213066269585 -0.1734013918545731
 -0.6206155295488791 -0.1636078942758058
 -0.7176833428123216 -2.364268776918732E-02
 -0.8020963467708635 0.1138405913735404
 -0.8492409997410350 0.1620927762427106
 -0.8781765105603416 0.1642955457158651
 -0.9132098269562730 0.1990308956188588
 -0.9488676466190014 0.2640936999267129
 -0.9676842761331662 0.3050224421922534
 -0.9720860181433881 0.3153365579253323
 -0.9771344825216247 0.3395338396781172
 -0.9827188909096172 0.3910673620989410
 -0.9752952360594210 0.4340177959969044
 -0.9529945841106461 0.4519486969061517
 -0.9271630596827202 0.4768601199617787
 -0.8978763777862351 0.5319626905698819
 -0.8495589411769188 0.5950158093950310
 -0.7787310904478062 0.6432431691239344
 -0.6469259715073161 0.7517348681369954
 -0.5732289900684113 0.8155471617138339
 -0.5527857459006568 0.8236641831936746
 -0.5526287233404831 0.7866383114861756
 -0.5768120762666293 0.7092976143121774
 -0.6447172914192428 0.5986282227402429
 -0.7189772960474146 0.4886133798682581
 -0.7173491555526437 0.4287407084985440
 -0.6112389068369011 0.4410902218816851
 -0.4624639880717707 0.5014437508378303
 -0.3345174219006771 0.5632781946777516
 -0.2105545591220321 0.5899989433709769
 -4.459172868579776E-02 0.5705929378195698
 0.1326913928996668 0.5242015905817635
 0.2184431833294879 0.4898979126653337
 0.1528908966812484 0.4910871428630354
 -1.466437186474420E-02 0.5035054955506900
 -0.1900243918920106 0.4755677459135528
 -0.3270100838031985 0.3883082148482377
 -0.4328845280992713 0.2799809148644991
 -0.5137943180393491 0.2021951643553671
 -0.5561232194681235 0.1647574046210686
 -0.5550816530852425 0.1326293181435346
 -0.5268727414343458 6.489895603080841E-02
 -0.4846753611784180 -5.126704854036770E-02
 -0.4225158637924786 -0.1908463304722494
 -0.3283253324574554 -0.3046158138483552
 -0.1971207423342932 -0.3560289127083895
 -2.943166259865434E-02 -0.3531284917703927
 0.1629524561252068 -0.3269808167707911
 0.3432592757831842 -0.2732773938941454
 0.4651543772802743 -0.1511425119348678
 0.5200037798118370 3.239295798029243E-02
 0.5544213066269585 0.1734013918545731
 0.6206155295488791 0.1636078942758058
 0.7176833428123216 2.364268776918732E-02
 0.8020963467708635 -0.1138405913735404
 0.8492409997410350 -0.1620927762427106
 0.8781765105603416 -0.1642955457158651
 0.9132098269562730 -0.1990308956188588
 0.9488676466190014 -0.2640936999267129
 0.9676842761331662 -0.3050224421922534
 0.9720860181433881 -0.3153365579253323
 0.9771344825216247 -0.3395338396781172
 0.9827188909096172 -0.3910673620989410
 0.9752952360594210 -0.4340177959969044
 0.9529945841106461 -0.4519486969061517
 0.9271630596827202 -0.4768601199617787
 0.8978763777862351 -0.5319626905698819
 0.8495589411769188 -0.5950158093950310
 0.7787310904478062 -0.6432431691239344
   
   
