 # action(x) =  27.90852137602974
 # |grad_action(x)| =  1.427813471599554E-05
 # PRINTSTEPS = 50
 #
 #BODY NUMBER  1
 -0.1403058081422113 -1.116456426398756
 -0.1909357037329348 -1.100248054800085
 -0.2420649241510923 -1.086806112164145
 -0.2935272723848234 -1.077213903159488
 -0.3445451329135749 -1.070916886602699
 -0.3943463691002312 -1.067030442679832
 -0.4425836804683553 -1.065148387675481
 -0.4891898526224298 -1.065046301272492
 -0.5340554527601020 -1.066247406405589
 -0.5770041467932410 -1.068203513792515
 -0.6179845909777013 -1.070641388607216
 -0.6570976439469107 -1.073465832202522
 -0.6944154510755658 -1.076467309769716
 -0.7298993916077764 -1.079353668718182
 -0.7635305701121604 -1.081983433287503
 -0.7954042337630102 -1.084355359771596
 -0.8256237674862668 -1.086397051175997
 -0.8541867518275013 -1.087939470761524
 -0.8810605695732137 -1.088891526218365
 -0.9063055969434850 -1.089277265883045
 -0.9300242313797071 -1.089079057890400
 -0.9522287369788522 -1.088180882347992
 -0.9728660044940514 -1.086500542846334
 -0.9919540215675253 -1.084055161780340
 -1.009581956425315 -1.080845810503878
 -1.025771611095773 -1.076781241590224
 -1.040452469730450 -1.071774217760103
 -1.053600071351550 -1.065823351177627
 -1.065286841955077 -1.058931933996969
 -1.075547628608891 -1.051019780053916
 -1.084303965799570 -1.041987686130392
 -1.091494028443016 -1.031807803248056
 -1.097177149225193 -1.020472341243766
 -1.101415425854137 -1.007899173432199
 -1.104144342396696 -0.9939667407567016
 -1.105282836068667 -0.9786064060602599
 -1.104897909133998 -0.9617774708848490
 -1.103117525446939 -0.9433708942884763
 -1.099940712203379 -0.9232164471378150
 -1.095312168556475 -0.9011724255449690
 -1.089361877066473 -0.8771262120928613
 -1.082376308957886 -0.8509033077363777
 -1.074535699102241 -0.8222532359528794
 -1.065928878859261 -0.7909409923569415
 -1.056904890583843 -0.7567874106499550
 -1.048155096470796 -0.7196128073310963
 -1.040317689786256 -0.6792380998592719
 -1.033813951895548 -0.6356196267831533
 -1.029346106877935 -0.5889770417281907
 -1.028165615982713 -0.5397925533797487
 -1.031091447494207 -0.4887523077617548
 -1.037032531550820 -0.4367198190497176
 -1.048310617787754 -0.3847688574778616
 -1.062234164197896 -0.3337686824020732
 -1.079658241638318 -0.2844048769909324
 -1.099713795596463 -0.2370736054479075
 -1.121248654522205 -0.1920012478089608
 -1.143737402761180 -0.1492854832517300
 -1.166952079419848 -0.1088723109916562
 -1.190425067046562 -7.061811408294583E-02
 -1.213593452752740 -3.440150768434547E-02
 -1.236194936365747 -1.303393695831767E-04
 -1.258197502755443 3.233033632366578E-02
 -1.279455762141849 6.314776652701215E-02
 -1.299697392581767 9.243458098004981E-02
 -1.318790424756963 0.1202451536393950
 -1.336781405173522 0.1466625928306650
 -1.353659328658050 0.1718126310233250
 -1.369276595373028 0.1957776912779681
 -1.383538008457320 0.2185750724140071
 -1.396494582491315 0.2402450376035561
 -1.408182246552563 0.2608850815647232
 -1.418506656515353 0.2805638352632605
 -1.427370073577533 0.2992764029469476
 -1.434796319989186 0.3170298011734441
 -1.440830907682997 0.3339007162147784
 -1.445405715083569 0.3499536528947192
 -1.448409934566669 0.3651711613367782
 -1.449830133742263 0.3795327516307257
 -1.449705376697500 0.3930995004519102
 -1.447983643711070 0.4059416793284517
 -1.444539789519270 0.4180409367414453
 -1.439318783657340 0.4293576550866385
 -1.432343545989080 0.4399471130589241
 -1.423574001572691 0.4499041521936384
 -1.412872619210473 0.4592336795820516
 -1.400139425988709 0.4678998113722470
 -1.385372677140827 0.4759809224559284
 -1.368541922368134 0.4836423532526378
 -1.349499252514651 0.4909683758559671
 -1.328094297990221 0.4979819502716459
 -1.304294520530872 0.5048519534074354
 -1.278092035142854 0.5119137261437747
 -1.249360040230274 0.5194485947193725
 -1.217939431705215 0.5276509915411147
 -1.183849568179029 0.5369127793046433
 -1.147280520272764 0.5479225369842902
 -1.108396294589529 0.5613224974316006
 -1.067369719885968 0.5774993317367516
 -1.024742133821388 0.5969513569788086
 -0.9815568719918868 0.6205212660488313
 -0.9388176384270533 0.6485752332739745
 -0.8967267234086087 0.6797366073490387
 -0.8573749140548194 0.7154791973222234
 -0.8201692400468035 0.7530374297620718
 -0.7861309692534951 0.7928090261685556
 -0.7551686626828885 0.8338432811547911
 -0.7269022854219740 0.8750291948708709
 -0.7011537222928244 0.9158629044237507
 -0.6777622267974179 0.9561739902808358
 -0.6563696142864596 0.9956292923226431
 -0.6365893059594986 1.033802006108170
 -0.6182103453880461 1.070511049237633
 -0.6010998588085321 1.105796168526188
 -0.5850403110662835 1.139615076296728
 -0.5697980009739905 1.171788249698232
 -0.5552598546448025 1.202228586926898
 -0.5413771714105116 1.231017952602261
 -0.5280355611717833 1.258209682199322
 -0.5150898435455264 1.283717162039492
 -0.5024774388841068 1.307466598632373
 -0.4901889855478304 1.329522303486601
 -0.4781580151728559 1.349964139455123
 -0.4662779195365007 1.368744717611253
 -0.4545040690834822 1.385776945793281
 -0.4428422984216610 1.401084962953784
 -0.4312489512576819 1.414746526718656
 -0.4196341039877962 1.426734894484943
 -0.4079574648362187 1.436945379096881
 -0.3962300623907133 1.445356102808353
 -0.3844185347424234 1.452031434448879
 -0.3724360151021796 1.456961459382368
 -0.3602358237197001 1.460028622871837
 -0.3478247552143243 1.461165458334694
 -0.3351663967638871 1.460419454302690
 -0.3221585757185541 1.457803325625838
 -0.3087282768137768 1.453200420338753
 -0.2948565899200414 1.446506217432507
 -0.2804747680068284 1.437758393340777
 -0.2654243969211953 1.427013247541114
 -0.2495585403112714 1.414184822993782
 -0.2327821294337462 1.399154375816615
 -0.2149326434643990 1.381978165500297
 -0.1957157261849679 1.362817033880152
 -0.1748243411280332 1.341701830672252
 -0.1520105528459544 1.318591983898056
 -0.1269446775951854 1.293700189954598
 -9.912542380196823E-02 1.267535344315386
 -6.807860480327295E-02 1.240560597290872
 -3.355576799042046E-02 1.213118958519905
 4.603973056547248E-03 1.185928398706999
 4.660874399082672E-02 1.160313819428580
 9.227380906715359E-02 1.137327541035729
 0.1403058081422113 1.116456426398756
 0.1909357037329348 1.100248054800085
 0.2420649241510923 1.086806112164145
 0.2935272723848234 1.077213903159488
 0.3445451329135749 1.070916886602699
 0.3943463691002312 1.067030442679832
 0.4425836804683553 1.065148387675481
 0.4891898526224298 1.065046301272492
 0.5340554527601020 1.066247406405589
 0.5770041467932410 1.068203513792515
 0.6179845909777013 1.070641388607216
 0.6570976439469107 1.073465832202522
 0.6944154510755658 1.076467309769716
 0.7298993916077764 1.079353668718182
 0.7635305701121604 1.081983433287503
 0.7954042337630102 1.084355359771596
 0.8256237674862668 1.086397051175997
 0.8541867518275013 1.087939470761524
 0.8810605695732137 1.088891526218365
 0.9063055969434850 1.089277265883045
 0.9300242313797071 1.089079057890400
 0.9522287369788522 1.088180882347992
 0.9728660044940514 1.086500542846334
 0.9919540215675253 1.084055161780340
 1.009581956425315 1.080845810503878
 1.025771611095773 1.076781241590224
 1.040452469730450 1.071774217760103
 1.053600071351550 1.065823351177627
 1.065286841955077 1.058931933996969
 1.075547628608891 1.051019780053916
 1.084303965799570 1.041987686130392
 1.091494028443016 1.031807803248056
 1.097177149225193 1.020472341243766
 1.101415425854137 1.007899173432199
 1.104144342396696 0.9939667407567016
 1.105282836068667 0.9786064060602599
 1.104897909133998 0.9617774708848490
 1.103117525446939 0.9433708942884763
 1.099940712203379 0.9232164471378150
 1.095312168556475 0.9011724255449690
 1.089361877066473 0.8771262120928613
 1.082376308957886 0.8509033077363777
 1.074535699102241 0.8222532359528794
 1.065928878859261 0.7909409923569415
 1.056904890583843 0.7567874106499550
 1.048155096470796 0.7196128073310963
 1.040317689786256 0.6792380998592719
 1.033813951895548 0.6356196267831533
 1.029346106877935 0.5889770417281907
 1.028165615982713 0.5397925533797487
 1.031091447494207 0.4887523077617548
 1.037032531550820 0.4367198190497176
 1.048310617787754 0.3847688574778616
 1.062234164197896 0.3337686824020732
 1.079658241638318 0.2844048769909324
 1.099713795596463 0.2370736054479075
 1.121248654522205 0.1920012478089608
 1.143737402761180 0.1492854832517300
 1.166952079419848 0.1088723109916562
 1.190425067046562 7.061811408294583E-02
 1.213593452752740 3.440150768434547E-02
 1.236194936365747 1.303393695831767E-04
 1.258197502755443 -3.233033632366578E-02
 1.279455762141849 -6.314776652701215E-02
 1.299697392581767 -9.243458098004981E-02
 1.318790424756963 -0.1202451536393950
 1.336781405173522 -0.1466625928306650
 1.353659328658050 -0.1718126310233250
 1.369276595373028 -0.1957776912779681
 1.383538008457320 -0.2185750724140071
 1.396494582491315 -0.2402450376035561
 1.408182246552563 -0.2608850815647232
 1.418506656515353 -0.2805638352632605
 1.427370073577533 -0.2992764029469476
 1.434796319989186 -0.3170298011734441
 1.440830907682997 -0.3339007162147784
 1.445405715083569 -0.3499536528947192
 1.448409934566669 -0.3651711613367782
 1.449830133742263 -0.3795327516307257
 1.449705376697500 -0.3930995004519102
 1.447983643711070 -0.4059416793284517
 1.444539789519270 -0.4180409367414453
 1.439318783657340 -0.4293576550866385
 1.432343545989080 -0.4399471130589241
 1.423574001572691 -0.4499041521936384
 1.412872619210473 -0.4592336795820516
 1.400139425988709 -0.4678998113722470
 1.385372677140827 -0.4759809224559284
 1.368541922368134 -0.4836423532526378
 1.349499252514651 -0.4909683758559671
 1.328094297990221 -0.4979819502716459
 1.304294520530872 -0.5048519534074354
 1.278092035142854 -0.5119137261437747
 1.249360040230274 -0.5194485947193725
 1.217939431705215 -0.5276509915411147
 1.183849568179029 -0.5369127793046433
 1.147280520272764 -0.5479225369842902
 1.108396294589529 -0.5613224974316006
 1.067369719885968 -0.5774993317367516
 1.024742133821388 -0.5969513569788086
 0.9815568719918868 -0.6205212660488313
 0.9388176384270533 -0.6485752332739745
 0.8967267234086087 -0.6797366073490387
 0.8573749140548194 -0.7154791973222234
 0.8201692400468035 -0.7530374297620718
 0.7861309692534951 -0.7928090261685556
 0.7551686626828885 -0.8338432811547911
 0.7269022854219740 -0.8750291948708709
 0.7011537222928244 -0.9158629044237507
 0.6777622267974179 -0.9561739902808358
 0.6563696142864596 -0.9956292923226431
 0.6365893059594986 -1.033802006108170
 0.6182103453880461 -1.070511049237633
 0.6010998588085321 -1.105796168526188
 0.5850403110662835 -1.139615076296728
 0.5697980009739905 -1.171788249698232
 0.5552598546448025 -1.202228586926898
 0.5413771714105116 -1.231017952602261
 0.5280355611717833 -1.258209682199322
 0.5150898435455264 -1.283717162039492
 0.5024774388841068 -1.307466598632373
 0.4901889855478304 -1.329522303486601
 0.4781580151728559 -1.349964139455123
 0.4662779195365007 -1.368744717611253
 0.4545040690834822 -1.385776945793281
 0.4428422984216610 -1.401084962953784
 0.4312489512576819 -1.414746526718656
 0.4196341039877962 -1.426734894484943
 0.4079574648362187 -1.436945379096881
 0.3962300623907133 -1.445356102808353
 0.3844185347424234 -1.452031434448879
 0.3724360151021796 -1.456961459382368
 0.3602358237197001 -1.460028622871837
 0.3478247552143243 -1.461165458334694
 0.3351663967638871 -1.460419454302690
 0.3221585757185541 -1.457803325625838
 0.3087282768137768 -1.453200420338753
 0.2948565899200414 -1.446506217432507
 0.2804747680068284 -1.437758393340777
 0.2654243969211953 -1.427013247541114
 0.2495585403112714 -1.414184822993782
 0.2327821294337462 -1.399154375816615
 0.2149326434643990 -1.381978165500297
 0.1957157261849679 -1.362817033880152
 0.1748243411280332 -1.341701830672252
 0.1520105528459544 -1.318591983898056
 0.1269446775951854 -1.293700189954598
 9.912542380196823E-02 -1.267535344315386
 6.807860480327295E-02 -1.240560597290872
 3.355576799042046E-02 -1.213118958519905
 -4.603973056547248E-03 -1.185928398706999
 -4.660874399082672E-02 -1.160313819428580
 -9.227380906715359E-02 -1.137327541035729
 -0.1403058081422113 -1.116456426398756
   
   
 #BODY NUMBER  2
 -3.135548908934187 0.6051505425980614
 -3.121310433986548 0.6685548670649040
 -3.106236803720880 0.7317423857252008
 -3.089949009200345 0.7945962942917715
 -3.072502748939574 0.8571082261341361
 -3.054022573171300 0.9193025442282861
 -3.034485306164523 0.9811688795147147
 -3.013820187962887 1.042668334447026
 -2.992046129492786 1.103778752019752
 -2.969224783673003 1.164504156115779
 -2.945355953851120 1.224840939228834
 -2.920398643479418 1.284761106654158
 -2.894355537487966 1.344238745815606
 -2.867266767746130 1.403271975510013
 -2.839138360454390 1.461862874967296
 -2.809936861579955 1.519991837721553
 -2.779649005037364 1.577631381707731
 -2.748293705429940 1.634773460858419
 -2.715870520736216 1.691419989744924
 -2.682341334621446 1.747552436173636
 -2.647673811737166 1.803134416259060
 -2.611864244546048 1.858141478232485
 -2.574901752405361 1.912561957414623
 -2.536743150618055 1.966364779689256
 -2.497343808046137 2.019491418930264
 -2.456687530668417 2.071886337011412
 -2.414764906707914 2.123509030093835
 -2.371545521241603 2.174303356746286
 -2.326998357016498 2.224180081228450
 -2.281125889602564 2.273047876423488
 -2.233954686129870 2.320839678327064
 -2.185505584617624 2.367488383563446
 -2.135801066555335 2.412901008845981
 -2.084896490836475 2.456988185909912
 -2.032877023936616 2.499704356196557
 -1.979823153582693 2.541028682453420
 -1.925802182966037 2.580923099863554
 -1.870893914528435 2.619349674609906
 -1.815196631522868 2.656320113047605
 -1.758795927290592 2.691881447856920
 -1.701747196816433 2.726053171759688
 -1.644100103547283 2.758828461618682
 -1.585919840207824 2.790242002643709
 -1.527265710984455 2.820373945757309
 -1.468163761999463 2.849263843083823
 -1.408624275687397 2.876887620057730
 -1.348679109703767 2.903260310062602
 -1.288374564082699 2.928482534759394
 -1.227724499422889 2.952603993372040
 -1.166703325901235 2.975523533402807
 -1.105319283862175 2.997204620094274
 -1.043698711463235 3.018040281244616
 -0.9816697182913388 3.037411562462234
 -0.9194109067965845 3.055951175055060
 -0.8568339279905222 3.073272485511940
 -0.7939738768450078 3.089419546846261
 -0.7308719295202866 3.104512404211608
 -0.6675254780198057 3.118525802306435
 -0.6039328286287093 3.131379012437765
 -0.5401226253398037 3.143077333445533
 -0.4761222098276769 3.153676170265064
 -0.4119346079581980 3.163173548837234
 -0.3475635655829994 3.171519967757868
 -0.2830328661163348 3.178704795956545
 -0.2183642046626191 3.184761848050051
 -0.1535587936561620 3.189697382496051
 -8.861688577811866E-02 3.193472624019336
 -2.355564815224276E-02 3.196062342820362
 4.160849382102638E-02 3.197478896392404
 0.1068774192198114 3.197722859219297
 0.1722541368610297 3.196751955490046
 0.2377233050497876 3.194519990028692
 0.3032656017018784 3.191011526129372
 0.3688763652300755 3.186211308539423
 0.4345502770088594 3.180066401156039
 0.5002589674952229 3.172508889216855
 0.5659624362715612 3.163496979225017
 0.6316303118729587 3.153002268423132
 0.6972291818552614 3.140970345999579
 0.7626972744269250 3.127329732355162
 0.8279542601997295 3.112036907837941
 0.8929287764772074 3.095081348255292
 0.9575522910216892 3.076447548173346
 1.021733037200052 3.056108485489809
 1.085365940377990 3.034067418280373
 1.148368962448536 3.010375323597095
 1.210683813958217 2.985091487229942
 1.272243878212902 2.958255163043892
 1.332976402342465 2.929916495072290
 1.392842382721344 2.900166452286547
 1.451839754174833 2.869102677034721
 1.509957700402817 2.836782889141833
 1.567165480671679 2.803246686845914
 1.623460536891907 2.768567871307587
 1.678882629705357 2.732837876920094
 1.733452989195338 2.696099036349176
 1.787145624959250 2.658348217161605
 1.839957627461416 2.619620525588143
 1.891952987599331 2.580006369465017
 1.943167815864122 2.539542602034775
 1.993527306534648 2.498156485611668
 2.042995699410641 2.455836889164603
 2.091850197470952 2.412889738646555
 2.139640715695209 2.368856695397330
 2.186825896924296 2.324208789329859
 2.233115081209823 2.278676191220169
 2.278528872094566 2.232311320712125
 2.323150643651013 2.185209859983322
 2.366959828144718 2.137356922791720
 2.409887359334178 2.088710677990739
 2.451923504152983 2.039298581425781
 2.493102573845325 1.989172014149285
 2.533421345892922 1.938332609608400
 2.572835077896418 1.886758861103710
 2.611322671371631 1.834466050140938
 2.648902563083511 1.781489872540038
 2.685579566798229 1.727834507528754
 2.721319975801836 1.673480786297783
 2.756093356885122 1.618430961112632
 2.789902199250966 1.562705435533985
 2.822747939956027 1.506302869474373
 2.854595471482475 1.449199519316410
 2.885397116786953 1.391385573769633
 2.915129846247926 1.332870047896886
 2.943778117635436 1.273649351124799
 2.971293427626915 1.213701621466782
 2.997602775541360 1.153017470286591
 3.022649966939978 1.091610642213605
 3.046395218580873 1.029493238329296
 3.068774703096864 0.9666669892532931
 3.089695631443423 0.9031496511267129
 3.109080149802293 0.8389890314144535
 3.126883462607078 0.7742416699282278
 3.143057875639313 0.7089591646099004
 3.157534103755387 0.6432074766438286
 3.170262431214464 0.5770792323704613
 3.181245986385152 0.5106709674005372
 3.190506967540910 0.4440628047765221
 3.198046061178938 0.3773320631803380
 3.203870316870900 0.3105668204623838
 3.208039014244212 0.2438463392389422
 3.210635681465425 0.1772212291778003
 3.211704897219250 0.1107297173821445
 3.211265584218962 4.441822522723218E-02
 3.209380377099731 -2.167413133612132E-02
 3.206148340689812 -8.753606883721474E-02
 3.201616751194801 -0.1531648067346466
 3.195769900646647 -0.2185394028961252
 3.188636737165183 -0.2836397844744593
 3.180327551682030 -0.3484761652943773
 3.170892315287011 -0.4130613913372645
 3.160230632435883 -0.4773670477911388
 3.148314983272816 -0.5413677309296706
 3.135548908934187 -0.6051505425980614
 3.121310433986548 -0.6685548670649040
 3.106236803720880 -0.7317423857252008
 3.089949009200345 -0.7945962942917715
 3.072502748939574 -0.8571082261341361
 3.054022573171300 -0.9193025442282861
 3.034485306164523 -0.9811688795147147
 3.013820187962887 -1.042668334447026
 2.992046129492786 -1.103778752019752
 2.969224783673003 -1.164504156115779
 2.945355953851120 -1.224840939228834
 2.920398643479418 -1.284761106654158
 2.894355537487966 -1.344238745815606
 2.867266767746130 -1.403271975510013
 2.839138360454390 -1.461862874967296
 2.809936861579955 -1.519991837721553
 2.779649005037364 -1.577631381707731
 2.748293705429940 -1.634773460858419
 2.715870520736216 -1.691419989744924
 2.682341334621446 -1.747552436173636
 2.647673811737166 -1.803134416259060
 2.611864244546048 -1.858141478232485
 2.574901752405361 -1.912561957414623
 2.536743150618055 -1.966364779689256
 2.497343808046137 -2.019491418930264
 2.456687530668417 -2.071886337011412
 2.414764906707914 -2.123509030093835
 2.371545521241603 -2.174303356746286
 2.326998357016498 -2.224180081228450
 2.281125889602564 -2.273047876423488
 2.233954686129870 -2.320839678327064
 2.185505584617624 -2.367488383563446
 2.135801066555335 -2.412901008845981
 2.084896490836475 -2.456988185909912
 2.032877023936616 -2.499704356196557
 1.979823153582693 -2.541028682453420
 1.925802182966037 -2.580923099863554
 1.870893914528435 -2.619349674609906
 1.815196631522868 -2.656320113047605
 1.758795927290592 -2.691881447856920
 1.701747196816433 -2.726053171759688
 1.644100103547283 -2.758828461618682
 1.585919840207824 -2.790242002643709
 1.527265710984455 -2.820373945757309
 1.468163761999463 -2.849263843083823
 1.408624275687397 -2.876887620057730
 1.348679109703767 -2.903260310062602
 1.288374564082699 -2.928482534759394
 1.227724499422889 -2.952603993372040
 1.166703325901235 -2.975523533402807
 1.105319283862175 -2.997204620094274
 1.043698711463235 -3.018040281244616
 0.9816697182913388 -3.037411562462234
 0.9194109067965845 -3.055951175055060
 0.8568339279905222 -3.073272485511940
 0.7939738768450078 -3.089419546846261
 0.7308719295202866 -3.104512404211608
 0.6675254780198057 -3.118525802306435
 0.6039328286287093 -3.131379012437765
 0.5401226253398037 -3.143077333445533
 0.4761222098276769 -3.153676170265064
 0.4119346079581980 -3.163173548837234
 0.3475635655829994 -3.171519967757868
 0.2830328661163348 -3.178704795956545
 0.2183642046626191 -3.184761848050051
 0.1535587936561620 -3.189697382496051
 8.861688577811866E-02 -3.193472624019336
 2.355564815224276E-02 -3.196062342820362
 -4.160849382102638E-02 -3.197478896392404
 -0.1068774192198114 -3.197722859219297
 -0.1722541368610297 -3.196751955490046
 -0.2377233050497876 -3.194519990028692
 -0.3032656017018784 -3.191011526129372
 -0.3688763652300755 -3.186211308539423
 -0.4345502770088594 -3.180066401156039
 -0.5002589674952229 -3.172508889216855
 -0.5659624362715612 -3.163496979225017
 -0.6316303118729587 -3.153002268423132
 -0.6972291818552614 -3.140970345999579
 -0.7626972744269250 -3.127329732355162
 -0.8279542601997295 -3.112036907837941
 -0.8929287764772074 -3.095081348255292
 -0.9575522910216892 -3.076447548173346
 -1.021733037200052 -3.056108485489809
 -1.085365940377990 -3.034067418280373
 -1.148368962448536 -3.010375323597095
 -1.210683813958217 -2.985091487229942
 -1.272243878212902 -2.958255163043892
 -1.332976402342465 -2.929916495072290
 -1.392842382721344 -2.900166452286547
 -1.451839754174833 -2.869102677034721
 -1.509957700402817 -2.836782889141833
 -1.567165480671679 -2.803246686845914
 -1.623460536891907 -2.768567871307587
 -1.678882629705357 -2.732837876920094
 -1.733452989195338 -2.696099036349176
 -1.787145624959250 -2.658348217161605
 -1.839957627461416 -2.619620525588143
 -1.891952987599331 -2.580006369465017
 -1.943167815864122 -2.539542602034775
 -1.993527306534648 -2.498156485611668
 -2.042995699410641 -2.455836889164603
 -2.091850197470952 -2.412889738646555
 -2.139640715695209 -2.368856695397330
 -2.186825896924296 -2.324208789329859
 -2.233115081209823 -2.278676191220169
 -2.278528872094566 -2.232311320712125
 -2.323150643651013 -2.185209859983322
 -2.366959828144718 -2.137356922791720
 -2.409887359334178 -2.088710677990739
 -2.451923504152983 -2.039298581425781
 -2.493102573845325 -1.989172014149285
 -2.533421345892922 -1.938332609608400
 -2.572835077896418 -1.886758861103710
 -2.611322671371631 -1.834466050140938
 -2.648902563083511 -1.781489872540038
 -2.685579566798229 -1.727834507528754
 -2.721319975801836 -1.673480786297783
 -2.756093356885122 -1.618430961112632
 -2.789902199250966 -1.562705435533985
 -2.822747939956027 -1.506302869474373
 -2.854595471482475 -1.449199519316410
 -2.885397116786953 -1.391385573769633
 -2.915129846247926 -1.332870047896886
 -2.943778117635436 -1.273649351124799
 -2.971293427626915 -1.213701621466782
 -2.997602775541360 -1.153017470286591
 -3.022649966939978 -1.091610642213605
 -3.046395218580873 -1.029493238329296
 -3.068774703096864 -0.9666669892532931
 -3.089695631443423 -0.9031496511267129
 -3.109080149802293 -0.8389890314144535
 -3.126883462607078 -0.7742416699282278
 -3.143057875639313 -0.7089591646099004
 -3.157534103755387 -0.6432074766438286
 -3.170262431214464 -0.5770792323704613
 -3.181245986385152 -0.5106709674005372
 -3.190506967540910 -0.4440628047765221
 -3.198046061178938 -0.3773320631803380
 -3.203870316870900 -0.3105668204623838
 -3.208039014244212 -0.2438463392389422
 -3.210635681465425 -0.1772212291778003
 -3.211704897219250 -0.1107297173821445
 -3.211265584218962 -4.441822522723218E-02
 -3.209380377099731 2.167413133612132E-02
 -3.206148340689812 8.753606883721474E-02
 -3.201616751194801 0.1531648067346466
 -3.195769900646647 0.2185394028961252
 -3.188636737165183 0.2836397844744593
 -3.180327551682030 0.3484761652943773
 -3.170892315287011 0.4130613913372645
 -3.160230632435883 0.4773670477911388
 -3.148314983272816 0.5413677309296706
 -3.135548908934187 0.6051505425980614
   
   
 #BODY NUMBER  3
 6.806923859040137E-02 1.321181078418499
 9.316880775734981E-02 1.298005731918318
 0.1192768559700910 1.273919501464205
 0.1469111591121917 1.248542573641091
 0.1761394904873897 1.222031951417129
 0.2069861544033946 1.194683590011528
 0.2396509053474911 1.166670648320824
 0.2743818796380650 1.138147791619025
 0.3113293354020362 1.109441435536815
 0.3505957268852943 1.081039101283532
 0.3923098738697761 1.053470456143611
 0.4365396054860309 1.027306751270116
 0.4831453267836832 1.003248312937284
 0.5317410160368711 0.9820903635696849
 0.5817259148240862 0.9645295683049713
 0.6322887127880512 0.9509878880090740
 0.6824449848300664 0.9415637565754065
 0.7312041598254003 0.9360407997169597
 0.7777782942160232 0.9338972385472271
 0.8216625597066045 0.9343843063243067
 0.8625825119029417 0.9367048491103944
 0.9004380178076119 0.9401683540265540
 0.9352843101256699 0.9442083721722589
 0.9672810979075863 0.9483305684100358
 0.9966063503184465 0.9521204485691286
 1.023419277781330 0.9552911069700112
 1.047886502939876 0.9576610083595989
 1.070188077848875 0.9590731262163622
 1.090476603067950 0.9593744478324606
 1.108861450985632 0.9584705190834004
 1.125445710280927 0.9563375387494012
 1.140345745824171 0.9529533769121260
 1.153659422244781 0.9482601950891463
 1.165448240648583 0.9422200877222833
 1.175771231079474 0.9348572153322537
 1.184708121573985 0.9262002252977393
 1.192329289746692 0.9162210356130642
 1.198672725307196 0.9048813686725951
 1.203775425529890 0.8922050231952025
 1.207700343797576 0.8782374551475494
 1.210505936165754 0.8629552004592673
 1.212217298349075 0.8462927414311614
 1.212859084849590 0.8282507061773678
 1.212489597389932 0.8088847017805414
 1.211165929174459 0.7881731659204582
 1.208904899582734 0.7660037155318524
 1.205725514580971 0.7423367301636701
 1.201700654448371 0.7172583911971607
 1.196904028555528 0.6907654839665500
 1.191337472545306 0.6626311959666050
 1.185023837764420 0.6327429974154440
 1.178210996204941 0.6016408493736978
 1.170690341977752 0.5683163116009851
 1.162885078629454 0.5336629633784661
 1.154725166035684 0.4970424909299699
 1.146380459407200 0.4584747023368376
 1.138119415636073 0.4180865270607759
 1.130191871969240 0.3757915520895446
 1.122855840622266 0.3314522177048240
 1.116469134886976 0.2851016043669181
 1.111505187638485 0.2368947447008304
 1.108487114091636 0.1869849111451106
 1.107943546822198 0.1355989875261187
 1.110411188699410 8.320802975423813E-02
 1.116385711681678 3.054395366276347E-02
 1.126170066265386 -2.152463612491567E-02
 1.139724026101194 -7.208414379607808E-02
 1.156640624892042 -0.1202328152604201
 1.176237191446289 -0.1652209779031736
 1.197667880214046 -0.2066271420295900
 1.220031826027653 -0.2443884968823142
 1.242501451129142 -0.2786659436129433
 1.264428687325003 -0.3097180209414196
 1.285350591829963 -0.3378757862437041
 1.304918912382221 -0.3635247191834547
 1.322863671082724 -0.3870261926641040
 1.339016005536052 -0.4086615397963492
 1.353302012923172 -0.4286658276489701
 1.365675730314767 -0.4472734991361836
 1.376080945098555 -0.4646932165731745
 1.384490543797498 -0.4810669262891303
 1.390935458290130 -0.4964958063088033
 1.395454705940154 -0.5110916965251818
 1.398047129467179 -0.5249682694346856
 1.398710652247791 -0.5381977393364115
 1.397495712928648 -0.5508191474876011
 1.394466984885705 -0.5628872167039449
 1.389635337195946 -0.5744769367903595
 1.382986615335298 -0.5856403466032610
 1.374559928236075 -0.5963975873627060
 1.364426118611562 -0.6067804503141263
 1.352594094008495 -0.6168512919217735
 1.339019662292299 -0.6266646045616584
 1.323715694676796 -0.6362414256018072
 1.306759499169515 -0.6456044422737766
 1.288160948855554 -0.6548138799030366
 1.267831126835220 -0.6639404960321975
 1.245745223774497 -0.6730205605363504
 1.222014315078483 -0.6820740988980941
 1.196672471450249 -0.6911665526377473
 1.169524185319798 -0.7004129177212787
 1.140483428710696 -0.7098892488863952
 1.110141757614540 -0.7195402290448012
 1.077521534220402 -0.7296894203173324
 1.043608222659363 -0.7402565380857389
 1.007814006923492 -0.7515000827111213
 0.9702409689198102 -0.7635572490802918
 0.9311332612326788 -0.7765970629507519
 0.8905409666217489 -0.7908790962312793
 0.8484739609842009 -0.8066955739142012
 0.8051397994849393 -0.8243398311698968
 0.7609094607531907 -0.8441443565827020
 0.7161772402218598 -0.8664855449985008
 0.6714039413361670 -0.8917077637439977
 0.6272658619157266 -0.9200402831830459
 0.5846446956448070 -0.9515464099069214
 0.5444441514412999 -0.9860542044298869
 0.5074353133131432 -1.023072031805152
 0.4741956400619761 -1.061796571835827
 0.4450330316208889 -1.101261777620133
 0.4198895859980228 -1.140524380576817
 0.3983692663210481 -1.178772803206621
 0.3799189392262001 -1.215370792723338
 0.3639906695173916 -1.249886374967974
 0.3500662817042930 -1.282084158415963
 0.3376378144746343 -1.311855287593491
 0.3262573207642772 -1.339146641233233
 0.3155967277547224 -1.363952646766360
 0.3054155099832963 -1.386326836008569
 0.2954876524658912 -1.406346625352546
 0.2856043420306044 -1.424067664405635
 0.2756290928118664 -1.439537445372531
 0.2654897480092031 -1.452833345058204
 0.2551089601159826 -1.464045073437308
 0.2443877072223980 -1.473228464523832
 0.2332624115992079 -1.480417827058695
 0.2217244818491740 -1.485676362819855
 0.2097588633117199 -1.489087442001684
 0.1973060474492546 -1.490697972403424
 0.1843138900281013 -1.490521715275856
 0.1707845027061848 -1.488602610557908
 0.1567257748139864 -1.485017905461676
 0.1420881578427411 -1.479806492381041
 0.1268023639432236 -1.472957345992820
 0.1108566098272064 -1.464492131779175
 9.426990177958264E-02 -1.454489144054318
 7.699501968109466E-02 -1.442987045823495
 5.892622725248562E-02 -1.429944211564050
 4.001970919352675E-02 -1.415357290700020
 2.031366063011258E-02 -1.399332490095255
 -2.315571052792262E-04 -1.381932036604297
 -2.181328722550833E-02 -1.363044113687884
 -4.454040905372417E-02 -1.342632246301839
 -6.806923859040137E-02 -1.321181078418499
 -9.316880775734981E-02 -1.298005731918318
 -0.1192768559700910 -1.273919501464205
 -0.1469111591121917 -1.248542573641091
 -0.1761394904873897 -1.222031951417129
 -0.2069861544033946 -1.194683590011528
 -0.2396509053474911 -1.166670648320824
 -0.2743818796380650 -1.138147791619025
 -0.3113293354020362 -1.109441435536815
 -0.3505957268852943 -1.081039101283532
 -0.3923098738697761 -1.053470456143611
 -0.4365396054860309 -1.027306751270116
 -0.4831453267836832 -1.003248312937284
 -0.5317410160368711 -0.9820903635696849
 -0.5817259148240862 -0.9645295683049713
 -0.6322887127880512 -0.9509878880090740
 -0.6824449848300664 -0.9415637565754065
 -0.7312041598254003 -0.9360407997169597
 -0.7777782942160232 -0.9338972385472271
 -0.8216625597066045 -0.9343843063243067
 -0.8625825119029417 -0.9367048491103944
 -0.9004380178076119 -0.9401683540265540
 -0.9352843101256699 -0.9442083721722589
 -0.9672810979075863 -0.9483305684100358
 -0.9966063503184465 -0.9521204485691286
 -1.023419277781330 -0.9552911069700112
 -1.047886502939876 -0.9576610083595989
 -1.070188077848875 -0.9590731262163622
 -1.090476603067950 -0.9593744478324606
 -1.108861450985632 -0.9584705190834004
 -1.125445710280927 -0.9563375387494012
 -1.140345745824171 -0.9529533769121260
 -1.153659422244781 -0.9482601950891463
 -1.165448240648583 -0.9422200877222833
 -1.175771231079474 -0.9348572153322537
 -1.184708121573985 -0.9262002252977393
 -1.192329289746692 -0.9162210356130642
 -1.198672725307196 -0.9048813686725951
 -1.203775425529890 -0.8922050231952025
 -1.207700343797576 -0.8782374551475494
 -1.210505936165754 -0.8629552004592673
 -1.212217298349075 -0.8462927414311614
 -1.212859084849590 -0.8282507061773678
 -1.212489597389932 -0.8088847017805414
 -1.211165929174459 -0.7881731659204582
 -1.208904899582734 -0.7660037155318524
 -1.205725514580971 -0.7423367301636701
 -1.201700654448371 -0.7172583911971607
 -1.196904028555528 -0.6907654839665500
 -1.191337472545306 -0.6626311959666050
 -1.185023837764420 -0.6327429974154440
 -1.178210996204941 -0.6016408493736978
 -1.170690341977752 -0.5683163116009851
 -1.162885078629454 -0.5336629633784661
 -1.154725166035684 -0.4970424909299699
 -1.146380459407200 -0.4584747023368376
 -1.138119415636073 -0.4180865270607759
 -1.130191871969240 -0.3757915520895446
 -1.122855840622266 -0.3314522177048240
 -1.116469134886976 -0.2851016043669181
 -1.111505187638485 -0.2368947447008304
 -1.108487114091636 -0.1869849111451106
 -1.107943546822198 -0.1355989875261187
 -1.110411188699410 -8.320802975423813E-02
 -1.116385711681678 -3.054395366276347E-02
 -1.126170066265386 2.152463612491567E-02
 -1.139724026101194 7.208414379607808E-02
 -1.156640624892042 0.1202328152604201
 -1.176237191446289 0.1652209779031736
 -1.197667880214046 0.2066271420295900
 -1.220031826027653 0.2443884968823142
 -1.242501451129142 0.2786659436129433
 -1.264428687325003 0.3097180209414196
 -1.285350591829963 0.3378757862437041
 -1.304918912382221 0.3635247191834547
 -1.322863671082724 0.3870261926641040
 -1.339016005536052 0.4086615397963492
 -1.353302012923172 0.4286658276489701
 -1.365675730314767 0.4472734991361836
 -1.376080945098555 0.4646932165731745
 -1.384490543797498 0.4810669262891303
 -1.390935458290130 0.4964958063088033
 -1.395454705940154 0.5110916965251818
 -1.398047129467179 0.5249682694346856
 -1.398710652247791 0.5381977393364115
 -1.397495712928648 0.5508191474876011
 -1.394466984885705 0.5628872167039449
 -1.389635337195946 0.5744769367903595
 -1.382986615335298 0.5856403466032610
 -1.374559928236075 0.5963975873627060
 -1.364426118611562 0.6067804503141263
 -1.352594094008495 0.6168512919217735
 -1.339019662292299 0.6266646045616584
 -1.323715694676796 0.6362414256018072
 -1.306759499169515 0.6456044422737766
 -1.288160948855554 0.6548138799030366
 -1.267831126835220 0.6639404960321975
 -1.245745223774497 0.6730205605363504
 -1.222014315078483 0.6820740988980941
 -1.196672471450249 0.6911665526377473
 -1.169524185319798 0.7004129177212787
 -1.140483428710696 0.7098892488863952
 -1.110141757614540 0.7195402290448012
 -1.077521534220402 0.7296894203173324
 -1.043608222659363 0.7402565380857389
 -1.007814006923492 0.7515000827111213
 -0.9702409689198102 0.7635572490802918
 -0.9311332612326788 0.7765970629507519
 -0.8905409666217489 0.7908790962312793
 -0.8484739609842009 0.8066955739142012
 -0.8051397994849393 0.8243398311698968
 -0.7609094607531907 0.8441443565827020
 -0.7161772402218598 0.8664855449985008
 -0.6714039413361670 0.8917077637439977
 -0.6272658619157266 0.9200402831830459
 -0.5846446956448070 0.9515464099069214
 -0.5444441514412999 0.9860542044298869
 -0.5074353133131432 1.023072031805152
 -0.4741956400619761 1.061796571835827
 -0.4450330316208889 1.101261777620133
 -0.4198895859980228 1.140524380576817
 -0.3983692663210481 1.178772803206621
 -0.3799189392262001 1.215370792723338
 -0.3639906695173916 1.249886374967974
 -0.3500662817042930 1.282084158415963
 -0.3376378144746343 1.311855287593491
 -0.3262573207642772 1.339146641233233
 -0.3155967277547224 1.363952646766360
 -0.3054155099832963 1.386326836008569
 -0.2954876524658912 1.406346625352546
 -0.2856043420306044 1.424067664405635
 -0.2756290928118664 1.439537445372531
 -0.2654897480092031 1.452833345058204
 -0.2551089601159826 1.464045073437308
 -0.2443877072223980 1.473228464523832
 -0.2332624115992079 1.480417827058695
 -0.2217244818491740 1.485676362819855
 -0.2097588633117199 1.489087442001684
 -0.1973060474492546 1.490697972403424
 -0.1843138900281013 1.490521715275856
 -0.1707845027061848 1.488602610557908
 -0.1567257748139864 1.485017905461676
 -0.1420881578427411 1.479806492381041
 -0.1268023639432236 1.472957345992820
 -0.1108566098272064 1.464492131779175
 -9.426990177958264E-02 1.454489144054318
 -7.699501968109466E-02 1.442987045823495
 -5.892622725248562E-02 1.429944211564050
 -4.001970919352675E-02 1.415357290700020
 -2.031366063011258E-02 1.399332490095255
 2.315571052792262E-04 1.381932036604297
 2.181328722550833E-02 1.363044113687884
 4.454040905372417E-02 1.342632246301839
 6.806923859040137E-02 1.321181078418499
   
   
 #BODY NUMBER  4
 1.964289638530635 -0.4793075561930795
 1.966991276851563 -0.5092434864478050
 1.968341491348319 -0.5385549247421895
 1.967723911964261 -0.5669594767831555
 1.965217858577358 -0.5945231115931915
 1.961006931502801 -0.6213934918873164
 1.955036604650213 -0.6476035745697788
 1.947180155997739 -0.6731196204084401
 1.937453270906396 -0.6979693582962034
 1.925931139061760 -0.7222399554956216
 1.912584718298369 -0.7459812056629359
 1.897323385834623 -0.7691853840719897
 1.880128880717946 -0.7918645586733354
 1.861037918943564 -0.8140863948195320
 1.840030621027454 -0.8359148348780431
 1.817033193021223 -0.8573672237165094
 1.792015614389844 -0.8784636419884615
 1.765003336735564 -0.8992817719116465
 1.735995201883985 -0.9199260415268993
 1.704945243298564 -0.9404742523487735
 1.671836365280737 -0.9610034892195860
 1.636709182191145 -0.9816541100081150
 1.599603563342512 -1.002622366997797
 1.560532170645950 -1.024100703484465
 1.519541220855268 -1.046279028654715
 1.476756998890796 -1.069408378708635
 1.432354461468730 -1.093809645855575
 1.386533548908544 -1.119800843346170
 1.339571882405905 -1.147655068132647
 1.291878064967573 -1.177632940275175
 1.243962773310240 -1.209977528311834
 1.196376905978111 -1.244807744467828
 1.149691136569487 -1.282027789487946
 1.104476644584175 -1.321361169249589
 1.061220552880834 -1.362425298389468
 1.020228443395750 -1.404730145820086
 0.9816127289752903 -1.447670241237015
 0.9453507020532086 -1.490630905996668
 0.9113190503003076 -1.533125322624420
 0.8792951296203849 -1.574787308336989
 0.8489932055991563 -1.615268084560205
 0.8201360234592795 -1.654245178266832
 0.7924842073747578 -1.691536707231674
 0.7658080768095673 -1.727089558397109
 0.7398767214897224 -1.760813608129004
 0.7144952069605225 -1.792541210671398
 0.6895258173664517 -1.822208603937629
 0.6648542898408060 -1.849926697840058
 0.6403574145980138 -1.875728566690851
 0.6159240971066786 -1.899395032172705
 0.5914930442986031 -1.920844451326478
 0.5670522993762734 -1.940778505454622
 0.5424778424502255 -1.958086157999746
 0.5177684995142069 -1.973911197201687
 0.4928606461715839 -1.987578633786722
 0.4677368115120043 -1.999190145295442
 0.4423609160306651 -2.008978565622455
 0.4166771551660676 -2.016913152240448
 0.3906513869394219 -2.022867291043208
 0.3642674401055628 -2.026868430398295
 0.3374874204435293 -2.029025270114795
 0.3102536842993376 -2.029337555767759
 0.2825276100912784 -2.027722943363083
 0.2542896161913115 -2.024171652427212
 0.2254994606827784 -2.018749312621017
 0.1960918281090670 -2.011470678990054
 0.1660148003999784 -2.002280516534188
 0.1352359769319162 -1.991162867034215
 0.1037008087320127 -1.978178613333121
 7.131827937683910E-02 -1.963378966442876
 3.799802751006753E-02 -1.946763018932384
 3.664747850721795E-03 -1.928354507913551
 -3.178280590085902E-02 -1.908258785388842
 -6.849465855132131E-02 -1.886608505337624
 -0.1066311399280863 -1.863510854944498
 -0.1463336078342564 -1.839100813685640
 -0.1877563235362096 -1.813613265610215
 -0.2310897094810230 -1.787360173783686
 -0.2765092030627504 -1.760673698227277
 -0.3241125025818808 -1.733930814425178
 -0.3739210101278779 -1.707615692991389
 -0.4258898908712331 -1.682292127204727
 -0.4798466765476920 -1.658496665311985
 -0.5354230657694262 -1.636675625518953
 -0.5920940178523655 -1.617185416721286
 -0.6492846427234564 -1.600256607007704
 -0.7064177700441381 -1.585908822554216
 -0.7629128407263570 -1.573936680589278
 -0.8182488812327242 -1.564013176461867
 -0.8720659514278076 -1.555788109824985
 -0.9241582497669575 -1.548885573843678
 -0.9743665923517899 -1.542883725969356
 -1.022550336737354 -1.537381220007902
 -1.068671656209131 -1.532079809300352
 -1.112799393777961 -1.526754028138944
 -1.154970955224194 -1.521158840543345
 -1.195138622291683 -1.515041605445731
 -1.233316033321338 -1.508251176373391
 -1.269656370548146 -1.500744053737229
 -1.304249882059444 -1.492430071889030
 -1.336962301130184 -1.483103430983730
 -1.367753569417810 -1.472670228187623
 -1.397237339154362 -1.461470949261543
 -1.424513434401337 -1.448842671551941
 -1.450572991834112 -1.435356272459498
 -1.474863265792677 -1.420619157003566
 -1.497481047065354 -1.404667033702251
 -1.518646015472136 -1.387585073735138
 -1.538359449484145 -1.369309577670669
 -1.556528769058317 -1.349747670634768
 -1.573185830800833 -1.328899072102091
 -1.588443718618231 -1.306785314619174
 -1.602331033999031 -1.283356350104824
 -1.614795775743345 -1.258537559291093
 -1.625839264526635 -1.232307093753876
 -1.635538458260785 -1.204662917801485
 -1.643938792918387 -1.175555844112010
 -1.651018392621245 -1.144913292817678
 -1.656779637457928 -1.112699225045753
 -1.661302528003551 -1.078896841421475
 -1.664676922507146 -1.043452924915977
 -1.666947215788497 -1.006288766583610
 -1.668171617430015 -0.9673510186939652
 -1.668491988092004 -0.9266046753807273
 -1.668098221893833 -0.8839861383398269
 -1.667163310574036 -0.8394101514600332
 -1.665874828689524 -0.7928217850309244
 -1.664513322427006 -0.7442048869015800
 -1.663444170949753 -0.6935505279281114
 -1.663042751971294 -0.6408728548811070
 -1.663684384987786 -0.5862757462925308
 -1.665799075095451 -0.5299827527162142
 -1.669852664181473 -0.4723145988928935
 -1.676223582525803 -0.4136889208441569
 -1.685114202338913 -0.3546478360310071
 -1.696570662436541 -0.2958242474716979
 -1.710505195604291 -0.2378313086182357
 -1.726646213439888 -0.1811786767341308
 -1.744525569701647 -0.1262664393522628
 -1.763599583285933 -7.338227046519821E-02
 -1.783385001728115 -2.266278720056487E-02
 -1.803453379387342 2.590173449331026E-02
 -1.823359797950946 7.238435859084814E-02
 -1.842686360196633 0.1168639582589295
 -1.861155863583889 0.1594568979313216
 -1.878607470587528 0.2003355302581647
 -1.894847676713916 0.2396547675856585
 -1.909633829252205 0.2774996052256665
 -1.922841850687789 0.3139574275642380
 -1.934510660388952 0.3491826441028287
 -1.944607296657458 0.3832984948018215
 -1.952886398236863 0.4162916011889753
 -1.959246613716413 0.4481742231388545
 -1.964289638530635 0.4793075561930795
 -1.966991276851563 0.5092434864478050
 -1.968341491348319 0.5385549247421895
 -1.967723911964261 0.5669594767831555
 -1.965217858577358 0.5945231115931915
 -1.961006931502801 0.6213934918873164
 -1.955036604650213 0.6476035745697788
 -1.947180155997739 0.6731196204084401
 -1.937453270906396 0.6979693582962034
 -1.925931139061760 0.7222399554956216
 -1.912584718298369 0.7459812056629359
 -1.897323385834623 0.7691853840719897
 -1.880128880717946 0.7918645586733354
 -1.861037918943564 0.8140863948195320
 -1.840030621027454 0.8359148348780431
 -1.817033193021223 0.8573672237165094
 -1.792015614389844 0.8784636419884615
 -1.765003336735564 0.8992817719116465
 -1.735995201883985 0.9199260415268993
 -1.704945243298564 0.9404742523487735
 -1.671836365280737 0.9610034892195860
 -1.636709182191145 0.9816541100081150
 -1.599603563342512 1.002622366997797
 -1.560532170645950 1.024100703484465
 -1.519541220855268 1.046279028654715
 -1.476756998890796 1.069408378708635
 -1.432354461468730 1.093809645855575
 -1.386533548908544 1.119800843346170
 -1.339571882405905 1.147655068132647
 -1.291878064967573 1.177632940275175
 -1.243962773310240 1.209977528311834
 -1.196376905978111 1.244807744467828
 -1.149691136569487 1.282027789487946
 -1.104476644584175 1.321361169249589
 -1.061220552880834 1.362425298389468
 -1.020228443395750 1.404730145820086
 -0.9816127289752903 1.447670241237015
 -0.9453507020532086 1.490630905996668
 -0.9113190503003076 1.533125322624420
 -0.8792951296203849 1.574787308336989
 -0.8489932055991563 1.615268084560205
 -0.8201360234592795 1.654245178266832
 -0.7924842073747578 1.691536707231674
 -0.7658080768095673 1.727089558397109
 -0.7398767214897224 1.760813608129004
 -0.7144952069605225 1.792541210671398
 -0.6895258173664517 1.822208603937629
 -0.6648542898408060 1.849926697840058
 -0.6403574145980138 1.875728566690851
 -0.6159240971066786 1.899395032172705
 -0.5914930442986031 1.920844451326478
 -0.5670522993762734 1.940778505454622
 -0.5424778424502255 1.958086157999746
 -0.5177684995142069 1.973911197201687
 -0.4928606461715839 1.987578633786722
 -0.4677368115120043 1.999190145295442
 -0.4423609160306651 2.008978565622455
 -0.4166771551660676 2.016913152240448
 -0.3906513869394219 2.022867291043208
 -0.3642674401055628 2.026868430398295
 -0.3374874204435293 2.029025270114795
 -0.3102536842993376 2.029337555767759
 -0.2825276100912784 2.027722943363083
 -0.2542896161913115 2.024171652427212
 -0.2254994606827784 2.018749312621017
 -0.1960918281090670 2.011470678990054
 -0.1660148003999784 2.002280516534188
 -0.1352359769319162 1.991162867034215
 -0.1037008087320127 1.978178613333121
 -7.131827937683910E-02 1.963378966442876
 -3.799802751006753E-02 1.946763018932384
 -3.664747850721795E-03 1.928354507913551
 3.178280590085902E-02 1.908258785388842
 6.849465855132131E-02 1.886608505337624
 0.1066311399280863 1.863510854944498
 0.1463336078342564 1.839100813685640
 0.1877563235362096 1.813613265610215
 0.2310897094810230 1.787360173783686
 0.2765092030627504 1.760673698227277
 0.3241125025818808 1.733930814425178
 0.3739210101278779 1.707615692991389
 0.4258898908712331 1.682292127204727
 0.4798466765476920 1.658496665311985
 0.5354230657694262 1.636675625518953
 0.5920940178523655 1.617185416721286
 0.6492846427234564 1.600256607007704
 0.7064177700441381 1.585908822554216
 0.7629128407263570 1.573936680589278
 0.8182488812327242 1.564013176461867
 0.8720659514278076 1.555788109824985
 0.9241582497669575 1.548885573843678
 0.9743665923517899 1.542883725969356
 1.022550336737354 1.537381220007902
 1.068671656209131 1.532079809300352
 1.112799393777961 1.526754028138944
 1.154970955224194 1.521158840543345
 1.195138622291683 1.515041605445731
 1.233316033321338 1.508251176373391
 1.269656370548146 1.500744053737229
 1.304249882059444 1.492430071889030
 1.336962301130184 1.483103430983730
 1.367753569417810 1.472670228187623
 1.397237339154362 1.461470949261543
 1.424513434401337 1.448842671551941
 1.450572991834112 1.435356272459498
 1.474863265792677 1.420619157003566
 1.497481047065354 1.404667033702251
 1.518646015472136 1.387585073735138
 1.538359449484145 1.369309577670669
 1.556528769058317 1.349747670634768
 1.573185830800833 1.328899072102091
 1.588443718618231 1.306785314619174
 1.602331033999031 1.283356350104824
 1.614795775743345 1.258537559291093
 1.625839264526635 1.232307093753876
 1.635538458260785 1.204662917801485
 1.643938792918387 1.175555844112010
 1.651018392621245 1.144913292817678
 1.656779637457928 1.112699225045753
 1.661302528003551 1.078896841421475
 1.664676922507146 1.043452924915977
 1.666947215788497 1.006288766583610
 1.668171617430015 0.9673510186939652
 1.668491988092004 0.9266046753807273
 1.668098221893833 0.8839861383398269
 1.667163310574036 0.8394101514600332
 1.665874828689524 0.7928217850309244
 1.664513322427006 0.7442048869015800
 1.663444170949753 0.6935505279281114
 1.663042751971294 0.6408728548811070
 1.663684384987786 0.5862757462925308
 1.665799075095451 0.5299827527162142
 1.669852664181473 0.4723145988928935
 1.676223582525803 0.4136889208441569
 1.685114202338913 0.3546478360310071
 1.696570662436541 0.2958242474716979
 1.710505195604291 0.2378313086182357
 1.726646213439888 0.1811786767341308
 1.744525569701647 0.1262664393522628
 1.763599583285933 7.338227046519821E-02
 1.783385001728115 2.266278720056487E-02
 1.803453379387342 -2.590173449331026E-02
 1.823359797950946 -7.238435859084814E-02
 1.842686360196633 -0.1168639582589295
 1.861155863583889 -0.1594568979313216
 1.878607470587528 -0.2003355302581647
 1.894847676713916 -0.2396547675856585
 1.909633829252205 -0.2774996052256665
 1.922841850687789 -0.3139574275642380
 1.934510660388952 -0.3491826441028287
 1.944607296657458 -0.3832984948018215
 1.952886398236863 -0.4162916011889753
 1.959246613716413 -0.4481742231388545
 1.964289638530635 -0.4793075561930795
   
   
 #BODY NUMBER  5
 1.787036750776976 1.506102633243304
 1.723940391997944 1.540431210886512
 1.659433215599438 1.573547433728955
 1.592885750497154 1.604877870856339
 1.524310032170905 1.634434220130692
 1.453687371264814 1.662274281679532
 1.380735697429771 1.688195803436069
 1.305202717579077 1.711879549130328
 1.227008913609722 1.733059653764028
 1.146045863058010 1.751425095929551
 1.062104043265928 1.766464129454289
 0.9751090190457430 1.777506904304690
 0.8852743207571656 1.783859981903313
 0.7929913040500548 1.784839019209843
 0.6987779620966970 1.779777630966536
 0.6034224962680838 1.768177560112392
 0.5079773216895924 1.749913225756911
 0.4134419551457219 1.725270446656934
 0.3205047789307432 1.694808351765634
 0.2296102540174058 1.659220920472941
 0.1410775931475582 1.619267439537532
 5.501123341001746E-02 1.575691355804730
 -2.876378273839608E-02 1.529116480121045
 -0.1105069627978368 1.480018757473676
 -0.1903701576014595 1.428787678521916
 -0.2684961675942141 1.375766154524833
 -0.3451682109330634 1.321222648247550
 -0.4206825812771824 1.265340596256447
 -0.4951560448224541 1.208270425589211
 -0.5686277390692387 1.150165914826236
 -0.6412657300467832 1.091153200567064
 -0.7132746806684036 1.031301844399129
 -0.7846626632332145 0.9706551921775324
 -0.8553163407831554 0.9092604375287053
 -0.9252640839214903 0.8471389653307467
 -0.9946263510971811 0.7842503267609013
 -1.063326355588132 0.7205137278895020
 -1.131118100437887 0.6558417411526967
 -1.197915971498909 0.5901202497569276
 -1.263801052421269 0.5231737968370451
 -1.328642739258890 0.4547846780589434
 -1.392037131287875 0.3847319029730638
 -1.453723728175371 0.3127798730620881
 -1.513683249040219 0.2386489849735520
 -1.571612859114530 0.1620459637018837
 -1.626699585215100 8.272998685669164E-02
 -1.678220497263831 5.389002749709437E-04
 -1.725901823069100 -8.459270183740353E-02
 -1.769150784777855 -0.1725371502501292
 -1.806475497032675 -0.2628563766644167
 -1.836905202425622 -0.3548271493529047
 -1.862373569050987 -0.4476148990663661
 -1.879210605757999 -0.5401122899485470
 -1.891457166617986 -0.6315966551014305
 -1.897401523960076 -0.7212908758356523
 -1.898046170010974 -0.8087563974016181
 -1.894775189248661 -0.8938260660047889
 -1.887994447407128 -0.9764644307356299
 -1.877754856068588 -1.056692692160926
 -1.864567025844549 -1.134601330357261
 -1.849078502931195 -1.210351853821230
 -1.831466086681372 -1.284113546641691
 -1.811630732628007 -1.356010618443980
 -1.789717398133841 -1.426148879668524
 -1.766035159446526 -1.494659965389274
 -1.740634298513986 -1.561676569723288
 -1.713338469142498 -1.627280125592752
 -1.684119593782324 -1.691514639297944
 -1.653118911402596 -1.754440983616044
 -1.620325046993825 -1.816130718455317
 -1.585522002536309 -1.876607624566903
 -1.548572792211359 -1.935841560265136
 -1.509499185966126 -1.993803107338147
 -1.468234050692261 -2.050471826525952
 -1.424522090124580 -2.105771844016359
 -1.378139470474144 -2.159541830948159
 -1.329016758876069 -2.211583405930941
 -1.277060952719647 -2.261683191697888
 -1.222041385524265 -2.309548000710719
 -1.163775201036573 -2.354758128256997
 -1.102299181430158 -2.396824992629458
 -1.037768080465224 -2.435263364563625
 -0.9703377926420107 -2.469581756957450
 -0.9002942780331360 -2.499277099444976
 -0.8281930403651679 -2.523944312570824
 -0.7547192359946100 -2.543404933234561
 -0.6804611331636820 -2.557692110048056
 -0.6059137118753446 -2.566946968517779
 -0.5315887725584221 -2.571403205495754
 -0.4579382488426319 -2.571434918750456
 -0.3851945974738307 -2.567489318293411
 -0.3134243963501849 -2.559930528439550
 -0.2427118070608432 -2.549020058613173
 -0.1731579869058606 -2.535046846339938
 -0.1047377624460597 -2.518343037487061
 -3.732290623697354E-02 -2.499118737965857
 2.914591310487213E-02 -2.477416811218198
 9.465302397863007E-02 -2.453322320029720
 0.1592691280567977 -2.427066020863461
 0.2231486761685686 -2.398758282104542
 0.2863457295220754 -2.368186886367700
 0.3488340062283641 -2.335245640332492
 0.4108047657068505 -2.300670540290914
 0.4720823654111716 -2.263191779523579
 0.5330154438693659 -2.223885037457291
 0.5934221308844939 -2.181918460684946
 0.6533065393623336 -2.137308321168825
 0.7127280703595978 -2.090067333515716
 0.7716526036230306 -2.039850091604241
 0.8299298189763761 -1.986278485077131
 0.8873692296286509 -1.929150716737979
 0.9437556943715837 -1.868217379275074
 0.9987507893484135 -1.803041147657604
 1.051811625007225 -1.733222634105282
 1.102230900744135 -1.658600042045376
 1.149220280276398 -1.579170123892419
 1.191943660455957 -1.495048282263727
 1.229575437324876 -1.406667991039377
 1.261480647079062 -1.314877878008023
 1.287407057630569 -1.220686459474969
 1.307494697709700 -1.124969456471156
 1.322122340611464 -1.028458773184942
 1.331787941586707 -0.9318104993393171
 1.337083125945432 -0.8354868035289555
 1.338635608499466 -0.7396480735001352
 1.336987323448602 -0.6443075416588496
 1.332551505014903 -0.5495284466556468
 1.325696523282440 -0.4553585753070628
 1.316796482904262 -0.3616868848769167
 1.306158391436423 -0.2683484958125716
 1.293970905612919 -0.1753174991409342
 1.280386770341108 -8.263689008264787E-02
 1.265599256135166 9.775812513356305E-03
 1.249770936553594 0.1020630711355062
 1.232943386357617 0.1942102036723515
 1.215100807947590 0.2860954606258080
 1.196275906472837 0.3777327192199740
 1.176493881449778 0.4692465239431284
 1.155646369921803 0.5606107725080963
 1.133534658919397 0.6516561390832598
 1.110017113326572 0.7423655380387074
 1.084982324865875 0.8328969183078060
 1.058176454080417 0.9232460257224708
 1.029206167264941 1.013173567219982
 0.9977371799519259 1.102571742153051
 0.9635177080945766 1.191563654465021
 0.9261423507038277 1.280033679056535
 0.8849960628801979 1.367398171693540
 0.8395769499601470 1.453112133644745
 0.7896914827685962 1.536971174134418
 0.7351538371757433 1.618398097867863
 0.6755974487782216 1.695881860076625
 0.6111632759207802 1.768220144320837
 0.5435409108216128 1.836670271668030
 0.4718543388873712 1.897500268621844
 0.3987498350458758 1.953848284012027
 0.3240445399884357 2.003843358846560
 0.2486194993825027 2.048134399486070
 0.1733115148994769 2.087836481352202
 9.835422079459788E-02 2.123283369026351
 2.375471262956275E-02 2.154529753515452
 -5.031006233473345E-02 2.182063076618806
 -0.1236562014611773 2.206524884040729
 -0.1963419093947517 2.228152930556587
 -0.2685242770599308 2.246923545954458
 -0.3402224603047380 2.263015172213156
 -0.4113959203234179 2.276761294751831
 -0.4821344326183142 2.288271806073262
 -0.5525966932656067 2.297434702354920
 -0.6228348516141289 2.304247670875593
 -0.6928310055507546 2.308863464559146
 -0.7626528152786760 2.311308012312525
 -0.8324288745423538 2.311406144739070
 -0.9022015727856327 2.309024157797005
 -0.9719345481161242 2.304166195707669
 -1.041643666169623 2.296763899863803
 -1.111390866429879 2.286558240308172
 -1.181148350899193 2.273274706862722
 -1.250779032686273 2.256753978207404
 -1.320144622962818 2.236808823085316
 -1.389106547112910 2.213092884695306
 -1.457392758320169 2.185237952520513
 -1.524561741327481 2.153031590004038
 -1.590115898385052 2.116365203201309
 -1.653551641926754 2.075128057158823
 -1.714290320199469 2.029316265380955
 -1.771703372241001 1.979208368479118
 -1.825293666294489 1.925308497713395
 -1.874795775778799 1.868142682631722
 -1.920084428966177 1.808210151244263
 -1.961106113052850 1.746070984150059
 -1.997958839394953 1.682303616237507
 -2.030913674850369 1.617332965959564
 -2.060252671376880 1.551398753624837
 -2.086160221984685 1.484704620019704
 -2.108835975261083 1.417482638698617
 -2.128580164684432 1.349877081757358
 -2.145638861033651 1.281881953927212
 -2.160078850830033 1.213467304443786
 -2.171965964806429 1.144689236704349
 -2.181535394758169 1.075601899495947
 -2.188959947925136 1.006126718669423
 -2.194082869264637 0.9361107671525448
 -2.196799051718979 0.8655237090685838
 -2.197841516483826 0.7945679070476102
 -2.196022757409116 0.7227605686370667
 -2.192448659468805 0.6503376037283359
 -2.186307881381648 0.5770405898286071
 -2.177616571533239 0.5028741010381332
 -2.166415441624411 0.4277930518361834
 -2.152388301052802 0.3516542881681719
 -2.135132536555453 0.2743989359468032
 -2.114378143238373 0.1960910629739511
 -2.089801557429594 0.1167922833455233
 -2.060854832614341 3.657701820331560E-02
 -2.026920644052968 -4.428427019940728E-02
 -1.987505221501301 -0.1252599398579374
 -1.942211584326453 -0.2056688953174239
 -1.890721622552654 -0.2847293487028087
 -1.832997933592960 -0.3615095690730148
 -1.769457968768655 -0.4350353477488886
 -1.700849012776291 -0.5045839871819652
 -1.627999476640444 -0.5698388952944775
 -1.551732594628870 -0.6307621472879993
 -1.472865534734265 -0.6874569401982153
 -1.392094359355450 -0.7402045522757746
 -1.309871825761070 -0.7894684066209097
 -1.226480360650765 -0.8357112158148265
 -1.142181347413443 -0.8792592318662693
 -1.057200355688226 -0.9204075792177699
 -0.9716282719711986 -0.9595357633706336
 -0.8854758101592406 -0.9969921004438752
 -0.7988148607904650 -1.032952926448277
 -0.7117590312718696 -1.067529024743588
 -0.6243335260883824 -1.100929013080420
 -0.5364962558851905 -1.133364915534635
 -0.4482807231244021 -1.164865395849884
 -0.3597844671644348 -1.195355898154513
 -0.2710118225513464 -1.224871684550721
 -0.1818675303525970 -1.253496850704030
 -9.232001433367132E-02 -1.281124500397598
 -2.416558481510123E-03 -1.307497880235956
 8.789885817233778E-02 -1.332485787795635
 0.1788187275553949 -1.356070715144851
 0.2704662851784724 -1.378030703781414
 0.3628309640229345 -1.397905470193046
 0.4559865482234451 -1.415351615215139
 0.5501655409456427 -1.430212639438573
 0.6454705084107026 -1.442079642758419
 0.7417035223349024 -1.450128158550232
 0.8386435473036842 -1.453651033919716
 0.9362103403005042 -1.452378472297015
 1.033996947602112 -1.445860947617734
 1.130878048254454 -1.433025483412209
 1.225741926504841 -1.413392994967933
 1.318832658229374 -1.389055372601664
 1.407356266870628 -1.357387978673297
 1.492707331572110 -1.322251628910597
 1.573356983971640 -1.282552483010908
 1.649426670628471 -1.239378002084452
 1.721463674349184 -1.194010415347414
 1.789640226612530 -1.146818938290721
 1.854000143439025 -1.097837061354527
 1.914877088179283 -1.047461746261545
 1.972734704392372 -0.9961730302194985
 2.027807996076124 -0.9440393839148957
 2.080155009687938 -0.8909129275104780
 2.129939858438579 -0.8368662925446323
 2.177431079769944 -0.7821013293625566
 2.222768731132301 -0.7265952363499744
 2.265935162408105 -0.6701545767621674
 2.306954445396453 -0.6127330315776500
 2.345949916953350 -0.5544224809431024
 2.382977862272501 -0.4951772938572084
 2.417950877078663 -0.4347985201721674
 2.450774364996991 -0.3731825975318694
 2.481433734082251 -0.3103630883695224
 2.509877716861884 -0.2462920733378507
 2.535912956554459 -0.1807863962918128
 2.559287821373337 -0.1137328759145639
 2.579795791562342 -4.517057227646286E-02
 2.597205575682465 2.487436861257187E-02
 2.611147932637176 9.645511601541269E-02
 2.621167959356741 0.1695201757364844
 2.626860922757640 0.2437934026254201
 2.627883978850275 0.3188981613623151
 2.623889434568765 0.3944536997986270
 2.614584598232605 0.4699608340640221
 2.599896412606169 0.5447359440917054
 2.580012902289099 0.6180964355211651
 2.555256908942481 0.6895494274163335
 2.525998140841522 0.7587368172735158
 2.492694885611272 0.8253322213456956
 2.455897088237585 0.8891313025129489
 2.416108272324200 0.9501563523338470
 2.373677067727065 1.008531774814712
 2.328872029045529 1.064315438593469
 2.281993962166943 1.117564207641321
 2.233317927130491 1.168465955729703
 2.182961767270625 1.217236784038645
 2.130932937725161 1.263949506774412
 2.077312940827799 1.308633083325371
 2.022266266701371 1.351464121367514
 1.965811271756568 1.392631563435119
 1.907737139742562 1.432076119215155
 1.847965045490615 1.469721931263909
 1.787036750776976 1.506102633243304
   
   
 #BODY NUMBER  6
 -0.5435409108216128 -1.836670271668030
 -0.4718543388873712 -1.897500268621844
 -0.3987498350458758 -1.953848284012027
 -0.3240445399884357 -2.003843358846560
 -0.2486194993825027 -2.048134399486070
 -0.1733115148994769 -2.087836481352202
 -9.835422079459788E-02 -2.123283369026351
 -2.375471262956275E-02 -2.154529753515452
 5.031006233473345E-02 -2.182063076618806
 0.1236562014611773 -2.206524884040729
 0.1963419093947517 -2.228152930556587
 0.2685242770599308 -2.246923545954458
 0.3402224603047380 -2.263015172213156
 0.4113959203234179 -2.276761294751831
 0.4821344326183142 -2.288271806073262
 0.5525966932656067 -2.297434702354920
 0.6228348516141289 -2.304247670875593
 0.6928310055507546 -2.308863464559146
 0.7626528152786760 -2.311308012312525
 0.8324288745423538 -2.311406144739070
 0.9022015727856327 -2.309024157797005
 0.9719345481161242 -2.304166195707669
 1.041643666169623 -2.296763899863803
 1.111390866429879 -2.286558240308172
 1.181148350899193 -2.273274706862722
 1.250779032686273 -2.256753978207404
 1.320144622962818 -2.236808823085316
 1.389106547112910 -2.213092884695306
 1.457392758320169 -2.185237952520513
 1.524561741327481 -2.153031590004038
 1.590115898385052 -2.116365203201309
 1.653551641926754 -2.075128057158823
 1.714290320199469 -2.029316265380955
 1.771703372241001 -1.979208368479118
 1.825293666294489 -1.925308497713395
 1.874795775778799 -1.868142682631722
 1.920084428966177 -1.808210151244263
 1.961106113052850 -1.746070984150059
 1.997958839394953 -1.682303616237507
 2.030913674850369 -1.617332965959564
 2.060252671376880 -1.551398753624837
 2.086160221984685 -1.484704620019704
 2.108835975261083 -1.417482638698617
 2.128580164684432 -1.349877081757358
 2.145638861033651 -1.281881953927212
 2.160078850830033 -1.213467304443786
 2.171965964806429 -1.144689236704349
 2.181535394758169 -1.075601899495947
 2.188959947925136 -1.006126718669423
 2.194082869264637 -0.9361107671525448
 2.196799051718979 -0.8655237090685838
 2.197841516483826 -0.7945679070476102
 2.196022757409116 -0.7227605686370667
 2.192448659468805 -0.6503376037283359
 2.186307881381648 -0.5770405898286071
 2.177616571533239 -0.5028741010381332
 2.166415441624411 -0.4277930518361834
 2.152388301052802 -0.3516542881681719
 2.135132536555453 -0.2743989359468032
 2.114378143238373 -0.1960910629739511
 2.089801557429594 -0.1167922833455233
 2.060854832614341 -3.657701820331560E-02
 2.026920644052968 4.428427019940728E-02
 1.987505221501301 0.1252599398579374
 1.942211584326453 0.2056688953174239
 1.890721622552654 0.2847293487028087
 1.832997933592960 0.3615095690730148
 1.769457968768655 0.4350353477488886
 1.700849012776291 0.5045839871819652
 1.627999476640444 0.5698388952944775
 1.551732594628870 0.6307621472879993
 1.472865534734265 0.6874569401982153
 1.392094359355450 0.7402045522757746
 1.309871825761070 0.7894684066209097
 1.226480360650765 0.8357112158148265
 1.142181347413443 0.8792592318662693
 1.057200355688226 0.9204075792177699
 0.9716282719711986 0.9595357633706336
 0.8854758101592406 0.9969921004438752
 0.7988148607904650 1.032952926448277
 0.7117590312718696 1.067529024743588
 0.6243335260883824 1.100929013080420
 0.5364962558851905 1.133364915534635
 0.4482807231244021 1.164865395849884
 0.3597844671644348 1.195355898154513
 0.2710118225513464 1.224871684550721
 0.1818675303525970 1.253496850704030
 9.232001433367132E-02 1.281124500397598
 2.416558481510123E-03 1.307497880235956
 -8.789885817233778E-02 1.332485787795635
 -0.1788187275553949 1.356070715144851
 -0.2704662851784724 1.378030703781414
 -0.3628309640229345 1.397905470193046
 -0.4559865482234451 1.415351615215139
 -0.5501655409456427 1.430212639438573
 -0.6454705084107026 1.442079642758419
 -0.7417035223349024 1.450128158550232
 -0.8386435473036842 1.453651033919716
 -0.9362103403005042 1.452378472297015
 -1.033996947602112 1.445860947617734
 -1.130878048254454 1.433025483412209
 -1.225741926504841 1.413392994967933
 -1.318832658229374 1.389055372601664
 -1.407356266870628 1.357387978673297
 -1.492707331572110 1.322251628910597
 -1.573356983971640 1.282552483010908
 -1.649426670628471 1.239378002084452
 -1.721463674349184 1.194010415347414
 -1.789640226612530 1.146818938290721
 -1.854000143439025 1.097837061354527
 -1.914877088179283 1.047461746261545
 -1.972734704392372 0.9961730302194985
 -2.027807996076124 0.9440393839148957
 -2.080155009687938 0.8909129275104780
 -2.129939858438579 0.8368662925446323
 -2.177431079769944 0.7821013293625566
 -2.222768731132301 0.7265952363499744
 -2.265935162408105 0.6701545767621674
 -2.306954445396453 0.6127330315776500
 -2.345949916953350 0.5544224809431024
 -2.382977862272501 0.4951772938572084
 -2.417950877078663 0.4347985201721674
 -2.450774364996991 0.3731825975318694
 -2.481433734082251 0.3103630883695224
 -2.509877716861884 0.2462920733378507
 -2.535912956554459 0.1807863962918128
 -2.559287821373337 0.1137328759145639
 -2.579795791562342 4.517057227646286E-02
 -2.597205575682465 -2.487436861257187E-02
 -2.611147932637176 -9.645511601541269E-02
 -2.621167959356741 -0.1695201757364844
 -2.626860922757640 -0.2437934026254201
 -2.627883978850275 -0.3188981613623151
 -2.623889434568765 -0.3944536997986270
 -2.614584598232605 -0.4699608340640221
 -2.599896412606169 -0.5447359440917054
 -2.580012902289099 -0.6180964355211651
 -2.555256908942481 -0.6895494274163335
 -2.525998140841522 -0.7587368172735158
 -2.492694885611272 -0.8253322213456956
 -2.455897088237585 -0.8891313025129489
 -2.416108272324200 -0.9501563523338470
 -2.373677067727065 -1.008531774814712
 -2.328872029045529 -1.064315438593469
 -2.281993962166943 -1.117564207641321
 -2.233317927130491 -1.168465955729703
 -2.182961767270625 -1.217236784038645
 -2.130932937725161 -1.263949506774412
 -2.077312940827799 -1.308633083325371
 -2.022266266701371 -1.351464121367514
 -1.965811271756568 -1.392631563435119
 -1.907737139742562 -1.432076119215155
 -1.847965045490615 -1.469721931263909
 -1.787036750776976 -1.506102633243304
 -1.723940391997944 -1.540431210886512
 -1.659433215599438 -1.573547433728955
 -1.592885750497154 -1.604877870856339
 -1.524310032170905 -1.634434220130692
 -1.453687371264814 -1.662274281679532
 -1.380735697429771 -1.688195803436069
 -1.305202717579077 -1.711879549130328
 -1.227008913609722 -1.733059653764028
 -1.146045863058010 -1.751425095929551
 -1.062104043265928 -1.766464129454289
 -0.9751090190457430 -1.777506904304690
 -0.8852743207571656 -1.783859981903313
 -0.7929913040500548 -1.784839019209843
 -0.6987779620966970 -1.779777630966536
 -0.6034224962680838 -1.768177560112392
 -0.5079773216895924 -1.749913225756911
 -0.4134419551457219 -1.725270446656934
 -0.3205047789307432 -1.694808351765634
 -0.2296102540174058 -1.659220920472941
 -0.1410775931475582 -1.619267439537532
 -5.501123341001746E-02 -1.575691355804730
 2.876378273839608E-02 -1.529116480121045
 0.1105069627978368 -1.480018757473676
 0.1903701576014595 -1.428787678521916
 0.2684961675942141 -1.375766154524833
 0.3451682109330634 -1.321222648247550
 0.4206825812771824 -1.265340596256447
 0.4951560448224541 -1.208270425589211
 0.5686277390692387 -1.150165914826236
 0.6412657300467832 -1.091153200567064
 0.7132746806684036 -1.031301844399129
 0.7846626632332145 -0.9706551921775324
 0.8553163407831554 -0.9092604375287053
 0.9252640839214903 -0.8471389653307467
 0.9946263510971811 -0.7842503267609013
 1.063326355588132 -0.7205137278895020
 1.131118100437887 -0.6558417411526967
 1.197915971498909 -0.5901202497569276
 1.263801052421269 -0.5231737968370451
 1.328642739258890 -0.4547846780589434
 1.392037131287875 -0.3847319029730638
 1.453723728175371 -0.3127798730620881
 1.513683249040219 -0.2386489849735520
 1.571612859114530 -0.1620459637018837
 1.626699585215100 -8.272998685669164E-02
 1.678220497263831 -5.389002749709437E-04
 1.725901823069100 8.459270183740353E-02
 1.769150784777855 0.1725371502501292
 1.806475497032675 0.2628563766644167
 1.836905202425622 0.3548271493529047
 1.862373569050987 0.4476148990663661
 1.879210605757999 0.5401122899485470
 1.891457166617986 0.6315966551014305
 1.897401523960076 0.7212908758356523
 1.898046170010974 0.8087563974016181
 1.894775189248661 0.8938260660047889
 1.887994447407128 0.9764644307356299
 1.877754856068588 1.056692692160926
 1.864567025844549 1.134601330357261
 1.849078502931195 1.210351853821230
 1.831466086681372 1.284113546641691
 1.811630732628007 1.356010618443980
 1.789717398133841 1.426148879668524
 1.766035159446526 1.494659965389274
 1.740634298513986 1.561676569723288
 1.713338469142498 1.627280125592752
 1.684119593782324 1.691514639297944
 1.653118911402596 1.754440983616044
 1.620325046993825 1.816130718455317
 1.585522002536309 1.876607624566903
 1.548572792211359 1.935841560265136
 1.509499185966126 1.993803107338147
 1.468234050692261 2.050471826525952
 1.424522090124580 2.105771844016359
 1.378139470474144 2.159541830948159
 1.329016758876069 2.211583405930941
 1.277060952719647 2.261683191697888
 1.222041385524265 2.309548000710719
 1.163775201036573 2.354758128256997
 1.102299181430158 2.396824992629458
 1.037768080465224 2.435263364563625
 0.9703377926420107 2.469581756957450
 0.9002942780331360 2.499277099444976
 0.8281930403651679 2.523944312570824
 0.7547192359946100 2.543404933234561
 0.6804611331636820 2.557692110048056
 0.6059137118753446 2.566946968517779
 0.5315887725584221 2.571403205495754
 0.4579382488426319 2.571434918750456
 0.3851945974738307 2.567489318293411
 0.3134243963501849 2.559930528439550
 0.2427118070608432 2.549020058613173
 0.1731579869058606 2.535046846339938
 0.1047377624460597 2.518343037487061
 3.732290623697354E-02 2.499118737965857
 -2.914591310487213E-02 2.477416811218198
 -9.465302397863007E-02 2.453322320029720
 -0.1592691280567977 2.427066020863461
 -0.2231486761685686 2.398758282104542
 -0.2863457295220754 2.368186886367700
 -0.3488340062283641 2.335245640332492
 -0.4108047657068505 2.300670540290914
 -0.4720823654111716 2.263191779523579
 -0.5330154438693659 2.223885037457291
 -0.5934221308844939 2.181918460684946
 -0.6533065393623336 2.137308321168825
 -0.7127280703595978 2.090067333515716
 -0.7716526036230306 2.039850091604241
 -0.8299298189763761 1.986278485077131
 -0.8873692296286509 1.929150716737979
 -0.9437556943715837 1.868217379275074
 -0.9987507893484135 1.803041147657604
 -1.051811625007225 1.733222634105282
 -1.102230900744135 1.658600042045376
 -1.149220280276398 1.579170123892419
 -1.191943660455957 1.495048282263727
 -1.229575437324876 1.406667991039377
 -1.261480647079062 1.314877878008023
 -1.287407057630569 1.220686459474969
 -1.307494697709700 1.124969456471156
 -1.322122340611464 1.028458773184942
 -1.331787941586707 0.9318104993393171
 -1.337083125945432 0.8354868035289555
 -1.338635608499466 0.7396480735001352
 -1.336987323448602 0.6443075416588496
 -1.332551505014903 0.5495284466556468
 -1.325696523282440 0.4553585753070628
 -1.316796482904262 0.3616868848769167
 -1.306158391436423 0.2683484958125716
 -1.293970905612919 0.1753174991409342
 -1.280386770341108 8.263689008264787E-02
 -1.265599256135166 -9.775812513356305E-03
 -1.249770936553594 -0.1020630711355062
 -1.232943386357617 -0.1942102036723515
 -1.215100807947590 -0.2860954606258080
 -1.196275906472837 -0.3777327192199740
 -1.176493881449778 -0.4692465239431284
 -1.155646369921803 -0.5606107725080963
 -1.133534658919397 -0.6516561390832598
 -1.110017113326572 -0.7423655380387074
 -1.084982324865875 -0.8328969183078060
 -1.058176454080417 -0.9232460257224708
 -1.029206167264941 -1.013173567219982
 -0.9977371799519259 -1.102571742153051
 -0.9635177080945766 -1.191563654465021
 -0.9261423507038277 -1.280033679056535
 -0.8849960628801979 -1.367398171693540
 -0.8395769499601470 -1.453112133644745
 -0.7896914827685962 -1.536971174134418
 -0.7351538371757433 -1.618398097867863
 -0.6755974487782216 -1.695881860076625
 -0.6111632759207802 -1.768220144320837
 -0.5435409108216128 -1.836670271668030
   
   
