 # action(x) =  33.20503337441551
 # |grad_action(x)| =  5.561447915249269E-04
 # PRINTSTEPS = 50
 #
 #BODY NUMBER  1
 -1.513171157702796 0.1529697632556528
 -1.454205869793991 0.1080715675696029
 -1.392178741211392 6.381960241451923E-02
 -1.325621630202022 2.078331922798937E-02
 -1.254595048697474 -2.037557726454375E-02
 -1.179552101577460 -5.875874503329576E-02
 -1.100824465903965 -9.346107986170760E-02
 -1.019014025511780 -0.1239716977555571
 -0.9351739550629894 -0.1502859731997948
 -0.8503108664742297 -0.1727243260585982
 -0.7649534270695075 -0.1918137548477538
 -0.6792873032898276 -0.2082823375150559
 -0.5933964695469063 -0.2229016584124754
 -0.5072000531866196 -0.2362135130560782
 -0.4203706509455430 -0.2485041895352935
 -0.3324815458664971 -0.2600349267631170
 -0.2431029472557573 -0.2710781923081858
 -0.1516796042027575 -0.2816353005543824
 -5.747547182277350E-02 -0.2913048575699875
 4.032451478747258E-02 -0.2994834972822487
 0.1426301523175070 -0.3052876869697907
 0.2503789977795245 -0.3068310295459587
 0.3637025382347253 -0.3007869855325492
 0.4806075496450823 -0.2834945883158922
 0.5968196152036060 -0.2532183610744154
 0.7076929844702242 -0.2115035834816764
 0.8106276760764859 -0.1622411442879023
 0.9056544829643532 -0.1093986770286355
 0.9940346052475408 -5.550633019364415E-02
 1.076841542458403 -1.743002969248841E-03
 1.154789578081827 5.127648310401151E-02
 1.228594962928800 0.1031044469690380
 1.298897483664009 0.1535202259220295
 1.366002631282706 0.2025347216752734
 1.430038067121584 0.2501974018784991
 1.491248746715215 0.2964799438993288
 1.549904789519154 0.3413546825636579
 1.606064023572869 0.3848751549221612
 1.659680584868469 0.4271189709342724
 1.710848097215287 0.4681016533796054
 1.759707085163803 0.5077981364639703
 1.806214544162917 0.5462254570540482
 1.850248390828054 0.5834568895010893
 1.891857354107730 0.6195547431603891
 1.931163688640006 0.6545298508978405
 1.968107846171412 0.6883916074848602
 2.002570262293826 0.7212133465745637
 2.034663291673215 0.7531002796826345
 2.064560912452625 0.7840832439909742
 2.092113789527478 0.8141051059122858
 2.117158879471841 0.8431952541490111
 2.140417744683992 0.8716792977899243
 2.160791867537589 0.8990952536337728
 2.179529564490889 0.9259672044314322
 2.195888104572822 0.9520274784162256
 2.209992516772571 0.9773098101349093
 2.222126834471317 1.001941758415193
 2.232289566774384 1.025957276156724
 2.240370134459459 1.049311160569922
 2.246429112159126 1.072001928697074
 2.250624606532455 1.094095741733953
 2.252996287230054 1.115629929935992
 2.253485114961448 1.136564803836024
 2.252107309342827 1.156858300615188
 2.248966886507920 1.176529503231601
 2.244112356553752 1.195603870850566
 2.237502408061318 1.214041752799777
 2.229124719162266 1.231778285456959
 2.219046169784010 1.248802810315575
 2.207315249440148 1.265135182536977
 2.193900113332020 1.280742334545106
 2.178766981664429 1.295547763009873
 2.161950499193733 1.309518903783456
 2.143492852915307 1.322673893095713
 2.123367609553012 1.334994843665246
 2.101525499719296 1.346408672665086
 2.077977784373133 1.356875979771311
 2.052770132634074 1.366426426452385
 2.025899517813401 1.375070692532624
 1.997325515031248 1.382747318992072
 1.967053551883638 1.389405200363929
 1.935137851856710 1.395071458434584
 1.901597566651912 1.399773328901341
 1.866396902743693 1.403453085620947
 1.829525554653492 1.406039164914778
 1.791033966089242 1.407549490615140
 1.750956885621774 1.408029746794797
 1.709261363998754 1.407430121881111
 1.665916680464217 1.405654150630681
 1.620963885487728 1.402702885110329
 1.574455051377970 1.398640556951870
 1.526364641763163 1.393422457464054
 1.476636701532587 1.386903572143573
 1.425292218574616 1.379035922221023
 1.372395621612068 1.369884647982467
 1.317918796893151 1.359387065252982
 1.261748269080336 1.347287834962715
 1.203855791558020 1.333429099032084
 1.144333950204313 1.317879811252880
 1.083177119286889 1.300542723721258
 1.020173623790998 1.280860229320716
 0.9552631969981460 1.258414258243298
 0.8890612798416848 1.233959781216704
 0.8206956578390783 1.205343441789241
 0.7513587675560925 1.173752355290448
 0.6808096975274112 1.137630347947097
 0.6096517568208697 1.096698972266460
 0.5388894848954034 1.050901457570051
 0.4694725635266175 1.000072492511124
 0.4021443731492911 0.9444778817836237
 0.3374355069080052 0.8850273886420132
 0.2755717790188223 0.8227529745099398
 0.2163611290413185 0.7583759779780374
 0.1592658561972708 0.6924212298747433
 0.1036597360425682 0.6253472463498576
 4.903312356957894E-02 0.5573548873884702
 -5.025615611655708E-03 0.4883037574918880
 -5.895607951483681E-02 0.4179549283914660
 -0.1132091273229737 0.3460724242124472
 -0.1680635227811819 0.2721760407527481
 -0.2235396709900301 0.1954276474780123
 -0.2795225740543715 0.1148196944398918
 -0.3357019685371838 2.912250823229034E-02
 -0.3909129651458961 -6.341905787817641E-02
 -0.4423404397162927 -0.1645821447658786
 -0.4858172901395150 -0.2744710530852860
 -0.5177033409969074 -0.3902517677059686
 -0.5370139685216867 -0.5071283108904022
 -0.5458187905306230 -0.6209035883490287
 -0.5475692749293841 -0.7296204507840733
 -0.5450871946423135 -0.8331060552883846
 -0.5399302560794429 -0.9317006301347720
 -0.5329880520561159 -1.025715352196381
 -0.5250064111460678 -1.115546672342461
 -0.5164963261888008 -1.201638330725730
 -0.5076011015221553 -1.284260341164847
 -0.4983417275731474 -1.363547995445338
 -0.4888652102282036 -1.439699269966747
 -0.4793305679586762 -1.512934262452589
 -0.4697203503383715 -1.583329821979435
 -0.4599444131668877 -1.650885034131046
 -0.4500361252274073 -1.715688740894510
 -0.4400874564097061 -1.777850107203305
 -0.4300621500788870 -1.837340408457040
 -0.4198357070930337 -1.894090554518918
 -0.4093785304418248 -1.948173900573901
 -0.3987423659072323 -1.999701738677228
 -0.3878893032518114 -2.048627195914349
 -0.3766960514649501 -2.094883393297001
 -0.3651276720342800 -2.138620238577988
 -0.3532444482484164 -2.180003819839841
 -0.3410211916930788 -2.218876242294670
 -0.3283509292924006 -2.255111000544916
 -0.3153124565029405 -2.289495790502293
 -0.3017566036999342 -2.320848276395258
 -0.2878536601365654 -2.350511573364060
 -0.2734640708771180 -2.377708621636236
 -0.2586211354417074 -2.402564566766008
 -0.2433564013356506 -2.425389168290856
 -0.2276397190379826 -2.446198111507938
 -0.2114549457016448 -2.464873030606811
 -0.1948336529219823 -2.481465643279263
 -0.1777975967522454 -2.496145954506439
 -0.1603342830682046 -2.508966984341244
 -0.1424485643114499 -2.519857758524722
 -0.1241849777597657 -2.528811292247101
 -0.1055790051535073 -2.535927207601653
 -8.663285325727732E-02 -2.541260245147394
 -6.736020485106464E-02 -2.544754802809845
 -4.781107254536598E-02 -2.546367777726855
 -2.802812684131739E-02 -2.546151760361297
 -8.018417421588930E-03 -2.544158671444441
 1.220534075223978E-02 -2.540344398783642
 3.259378375043709E-02 -2.534641436553076
 5.310138781555684E-02 -2.527063505917950
 7.372276588569671E-02 -2.517656210002893
 9.445564375883242E-02 -2.506387713278569
 0.1152613645440032 -2.493178805790240
 0.1361001760802887 -2.478019539652492
 0.1569749313931176 -2.460964296217252
 0.1778963928260129 -2.442015794207362
 0.1988315477463357 -2.421108295139935
 0.2197334237235518 -2.398220946717607
 0.2405983971706017 -2.373414268750050
 0.2614404790425160 -2.346718464945899
 0.2822275737955504 -2.318073674131105
 0.3029028582053095 -2.287435189660128
 0.3234566329119364 -2.254855658981650
 0.3439110871975782 -2.220388017277138
 0.3642395576010941 -2.183978823870717
 0.3843738631490992 -2.145553241185596
 0.4042943897234057 -2.105147346004667
 0.4240307273945509 -2.062838350085991
 0.4435569254860303 -2.018581783937260
 0.4627753753094248 -1.972256681759466
 0.4816340320873992 -1.923857230212412
 0.5001570946010858 -1.873471796349820
 0.5183043336384818 -1.821044690860984
 0.5359113567472793 -1.766349971685972
 0.5528555781281712 -1.709284247498311
 0.5691504205774790 -1.649962176916372
 0.5847144778061717 -1.588330263961122
 0.5991706853934031 -1.523926389134191
 0.6121871176241742 -1.456489325022382
 0.6241098778611112 -1.386929544472357
 0.6335102119549129 -1.313415009358843
 0.6408199736552995 -1.237571957704967
 0.6448119326746103 -1.158413667175086
 0.6449432918766046 -1.076323395001916
 0.6406626166820570 -0.9921427125367555
 0.6313519023773473 -0.9066114126494164
 0.6168696523624885 -0.8205061840280666
 0.5977384481549841 -0.7347414154422185
 0.5747390874554074 -0.6500286484513416
 0.5485922980281890 -0.5665622231302836
 0.5200214470925567 -0.4841388923596874
 0.4897367335043381 -0.4024455879373823
 0.4581669296170408 -0.3211413743323920
 0.4253962665571988 -0.2397995679565945
 0.3914376253813339 -0.1579200016283490
 0.3563120745787309 -7.499423190426141E-02
 0.3197431269839395 9.459259801634229E-03
 0.2810151428128035 9.587721009197518E-02
 0.2391980592668990 0.1846638028423568
 0.1930718162196768 0.2761651787375003
 0.1405339673663717 0.3702500874241351
 7.863790148156743E-02 0.4653691302984279
 5.209740494432624E-03 0.5579656414011782
 -7.911627420669870E-02 0.6434701287803839
 -0.1706790159485375 0.7186318943720786
 -0.2648088855458630 0.7831447326369310
 -0.3580852080349691 0.8390191278127088
 -0.4489474106052274 0.8886123854820287
 -0.5369112863789605 0.9334436331040208
 -0.6218015260257108 0.9744388690923698
 -0.7035885517827325 1.012442225373423
 -0.7824011574752083 1.048118104803700
 -0.8584015297605503 1.081725619489574
 -0.9316963395484366 1.113350593566838
 -1.002383536487011 1.143219326067418
 -1.070574221560477 1.171579579888931
 -1.136343673234498 1.198454667057274
 -1.199736171701582 1.223766063196774
 -1.260811971987879 1.247587087514904
 -1.319619628754097 1.270051970739335
 -1.376152394084030 1.291114951402992
 -1.430412683735020 1.310633665017829
 -1.482478823665905 1.328619157413512
 -1.532421322732774 1.345171887779387
 -1.580218542919601 1.360235588429489
 -1.625874210828876 1.373670046722438
 -1.669535619638934 1.385519958895354
 -1.711316464204208 1.395920575848866
 -1.751092597834400 1.404771136382384
 -1.788807950179440 1.411915746395905
 -1.825105288181051 1.417816492712369
 -1.859035263837655 1.421753022761486
 -1.891675904354323 1.424544368932628
 -1.922424033695704 1.425681143220011
 -1.951371381330863 1.425254756631099
 -1.978770433135667 1.423447409875663
 -2.004649847736402 1.420240835351214
 -2.028915188757814 1.415561870036889
 -2.051595459237144 1.409463714582188
 -2.072827009780209 1.402050212772486
 -2.092662004161849 1.393337054405253
 -2.111036550649998 1.383292954688698
 -2.127922331583061 1.371952991631913
 -2.143387881354412 1.359397704370052
 -2.157479503296475 1.345656374296829
 -2.170142203210254 1.330713050010069
 -2.181313646616900 1.314589492269895
 -2.191018042942693 1.297348950045722
 -2.199296832018559 1.279023488907465
 -2.206105454084260 1.259602064238536
 -2.211360765414866 1.239093673543203
 -2.215051887009290 1.217544602134494
 -2.217215618801004 1.194982316907181
 -2.217823253311844 1.171392869613322
 -2.216786864263299 1.146770133125155
 -2.214077960453422 1.121143559881181
 -2.209745064027191 1.094537869764867
 -2.203795910639414 1.066945101674738
 -2.196157062777584 1.038360976147862
 -2.186786975607190 1.008815746353678
 -2.175736249027311 0.9783428103154661
 -2.163038045694428 0.9469451360445574
 -2.148624476539243 0.9146205885101588
 -2.132428412858801 0.8813960247453505
 -2.114490599001178 0.8473061683665105
 -2.094867972819352 0.8123582704823412
 -2.073500921599849 0.7765487019896060
 -2.050290543613317 0.7398990905549150
 -2.025258275211134 0.7024444608943379
 -1.998485778772521 0.6641977931341202
 -1.969921567249194 0.6251593264732067
 -1.939412076842011 0.5853531096158934
 -1.906926250662016 0.5448213079913891
 -1.872552716213154 0.5035871483673531
 -1.836223130531633 0.4616576256080013
 -1.797659625827616 0.4190621367232574
 -1.756711369686191 0.3758551484662271
 -1.713484370781792 0.3320823656634917
 -1.667891597093061 0.2877875402398641
 -1.619344309184401 0.2430661598134748
 -1.567450314622320 0.1980750667790841
 -1.513171157702796 0.1529697632556528
   
   
 #BODY NUMBER  2
 0.3153124565029405 2.289495790502293
 0.3017566036999342 2.320848276395258
 0.2878536601365654 2.350511573364060
 0.2734640708771180 2.377708621636236
 0.2586211354417074 2.402564566766008
 0.2433564013356506 2.425389168290856
 0.2276397190379826 2.446198111507938
 0.2114549457016448 2.464873030606811
 0.1948336529219823 2.481465643279263
 0.1777975967522454 2.496145954506439
 0.1603342830682046 2.508966984341244
 0.1424485643114499 2.519857758524722
 0.1241849777597657 2.528811292247101
 0.1055790051535073 2.535927207601653
 8.663285325727732E-02 2.541260245147394
 6.736020485106464E-02 2.544754802809845
 4.781107254536598E-02 2.546367777726855
 2.802812684131739E-02 2.546151760361297
 8.018417421588930E-03 2.544158671444441
 -1.220534075223978E-02 2.540344398783642
 -3.259378375043709E-02 2.534641436553076
 -5.310138781555684E-02 2.527063505917950
 -7.372276588569671E-02 2.517656210002893
 -9.445564375883242E-02 2.506387713278569
 -0.1152613645440032 2.493178805790240
 -0.1361001760802887 2.478019539652492
 -0.1569749313931176 2.460964296217252
 -0.1778963928260129 2.442015794207362
 -0.1988315477463357 2.421108295139935
 -0.2197334237235518 2.398220946717607
 -0.2405983971706017 2.373414268750050
 -0.2614404790425160 2.346718464945899
 -0.2822275737955504 2.318073674131105
 -0.3029028582053095 2.287435189660128
 -0.3234566329119364 2.254855658981650
 -0.3439110871975782 2.220388017277138
 -0.3642395576010941 2.183978823870717
 -0.3843738631490992 2.145553241185596
 -0.4042943897234057 2.105147346004667
 -0.4240307273945509 2.062838350085991
 -0.4435569254860303 2.018581783937260
 -0.4627753753094248 1.972256681759466
 -0.4816340320873992 1.923857230212412
 -0.5001570946010858 1.873471796349820
 -0.5183043336384818 1.821044690860984
 -0.5359113567472793 1.766349971685972
 -0.5528555781281712 1.709284247498311
 -0.5691504205774790 1.649962176916372
 -0.5847144778061717 1.588330263961122
 -0.5991706853934031 1.523926389134191
 -0.6121871176241742 1.456489325022382
 -0.6241098778611112 1.386929544472357
 -0.6335102119549129 1.313415009358843
 -0.6408199736552995 1.237571957704967
 -0.6448119326746103 1.158413667175086
 -0.6449432918766046 1.076323395001916
 -0.6406626166820570 0.9921427125367555
 -0.6313519023773473 0.9066114126494164
 -0.6168696523624885 0.8205061840280666
 -0.5977384481549841 0.7347414154422185
 -0.5747390874554074 0.6500286484513416
 -0.5485922980281890 0.5665622231302836
 -0.5200214470925567 0.4841388923596874
 -0.4897367335043381 0.4024455879373823
 -0.4581669296170408 0.3211413743323920
 -0.4253962665571988 0.2397995679565945
 -0.3914376253813339 0.1579200016283490
 -0.3563120745787309 7.499423190426141E-02
 -0.3197431269839395 -9.459259801634229E-03
 -0.2810151428128035 -9.587721009197518E-02
 -0.2391980592668990 -0.1846638028423568
 -0.1930718162196768 -0.2761651787375003
 -0.1405339673663717 -0.3702500874241351
 -7.863790148156743E-02 -0.4653691302984279
 -5.209740494432624E-03 -0.5579656414011782
 7.911627420669870E-02 -0.6434701287803839
 0.1706790159485375 -0.7186318943720786
 0.2648088855458630 -0.7831447326369310
 0.3580852080349691 -0.8390191278127088
 0.4489474106052274 -0.8886123854820287
 0.5369112863789605 -0.9334436331040208
 0.6218015260257108 -0.9744388690923698
 0.7035885517827325 -1.012442225373423
 0.7824011574752083 -1.048118104803700
 0.8584015297605503 -1.081725619489574
 0.9316963395484366 -1.113350593566838
 1.002383536487011 -1.143219326067418
 1.070574221560477 -1.171579579888931
 1.136343673234498 -1.198454667057274
 1.199736171701582 -1.223766063196774
 1.260811971987879 -1.247587087514904
 1.319619628754097 -1.270051970739335
 1.376152394084030 -1.291114951402992
 1.430412683735020 -1.310633665017829
 1.482478823665905 -1.328619157413512
 1.532421322732774 -1.345171887779387
 1.580218542919601 -1.360235588429489
 1.625874210828876 -1.373670046722438
 1.669535619638934 -1.385519958895354
 1.711316464204208 -1.395920575848866
 1.751092597834400 -1.404771136382384
 1.788807950179440 -1.411915746395905
 1.825105288181051 -1.417816492712369
 1.859035263837655 -1.421753022761486
 1.891675904354323 -1.424544368932628
 1.922424033695704 -1.425681143220011
 1.951371381330863 -1.425254756631099
 1.978770433135667 -1.423447409875663
 2.004649847736402 -1.420240835351214
 2.028915188757814 -1.415561870036889
 2.051595459237144 -1.409463714582188
 2.072827009780209 -1.402050212772486
 2.092662004161849 -1.393337054405253
 2.111036550649998 -1.383292954688698
 2.127922331583061 -1.371952991631913
 2.143387881354412 -1.359397704370052
 2.157479503296475 -1.345656374296829
 2.170142203210254 -1.330713050010069
 2.181313646616900 -1.314589492269895
 2.191018042942693 -1.297348950045722
 2.199296832018559 -1.279023488907465
 2.206105454084260 -1.259602064238536
 2.211360765414866 -1.239093673543203
 2.215051887009290 -1.217544602134494
 2.217215618801004 -1.194982316907181
 2.217823253311844 -1.171392869613322
 2.216786864263299 -1.146770133125155
 2.214077960453422 -1.121143559881181
 2.209745064027191 -1.094537869764867
 2.203795910639414 -1.066945101674738
 2.196157062777584 -1.038360976147862
 2.186786975607190 -1.008815746353678
 2.175736249027311 -0.9783428103154661
 2.163038045694428 -0.9469451360445574
 2.148624476539243 -0.9146205885101588
 2.132428412858801 -0.8813960247453505
 2.114490599001178 -0.8473061683665105
 2.094867972819352 -0.8123582704823412
 2.073500921599849 -0.7765487019896060
 2.050290543613317 -0.7398990905549150
 2.025258275211134 -0.7024444608943379
 1.998485778772521 -0.6641977931341202
 1.969921567249194 -0.6251593264732067
 1.939412076842011 -0.5853531096158934
 1.906926250662016 -0.5448213079913891
 1.872552716213154 -0.5035871483673531
 1.836223130531633 -0.4616576256080013
 1.797659625827616 -0.4190621367232574
 1.756711369686191 -0.3758551484662271
 1.713484370781792 -0.3320823656634917
 1.667891597093061 -0.2877875402398641
 1.619344309184401 -0.2430661598134748
 1.567450314622320 -0.1980750667790841
 1.513171157702796 -0.1529697632556528
 1.454205869793991 -0.1080715675696029
 1.392178741211392 -6.381960241451923E-02
 1.325621630202022 -2.078331922798937E-02
 1.254595048697474 2.037557726454375E-02
 1.179552101577460 5.875874503329576E-02
 1.100824465903965 9.346107986170760E-02
 1.019014025511780 0.1239716977555571
 0.9351739550629894 0.1502859731997948
 0.8503108664742297 0.1727243260585982
 0.7649534270695075 0.1918137548477538
 0.6792873032898276 0.2082823375150559
 0.5933964695469063 0.2229016584124754
 0.5072000531866196 0.2362135130560782
 0.4203706509455430 0.2485041895352935
 0.3324815458664971 0.2600349267631170
 0.2431029472557573 0.2710781923081858
 0.1516796042027575 0.2816353005543824
 5.747547182277350E-02 0.2913048575699875
 -4.032451478747258E-02 0.2994834972822487
 -0.1426301523175070 0.3052876869697907
 -0.2503789977795245 0.3068310295459587
 -0.3637025382347253 0.3007869855325492
 -0.4806075496450823 0.2834945883158922
 -0.5968196152036060 0.2532183610744154
 -0.7076929844702242 0.2115035834816764
 -0.8106276760764859 0.1622411442879023
 -0.9056544829643532 0.1093986770286355
 -0.9940346052475408 5.550633019364415E-02
 -1.076841542458403 1.743002969248841E-03
 -1.154789578081827 -5.127648310401151E-02
 -1.228594962928800 -0.1031044469690380
 -1.298897483664009 -0.1535202259220295
 -1.366002631282706 -0.2025347216752734
 -1.430038067121584 -0.2501974018784991
 -1.491248746715215 -0.2964799438993288
 -1.549904789519154 -0.3413546825636579
 -1.606064023572869 -0.3848751549221612
 -1.659680584868469 -0.4271189709342724
 -1.710848097215287 -0.4681016533796054
 -1.759707085163803 -0.5077981364639703
 -1.806214544162917 -0.5462254570540482
 -1.850248390828054 -0.5834568895010893
 -1.891857354107730 -0.6195547431603891
 -1.931163688640006 -0.6545298508978405
 -1.968107846171412 -0.6883916074848602
 -2.002570262293826 -0.7212133465745637
 -2.034663291673215 -0.7531002796826345
 -2.064560912452625 -0.7840832439909742
 -2.092113789527478 -0.8141051059122858
 -2.117158879471841 -0.8431952541490111
 -2.140417744683992 -0.8716792977899243
 -2.160791867537589 -0.8990952536337728
 -2.179529564490889 -0.9259672044314322
 -2.195888104572822 -0.9520274784162256
 -2.209992516772571 -0.9773098101349093
 -2.222126834471317 -1.001941758415193
 -2.232289566774384 -1.025957276156724
 -2.240370134459459 -1.049311160569922
 -2.246429112159126 -1.072001928697074
 -2.250624606532455 -1.094095741733953
 -2.252996287230054 -1.115629929935992
 -2.253485114961448 -1.136564803836024
 -2.252107309342827 -1.156858300615188
 -2.248966886507920 -1.176529503231601
 -2.244112356553752 -1.195603870850566
 -2.237502408061318 -1.214041752799777
 -2.229124719162266 -1.231778285456959
 -2.219046169784010 -1.248802810315575
 -2.207315249440148 -1.265135182536977
 -2.193900113332020 -1.280742334545106
 -2.178766981664429 -1.295547763009873
 -2.161950499193733 -1.309518903783456
 -2.143492852915307 -1.322673893095713
 -2.123367609553012 -1.334994843665246
 -2.101525499719296 -1.346408672665086
 -2.077977784373133 -1.356875979771311
 -2.052770132634074 -1.366426426452385
 -2.025899517813401 -1.375070692532624
 -1.997325515031248 -1.382747318992072
 -1.967053551883638 -1.389405200363929
 -1.935137851856710 -1.395071458434584
 -1.901597566651912 -1.399773328901341
 -1.866396902743693 -1.403453085620947
 -1.829525554653492 -1.406039164914778
 -1.791033966089242 -1.407549490615140
 -1.750956885621774 -1.408029746794797
 -1.709261363998754 -1.407430121881111
 -1.665916680464217 -1.405654150630681
 -1.620963885487728 -1.402702885110329
 -1.574455051377970 -1.398640556951870
 -1.526364641763163 -1.393422457464054
 -1.476636701532587 -1.386903572143573
 -1.425292218574616 -1.379035922221023
 -1.372395621612068 -1.369884647982467
 -1.317918796893151 -1.359387065252982
 -1.261748269080336 -1.347287834962715
 -1.203855791558020 -1.333429099032084
 -1.144333950204313 -1.317879811252880
 -1.083177119286889 -1.300542723721258
 -1.020173623790998 -1.280860229320716
 -0.9552631969981460 -1.258414258243298
 -0.8890612798416848 -1.233959781216704
 -0.8206956578390783 -1.205343441789241
 -0.7513587675560925 -1.173752355290448
 -0.6808096975274112 -1.137630347947097
 -0.6096517568208697 -1.096698972266460
 -0.5388894848954034 -1.050901457570051
 -0.4694725635266175 -1.000072492511124
 -0.4021443731492911 -0.9444778817836237
 -0.3374355069080052 -0.8850273886420132
 -0.2755717790188223 -0.8227529745099398
 -0.2163611290413185 -0.7583759779780374
 -0.1592658561972708 -0.6924212298747433
 -0.1036597360425682 -0.6253472463498576
 -4.903312356957894E-02 -0.5573548873884702
 5.025615611655708E-03 -0.4883037574918880
 5.895607951483681E-02 -0.4179549283914660
 0.1132091273229737 -0.3460724242124472
 0.1680635227811819 -0.2721760407527481
 0.2235396709900301 -0.1954276474780123
 0.2795225740543715 -0.1148196944398918
 0.3357019685371838 -2.912250823229034E-02
 0.3909129651458961 6.341905787817641E-02
 0.4423404397162927 0.1645821447658786
 0.4858172901395150 0.2744710530852860
 0.5177033409969074 0.3902517677059686
 0.5370139685216867 0.5071283108904022
 0.5458187905306230 0.6209035883490287
 0.5475692749293841 0.7296204507840733
 0.5450871946423135 0.8331060552883846
 0.5399302560794429 0.9317006301347720
 0.5329880520561159 1.025715352196381
 0.5250064111460678 1.115546672342461
 0.5164963261888008 1.201638330725730
 0.5076011015221553 1.284260341164847
 0.4983417275731474 1.363547995445338
 0.4888652102282036 1.439699269966747
 0.4793305679586762 1.512934262452589
 0.4697203503383715 1.583329821979435
 0.4599444131668877 1.650885034131046
 0.4500361252274073 1.715688740894510
 0.4400874564097061 1.777850107203305
 0.4300621500788870 1.837340408457040
 0.4198357070930337 1.894090554518918
 0.4093785304418248 1.948173900573901
 0.3987423659072323 1.999701738677228
 0.3878893032518114 2.048627195914349
 0.3766960514649501 2.094883393297001
 0.3651276720342800 2.138620238577988
 0.3532444482484164 2.180003819839841
 0.3410211916930788 2.218876242294670
 0.3283509292924006 2.255111000544916
 0.3153124565029405 2.289495790502293
   
   
 #BODY NUMBER  3
 -0.3311759249362329 0.5186159155758852
 -0.4092111254602386 0.5572111692320392
 -0.4880107893899391 0.5945347279584920
 -0.5680874883879028 0.6296782684508684
 -0.6496464007728090 0.6619993714083237
 -0.7326262562484236 0.6907710559246503
 -0.8166522670785529 0.7151304552006564
 -0.9009758972479553 0.7344277784715084
 -0.9846117393871026 0.7485379666171748
 -1.066640591305307 0.7578124153340072
 -1.146419086167930 0.7628303954966448
 -1.223576195736392 0.7642373202032671
 -1.297932329493083 0.7626879712668144
 -1.369462749677234 0.7587697649357578
 -1.438258096096757 0.7529237478650661
 -1.504438363087008 0.7454624479779732
 -1.568098774451923 0.7366485760421462
 -1.629336506569671 0.7267150206986653
 -1.688274481149265 0.7158271625706203
 -1.745019470460531 0.7040870533382848
 -1.799627823557427 0.6915886003878016
 -1.852143018560423 0.6784355677553702
 -1.902633022161384 0.6647048444505932
 -1.951155108000142 0.6504342100410903
 -1.997715836104168 0.6356603927652764
 -2.042307012574147 0.6204381500453707
 -2.084954896074527 0.6048098101794631
 -2.125692028908106 0.5887872304157071
 -2.164507393909459 0.5723817162320121
 -2.201374642465213 0.5556271508102850
 -2.236309531693882 0.5385564673237961
 -2.269346248295559 0.5211789703159926
 -2.300473680333259 0.5035015389443941
 -2.329654596383371 0.4855529484974686
 -2.356897064007446 0.4673660013963286
 -2.382241477370879 0.4489522877627722
 -2.405681166245476 0.4303169093688509
 -2.427168753394185 0.4114839679583305
 -2.446706463100945 0.3924840042427630
 -2.464350593502239 0.3733278437433258
 -2.480111181053861 0.3540175217184360
 -2.493936986800447 0.3345745433913813
 -2.505831366200459 0.3150330223970348
 -2.515882529590345 0.2954128239148885
 -2.524123960863594 0.2757261928201249
 -2.530475442933391 0.2560052061862992
 -2.534909926387516 0.2362937303663366
 -2.537552494144749 0.2166158502213289
 -2.538460601023559 0.1969844768360647
 -2.537437647218306 0.1774380573882921
 -2.534383674936974 0.1580220904597647
 -2.529925449673067 0.1387145930274857
 -2.523025492922849 0.1195988029064023
 -2.514670586531444 0.1006611313026378
 -2.504212986571073 8.194795624828166E-02
 -2.491732439792608 6.342990561001338E-02
 -2.477372803659918 4.512430906561016E-02
 -2.461016925186002 2.708078006472547E-02
 -2.442508267008643 9.290924158617209E-03
 -2.421848971888038 -8.293524694775511E-03
 -2.399067555076853 -2.567014932421730E-02
 -2.374076467037444 -4.279708060922638E-02
 -2.346769357228660 -5.968460546956278E-02
 -2.317136721464993 -7.639250935058017E-02
 -2.285190118890656 -9.293706270978597E-02
 -2.250863428247918 -0.1092843410485880
 -2.214073638792017 -0.1254452732464504
 -2.174805841681390 -0.1414934522736894
 -2.133060916225894 -0.1574690850755086
 -2.088780556735469 -0.1733497393550683
 -2.041895228920918 -0.1891477875353871
 -1.992393293132505 -0.2049531178547287
 -1.940278224858650 -0.2208350271706201
 -1.885508667985167 -0.2367828787105155
 -1.828043415758617 -0.2527992479500439
 -1.767895457041396 -0.2689691903550933
 -1.705077652537877 -0.2853619714727574
 -1.639539646166690 -0.3019386201596930
 -1.571211990062193 -0.3186460161093910
 -1.500052331436899 -0.3355312191132402
 -1.425981342857523 -0.3526505784392888
 -1.348829261736666 -0.3699245948139371
 -1.268403977364320 -0.3872112768994139
 -1.184529482652255 -0.4044600919651996
 -1.096936494714012 -0.4216033970641080
 -1.005202086869430 -0.4382890274074617
 -0.9088728695451708 -0.4538668347071361
 -0.8075156866853328 -0.4675237337087461
 -0.7006108781875009 -0.4779676007240458
 -0.5878784646290937 -0.4827321385201887
 -0.4704126499749052 -0.4782624214688267
 -0.3516035683517768 -0.4615550941178570
 -0.2362849061753917 -0.4322561789632642
 -0.1282960820976653 -0.3931515606481351
 -2.869470624004333E-02 -0.3484561955068249
 6.375261176761600E-02 -0.3015477183537902
 0.1507908253545071 -0.2540813930763614
 0.2336780379824201 -0.2066261826729538
 0.3133915960783361 -0.1594836050289882
 0.3908624414916493 -0.1127885292420184
 0.4667040808050553 -6.629480766629897E-02
 0.5411756603587312 -1.956968578153306E-02
 0.6147225201637587 2.749880632864343E-02
 0.6871645905574952 7.578164554376815E-02
 0.7588875725390941 0.1253623769533386
 0.8293611208834009 0.1771390622905870
 0.8981314733153427 0.2316106008422173
 0.9645384107539602 0.2890874214282976
 1.027647274762974 0.3496763817478528
 1.086521062025274 0.4130541259784532
 1.140558764481173 0.4784297958650265
 1.189605098635148 0.5448316411110470
 1.233840044362990 0.6114128542564468
 1.273637031684367 0.6775294088720023
 1.309473323024419 0.7426983841007168
 1.341845266896530 0.8066046482890952
 1.371180140812115 0.8691061744858989
 1.397808599059765 0.9301506168722397
 1.422005767740093 0.9896890862975366
 1.444021922521614 1.047689295653393
 1.464061748079723 1.104175007950946
 1.482267009896949 1.159187664848146
 1.498747208682274 1.212729112364130
 1.513613945787281 1.264785121637634
 1.526967792393490 1.315376109045623
 1.538870103386119 1.364532785231348
 1.549355966366408 1.412242467226042
 1.558468705703386 1.458470680193631
 1.566258108110723 1.503219000655553
 1.572750713417937 1.546509682448651
 1.577950803873388 1.588327531688836
 1.581874548866681 1.628632788216617
 1.584558347921752 1.667422631510285
 1.586027352359645 1.704722015848866
 1.586281963737035 1.740517878433888
 1.585328486472931 1.774763588262448
 1.583199362078097 1.807449730837242
 1.579924824975142 1.838605493470767
 1.575505958314169 1.868222548689933
 1.569939946199029 1.896247815732007
 1.563254349803745 1.922667950527611
 1.555486693372907 1.947526295932535
 1.546643757719905 1.970830526143253
 1.536718547436739 1.992525514311113
 1.525742283527054 2.012597109530946
 1.513776274909165 2.031111771605249
 1.500847867902792 2.048092375998809
 1.486944733525104 2.063453414139847
 1.472091336445996 2.077149527373762
 1.456371076226411 2.089276998255252
 1.439823861602999 2.099879128574284
 1.422384688905575 2.108766434315923
 1.404042982165766 2.115829600202100
 1.385093086273955 2.121622412583902
 1.365088348040577 2.125204769813742
 1.344510390147487 2.127438044434426
 1.323075505184764 2.127738084733307
 1.300798129514224 2.126188639489171
 1.277765199808998 2.122905628081362
 1.253961106083352 2.117762786322182
 1.229300309850318 2.110628746103681
 1.203742082871430 2.101529496131653
 1.177302776104714 2.090488522753686
 1.149974874503322 2.077409071285850
 1.121696294062837 2.062204182917680
 1.092410506976054 2.044895519505761
 1.062109202185546 2.025501226791383
 1.030788698540039 2.003947079836323
 0.9983980259799017 1.980166653666563
 0.9648659967025190 1.954183833331727
 0.9301582301268634 1.926019483809088
 0.8942650003468342 1.895611894741453
 0.8571408253851923 1.862907033879451
 0.8187020399192313 1.827939765109849
 0.7788903688541413 1.790747746722677
 0.7376943458480677 1.751289844886172
 0.6950911370969692 1.709531661242863
 0.6510135768378545 1.665526972210496
 0.6054081096995203 1.619321548259317
 0.5582833076414309 1.570852294171950
 0.5096504502656581 1.520032506179257
 0.4594476062036202 1.466849035587049
 0.4075863118410602 1.411261357456906
 0.3540505342747981 1.353082703438731
 0.2988671862554568 1.292075705108430
 0.2419920268672742 1.228062669491091
 0.1833489951776707 1.160776569292643
 0.1230316114998789 1.089675056869789
 6.137622598097270E-02 1.014040411190146
 -1.129586921258918E-03 0.9330909654783066
 -6.362664531917073E-02 0.8457306190401235
 -0.1241190628671252 0.7504837539666810
 -0.1789810816800115 0.6465205158742384
 -0.2239166525762934 0.5352751693128254
 -0.2562023788372837 0.4207568207603439
 -0.2763311980099508 0.3076834466266596
 -0.2874245642949657 0.1990784423114218
 -0.2930242904314254 9.556247782853287E-02
 -0.2954363537103221 -3.547988876445057E-03
 -0.2957825422729920 -9.905802586280388E-02
 -0.2948126514813955 -0.1916632810218967
 -0.2931089523248966 -0.2821025390959679
 -0.2907650279805459 -0.3710301861938938
 -0.2875356752102524 -0.4588870268897139
 -0.2835465952275258 -0.5461147219045286
 -0.2779534650972566 -0.6329928147758073
 -0.2708767831491550 -0.7198971049118308
 -0.2612736324954981 -0.8068173307414552
 -0.2484850725425337 -0.8936099722505411
 -0.2319121545055365 -0.9798584773529480
 -0.2109950076844215 -1.064806836948509
 -0.1855451647773187 -1.147481904449962
 -0.1559470250940703 -1.226967762482201
 -0.1229645073298410 -1.302644056445054
 -8.742095819505968E-02 -1.374243249753091
 -5.006083594797595E-02 -1.441766729075269
 -1.154099353133597E-02 -1.505386355367531
 2.761748278070364E-02 -1.565374413224853
 6.707795528464167E-02 -1.622029922350965
 0.1066297640272437 -1.675613064850213
 0.1460930067118298 -1.726337662339683
 0.1853145840480570 -1.774404316352058
 0.2242127330695420 -1.820002170521566
 0.2627524605635817 -1.863274718186431
 0.3008806148751527 -1.904317712751932
 0.3385290727731418 -1.943220689393004
 0.3756652297678945 -1.980080953496216
 0.4122850046140235 -2.014966995272438
 0.4483598697377608 -2.047902859991318
 0.4838383068707609 -2.078908830239001
 0.5186967879638039 -2.108028810835016
 0.5529413154901687 -2.135296912864359
 0.5865565900360711 -2.160709247920848
 0.6195000935985320 -2.184259939026902
 0.6517511837721292 -2.205979098834081
 0.6833188959359139 -2.225900986164858
 0.7141917165962244 -2.244019417378282
 0.7443261099104405 -2.260316536759917
 0.7736977019293491 -2.274815732233571
 0.8023166523957372 -2.287557781233540
 0.8301752079313073 -2.298539458058784
 0.8572288071951564 -2.307731783690337
 0.8834521132972005 -2.315151954770374
 0.9088639001293319 -2.320854139675861
 0.9334674233339554 -2.324848047861689
 0.9572184393637084 -2.327100057702494
 0.9800890826734051 -2.327630131927982
 1.002106254681180 -2.326524595520138
 1.023276092960803 -2.323818568818933
 1.043530709408287 -2.319458620326146
 1.062818589941520 -2.313443257740099
 1.081181417918339 -2.305892848476581
 1.098636739420560 -2.296863605410349
 1.115052958312731 -2.286204491704216
 1.130340692771208 -2.273851690661865
 1.144832363399111 -2.260337005611388
 1.157937144882272 -2.244803572720144
 1.170160196383957 -2.228099175737063
 1.181137481386309 -2.209686040981589
 1.190934310278383 -2.189618545099184
 1.199607603850920 -2.168029937146972
 1.207055819102650 -2.144843566386908
 1.213207957158325 -2.119919670262298
 1.218106889016608 -2.093235971436878
 1.221764778972139 -2.064818373429469
 1.224101592534123 -2.034611990676623
 1.225073063165823 -2.002519577448117
 1.224726214488939 -1.968503010155181
 1.223080916705110 -1.932564164081597
 1.220074729707879 -1.894662738787735
 1.215675612812115 -1.854721380420112
 1.209939844978871 -1.812690381058037
 1.202902686099030 -1.768550398733580
 1.194515556388635 -1.722262155386385
 1.184754403535726 -1.673759246344064
 1.173691253213274 -1.622986647255121
 1.161387856004509 -1.569912719552057
 1.147814322137100 -1.514506966175656
 1.132952278661648 -1.456732413292819
 1.116881880203541 -1.396557781855403
 1.099669542838357 -1.333959576786559
 1.081256338525260 -1.268913674012257
 1.061561539796535 -1.201386490069866
 1.040604725233278 -1.131317816473808
 1.018395031016462 -1.058610779017618
 0.9947787274618677 -0.9831581086247937
 0.9695367911088629 -0.9048644282090160
 0.9425374557849806 -0.8236025775258914
 0.9135874995363412 -0.7391731722285350
 0.8821704753695508 -0.6513860294623275
 0.8474966435641981 -0.5601735764830099
 0.8086452736065917 -0.4655672317695604
 0.7642375235066716 -0.3677630183160777
 0.7119975274962188 -0.2677516154464923
 0.6493937316549166 -0.1682580944054116
 0.5755202209280701 -7.372007519496838E-02
 0.4924872850126754 1.149935820292039E-02
 0.4046272801076161 8.546811402147543E-02
 0.3161192705350090 0.1493777531954031
 0.2292716786638093 0.2059852405252573
 0.1446455283558150 0.2576293819528064
 6.210450429057193E-02 0.3056842085357577
 -1.857894459694065E-02 0.3511468860508848
 -9.775348916675274E-02 0.3948910683379863
 -0.1759390528245094 0.4373249938601927
 -0.2536399851484789 0.4784567126712470
 -0.3311759249362329 0.5186159155758852
   
   
 #BODY NUMBER  4
 -1.385093086273955 -2.121622412583902
 -1.365088348040577 -2.125204769813742
 -1.344510390147487 -2.127438044434426
 -1.323075505184764 -2.127738084733307
 -1.300798129514224 -2.126188639489171
 -1.277765199808998 -2.122905628081362
 -1.253961106083352 -2.117762786322182
 -1.229300309850318 -2.110628746103681
 -1.203742082871430 -2.101529496131653
 -1.177302776104714 -2.090488522753686
 -1.149974874503322 -2.077409071285850
 -1.121696294062837 -2.062204182917680
 -1.092410506976054 -2.044895519505761
 -1.062109202185546 -2.025501226791383
 -1.030788698540039 -2.003947079836323
 -0.9983980259799017 -1.980166653666563
 -0.9648659967025190 -1.954183833331727
 -0.9301582301268634 -1.926019483809088
 -0.8942650003468342 -1.895611894741453
 -0.8571408253851923 -1.862907033879451
 -0.8187020399192313 -1.827939765109849
 -0.7788903688541413 -1.790747746722677
 -0.7376943458480677 -1.751289844886172
 -0.6950911370969692 -1.709531661242863
 -0.6510135768378545 -1.665526972210496
 -0.6054081096995203 -1.619321548259317
 -0.5582833076414309 -1.570852294171950
 -0.5096504502656581 -1.520032506179257
 -0.4594476062036202 -1.466849035587049
 -0.4075863118410602 -1.411261357456906
 -0.3540505342747981 -1.353082703438731
 -0.2988671862554568 -1.292075705108430
 -0.2419920268672742 -1.228062669491091
 -0.1833489951776707 -1.160776569292643
 -0.1230316114998789 -1.089675056869789
 -6.137622598097270E-02 -1.014040411190146
 1.129586921258918E-03 -0.9330909654783066
 6.362664531917073E-02 -0.8457306190401235
 0.1241190628671252 -0.7504837539666810
 0.1789810816800115 -0.6465205158742384
 0.2239166525762934 -0.5352751693128254
 0.2562023788372837 -0.4207568207603439
 0.2763311980099508 -0.3076834466266596
 0.2874245642949657 -0.1990784423114218
 0.2930242904314254 -9.556247782853287E-02
 0.2954363537103221 3.547988876445057E-03
 0.2957825422729920 9.905802586280388E-02
 0.2948126514813955 0.1916632810218967
 0.2931089523248966 0.2821025390959679
 0.2907650279805459 0.3710301861938938
 0.2875356752102524 0.4588870268897139
 0.2835465952275258 0.5461147219045286
 0.2779534650972566 0.6329928147758073
 0.2708767831491550 0.7198971049118308
 0.2612736324954981 0.8068173307414552
 0.2484850725425337 0.8936099722505411
 0.2319121545055365 0.9798584773529480
 0.2109950076844215 1.064806836948509
 0.1855451647773187 1.147481904449962
 0.1559470250940703 1.226967762482201
 0.1229645073298410 1.302644056445054
 8.742095819505968E-02 1.374243249753091
 5.006083594797595E-02 1.441766729075269
 1.154099353133597E-02 1.505386355367531
 -2.761748278070364E-02 1.565374413224853
 -6.707795528464167E-02 1.622029922350965
 -0.1066297640272437 1.675613064850213
 -0.1460930067118298 1.726337662339683
 -0.1853145840480570 1.774404316352058
 -0.2242127330695420 1.820002170521566
 -0.2627524605635817 1.863274718186431
 -0.3008806148751527 1.904317712751932
 -0.3385290727731418 1.943220689393004
 -0.3756652297678945 1.980080953496216
 -0.4122850046140235 2.014966995272438
 -0.4483598697377608 2.047902859991318
 -0.4838383068707609 2.078908830239001
 -0.5186967879638039 2.108028810835016
 -0.5529413154901687 2.135296912864359
 -0.5865565900360711 2.160709247920848
 -0.6195000935985320 2.184259939026902
 -0.6517511837721292 2.205979098834081
 -0.6833188959359139 2.225900986164858
 -0.7141917165962244 2.244019417378282
 -0.7443261099104405 2.260316536759917
 -0.7736977019293491 2.274815732233571
 -0.8023166523957372 2.287557781233540
 -0.8301752079313073 2.298539458058784
 -0.8572288071951564 2.307731783690337
 -0.8834521132972005 2.315151954770374
 -0.9088639001293319 2.320854139675861
 -0.9334674233339554 2.324848047861689
 -0.9572184393637084 2.327100057702494
 -0.9800890826734051 2.327630131927982
 -1.002106254681180 2.326524595520138
 -1.023276092960803 2.323818568818933
 -1.043530709408287 2.319458620326146
 -1.062818589941520 2.313443257740099
 -1.081181417918339 2.305892848476581
 -1.098636739420560 2.296863605410349
 -1.115052958312731 2.286204491704216
 -1.130340692771208 2.273851690661865
 -1.144832363399111 2.260337005611388
 -1.157937144882272 2.244803572720144
 -1.170160196383957 2.228099175737063
 -1.181137481386309 2.209686040981589
 -1.190934310278383 2.189618545099184
 -1.199607603850920 2.168029937146972
 -1.207055819102650 2.144843566386908
 -1.213207957158325 2.119919670262298
 -1.218106889016608 2.093235971436878
 -1.221764778972139 2.064818373429469
 -1.224101592534123 2.034611990676623
 -1.225073063165823 2.002519577448117
 -1.224726214488939 1.968503010155181
 -1.223080916705110 1.932564164081597
 -1.220074729707879 1.894662738787735
 -1.215675612812115 1.854721380420112
 -1.209939844978871 1.812690381058037
 -1.202902686099030 1.768550398733580
 -1.194515556388635 1.722262155386385
 -1.184754403535726 1.673759246344064
 -1.173691253213274 1.622986647255121
 -1.161387856004509 1.569912719552057
 -1.147814322137100 1.514506966175656
 -1.132952278661648 1.456732413292819
 -1.116881880203541 1.396557781855403
 -1.099669542838357 1.333959576786559
 -1.081256338525260 1.268913674012257
 -1.061561539796535 1.201386490069866
 -1.040604725233278 1.131317816473808
 -1.018395031016462 1.058610779017618
 -0.9947787274618677 0.9831581086247937
 -0.9695367911088629 0.9048644282090160
 -0.9425374557849806 0.8236025775258914
 -0.9135874995363412 0.7391731722285350
 -0.8821704753695508 0.6513860294623275
 -0.8474966435641981 0.5601735764830099
 -0.8086452736065917 0.4655672317695604
 -0.7642375235066716 0.3677630183160777
 -0.7119975274962188 0.2677516154464923
 -0.6493937316549166 0.1682580944054116
 -0.5755202209280701 7.372007519496838E-02
 -0.4924872850126754 -1.149935820292039E-02
 -0.4046272801076161 -8.546811402147543E-02
 -0.3161192705350090 -0.1493777531954031
 -0.2292716786638093 -0.2059852405252573
 -0.1446455283558150 -0.2576293819528064
 -6.210450429057193E-02 -0.3056842085357577
 1.857894459694065E-02 -0.3511468860508848
 9.775348916675274E-02 -0.3948910683379863
 0.1759390528245094 -0.4373249938601927
 0.2536399851484789 -0.4784567126712470
 0.3311759249362329 -0.5186159155758852
 0.4092111254602386 -0.5572111692320392
 0.4880107893899391 -0.5945347279584920
 0.5680874883879028 -0.6296782684508684
 0.6496464007728090 -0.6619993714083237
 0.7326262562484236 -0.6907710559246503
 0.8166522670785529 -0.7151304552006564
 0.9009758972479553 -0.7344277784715084
 0.9846117393871026 -0.7485379666171748
 1.066640591305307 -0.7578124153340072
 1.146419086167930 -0.7628303954966448
 1.223576195736392 -0.7642373202032671
 1.297932329493083 -0.7626879712668144
 1.369462749677234 -0.7587697649357578
 1.438258096096757 -0.7529237478650661
 1.504438363087008 -0.7454624479779732
 1.568098774451923 -0.7366485760421462
 1.629336506569671 -0.7267150206986653
 1.688274481149265 -0.7158271625706203
 1.745019470460531 -0.7040870533382848
 1.799627823557427 -0.6915886003878016
 1.852143018560423 -0.6784355677553702
 1.902633022161384 -0.6647048444505932
 1.951155108000142 -0.6504342100410903
 1.997715836104168 -0.6356603927652764
 2.042307012574147 -0.6204381500453707
 2.084954896074527 -0.6048098101794631
 2.125692028908106 -0.5887872304157071
 2.164507393909459 -0.5723817162320121
 2.201374642465213 -0.5556271508102850
 2.236309531693882 -0.5385564673237961
 2.269346248295559 -0.5211789703159926
 2.300473680333259 -0.5035015389443941
 2.329654596383371 -0.4855529484974686
 2.356897064007446 -0.4673660013963286
 2.382241477370879 -0.4489522877627722
 2.405681166245476 -0.4303169093688509
 2.427168753394185 -0.4114839679583305
 2.446706463100945 -0.3924840042427630
 2.464350593502239 -0.3733278437433258
 2.480111181053861 -0.3540175217184360
 2.493936986800447 -0.3345745433913813
 2.505831366200459 -0.3150330223970348
 2.515882529590345 -0.2954128239148885
 2.524123960863594 -0.2757261928201249
 2.530475442933391 -0.2560052061862992
 2.534909926387516 -0.2362937303663366
 2.537552494144749 -0.2166158502213289
 2.538460601023559 -0.1969844768360647
 2.537437647218306 -0.1774380573882921
 2.534383674936974 -0.1580220904597647
 2.529925449673067 -0.1387145930274857
 2.523025492922849 -0.1195988029064023
 2.514670586531444 -0.1006611313026378
 2.504212986571073 -8.194795624828166E-02
 2.491732439792608 -6.342990561001338E-02
 2.477372803659918 -4.512430906561016E-02
 2.461016925186002 -2.708078006472547E-02
 2.442508267008643 -9.290924158617209E-03
 2.421848971888038 8.293524694775511E-03
 2.399067555076853 2.567014932421730E-02
 2.374076467037444 4.279708060922638E-02
 2.346769357228660 5.968460546956278E-02
 2.317136721464993 7.639250935058017E-02
 2.285190118890656 9.293706270978597E-02
 2.250863428247918 0.1092843410485880
 2.214073638792017 0.1254452732464504
 2.174805841681390 0.1414934522736894
 2.133060916225894 0.1574690850755086
 2.088780556735469 0.1733497393550683
 2.041895228920918 0.1891477875353871
 1.992393293132505 0.2049531178547287
 1.940278224858650 0.2208350271706201
 1.885508667985167 0.2367828787105155
 1.828043415758617 0.2527992479500439
 1.767895457041396 0.2689691903550933
 1.705077652537877 0.2853619714727574
 1.639539646166690 0.3019386201596930
 1.571211990062193 0.3186460161093910
 1.500052331436899 0.3355312191132402
 1.425981342857523 0.3526505784392888
 1.348829261736666 0.3699245948139371
 1.268403977364320 0.3872112768994139
 1.184529482652255 0.4044600919651996
 1.096936494714012 0.4216033970641080
 1.005202086869430 0.4382890274074617
 0.9088728695451708 0.4538668347071361
 0.8075156866853328 0.4675237337087461
 0.7006108781875009 0.4779676007240458
 0.5878784646290937 0.4827321385201887
 0.4704126499749052 0.4782624214688267
 0.3516035683517768 0.4615550941178570
 0.2362849061753917 0.4322561789632642
 0.1282960820976653 0.3931515606481351
 2.869470624004333E-02 0.3484561955068249
 -6.375261176761600E-02 0.3015477183537902
 -0.1507908253545071 0.2540813930763614
 -0.2336780379824201 0.2066261826729538
 -0.3133915960783361 0.1594836050289882
 -0.3908624414916493 0.1127885292420184
 -0.4667040808050553 6.629480766629897E-02
 -0.5411756603587312 1.956968578153306E-02
 -0.6147225201637587 -2.749880632864343E-02
 -0.6871645905574952 -7.578164554376815E-02
 -0.7588875725390941 -0.1253623769533386
 -0.8293611208834009 -0.1771390622905870
 -0.8981314733153427 -0.2316106008422173
 -0.9645384107539602 -0.2890874214282976
 -1.027647274762974 -0.3496763817478528
 -1.086521062025274 -0.4130541259784532
 -1.140558764481173 -0.4784297958650265
 -1.189605098635148 -0.5448316411110470
 -1.233840044362990 -0.6114128542564468
 -1.273637031684367 -0.6775294088720023
 -1.309473323024419 -0.7426983841007168
 -1.341845266896530 -0.8066046482890952
 -1.371180140812115 -0.8691061744858989
 -1.397808599059765 -0.9301506168722397
 -1.422005767740093 -0.9896890862975366
 -1.444021922521614 -1.047689295653393
 -1.464061748079723 -1.104175007950946
 -1.482267009896949 -1.159187664848146
 -1.498747208682274 -1.212729112364130
 -1.513613945787281 -1.264785121637634
 -1.526967792393490 -1.315376109045623
 -1.538870103386119 -1.364532785231348
 -1.549355966366408 -1.412242467226042
 -1.558468705703386 -1.458470680193631
 -1.566258108110723 -1.503219000655553
 -1.572750713417937 -1.546509682448651
 -1.577950803873388 -1.588327531688836
 -1.581874548866681 -1.628632788216617
 -1.584558347921752 -1.667422631510285
 -1.586027352359645 -1.704722015848866
 -1.586281963737035 -1.740517878433888
 -1.585328486472931 -1.774763588262448
 -1.583199362078097 -1.807449730837242
 -1.579924824975142 -1.838605493470767
 -1.575505958314169 -1.868222548689933
 -1.569939946199029 -1.896247815732007
 -1.563254349803745 -1.922667950527611
 -1.555486693372907 -1.947526295932535
 -1.546643757719905 -1.970830526143253
 -1.536718547436739 -1.992525514311113
 -1.525742283527054 -2.012597109530946
 -1.513776274909165 -2.031111771605249
 -1.500847867902792 -2.048092375998809
 -1.486944733525104 -2.063453414139847
 -1.472091336445996 -2.077149527373762
 -1.456371076226411 -2.089276998255252
 -1.439823861602999 -2.099879128574284
 -1.422384688905575 -2.108766434315923
 -1.404042982165766 -2.115829600202100
 -1.385093086273955 -2.121622412583902
   
   
 #BODY NUMBER  5
 1.921674662650825 -0.4376940652649544
 1.864094584238704 -0.4844561015312534
 1.802292413703579 -0.5285226610960538
 1.731350702308818 -0.5703515356737402
 1.646312662940630 -0.6081503303808470
 1.545950815526846 -0.6314076583017897
 1.437451417326959 -0.6259831010709922
 1.335251169327861 -0.5874957660727294
 1.251797756421965 -0.5265164043668336
 1.188735970867322 -0.4589631957718961
 1.138323408257925 -0.3938233057873893
 1.092688035120563 -0.3314851105043415
 1.049429146778542 -0.2704125008857606
 1.008780408117549 -0.2111945415276129
 0.9692373254831550 -0.1547021655000232
 0.9281990773301764 -0.1001681692897284
 0.8847933069020460 -4.665445083127318E-02
 0.8394665331955649 5.306194816758814E-03
 0.7915039043821589 5.466278570972294E-02
 0.7389148490339049 0.1011617872772175
 0.6803894329248856 0.1444160027462726
 0.6158060937771380 0.1821838370664235
 0.5453817137527234 0.2105948156017040
 0.4703399401098695 0.2261612477071442
 0.3944616049923733 0.2275055613933975
 0.3229417991161178 0.2158583330982973
 0.2587975191724087 0.1945436086023105
 0.2013975057499248 0.1675426568906455
 0.1488124462344295 0.1376722208639558
 0.1002043893661171 0.1058656840400670
 5.528499743241251E-02 7.216474608969180E-02
 1.296296076583378E-02 3.687920051596093E-02
 -2.804790287858767E-02 3.672954195557462E-04
 -6.793183540783494E-02 -3.778002404894906E-02
 -0.1062053969955038 -7.853689576468020E-02
 -0.1429658873869139 -0.1225911039701861
 -0.1785845830891283 -0.1704550753440597
 -0.2122353500682228 -0.2234140180202284
 -0.2414065938556611 -0.2834297141145529
 -0.2626639930238680 -0.3514084721087337
 -0.2724991966796119 -0.4256421984816207
 -0.2683461170996638 -0.5021685709179434
 -0.2501815214618968 -0.5766406132561246
 -0.2211143060986146 -0.6460903832350176
 -0.1853489324606971 -0.7096018715947749
 -0.1454019638793553 -0.7678626673000697
 -0.1018730507497487 -0.8220791365899820
 -5.534986445904366E-02 -0.8731157031636971
 -7.009652215407391E-03 -0.9215477329264450
 4.274047609803222E-02 -0.9682281602804439
 9.455467906018605E-02 -1.014277328825308
 0.1482878359023838 -1.060372048897313
 0.2052943710680040 -1.108520564901490
 0.2616520566798479 -1.159005052487568
 0.3201267500038797 -1.214636973684713
 0.3817154463135042 -1.280849329128362
 0.4378360958350923 -1.364530748972092
 0.4724758123083056 -1.466595311172785
 0.4746232935052080 -1.576480857099396
 0.4472889862697629 -1.678070722281515
 0.4033233301768570 -1.762141150256725
 0.3541508029258037 -1.830909680042597
 0.3039753625245638 -1.890747667723536
 0.2526946739738496 -1.944259183544596
 0.2005172788252275 -1.990881497045422
 0.1485826361379153 -2.031413791195027
 9.728726072967409E-02 -2.068201480649813
 4.609348997815610E-02 -2.102036021135965
 -5.256108632644252E-03 -2.131932535824658
 -5.639813007965755E-02 -2.157779308076842
 -0.1071204667718808 -2.180867325495496
 -0.1576839009908109 -2.201720647163272
 -0.2082881121425851 -2.219442676098651
 -0.2587523707734150 -2.233585826514485
 -0.3088608046068453 -2.244951236890435
 -0.3586428453119472 -2.254011223476648
 -0.4081505405527800 -2.260044308736214
 -0.4572210508291449 -2.262518462752234
 -0.5056263702558086 -2.262058433681943
 -0.5532978679443289 -2.259273713911305
 -0.6002679682573164 -2.253724223105790
 -0.6464979344611574 -2.244891254182576
 -0.6918830500354104 -2.233234159719871
 -0.7363709966951566 -2.219368150355841
 -0.7799801015036947 -2.202967368285425
 -0.8227128714745622 -2.183433725809187
 -0.8645009461582580 -2.161017905620341
 -0.9052339739460811 -2.136297514349626
 -0.9448207781148732 -2.109057862269749
 -0.9832088497246233 -2.078706024026540
 -1.020329812798439 -2.045414642207762
 -1.056046723683979 -2.009833568063137
 -1.090221952130618 -1.971942768436061
 -1.122843556873977 -1.931224074998422
 -1.153985646285092 -1.887779305186329
 -1.183608924828332 -1.842201976216640
 -1.211537369506941 -1.794419934612645
 -1.237711508844819 -1.743761208992105
 -1.262264436390850 -1.690145632940826
 -1.285130711940225 -1.633993894467735
 -1.305777398704401 -1.574870358765290
 -1.323793521049862 -1.511755098202265
 -1.339891510930547 -1.445372043032028
 -1.351598583063791 -1.372125214242082
 -1.358860257836725 -1.296569684767245
 -1.359614270135334 -1.214217923222595
 -1.349829966900028 -1.121673423488170
 -1.319790479996817 -1.023128850096624
 -1.260842976530721 -0.9318778935755975
 -1.176411842698714 -0.8626135500344397
 -1.081875459901900 -0.8208304552783702
 -0.9918417723742136 -0.7999939512775108
 -0.9102226915432089 -0.7889053363801533
 -0.8334185442333332 -0.7805530415735398
 -0.7588986686572216 -0.7736260501391653
 -0.6872900421622949 -0.7680321895060248
 -0.6185946680850621 -0.7620330634144871
 -0.5508477179205733 -0.7537598960923452
 -0.4828005930705176 -0.7429262554599766
 -0.4151379670890400 -0.7296524407825914
 -0.3484125911248344 -0.7127938812443804
 -0.2818487468426447 -0.6904999241355138
 -0.2151267893711675 -0.6614425347525756
 -0.1501272158301213 -0.6243956395494756
 -9.031039665998662E-02 -0.5776118266702035
 -3.930858418896278E-02 -0.5204069604031705
 -2.052068272641867E-04 -0.4553665514376766
 2.546790052362988E-02 -0.3876049685275577
 3.908094760729341E-02 -0.3213970303408515
 4.439744420987648E-02 -0.2581866846835802
 4.482141754639294E-02 -0.1977114692702998
 4.158017708465632E-02 -0.1397123887817982
 3.485400465512057E-02 -8.396058526947260E-02
 2.545684413516545E-02 -2.966585358945350E-02
 1.434203860332278E-02 2.410654870595773E-02
 1.247457121940564E-03 7.772070721336281E-02
 -1.491224836883166E-02 0.1312450196994579
 -3.468406662270358E-02 0.1851076423367457
 -5.832613390738213E-02 0.2398863233514678
 -8.736454013296083E-02 0.2955082137502785
 -0.1247540356827332 0.3507790999773513
 -0.1729966674393048 0.4031779266724951
 -0.2323673584679358 0.4488123260762064
 -0.3007176808472346 0.4834788398741943
 -0.3742946592026932 0.5049838597715067
 -0.4489735319730415 0.5145357978390775
 -0.5218587811437099 0.5153178198726773
 -0.5922875945598614 0.5098531281297040
 -0.6610048908332276 0.4992642182052948
 -0.7284654471533530 0.4844922402994059
 -0.7945789214065549 0.4668444033534592
 -0.8598804215113518 0.4470997420694846
 -0.9256672727754326 0.4252519102998486
 -0.9924530497592197 0.4017649914849737
 -1.062654155356169 0.3764701418519044
 -1.134553846908675 0.3529051982065900
 -1.211969850588752 0.3300805889080464
 -1.300105780602170 0.3098493910397715
 -1.400636340772385 0.3030881927990580
 -1.506346702700928 0.3241215994537114
 -1.602584117580547 0.3772045991463502
 -1.676896367977575 0.4516717361981538
 -1.727720666264684 0.5317823252562657
 -1.762689696414629 0.6087512479168963
 -1.789423193657043 0.6821234477909114
 -1.810125181477736 0.7532895847099176
 -1.824412591778343 0.8217876911623365
 -1.833547266841908 0.8870305581408189
 -1.839758652752166 0.9498475010684086
 -1.843463338962787 1.011099877297815
 -1.843679680862410 1.070518191513250
 -1.840492631515125 1.127731867413344
 -1.835126272776585 1.183202708237443
 -1.827904061984703 1.237418587607508
 -1.817949683673457 1.290104134471106
 -1.804965881907699 1.340879039636470
 -1.789754399100991 1.389956921468047
 -1.772709557290047 1.437599426664003
 -1.753180514767612 1.483490891055165
 -1.730787939860178 1.527224276539173
 -1.706186883285496 1.568914498305818
 -1.679939496377442 1.608806866455209
 -1.651648446205304 1.646709421141802
 -1.620883887625042 1.682329261828817
 -1.588095989898898 1.715805377638461
 -1.553843700210662 1.747400064925993
 -1.517835653891480 1.776966266491277
 -1.479552638293182 1.804207109622006
 -1.439245931221129 1.829188733778905
 -1.397470930495287 1.852104374980860
 -1.354087297719468 1.872767727005735
 -1.308607798944418 1.890836853100470
 -1.261216135025361 1.906338859225950
 -1.212543565479408 1.919480074325220
 -1.162641556209334 1.930131290526608
 -1.111067330911749 1.938023082227752
 -1.057872011887352 1.943270537878657
 -1.003589247891341 1.946136385155641
 -0.9482445636782912 1.946432106933507
 -0.8912857506986193 1.943770213712033
 -0.8325768360266593 1.938225884678536
 -0.7725148662676153 1.929952790957684
 -0.7109890390056541 1.918271578348218
 -0.6473215588188692 1.902316367695563
 -0.5817831517202776 1.883066108296982
 -0.5124960011749132 1.856581315773336
 -0.4434321558668534 1.825092345863299
 -0.3717364321734832 1.784569458896335
 -0.2964826960406018 1.729823753869017
 -0.2261603355300287 1.654536508398414
 -0.1766084407962384 1.557860994646590
 -0.1588393266291467 1.450109316107169
 -0.1699222965200649 1.347346859645204
 -0.1968941984931080 1.258957147049407
 -0.2281007167147162 1.182728642167543
 -0.2592694908872299 1.112038152077881
 -0.2905304781213202 1.044038551024926
 -0.3214903659552542 0.9792267310336378
 -0.3506426573980928 0.9167352289145103
 -0.3773513594096031 0.8539280653820736
 -0.4019927138315283 0.7895807062912498
 -0.4243285661065248 0.7243462459658325
 -0.4430913132573245 0.6581310955346574
 -0.4570661021912602 0.5893381368582962
 -0.4652626435537182 0.5170265320063030
 -0.4656788779470168 0.4422118024830521
 -0.4550713170927368 0.3670170110684995
 -0.4310313559209067 0.2942457126960263
 -0.3942563981651091 0.2278609900442791
 -0.3484096996397477 0.1717466354292603
 -0.2978784667797021 0.1268534217385410
 -0.2457949499598013 9.064402779293473E-02
 -0.1936338637808225 6.003924840634401E-02
 -0.1417845664507734 3.384670474173114E-02
 -9.013900208753307E-02 1.179583917978081E-02
 -3.841980490099924E-02 -7.213346926507427E-03
 1.370586427526489E-02 -2.447384412551348E-02
 6.668437828589437E-02 -3.994068316441376E-02
 0.1211176453643354 -5.270812393477767E-02
 0.1776499540096174 -6.251653836655963E-02
 0.2369107169965104 -6.943124800740806E-02
 0.2995998902011835 -7.209419573005008E-02
 0.3661606295383942 -6.734938586279841E-02
 0.4356606604631728 -5.176945456376139E-02
 0.5048665551475477 -2.317012759458575E-02
 0.5690637979468984 1.868973104374913E-02
 0.6244761806645900 7.165675348461786E-02
 0.6700878380716562 0.1315545853959401
 0.7072077136044069 0.1942840517220977
 0.7376895584392167 0.2580095391703658
 0.7628779415829763 0.3228149183846873
 0.7838153116123967 0.3886234628642913
 0.8015885736219623 0.4547033295729858
 0.8171399454133196 0.5211284182109595
 0.8311125937152466 0.5890254185254598
 0.8441652138568358 0.6586070574123389
 0.8573597842881648 0.7320504230495855
 0.8729017902288269 0.8060998542809782
 0.8918431005848723 0.8845563847766665
 0.9183903342886653 0.9709999380885910
 0.9628002449372923 1.061442556173034
 1.033870890392623 1.142473711719074
 1.127960824075339 1.199276257953046
 1.229607381707812 1.226398986083361
 1.324397336087827 1.230358825000460
 1.408538893488826 1.222158432125701
 1.485447831132479 1.208624219932625
 1.557430507503887 1.190969598834678
 1.623895312953116 1.169093805883086
 1.684964630703993 1.144383233054208
 1.742471392022492 1.118353979581405
 1.797369848984630 1.090936143838149
 1.848935789495054 1.061414344311409
 1.896890761594783 1.030047440663498
 1.942246739548466 0.9976646172580524
 1.985587962975514 0.9643020595557638
 2.026237795816042 0.9293385416275446
 2.063718252681114 0.8927067868780151
 2.098615203707836 0.8549943154223877
 2.131352402601995 0.8164117968126451
 2.161331055320392 0.7765534176810489
 2.188008990689323 0.7352941862130615
 2.211813253541304 0.6931439353761251
 2.233237364321771 0.6504668474560965
 2.251916414462621 0.6070148019639882
 2.267381822086199 0.5625619923537588
 2.279979039934308 0.5174287820814102
 2.290214696905819 0.4719680854298481
 2.297815755395175 0.4260011017941480
 2.302265509767744 0.3792266161871810
 2.303746877379387 0.3318291718414358
 2.302704904441368 0.2841931393687663
 2.298908075834341 0.2362901352640142
 2.291816648669041 0.1878691709260697
 2.281545947823800 0.1390757829818118
 2.268590289163387 9.035349373791683E-02
 2.252863508339953 4.181147790945289E-02
 2.233910887785726 -6.799007229330597E-03
 2.211857658172444 -5.549123269232809E-02
 2.187198172719673 -0.1039344089390011
 2.159781933185232 -0.1520121723208627
 2.128997259543438 -0.2000090047199284
 2.094841272417510 -0.2480802517377100
 2.057645578207841 -0.2959588964899490
 2.016766437710055 -0.3434012195829273
 1.971115079868731 -0.3905612694932981
 1.921674662650825 -0.4376940652649544
   
   
 #BODY NUMBER  6
 0.9924530497592197 -0.4017649914849737
 1.062654155356169 -0.3764701418519044
 1.134553846908675 -0.3529051982065900
 1.211969850588752 -0.3300805889080464
 1.300105780602170 -0.3098493910397715
 1.400636340772385 -0.3030881927990580
 1.506346702700928 -0.3241215994537114
 1.602584117580547 -0.3772045991463502
 1.676896367977575 -0.4516717361981538
 1.727720666264684 -0.5317823252562657
 1.762689696414629 -0.6087512479168963
 1.789423193657043 -0.6821234477909114
 1.810125181477736 -0.7532895847099176
 1.824412591778343 -0.8217876911623365
 1.833547266841908 -0.8870305581408189
 1.839758652752166 -0.9498475010684086
 1.843463338962787 -1.011099877297815
 1.843679680862410 -1.070518191513250
 1.840492631515125 -1.127731867413344
 1.835126272776585 -1.183202708237443
 1.827904061984703 -1.237418587607508
 1.817949683673457 -1.290104134471106
 1.804965881907699 -1.340879039636470
 1.789754399100991 -1.389956921468047
 1.772709557290047 -1.437599426664003
 1.753180514767612 -1.483490891055165
 1.730787939860178 -1.527224276539173
 1.706186883285496 -1.568914498305818
 1.679939496377442 -1.608806866455209
 1.651648446205304 -1.646709421141802
 1.620883887625042 -1.682329261828817
 1.588095989898898 -1.715805377638461
 1.553843700210662 -1.747400064925993
 1.517835653891480 -1.776966266491277
 1.479552638293182 -1.804207109622006
 1.439245931221129 -1.829188733778905
 1.397470930495287 -1.852104374980860
 1.354087297719468 -1.872767727005735
 1.308607798944418 -1.890836853100470
 1.261216135025361 -1.906338859225950
 1.212543565479408 -1.919480074325220
 1.162641556209334 -1.930131290526608
 1.111067330911749 -1.938023082227752
 1.057872011887352 -1.943270537878657
 1.003589247891341 -1.946136385155641
 0.9482445636782912 -1.946432106933507
 0.8912857506986193 -1.943770213712033
 0.8325768360266593 -1.938225884678536
 0.7725148662676153 -1.929952790957684
 0.7109890390056541 -1.918271578348218
 0.6473215588188692 -1.902316367695563
 0.5817831517202776 -1.883066108296982
 0.5124960011749132 -1.856581315773336
 0.4434321558668534 -1.825092345863299
 0.3717364321734832 -1.784569458896335
 0.2964826960406018 -1.729823753869017
 0.2261603355300287 -1.654536508398414
 0.1766084407962384 -1.557860994646590
 0.1588393266291467 -1.450109316107169
 0.1699222965200649 -1.347346859645204
 0.1968941984931080 -1.258957147049407
 0.2281007167147162 -1.182728642167543
 0.2592694908872299 -1.112038152077881
 0.2905304781213202 -1.044038551024926
 0.3214903659552542 -0.9792267310336378
 0.3506426573980928 -0.9167352289145103
 0.3773513594096031 -0.8539280653820736
 0.4019927138315283 -0.7895807062912498
 0.4243285661065248 -0.7243462459658325
 0.4430913132573245 -0.6581310955346574
 0.4570661021912602 -0.5893381368582962
 0.4652626435537182 -0.5170265320063030
 0.4656788779470168 -0.4422118024830521
 0.4550713170927368 -0.3670170110684995
 0.4310313559209067 -0.2942457126960263
 0.3942563981651091 -0.2278609900442791
 0.3484096996397477 -0.1717466354292603
 0.2978784667797021 -0.1268534217385410
 0.2457949499598013 -9.064402779293473E-02
 0.1936338637808225 -6.003924840634401E-02
 0.1417845664507734 -3.384670474173114E-02
 9.013900208753307E-02 -1.179583917978081E-02
 3.841980490099924E-02 7.213346926507427E-03
 -1.370586427526489E-02 2.447384412551348E-02
 -6.668437828589437E-02 3.994068316441376E-02
 -0.1211176453643354 5.270812393477767E-02
 -0.1776499540096174 6.251653836655963E-02
 -0.2369107169965104 6.943124800740806E-02
 -0.2995998902011835 7.209419573005008E-02
 -0.3661606295383942 6.734938586279841E-02
 -0.4356606604631728 5.176945456376139E-02
 -0.5048665551475477 2.317012759458575E-02
 -0.5690637979468984 -1.868973104374913E-02
 -0.6244761806645900 -7.165675348461786E-02
 -0.6700878380716562 -0.1315545853959401
 -0.7072077136044069 -0.1942840517220977
 -0.7376895584392167 -0.2580095391703658
 -0.7628779415829763 -0.3228149183846873
 -0.7838153116123967 -0.3886234628642913
 -0.8015885736219623 -0.4547033295729858
 -0.8171399454133196 -0.5211284182109595
 -0.8311125937152466 -0.5890254185254598
 -0.8441652138568358 -0.6586070574123389
 -0.8573597842881648 -0.7320504230495855
 -0.8729017902288269 -0.8060998542809782
 -0.8918431005848723 -0.8845563847766665
 -0.9183903342886653 -0.9709999380885910
 -0.9628002449372923 -1.061442556173034
 -1.033870890392623 -1.142473711719074
 -1.127960824075339 -1.199276257953046
 -1.229607381707812 -1.226398986083361
 -1.324397336087827 -1.230358825000460
 -1.408538893488826 -1.222158432125701
 -1.485447831132479 -1.208624219932625
 -1.557430507503887 -1.190969598834678
 -1.623895312953116 -1.169093805883086
 -1.684964630703993 -1.144383233054208
 -1.742471392022492 -1.118353979581405
 -1.797369848984630 -1.090936143838149
 -1.848935789495054 -1.061414344311409
 -1.896890761594783 -1.030047440663498
 -1.942246739548466 -0.9976646172580524
 -1.985587962975514 -0.9643020595557638
 -2.026237795816042 -0.9293385416275446
 -2.063718252681114 -0.8927067868780151
 -2.098615203707836 -0.8549943154223877
 -2.131352402601995 -0.8164117968126451
 -2.161331055320392 -0.7765534176810489
 -2.188008990689323 -0.7352941862130615
 -2.211813253541304 -0.6931439353761251
 -2.233237364321771 -0.6504668474560965
 -2.251916414462621 -0.6070148019639882
 -2.267381822086199 -0.5625619923537588
 -2.279979039934308 -0.5174287820814102
 -2.290214696905819 -0.4719680854298481
 -2.297815755395175 -0.4260011017941480
 -2.302265509767744 -0.3792266161871810
 -2.303746877379387 -0.3318291718414358
 -2.302704904441368 -0.2841931393687663
 -2.298908075834341 -0.2362901352640142
 -2.291816648669041 -0.1878691709260697
 -2.281545947823800 -0.1390757829818118
 -2.268590289163387 -9.035349373791683E-02
 -2.252863508339953 -4.181147790945289E-02
 -2.233910887785726 6.799007229330597E-03
 -2.211857658172444 5.549123269232809E-02
 -2.187198172719673 0.1039344089390011
 -2.159781933185232 0.1520121723208627
 -2.128997259543438 0.2000090047199284
 -2.094841272417510 0.2480802517377100
 -2.057645578207841 0.2959588964899490
 -2.016766437710055 0.3434012195829273
 -1.971115079868731 0.3905612694932981
 -1.921674662650825 0.4376940652649544
 -1.864094584238704 0.4844561015312534
 -1.802292413703579 0.5285226610960538
 -1.731350702308818 0.5703515356737402
 -1.646312662940630 0.6081503303808470
 -1.545950815526846 0.6314076583017897
 -1.437451417326959 0.6259831010709922
 -1.335251169327861 0.5874957660727294
 -1.251797756421965 0.5265164043668336
 -1.188735970867322 0.4589631957718961
 -1.138323408257925 0.3938233057873893
 -1.092688035120563 0.3314851105043415
 -1.049429146778542 0.2704125008857606
 -1.008780408117549 0.2111945415276129
 -0.9692373254831550 0.1547021655000232
 -0.9281990773301764 0.1001681692897284
 -0.8847933069020460 4.665445083127318E-02
 -0.8394665331955649 -5.306194816758814E-03
 -0.7915039043821589 -5.466278570972294E-02
 -0.7389148490339049 -0.1011617872772175
 -0.6803894329248856 -0.1444160027462726
 -0.6158060937771380 -0.1821838370664235
 -0.5453817137527234 -0.2105948156017040
 -0.4703399401098695 -0.2261612477071442
 -0.3944616049923733 -0.2275055613933975
 -0.3229417991161178 -0.2158583330982973
 -0.2587975191724087 -0.1945436086023105
 -0.2013975057499248 -0.1675426568906455
 -0.1488124462344295 -0.1376722208639558
 -0.1002043893661171 -0.1058656840400670
 -5.528499743241251E-02 -7.216474608969180E-02
 -1.296296076583378E-02 -3.687920051596093E-02
 2.804790287858767E-02 -3.672954195557462E-04
 6.793183540783494E-02 3.778002404894906E-02
 0.1062053969955038 7.853689576468020E-02
 0.1429658873869139 0.1225911039701861
 0.1785845830891283 0.1704550753440597
 0.2122353500682228 0.2234140180202284
 0.2414065938556611 0.2834297141145529
 0.2626639930238680 0.3514084721087337
 0.2724991966796119 0.4256421984816207
 0.2683461170996638 0.5021685709179434
 0.2501815214618968 0.5766406132561246
 0.2211143060986146 0.6460903832350176
 0.1853489324606971 0.7096018715947749
 0.1454019638793553 0.7678626673000697
 0.1018730507497487 0.8220791365899820
 5.534986445904366E-02 0.8731157031636971
 7.009652215407391E-03 0.9215477329264450
 -4.274047609803222E-02 0.9682281602804439
 -9.455467906018605E-02 1.014277328825308
 -0.1482878359023838 1.060372048897313
 -0.2052943710680040 1.108520564901490
 -0.2616520566798479 1.159005052487568
 -0.3201267500038797 1.214636973684713
 -0.3817154463135042 1.280849329128362
 -0.4378360958350923 1.364530748972092
 -0.4724758123083056 1.466595311172785
 -0.4746232935052080 1.576480857099396
 -0.4472889862697629 1.678070722281515
 -0.4033233301768570 1.762141150256725
 -0.3541508029258037 1.830909680042597
 -0.3039753625245638 1.890747667723536
 -0.2526946739738496 1.944259183544596
 -0.2005172788252275 1.990881497045422
 -0.1485826361379153 2.031413791195027
 -9.728726072967409E-02 2.068201480649813
 -4.609348997815610E-02 2.102036021135965
 5.256108632644252E-03 2.131932535824658
 5.639813007965755E-02 2.157779308076842
 0.1071204667718808 2.180867325495496
 0.1576839009908109 2.201720647163272
 0.2082881121425851 2.219442676098651
 0.2587523707734150 2.233585826514485
 0.3088608046068453 2.244951236890435
 0.3586428453119472 2.254011223476648
 0.4081505405527800 2.260044308736214
 0.4572210508291449 2.262518462752234
 0.5056263702558086 2.262058433681943
 0.5532978679443289 2.259273713911305
 0.6002679682573164 2.253724223105790
 0.6464979344611574 2.244891254182576
 0.6918830500354104 2.233234159719871
 0.7363709966951566 2.219368150355841
 0.7799801015036947 2.202967368285425
 0.8227128714745622 2.183433725809187
 0.8645009461582580 2.161017905620341
 0.9052339739460811 2.136297514349626
 0.9448207781148732 2.109057862269749
 0.9832088497246233 2.078706024026540
 1.020329812798439 2.045414642207762
 1.056046723683979 2.009833568063137
 1.090221952130618 1.971942768436061
 1.122843556873977 1.931224074998422
 1.153985646285092 1.887779305186329
 1.183608924828332 1.842201976216640
 1.211537369506941 1.794419934612645
 1.237711508844819 1.743761208992105
 1.262264436390850 1.690145632940826
 1.285130711940225 1.633993894467735
 1.305777398704401 1.574870358765290
 1.323793521049862 1.511755098202265
 1.339891510930547 1.445372043032028
 1.351598583063791 1.372125214242082
 1.358860257836725 1.296569684767245
 1.359614270135334 1.214217923222595
 1.349829966900028 1.121673423488170
 1.319790479996817 1.023128850096624
 1.260842976530721 0.9318778935755975
 1.176411842698714 0.8626135500344397
 1.081875459901900 0.8208304552783702
 0.9918417723742136 0.7999939512775108
 0.9102226915432089 0.7889053363801533
 0.8334185442333332 0.7805530415735398
 0.7588986686572216 0.7736260501391653
 0.6872900421622949 0.7680321895060248
 0.6185946680850621 0.7620330634144871
 0.5508477179205733 0.7537598960923452
 0.4828005930705176 0.7429262554599766
 0.4151379670890400 0.7296524407825914
 0.3484125911248344 0.7127938812443804
 0.2818487468426447 0.6904999241355138
 0.2151267893711675 0.6614425347525756
 0.1501272158301213 0.6243956395494756
 9.031039665998662E-02 0.5776118266702035
 3.930858418896278E-02 0.5204069604031705
 2.052068272641867E-04 0.4553665514376766
 -2.546790052362988E-02 0.3876049685275577
 -3.908094760729341E-02 0.3213970303408515
 -4.439744420987648E-02 0.2581866846835802
 -4.482141754639294E-02 0.1977114692702998
 -4.158017708465632E-02 0.1397123887817982
 -3.485400465512057E-02 8.396058526947260E-02
 -2.545684413516545E-02 2.966585358945350E-02
 -1.434203860332278E-02 -2.410654870595773E-02
 -1.247457121940564E-03 -7.772070721336281E-02
 1.491224836883166E-02 -0.1312450196994579
 3.468406662270358E-02 -0.1851076423367457
 5.832613390738213E-02 -0.2398863233514678
 8.736454013296083E-02 -0.2955082137502785
 0.1247540356827332 -0.3507790999773513
 0.1729966674393048 -0.4031779266724951
 0.2323673584679358 -0.4488123260762064
 0.3007176808472346 -0.4834788398741943
 0.3742946592026932 -0.5049838597715067
 0.4489735319730415 -0.5145357978390775
 0.5218587811437099 -0.5153178198726773
 0.5922875945598614 -0.5098531281297040
 0.6610048908332276 -0.4992642182052948
 0.7284654471533530 -0.4844922402994059
 0.7945789214065549 -0.4668444033534592
 0.8598804215113518 -0.4470997420694846
 0.9256672727754326 -0.4252519102998486
 0.9924530497592197 -0.4017649914849737
   
   
