 # action(x) =  27.05494690005665
 # |grad_action(x)| =  1.056724272457241E-04
 # PRINTSTEPS = 50
 #
 #BODY NUMBER  1
 -1.201776938608135 2.228134637699227
 -1.229253518946401 2.220684729942829
 -1.255898114180599 2.211537750296892
 -1.281280248796597 2.199953539699482
 -1.305363903824140 2.186085693879649
 -1.328190625334904 2.170208556452996
 -1.349672910249233 2.152291877407127
 -1.369668605662762 2.132233105927885
 -1.388113348970687 2.110123313455088
 -1.404995490966272 2.086121006811479
 -1.420255518875606 2.060249379587421
 -1.433787061336883 2.032472040914703
 -1.445517588646242 2.002859611792168
 -1.455422389838426 1.971544286253795
 -1.463458858820710 1.938577455252572
 -1.469542484167040 1.903954779616882
 -1.473600544180407 1.867740981640787
 -1.475603746522577 1.830059813172637
 -1.475523628079173 1.790983257386951
 -1.473295996808879 1.750530354001471
 -1.468854309209716 1.708766838831691
 -1.462170832068482 1.665815316705457
 -1.453233243353881 1.621764989523677
 -1.442001507273477 1.576653963223876
 -1.428423151728808 1.530551004042393
 -1.412478821793237 1.483578720738286
 -1.394176338358052 1.435838197999420
 -1.373504902857961 1.387379935401783
 -1.350432789709324 1.338272173180264
 -1.324953220674533 1.288633470501951
 -1.297095426866748 1.238568954353906
 -1.266879837994393 1.188133107271439
 -1.234298138752208 1.137388161105050
 -1.199355875663781 1.086444230495038
 -1.162101232095090 1.035404335500794
 -1.122585293963053 0.9843205058610350
 -1.080823547388499 0.9332453233548645
 -1.036830953958619 0.8822789160483671
 -0.9906702564395276 0.8315192513159636
 -0.9424224830126611 0.7810111238953441
 -0.8921270971925657 0.7307947142370442
 -0.8398030745350580 0.6809608290498121
 -0.7855212249194463 0.6316010867847328
 -0.7293938316552653 0.5827460830315334
 -0.6714861281148153 0.5344182654698338
 -0.6118101187692089 0.4867025490819341
 -0.5504344867990988 0.4396845111207196
 -0.4875172937356912 0.3933627404936560
 -0.4231616956800708 0.3477287466402760
 -0.3573296445460006 0.3028908644597245
 -0.2900688595489057 0.2589394425475819
 -0.2218682142200502 0.2156255864964463
 -0.1522064939067488 0.1734121633261703
 -8.178894870988106E-02 0.1318547108245521
 -1.036783448190225E-02 9.126402928075494E-02
 6.185373993258163E-02 5.162301747150433E-02
 0.1346384485680954 1.286637314695255E-02
 0.2079012981955287 -2.495139231937300E-02
 0.2815582207686478 -6.172819632742263E-02
 0.3554182142836129 -9.741665943079601E-02
 0.4292920921442046 -0.1319886130744138
 0.5030819441983316 -0.1653569431472890
 0.5767023106464805 -0.1973940391702593
 0.6500092931613404 -0.2280003566870906
 0.7228702022821400 -0.2571052734333246
 0.7952291075828820 -0.2846175506503238
 0.8670439797595908 -0.3104245627005691
 0.9382201610813983 -0.3344403282845830
 1.008662153095181 -0.3566169632638733
 1.078334670714174 -0.3769064939810409
 1.147211436073984 -0.3952463465128860
 1.215209368687182 -0.4115915631913157
 1.282232557644397 -0.4259318833802009
 1.348238507550007 -0.4382638066931739
 1.413197387030339 -0.4485696695333761
 1.477022121463224 -0.4568392109646597
 1.539604961494949 -0.4630911288145272
 1.600892058683956 -0.4673551620778351
 1.660852214675784 -0.4696482231103490
 1.719398168777582 -0.4699868540275504
 1.776413801995363 -0.4684110767967230
 1.831839821531104 -0.4649755478489632
 1.885653296389735 -0.4597245636276867
 1.937775971182563 -0.4526958225772142
 1.988088909077869 -0.4439445791642429
 2.036533089693930 -0.4335433831482937
 2.083103433503363 -0.4215576892583935
 2.127739159749374 -0.4080411077016630
 2.170320470280863 -0.3930580646979496
 2.210790188803858 -0.3766921541811021
 2.249169676714083 -0.3590243035802758
 2.285422966465850 -0.3401192753710032
 2.319424880984739 -0.3200446960835736
 2.351115649798996 -0.2988887500429902
 2.380554885067192 -0.2767436453773282
 2.407741142246712 -0.2536820320305511
 2.432525078469618 -0.2297687099582477
 2.454828548625901 -0.2050904670385542
 2.474785908326166 -0.1797509691134836
 2.492456435461940 -0.1538310503821718
 2.507567627269644 -0.1273800806673999
 2.519975599409936 -0.1004760619270240
 2.530509668603635 -7.329796033267671E-02
 2.537796149399876 -4.577758987241545E-02
 2.543196930275695 -1.812920370307801E-02
 2.545855776923548 9.644474975357907E-03
 2.545887697661578 3.743545495510742E-02
 2.543551054066102 6.514254438186848E-02
 2.538775897318091 9.270508837194684E-02
 2.531402339355126 0.1200512543060195
 2.521477069055244 0.1470797668133648
 2.509131532750247 0.1737012839736418
 2.494356060291639 0.1998526694176135
 2.477065950582180 0.2254599982778264
 2.457286098348978 0.2504251474887859
 2.435118631501059 0.2746606197098375
 2.410586752862874 0.2981038215058334
 2.383644448888542 0.3206837334207073
 2.354311409880410 0.3423050154704116
 2.322680161913795 0.3628804238217269
 2.288798812689290 0.3823493171072698
 2.252651755065480 0.4006465835296713
 2.214262646177532 0.4176817268180116
 2.173723798314386 0.4333694268912070
 2.131106301572649 0.4476544116066750
 2.086423138766031 0.4604829559823438
 2.039707627152895 0.4717752347297854
 1.991056271569993 0.4814531816113131
 1.940560524370594 0.4894730273735318
 1.888258720187738 0.4958001703965801
 1.834194094006579 0.5003730154016307
 1.778465931958861 0.5031264126791792
 1.721179892242586 0.5040331136222714
 1.662393372971604 0.5030835696097390
 1.602156110856745 0.5002394634507366
 1.540566241235630 0.4954505412554457
 1.477737073779779 0.4887070210131463
 1.413739210523132 0.4800271295563083
 1.348625931682585 0.4693979873694216
 1.282491431500594 0.4567824875340339
 1.215451923595205 0.4421859831922934
 1.147586715437934 0.4256562494389010
 1.078950336076953 0.4072073724547088
 1.009630914206779 0.3868103821987305
 0.9397431986731617 0.3644807925997439
 0.8693698276888164 0.3403005460613632
 0.7985628582006999 0.3143149125013653
 0.7274018309762020 0.2864918306055425
 0.6559951996806341 0.2568479931267100
 0.5844207730376174 0.2255209909125207
 0.5127227760566372 0.1926044050473031
 0.4409760054693508 0.1580111174722378
 0.3692825650624399 0.1217372799423417
 0.2976713427218663 8.433071655862817E-02
 0.2262825857190540 4.510860868112070E-02
 0.1550840035376537 4.903951919303429E-03
 8.422088504981175E-02 -3.665320659681785E-02
 1.377997458403985E-02 -7.937841883644384E-02
 -5.617661828421686E-02 -0.1230335033595715
 -0.1255591887061333 -0.1675721095574053
 -0.1942372965336652 -0.2129724736662850
 -0.2620744089606927 -0.2590928728219120
 -0.3289515380048196 -0.3057835509034443
 -0.3947442855568573 -0.3530032722873761
 -0.4592994078003053 -0.4007418318559074
 -0.5224587475436038 -0.4489243822301420
 -0.5840947993812735 -0.4974713220984670
 -0.6441005830175256 -0.5463798336704424
 -0.7023575471371635 -0.5956698313198817
 -0.7587439008851553 -0.6453023296969275
 -0.8131704261545665 -0.6952185667843985
 -0.8655779339959949 -0.7454119716294816
 -0.9158990948701382 -0.7958910738956545
 -0.9640534340506185 -0.8466064026042920
 -1.009984110111203 -0.8974800267894419
 -1.053666843930565 -0.9484768945521371
 -1.095071422698263 -0.9995800029633746
 -1.134145422871846 -1.050719073656407
 -1.170851162568067 -1.101791444039925
 -1.205187472291177 -1.152735610498157
 -1.237153399393676 -1.203516098285700
 -1.266719639421378 -1.254049066368055
 -1.293862792917667 -1.304213941762923
 -1.318600547341341 -1.353932047185407
 -1.340959799040159 -1.403161375589534
 -1.360934068130242 -1.451815306598555
 -1.378511737967561 -1.499763210661404
 -1.393726128296037 -1.546917699748409
 -1.406631384810117 -1.593241647495304
 -1.417243544932669 -1.638655611119082
 -1.425558504331203 -1.683023629267642
 -1.431620069329048 -1.726254388850985
 -1.435509005833576 -1.768325925665891
 -1.437263416020969 -1.809174709666316
 -1.436879277647214 -1.848658521060695
 -1.434403075342104 -1.886681504939593
 -1.429944469766274 -1.923249182882668
 -1.423565655345471 -1.958323978907339
 -1.415248079053430 -1.991744158318301
 -1.405027828842353 -2.023398651526036
 -1.393061859770231 -2.053351980981465
 -1.379449815252775 -2.081615065744963
 -1.364098199428901 -2.107927226589280
 -1.347002621805989 -2.132124855042410
 -1.328732729995500 -2.154836677366550
 -1.308542630453475 -2.174907140070414
 -1.287298816095096 -2.193408546593814
 -1.264575528126951 -2.209598014674840
 -1.240523793837438 -2.223521148834757
 -1.215360428731198 -2.235351100834865
 -1.189102987068858 -2.244996965779074
 -1.161733733692364 -2.252284360233905
 -1.133363720084557 -2.257203080268453
 -1.104136041783975 -2.259822290785121
 -1.074100541416033 -2.260102049005035
 -1.043278889245297 -2.257932039192530
 -1.011768509702736 -2.253284759280954
 -0.9796962416626332 -2.246204905963633
 -0.9471278940421632 -2.236681276758405
 -0.9141019647215018 -2.224638513037589
 -0.8807108657000031 -2.210045997111199
 -0.8470764153912185 -2.192940236994363
 -0.8132751846101171 -2.173332574494220
 -0.7793557582566006 -2.151176937531142
 -0.7454083369678157 -2.126448565649702
 -0.7115529662459049 -2.099184743596664
 -0.6778730582187685 -2.069419401130352
 -0.6444216314925544 -2.037136919206220
 -0.6112844754240869 -2.002326238772178
 -0.5785774497767564 -1.965031902349599
 -0.5463841860125426 -1.925311225372952
 -0.5147538173297772 -1.883180105798363
 -0.4837613042972549 -1.838645188581895
 -0.4535127112843281 -1.791759883181130
 -0.4240844653758375 -1.742602067976178
 -0.3955135349772113 -1.691216676881178
 -0.3678579721045375 -1.637627624555787
 -0.3412103655718489 -1.581894771750484
 -0.3156358416846892 -1.524111356513941
 -0.2911539165600792 -1.464347635417343
 -0.2678023842940864 -1.402643310724286
 -0.2456604775419747 -1.339061403582401
 -0.2247816671556778 -1.273705234508257
 -0.2051642324252732 -1.206667373334245
 -0.1868232388843868 -1.138002086691753
 -0.1698278396717207 -1.067771211248543
 -0.1542219737537154 -0.9960818793844768
 -0.1399759960335512 -0.9230466290928967
 -0.1270767300858846 -0.8487331779711992
 -0.1155917122069931 -0.7731943796874765
 -0.1055607128815353 -0.6965325042474296
 -9.690347930192625E-02 -0.6188837314061767
 -8.956108037656640E-02 -0.5403331516875790
 -8.364636092335029E-02 -0.4609019819319623
 -7.921370551353424E-02 -0.3806767224899236
 -7.580312850181617E-02 -0.2999563030550744
 -7.407609181230525E-02 -0.2185207720072910
 -7.329505482777263E-02 -0.1367586627438556
 -7.385305056790950E-02 -5.461082268393709E-02
 -7.563371451662149E-02 2.775540136493950E-02
 -7.846183028387857E-02 0.1101671302126189
 -8.234210948939542E-02 0.1925235018767782
 -8.732092423498264E-02 0.2747006699937077
 -9.334380532292021E-02 0.3565095322527080
 -0.1003405541393851 0.4377721639778582
 -0.1083376586414744 0.5183602154346652
 -0.1174029028461751 0.5981358710261667
 -0.1275505456177365 0.6769247389172326
 -0.1387754029008666 0.7545765955317916
 -0.1511285245653565 0.8309973843207662
 -0.1646864326224273 0.9060943940204508
 -0.1794762601962429 0.9797426579815105
 -0.1954917269406142 1.051835530048272
 -0.2127567367181789 1.122318465610522
 -0.2313123412038456 1.191137420408541
 -0.2511559346365637 1.258197965795608
 -0.2722484475331936 1.323411910169643
 -0.2945716636194426 1.386740701245311
 -0.3181259643320751 1.448149672496751
 -0.3428766985913783 1.507558284621067
 -0.3687537989268824 1.564882572854452
 -0.3957045863927793 1.620090772575992
 -0.4236988152821080 1.673164321396050
 -0.4526785293562037 1.724035920395605
 -0.4825510090776959 1.772625018559646
 -0.5132392741897634 1.818907595034370
 -0.5446934973495752 1.862885939217221
 -0.5768419030523209 1.904511129175769
 -0.6095771711103085 1.943707789825647
 -0.6428069613978923 1.980461082896703
 -0.6764720486932467 2.014799336753698
 -0.7104956148167045 2.046696718820745
 -0.7447619659496597 2.076081693965592
 -0.7791701194748100 2.102946543032088
 -0.8136606708805062 2.127350229246167
 -0.8481595504448813 2.149293985037319
 -0.8825456033375246 2.168703217144269
 -0.9167125744568912 2.185570254982583
 -0.9506104153009176 2.199992828259997
 -0.9841754869012415 2.212006010937890
 -1.017276999416188 2.221512868276549
 -1.049800719783547 2.228489118564590
 -1.081724048555934 2.233102950094948
 -1.113006620209165 2.235446116127135
 -1.143469427840743 2.235307307256680
 -1.172972977603947 2.232600916969434
 -1.201776938608135 2.228134637699227
   
   
 #BODY NUMBER  2
 -0.2976713427218663 -8.433071655862817E-02
 -0.2262825857190540 -4.510860868112070E-02
 -0.1550840035376537 -4.903951919303429E-03
 -8.422088504981175E-02 3.665320659681785E-02
 -1.377997458403985E-02 7.937841883644384E-02
 5.617661828421686E-02 0.1230335033595715
 0.1255591887061333 0.1675721095574053
 0.1942372965336652 0.2129724736662850
 0.2620744089606927 0.2590928728219120
 0.3289515380048196 0.3057835509034443
 0.3947442855568573 0.3530032722873761
 0.4592994078003053 0.4007418318559074
 0.5224587475436038 0.4489243822301420
 0.5840947993812735 0.4974713220984670
 0.6441005830175256 0.5463798336704424
 0.7023575471371635 0.5956698313198817
 0.7587439008851553 0.6453023296969275
 0.8131704261545665 0.6952185667843985
 0.8655779339959949 0.7454119716294816
 0.9158990948701382 0.7958910738956545
 0.9640534340506185 0.8466064026042920
 1.009984110111203 0.8974800267894419
 1.053666843930565 0.9484768945521371
 1.095071422698263 0.9995800029633746
 1.134145422871846 1.050719073656407
 1.170851162568067 1.101791444039925
 1.205187472291177 1.152735610498157
 1.237153399393676 1.203516098285700
 1.266719639421378 1.254049066368055
 1.293862792917667 1.304213941762923
 1.318600547341341 1.353932047185407
 1.340959799040159 1.403161375589534
 1.360934068130242 1.451815306598555
 1.378511737967561 1.499763210661404
 1.393726128296037 1.546917699748409
 1.406631384810117 1.593241647495304
 1.417243544932669 1.638655611119082
 1.425558504331203 1.683023629267642
 1.431620069329048 1.726254388850985
 1.435509005833576 1.768325925665891
 1.437263416020969 1.809174709666316
 1.436879277647214 1.848658521060695
 1.434403075342104 1.886681504939593
 1.429944469766274 1.923249182882668
 1.423565655345471 1.958323978907339
 1.415248079053430 1.991744158318301
 1.405027828842353 2.023398651526036
 1.393061859770231 2.053351980981465
 1.379449815252775 2.081615065744963
 1.364098199428901 2.107927226589280
 1.347002621805989 2.132124855042410
 1.328732729995500 2.154836677366550
 1.308542630453475 2.174907140070414
 1.287298816095096 2.193408546593814
 1.264575528126951 2.209598014674840
 1.240523793837438 2.223521148834757
 1.215360428731198 2.235351100834865
 1.189102987068858 2.244996965779074
 1.161733733692364 2.252284360233905
 1.133363720084557 2.257203080268453
 1.104136041783975 2.259822290785121
 1.074100541416033 2.260102049005035
 1.043278889245297 2.257932039192530
 1.011768509702736 2.253284759280954
 0.9796962416626332 2.246204905963633
 0.9471278940421632 2.236681276758405
 0.9141019647215018 2.224638513037589
 0.8807108657000031 2.210045997111199
 0.8470764153912185 2.192940236994363
 0.8132751846101171 2.173332574494220
 0.7793557582566006 2.151176937531142
 0.7454083369678157 2.126448565649702
 0.7115529662459049 2.099184743596664
 0.6778730582187685 2.069419401130352
 0.6444216314925544 2.037136919206220
 0.6112844754240869 2.002326238772178
 0.5785774497767564 1.965031902349599
 0.5463841860125426 1.925311225372952
 0.5147538173297772 1.883180105798363
 0.4837613042972549 1.838645188581895
 0.4535127112843281 1.791759883181130
 0.4240844653758375 1.742602067976178
 0.3955135349772113 1.691216676881178
 0.3678579721045375 1.637627624555787
 0.3412103655718489 1.581894771750484
 0.3156358416846892 1.524111356513941
 0.2911539165600792 1.464347635417343
 0.2678023842940864 1.402643310724286
 0.2456604775419747 1.339061403582401
 0.2247816671556778 1.273705234508257
 0.2051642324252732 1.206667373334245
 0.1868232388843868 1.138002086691753
 0.1698278396717207 1.067771211248543
 0.1542219737537154 0.9960818793844768
 0.1399759960335512 0.9230466290928967
 0.1270767300858846 0.8487331779711992
 0.1155917122069931 0.7731943796874765
 0.1055607128815353 0.6965325042474296
 9.690347930192625E-02 0.6188837314061767
 8.956108037656640E-02 0.5403331516875790
 8.364636092335029E-02 0.4609019819319623
 7.921370551353424E-02 0.3806767224899236
 7.580312850181617E-02 0.2999563030550744
 7.407609181230525E-02 0.2185207720072910
 7.329505482777263E-02 0.1367586627438556
 7.385305056790950E-02 5.461082268393709E-02
 7.563371451662149E-02 -2.775540136493950E-02
 7.846183028387857E-02 -0.1101671302126189
 8.234210948939542E-02 -0.1925235018767782
 8.732092423498264E-02 -0.2747006699937077
 9.334380532292021E-02 -0.3565095322527080
 0.1003405541393851 -0.4377721639778582
 0.1083376586414744 -0.5183602154346652
 0.1174029028461751 -0.5981358710261667
 0.1275505456177365 -0.6769247389172326
 0.1387754029008666 -0.7545765955317916
 0.1511285245653565 -0.8309973843207662
 0.1646864326224273 -0.9060943940204508
 0.1794762601962429 -0.9797426579815105
 0.1954917269406142 -1.051835530048272
 0.2127567367181789 -1.122318465610522
 0.2313123412038456 -1.191137420408541
 0.2511559346365637 -1.258197965795608
 0.2722484475331936 -1.323411910169643
 0.2945716636194426 -1.386740701245311
 0.3181259643320751 -1.448149672496751
 0.3428766985913783 -1.507558284621067
 0.3687537989268824 -1.564882572854452
 0.3957045863927793 -1.620090772575992
 0.4236988152821080 -1.673164321396050
 0.4526785293562037 -1.724035920395605
 0.4825510090776959 -1.772625018559646
 0.5132392741897634 -1.818907595034370
 0.5446934973495752 -1.862885939217221
 0.5768419030523209 -1.904511129175769
 0.6095771711103085 -1.943707789825647
 0.6428069613978923 -1.980461082896703
 0.6764720486932467 -2.014799336753698
 0.7104956148167045 -2.046696718820745
 0.7447619659496597 -2.076081693965592
 0.7791701194748100 -2.102946543032088
 0.8136606708805062 -2.127350229246167
 0.8481595504448813 -2.149293985037319
 0.8825456033375246 -2.168703217144269
 0.9167125744568912 -2.185570254982583
 0.9506104153009176 -2.199992828259997
 0.9841754869012415 -2.212006010937890
 1.017276999416188 -2.221512868276549
 1.049800719783547 -2.228489118564590
 1.081724048555934 -2.233102950094948
 1.113006620209165 -2.235446116127135
 1.143469427840743 -2.235307307256680
 1.172972977603947 -2.232600916969434
 1.201776938608135 -2.228134637699227
 1.229253518946401 -2.220684729942829
 1.255898114180599 -2.211537750296892
 1.281280248796597 -2.199953539699482
 1.305363903824140 -2.186085693879649
 1.328190625334904 -2.170208556452996
 1.349672910249233 -2.152291877407127
 1.369668605662762 -2.132233105927885
 1.388113348970687 -2.110123313455088
 1.404995490966272 -2.086121006811479
 1.420255518875606 -2.060249379587421
 1.433787061336883 -2.032472040914703
 1.445517588646242 -2.002859611792168
 1.455422389838426 -1.971544286253795
 1.463458858820710 -1.938577455252572
 1.469542484167040 -1.903954779616882
 1.473600544180407 -1.867740981640787
 1.475603746522577 -1.830059813172637
 1.475523628079173 -1.790983257386951
 1.473295996808879 -1.750530354001471
 1.468854309209716 -1.708766838831691
 1.462170832068482 -1.665815316705457
 1.453233243353881 -1.621764989523677
 1.442001507273477 -1.576653963223876
 1.428423151728808 -1.530551004042393
 1.412478821793237 -1.483578720738286
 1.394176338358052 -1.435838197999420
 1.373504902857961 -1.387379935401783
 1.350432789709324 -1.338272173180264
 1.324953220674533 -1.288633470501951
 1.297095426866748 -1.238568954353906
 1.266879837994393 -1.188133107271439
 1.234298138752208 -1.137388161105050
 1.199355875663781 -1.086444230495038
 1.162101232095090 -1.035404335500794
 1.122585293963053 -0.9843205058610350
 1.080823547388499 -0.9332453233548645
 1.036830953958619 -0.8822789160483671
 0.9906702564395276 -0.8315192513159636
 0.9424224830126611 -0.7810111238953441
 0.8921270971925657 -0.7307947142370442
 0.8398030745350580 -0.6809608290498121
 0.7855212249194463 -0.6316010867847328
 0.7293938316552653 -0.5827460830315334
 0.6714861281148153 -0.5344182654698338
 0.6118101187692089 -0.4867025490819341
 0.5504344867990988 -0.4396845111207196
 0.4875172937356912 -0.3933627404936560
 0.4231616956800708 -0.3477287466402760
 0.3573296445460006 -0.3028908644597245
 0.2900688595489057 -0.2589394425475819
 0.2218682142200502 -0.2156255864964463
 0.1522064939067488 -0.1734121633261703
 8.178894870988106E-02 -0.1318547108245521
 1.036783448190225E-02 -9.126402928075494E-02
 -6.185373993258163E-02 -5.162301747150433E-02
 -0.1346384485680954 -1.286637314695255E-02
 -0.2079012981955287 2.495139231937300E-02
 -0.2815582207686478 6.172819632742263E-02
 -0.3554182142836129 9.741665943079601E-02
 -0.4292920921442046 0.1319886130744138
 -0.5030819441983316 0.1653569431472890
 -0.5767023106464805 0.1973940391702593
 -0.6500092931613404 0.2280003566870906
 -0.7228702022821400 0.2571052734333246
 -0.7952291075828820 0.2846175506503238
 -0.8670439797595908 0.3104245627005691
 -0.9382201610813983 0.3344403282845830
 -1.008662153095181 0.3566169632638733
 -1.078334670714174 0.3769064939810409
 -1.147211436073984 0.3952463465128860
 -1.215209368687182 0.4115915631913157
 -1.282232557644397 0.4259318833802009
 -1.348238507550007 0.4382638066931739
 -1.413197387030339 0.4485696695333761
 -1.477022121463224 0.4568392109646597
 -1.539604961494949 0.4630911288145272
 -1.600892058683956 0.4673551620778351
 -1.660852214675784 0.4696482231103490
 -1.719398168777582 0.4699868540275504
 -1.776413801995363 0.4684110767967230
 -1.831839821531104 0.4649755478489632
 -1.885653296389735 0.4597245636276867
 -1.937775971182563 0.4526958225772142
 -1.988088909077869 0.4439445791642429
 -2.036533089693930 0.4335433831482937
 -2.083103433503363 0.4215576892583935
 -2.127739159749374 0.4080411077016630
 -2.170320470280863 0.3930580646979496
 -2.210790188803858 0.3766921541811021
 -2.249169676714083 0.3590243035802758
 -2.285422966465850 0.3401192753710032
 -2.319424880984739 0.3200446960835736
 -2.351115649798996 0.2988887500429902
 -2.380554885067192 0.2767436453773282
 -2.407741142246712 0.2536820320305511
 -2.432525078469618 0.2297687099582477
 -2.454828548625901 0.2050904670385542
 -2.474785908326166 0.1797509691134836
 -2.492456435461940 0.1538310503821718
 -2.507567627269644 0.1273800806673999
 -2.519975599409936 0.1004760619270240
 -2.530509668603635 7.329796033267671E-02
 -2.537796149399876 4.577758987241545E-02
 -2.543196930275695 1.812920370307801E-02
 -2.545855776923548 -9.644474975357907E-03
 -2.545887697661578 -3.743545495510742E-02
 -2.543551054066102 -6.514254438186848E-02
 -2.538775897318091 -9.270508837194684E-02
 -2.531402339355126 -0.1200512543060195
 -2.521477069055244 -0.1470797668133648
 -2.509131532750247 -0.1737012839736418
 -2.494356060291639 -0.1998526694176135
 -2.477065950582180 -0.2254599982778264
 -2.457286098348978 -0.2504251474887859
 -2.435118631501059 -0.2746606197098375
 -2.410586752862874 -0.2981038215058334
 -2.383644448888542 -0.3206837334207073
 -2.354311409880410 -0.3423050154704116
 -2.322680161913795 -0.3628804238217269
 -2.288798812689290 -0.3823493171072698
 -2.252651755065480 -0.4006465835296713
 -2.214262646177532 -0.4176817268180116
 -2.173723798314386 -0.4333694268912070
 -2.131106301572649 -0.4476544116066750
 -2.086423138766031 -0.4604829559823438
 -2.039707627152895 -0.4717752347297854
 -1.991056271569993 -0.4814531816113131
 -1.940560524370594 -0.4894730273735318
 -1.888258720187738 -0.4958001703965801
 -1.834194094006579 -0.5003730154016307
 -1.778465931958861 -0.5031264126791792
 -1.721179892242586 -0.5040331136222714
 -1.662393372971604 -0.5030835696097390
 -1.602156110856745 -0.5002394634507366
 -1.540566241235630 -0.4954505412554457
 -1.477737073779779 -0.4887070210131463
 -1.413739210523132 -0.4800271295563083
 -1.348625931682585 -0.4693979873694216
 -1.282491431500594 -0.4567824875340339
 -1.215451923595205 -0.4421859831922934
 -1.147586715437934 -0.4256562494389010
 -1.078950336076953 -0.4072073724547088
 -1.009630914206779 -0.3868103821987305
 -0.9397431986731617 -0.3644807925997439
 -0.8693698276888164 -0.3403005460613632
 -0.7985628582006999 -0.3143149125013653
 -0.7274018309762020 -0.2864918306055425
 -0.6559951996806341 -0.2568479931267100
 -0.5844207730376174 -0.2255209909125207
 -0.5127227760566372 -0.1926044050473031
 -0.4409760054693508 -0.1580111174722378
 -0.3692825650624399 -0.1217372799423417
 -0.2976713427218663 -8.433071655862817E-02
   
   
 #BODY NUMBER  3
 0.4657109464716886 1.567453215121191
 0.4684724549623644 1.628560294443451
 0.4697993752533072 1.688598351876076
 0.4690754382571590 1.747018924137777
 0.4664372555509090 1.803789346617517
 0.4621104582257239 1.858983658365781
 0.4560655039146294 1.912508599962853
 0.4482309457110086 1.964195181316334
 0.4387062289125807 2.013975374557558
 0.4276353325515865 2.061856102002361
 0.4150438206332322 2.107785553216400
 0.4009234752906384 2.151647767697331
 0.3853667691441714 2.193369833430411
 0.3685056872506353 2.232947443928306
 0.3503937972885346 2.270358221521933
 0.3310501345850656 2.305522603157122
 0.3105643480280268 2.338373456310789
 0.2890640057840689 2.368904722647081
 0.2666173267769490 2.397116471787474
 0.2432560905293518 2.422958732145990
 0.2190662704474831 2.446372200749097
 0.1941723642472029 2.467349201299869
 0.1686511150992920 2.485905831671645
 0.1425406169262442 2.502017262568842
 0.1159232058630721 2.515632624597017
 8.892195730921126E-02 2.526741605560803
 6.161992714819231E-02 2.535372055228874
 3.405831725671216E-02 2.541522653560146
 6.315878253673191E-03 2.545152713815866
 -2.148429574760402E-02 2.546248835246137
 -4.925390844951183E-02 2.544847739165943
 -7.695143245294700E-02 2.540971587019289
 -0.1045024864131823 2.534592179413278
 -0.1317826041721487 2.525692177430831
 -0.1586985161351538 2.514314301344364
 -0.1852113018446042 2.500505193028661
 -0.2112523551248544 2.484252148676211
 -0.2366935353108501 2.465532354238562
 -0.2614356369158025 2.444391472549045
 -0.2854465355098407 2.420903929353079
 -0.3086663865184748 2.395077556877614
 -0.3309591501925376 2.366880820164658
 -0.3522171897133848 2.336358039694812
 -0.3724244027587493 2.303619860071332
 -0.3915373705342019 2.268703739554384
 -0.4094011874853938 2.231557952474071
 -0.4258925089370491 2.192214759554533
 -0.4410404730696883 2.150848385200149
 -0.4548400129825192 2.107547357010386
 -0.4670538812546390 2.062170416630932
 -0.4775163910828190 2.014703708314335
 -0.4867345749788371 1.965832076879690
 -0.4937254002257863 1.914618401905603
 -0.4993684113731783 1.862098761645494
 -0.5030266582805960 1.807744472807856
 -0.5047340907722171 1.751731525717976
 -0.5046253984718151 1.694304478906798
 -0.5026128249018500 1.635461595102564
 -0.4985519161827548 1.575168339164479
 -0.4924451605553208 1.513549922893511
 -0.4843570651319051 1.450757786869812
 -0.4742597433322129 1.386821601958295
 -0.4620804535215598 1.321744192817279
 -0.4478287422905545 1.255624646864431
 -0.4315730088169626 1.188584983411888
 -0.4133338038351342 1.120661231804577
 -0.3930928621090260 1.051862133798099
 -0.3708865095549675 0.9822697540391921
 -0.3468091087564374 0.9119931790554900
 -0.3209321328317528 0.8410761060685973
 -0.2932922580168891 0.7695378830281238
 -0.2639615522477046 0.6974664040324947
 -0.2330637468291044 0.6249887151922169
 -0.2007085507799868 0.5521845377960984
 -0.1669642751123029 0.4791131867327235
 -0.1319087041781191 0.4059016879989983
 -9.565291325832546E-02 0.3327235991319791
 -5.829002399442954E-02 0.2597076897296247
 -1.986235656303616E-02 0.1869485060715111
 1.959684431889998E-02 0.1145927417006674
 6.002822227146708E-02 4.282734172569396E-02
 0.1013798865746660 -2.821600947221668E-02
 0.1436405195553941 -9.846020651244233E-02
 0.1868061413857500 -0.1677868326406056
 0.2308402054767091 -0.2360317279013947
 0.2756970708017902 -0.3030860255793605
 0.3213592569520314 -0.3689074593262555
 0.3678158543001468 -0.4334114759149237
 0.4150226120329931 -0.4964492460159485
 0.4629182391981821 -0.5579235461248114
 0.5114645069073374 -0.6178208143853326
 0.5606338097085891 -0.6760831351258757
 0.6103689539308990 -0.7325609404505369
 0.6605928980268732 -0.7871560276360832
 0.7112501201060730 -0.8398889036080615
 0.7622999176981475 -0.8907339488887092
 0.8136745791706277 -0.9395225578767926
 0.8652854089872513 -0.9861426793385952
 0.9170673679080253 -1.030686238774506
 0.9689719931143144 -1.073188162545763
 1.020916192962072 -1.113372980504048
 1.072799411150186 -1.151075963603379
 1.124598830302702 -1.187044118025573
 1.176138359101512 -1.219989194192395
 1.227469381886563 -1.251157369589460
 1.278425050066895 -1.279740707890908
 1.328908769471050 -1.305841185887340
 1.378871844252037 -1.329691225360835
 1.428248280566727 -1.351218612161247
 1.476927452155423 -1.370276976406224
 1.524800722506835 -1.386918426315545
 1.571802097006210 -1.401271112546661
 1.617873924498623 -1.413331268960331
 1.662919889176648 -1.423033798423901
 1.706830611073092 -1.430422328568391
 1.749536368132124 -1.435609008562246
 1.790990996884585 -1.438629040541333
 1.831116076040764 -1.439459128055485
 1.869808642686351 -1.438143343057418
 1.906999666065268 -1.434789133652236
 1.942655097009601 -1.429455613971672
 1.976715769095086 -1.422145320096701
 2.009087337737021 -1.412903055694381
 2.039700906209330 -1.401832800800898
 2.068532044093881 -1.389009065888383
 2.095540201628695 -1.374452426613655
 2.120640156558403 -1.358208753464062
 2.143761440560130 -1.340379476764414
 2.164886644299272 -1.321050449904118
 2.183994023648367 -1.300256694734536
 2.201008967548609 -1.278046067922824
 2.215858323553495 -1.254518471723226
 2.228529745105857 -1.229768733630021
 2.239021660879639 -1.203843898147790
 2.247272458811855 -1.176794281714185
 2.253204889880808 -1.148719005725466
 2.256809316130319 -1.119720204156244
 2.258106670380034 -1.089854904048916
 2.257051647722102 -1.059176168190690
 2.253560420278474 -1.027783562628536
 2.247622930479427 -0.9957858332508729
 2.239287570696255 -0.9632480135027610
 2.228531201549220 -0.9302258464194615
 2.215258493089010 -0.8968213784006820
 2.199454009568412 -0.8631499859060521
 2.181205520863502 -0.8292809362573420
 2.160523757381953 -0.7952705603636128
 2.137286470602429 -0.7612271475351685
 2.111459926793946 -0.7272736477562912
 2.083209577806911 -0.6934719388246180
 2.052609557341006 -0.6598706726046876
 2.019418908362446 -0.6266046822128278
 1.983542788040337 -0.5938105287559813
 1.945827805641554 -0.5613915316079505
 1.904970874716310 -0.5297304618636315
 1.862309037627131 -0.4985836507260964
 1.817065966142809 -0.4682383715521382
 1.769411047267950 -0.4387532180942073
 1.719623419714951 -0.4101338249819623
 1.667657700723566 -0.3824553229184201
 1.613411755044759 -0.3558255450625635
 1.556995263399419 -0.3303049424351409
 1.498571630733300 -0.3059133705282022
 1.438152609479021 -0.2826898152611635
 1.375704275045101 -0.2606986850667340
 1.311317212947739 -0.2399812560637606
 1.245131294599882 -0.2205393024827689
 1.177187997696692 -0.2023730415382082
 1.107485760202573 -0.1855026622662996
 1.036113815144516 -0.1699377378240542
 0.9632138155184033 -0.1556510910808300
 0.8888593407873767 -0.1426026731112787
 0.8130854848852975 -0.1307703953381357
 0.7360044003021738 -0.1201357921473618
 0.6577879778496094 -0.1106552321409190
 0.5785601126983831 -0.1022735651658216
 0.4984063285548074 -9.496128959465350E-02
 0.4174755253351773 -8.871455520096141E-02
 0.3359735459160466 -8.352394673829033E-02
 0.2540584688612367 -7.937320329843187E-02
 0.1718333337389961 -7.627294767314163E-02
 8.944180324263634E-02 -7.426773586450981E-02
 7.075454775274714E-03 -7.339963629395629E-02
 -7.512572428369500E-02 -7.368955247033740E-02
 -0.1570892998793341 -7.516623569154560E-02
 -0.2387107301801675 -7.788544770270431E-02
 -0.3198295752000986 -8.189761820695243E-02
 -0.4003287330846815 -8.721765427362717E-02
 -0.4801628598981275 -9.385155059862246E-02
 -0.5592532755841048 -0.1018321357811411
 -0.6374489647559384 -0.1111955021575711
 -0.7146350839126767 -0.1219371819583814
 -0.7907807736981571 -0.1340308489231694
 -0.8658220749435303 -0.1474815538651513
 -0.9396008612158337 -0.1623145495602239
 -1.011993565688330 -0.1785122174328138
 -1.082990186934278 -0.1960162206525617
 -1.152548186599926 -0.2148041195850281
 -1.220487692135152 -0.2349015770369797
 -1.286667316556901 -0.2562878060376698
 -1.351134150063769 -0.2788605182028271
 -1.413894208362531 -0.3025602803197548
 -1.474667381484738 -0.3274528679880262
 -1.533260731741271 -0.3535335614193588
 -1.590309776774391 -0.3804090970956182
 -1.644610814063876 -0.4085711002510566
 -1.697268757139870 -0.4374409822866157
 -1.747500488324054 -0.4672782162468698
 -1.795346025021959 -0.4979481607301771
 -1.840982302477761 -0.5292924330049460
 -1.884313784481356 -0.5612899878016062
 -1.925158397866431 -0.5939182049101098
 -1.963506951419415 -0.6270569482420127
 -1.999437429557797 -0.6605849894557000
 -2.032917745131855 -0.6944542842560686
 -2.063843364467286 -0.7286139692734300
 -2.092197380217264 -0.7629475048620195
 -2.118042055382759 -0.7973384353660593
 -2.141384794173120 -0.8317291809806007
 -2.162166210625830 -0.8660634751016368
 -2.180372990714378 -0.9002301132533718
 -2.196063671849337 -0.9341155889948450
 -2.209272423786550 -0.9676608578158018
 -2.219971859624438 -1.000813412049289
 -2.228153608184504 -1.033469145054716
 -2.233873270456533 -1.065516400498971
 -2.237183159193173 -1.096896765783262
 -2.238080818554939 -1.127564835955187
 -2.236563362421475 -1.157423871132955
 -2.232683397869341 -1.186362128796389
 -2.226506571447464 -1.214321605324756
 -2.218052340905079 -1.241265958825610
 -2.207324845802282 -1.267106645893042
 -2.194374027805891 -1.291730363522912
 -2.179275836656345 -1.315079005535921
 -2.162070228426692 -1.337127688871499
 -2.142769972398673 -1.357797897699093
 -2.121422285708659 -1.376973171705365
 -2.098110799995165 -1.394594097188120
 -2.072895368535430 -1.410650288979745
 -2.045799292597248 -1.425075980485521
 -2.016866884967623 -1.437748791610026
 -1.986187293563624 -1.448605639298172
 -1.953841035186414 -1.457655915850319
 -1.919864815030746 -1.464851710458153
 -1.884299342896472 -1.470059441763976
 -1.847236819855027 -1.473208053788761
 -1.808781118104753 -1.474338923813990
 -1.768986386847751 -1.473433179190772
 -1.727885283117035 -1.470330804938902
 -1.685567417856896 -1.464941111798242
 -1.642169104737223 -1.457376446375531
 -1.597769544358486 -1.447676684405698
 -1.552365027107807 -1.435565734418104
 -1.506026396957518 -1.420893179558354
 -1.459093230662717 -1.404440545271740
 -1.411245474490524 -1.384887940041972
 -1.362940626253953 -1.363515110919397
 -1.314039307862213 -1.339506101255718
 -1.264676956495733 -1.312978307623769
 -1.214998021243135 -1.284170653924836
 -1.165044875821716 -1.253006272184144
 -1.114859838862004 -1.219342794101915
 -1.064550102844098 -1.183244980458370
 -1.014214565601395 -1.144844416341610
 -0.9638928661468080 -1.104131786697131
 -0.9136238215235410 -1.061045507750545
 -0.8634884706571848 -1.015643390800670
 -0.8135582857829196 -0.9680456809291194
 -0.7638541938615578 -0.9182881902663685
 -0.7143928980935469 -0.8663594715317994
 -0.6652273055895489 -0.8123320162151380
 -0.6164047067619659 -0.7563420879746601
 -0.5679272079556239 -0.6984734329573186
 -0.5197932268684085 -0.6387674876899880
 -0.4720428480544693 -0.5773306118851329
 -0.4247242310205050 -0.5143334830512979
 -0.3778515619183964 -0.4499109726302768
 -0.3314420534425045 -0.3841518971380700
 -0.2855668211570582 -0.3171871327980369
 -0.2403206326577212 -0.2491996523936887
 -0.1957684448668072 -0.1803344864311928
 -0.1519709771759599 -0.1106755583983694
 -0.1090386475615363 -4.032500583615755E-02
 -6.710367704674179E-02 3.057229456826233E-02
 -2.625416229097102E-02 0.1019055619425541
 1.344878032394002E-02 0.1736264422039879
 5.190458879441748E-02 0.2456722803433099
 8.898936972338957E-02 0.3179293461083472
 0.1246316622828912 0.3903036798529876
 0.1588036029460960 0.4627590099248779
 0.1914374212839579 0.5352436116960648
 0.2224263527229453 0.6076447481735195
 0.2517168447144946 0.6798607280831928
 0.2793162667908197 0.7518516633085021
 0.3051882652349411 0.8235646889910270
 0.3292319072849347 0.8948754900107607
 0.3514006676614571 0.9656682450688969
 0.3717400668282044 1.035905124260623
 0.3902482689017780 1.105538068473737
 0.4068131129645242 1.174424134913772
 0.4213819075696495 1.242430485376265
 0.4340667821557431 1.309546756977333
 0.4449222152482172 1.375748442865518
 0.4537511885226660 1.440825848492074
 0.4604613205910847 1.504609525022738
 0.4657109464716886 1.567453215121191
   
   
 #BODY NUMBER  4
 -1.945827805641554 0.5613915316079505
 -1.904970874716310 0.5297304618636315
 -1.862309037627131 0.4985836507260964
 -1.817065966142809 0.4682383715521382
 -1.769411047267950 0.4387532180942073
 -1.719623419714951 0.4101338249819623
 -1.667657700723566 0.3824553229184201
 -1.613411755044759 0.3558255450625635
 -1.556995263399419 0.3303049424351409
 -1.498571630733300 0.3059133705282022
 -1.438152609479021 0.2826898152611635
 -1.375704275045101 0.2606986850667340
 -1.311317212947739 0.2399812560637606
 -1.245131294599882 0.2205393024827689
 -1.177187997696692 0.2023730415382082
 -1.107485760202573 0.1855026622662996
 -1.036113815144516 0.1699377378240542
 -0.9632138155184033 0.1556510910808300
 -0.8888593407873767 0.1426026731112787
 -0.8130854848852975 0.1307703953381357
 -0.7360044003021738 0.1201357921473618
 -0.6577879778496094 0.1106552321409190
 -0.5785601126983831 0.1022735651658216
 -0.4984063285548074 9.496128959465350E-02
 -0.4174755253351773 8.871455520096141E-02
 -0.3359735459160466 8.352394673829033E-02
 -0.2540584688612367 7.937320329843187E-02
 -0.1718333337389961 7.627294767314163E-02
 -8.944180324263634E-02 7.426773586450981E-02
 -7.075454775274714E-03 7.339963629395629E-02
 7.512572428369500E-02 7.368955247033740E-02
 0.1570892998793341 7.516623569154560E-02
 0.2387107301801675 7.788544770270431E-02
 0.3198295752000986 8.189761820695243E-02
 0.4003287330846815 8.721765427362717E-02
 0.4801628598981275 9.385155059862246E-02
 0.5592532755841048 0.1018321357811411
 0.6374489647559384 0.1111955021575711
 0.7146350839126767 0.1219371819583814
 0.7907807736981571 0.1340308489231694
 0.8658220749435303 0.1474815538651513
 0.9396008612158337 0.1623145495602239
 1.011993565688330 0.1785122174328138
 1.082990186934278 0.1960162206525617
 1.152548186599926 0.2148041195850281
 1.220487692135152 0.2349015770369797
 1.286667316556901 0.2562878060376698
 1.351134150063769 0.2788605182028271
 1.413894208362531 0.3025602803197548
 1.474667381484738 0.3274528679880262
 1.533260731741271 0.3535335614193588
 1.590309776774391 0.3804090970956182
 1.644610814063876 0.4085711002510566
 1.697268757139870 0.4374409822866157
 1.747500488324054 0.4672782162468698
 1.795346025021959 0.4979481607301771
 1.840982302477761 0.5292924330049460
 1.884313784481356 0.5612899878016062
 1.925158397866431 0.5939182049101098
 1.963506951419415 0.6270569482420127
 1.999437429557797 0.6605849894557000
 2.032917745131855 0.6944542842560686
 2.063843364467286 0.7286139692734300
 2.092197380217264 0.7629475048620195
 2.118042055382759 0.7973384353660593
 2.141384794173120 0.8317291809806007
 2.162166210625830 0.8660634751016368
 2.180372990714378 0.9002301132533718
 2.196063671849337 0.9341155889948450
 2.209272423786550 0.9676608578158018
 2.219971859624438 1.000813412049289
 2.228153608184504 1.033469145054716
 2.233873270456533 1.065516400498971
 2.237183159193173 1.096896765783262
 2.238080818554939 1.127564835955187
 2.236563362421475 1.157423871132955
 2.232683397869341 1.186362128796389
 2.226506571447464 1.214321605324756
 2.218052340905079 1.241265958825610
 2.207324845802282 1.267106645893042
 2.194374027805891 1.291730363522912
 2.179275836656345 1.315079005535921
 2.162070228426692 1.337127688871499
 2.142769972398673 1.357797897699093
 2.121422285708659 1.376973171705365
 2.098110799995165 1.394594097188120
 2.072895368535430 1.410650288979745
 2.045799292597248 1.425075980485521
 2.016866884967623 1.437748791610026
 1.986187293563624 1.448605639298172
 1.953841035186414 1.457655915850319
 1.919864815030746 1.464851710458153
 1.884299342896472 1.470059441763976
 1.847236819855027 1.473208053788761
 1.808781118104753 1.474338923813990
 1.768986386847751 1.473433179190772
 1.727885283117035 1.470330804938902
 1.685567417856896 1.464941111798242
 1.642169104737223 1.457376446375531
 1.597769544358486 1.447676684405698
 1.552365027107807 1.435565734418104
 1.506026396957518 1.420893179558354
 1.459093230662717 1.404440545271740
 1.411245474490524 1.384887940041972
 1.362940626253953 1.363515110919397
 1.314039307862213 1.339506101255718
 1.264676956495733 1.312978307623769
 1.214998021243135 1.284170653924836
 1.165044875821716 1.253006272184144
 1.114859838862004 1.219342794101915
 1.064550102844098 1.183244980458370
 1.014214565601395 1.144844416341610
 0.9638928661468080 1.104131786697131
 0.9136238215235410 1.061045507750545
 0.8634884706571848 1.015643390800670
 0.8135582857829196 0.9680456809291194
 0.7638541938615578 0.9182881902663685
 0.7143928980935469 0.8663594715317994
 0.6652273055895489 0.8123320162151380
 0.6164047067619659 0.7563420879746601
 0.5679272079556239 0.6984734329573186
 0.5197932268684085 0.6387674876899880
 0.4720428480544693 0.5773306118851329
 0.4247242310205050 0.5143334830512979
 0.3778515619183964 0.4499109726302768
 0.3314420534425045 0.3841518971380700
 0.2855668211570582 0.3171871327980369
 0.2403206326577212 0.2491996523936887
 0.1957684448668072 0.1803344864311928
 0.1519709771759599 0.1106755583983694
 0.1090386475615363 4.032500583615755E-02
 6.710367704674179E-02 -3.057229456826233E-02
 2.625416229097102E-02 -0.1019055619425541
 -1.344878032394002E-02 -0.1736264422039879
 -5.190458879441748E-02 -0.2456722803433099
 -8.898936972338957E-02 -0.3179293461083472
 -0.1246316622828912 -0.3903036798529876
 -0.1588036029460960 -0.4627590099248779
 -0.1914374212839579 -0.5352436116960648
 -0.2224263527229453 -0.6076447481735195
 -0.2517168447144946 -0.6798607280831928
 -0.2793162667908197 -0.7518516633085021
 -0.3051882652349411 -0.8235646889910270
 -0.3292319072849347 -0.8948754900107607
 -0.3514006676614571 -0.9656682450688969
 -0.3717400668282044 -1.035905124260623
 -0.3902482689017780 -1.105538068473737
 -0.4068131129645242 -1.174424134913772
 -0.4213819075696495 -1.242430485376265
 -0.4340667821557431 -1.309546756977333
 -0.4449222152482172 -1.375748442865518
 -0.4537511885226660 -1.440825848492074
 -0.4604613205910847 -1.504609525022738
 -0.4657109464716886 -1.567453215121191
 -0.4684724549623644 -1.628560294443451
 -0.4697993752533072 -1.688598351876076
 -0.4690754382571590 -1.747018924137777
 -0.4664372555509090 -1.803789346617517
 -0.4621104582257239 -1.858983658365781
 -0.4560655039146294 -1.912508599962853
 -0.4482309457110086 -1.964195181316334
 -0.4387062289125807 -2.013975374557558
 -0.4276353325515865 -2.061856102002361
 -0.4150438206332322 -2.107785553216400
 -0.4009234752906384 -2.151647767697331
 -0.3853667691441714 -2.193369833430411
 -0.3685056872506353 -2.232947443928306
 -0.3503937972885346 -2.270358221521933
 -0.3310501345850656 -2.305522603157122
 -0.3105643480280268 -2.338373456310789
 -0.2890640057840689 -2.368904722647081
 -0.2666173267769490 -2.397116471787474
 -0.2432560905293518 -2.422958732145990
 -0.2190662704474831 -2.446372200749097
 -0.1941723642472029 -2.467349201299869
 -0.1686511150992920 -2.485905831671645
 -0.1425406169262442 -2.502017262568842
 -0.1159232058630721 -2.515632624597017
 -8.892195730921126E-02 -2.526741605560803
 -6.161992714819231E-02 -2.535372055228874
 -3.405831725671216E-02 -2.541522653560146
 -6.315878253673191E-03 -2.545152713815866
 2.148429574760402E-02 -2.546248835246137
 4.925390844951183E-02 -2.544847739165943
 7.695143245294700E-02 -2.540971587019289
 0.1045024864131823 -2.534592179413278
 0.1317826041721487 -2.525692177430831
 0.1586985161351538 -2.514314301344364
 0.1852113018446042 -2.500505193028661
 0.2112523551248544 -2.484252148676211
 0.2366935353108501 -2.465532354238562
 0.2614356369158025 -2.444391472549045
 0.2854465355098407 -2.420903929353079
 0.3086663865184748 -2.395077556877614
 0.3309591501925376 -2.366880820164658
 0.3522171897133848 -2.336358039694812
 0.3724244027587493 -2.303619860071332
 0.3915373705342019 -2.268703739554384
 0.4094011874853938 -2.231557952474071
 0.4258925089370491 -2.192214759554533
 0.4410404730696883 -2.150848385200149
 0.4548400129825192 -2.107547357010386
 0.4670538812546390 -2.062170416630932
 0.4775163910828190 -2.014703708314335
 0.4867345749788371 -1.965832076879690
 0.4937254002257863 -1.914618401905603
 0.4993684113731783 -1.862098761645494
 0.5030266582805960 -1.807744472807856
 0.5047340907722171 -1.751731525717976
 0.5046253984718151 -1.694304478906798
 0.5026128249018500 -1.635461595102564
 0.4985519161827548 -1.575168339164479
 0.4924451605553208 -1.513549922893511
 0.4843570651319051 -1.450757786869812
 0.4742597433322129 -1.386821601958295
 0.4620804535215598 -1.321744192817279
 0.4478287422905545 -1.255624646864431
 0.4315730088169626 -1.188584983411888
 0.4133338038351342 -1.120661231804577
 0.3930928621090260 -1.051862133798099
 0.3708865095549675 -0.9822697540391921
 0.3468091087564374 -0.9119931790554900
 0.3209321328317528 -0.8410761060685973
 0.2932922580168891 -0.7695378830281238
 0.2639615522477046 -0.6974664040324947
 0.2330637468291044 -0.6249887151922169
 0.2007085507799868 -0.5521845377960984
 0.1669642751123029 -0.4791131867327235
 0.1319087041781191 -0.4059016879989983
 9.565291325832546E-02 -0.3327235991319791
 5.829002399442954E-02 -0.2597076897296247
 1.986235656303616E-02 -0.1869485060715111
 -1.959684431889998E-02 -0.1145927417006674
 -6.002822227146708E-02 -4.282734172569396E-02
 -0.1013798865746660 2.821600947221668E-02
 -0.1436405195553941 9.846020651244233E-02
 -0.1868061413857500 0.1677868326406056
 -0.2308402054767091 0.2360317279013947
 -0.2756970708017902 0.3030860255793605
 -0.3213592569520314 0.3689074593262555
 -0.3678158543001468 0.4334114759149237
 -0.4150226120329931 0.4964492460159485
 -0.4629182391981821 0.5579235461248114
 -0.5114645069073374 0.6178208143853326
 -0.5606338097085891 0.6760831351258757
 -0.6103689539308990 0.7325609404505369
 -0.6605928980268732 0.7871560276360832
 -0.7112501201060730 0.8398889036080615
 -0.7622999176981475 0.8907339488887092
 -0.8136745791706277 0.9395225578767926
 -0.8652854089872513 0.9861426793385952
 -0.9170673679080253 1.030686238774506
 -0.9689719931143144 1.073188162545763
 -1.020916192962072 1.113372980504048
 -1.072799411150186 1.151075963603379
 -1.124598830302702 1.187044118025573
 -1.176138359101512 1.219989194192395
 -1.227469381886563 1.251157369589460
 -1.278425050066895 1.279740707890908
 -1.328908769471050 1.305841185887340
 -1.378871844252037 1.329691225360835
 -1.428248280566727 1.351218612161247
 -1.476927452155423 1.370276976406224
 -1.524800722506835 1.386918426315545
 -1.571802097006210 1.401271112546661
 -1.617873924498623 1.413331268960331
 -1.662919889176648 1.423033798423901
 -1.706830611073092 1.430422328568391
 -1.749536368132124 1.435609008562246
 -1.790990996884585 1.438629040541333
 -1.831116076040764 1.439459128055485
 -1.869808642686351 1.438143343057418
 -1.906999666065268 1.434789133652236
 -1.942655097009601 1.429455613971672
 -1.976715769095086 1.422145320096701
 -2.009087337737021 1.412903055694381
 -2.039700906209330 1.401832800800898
 -2.068532044093881 1.389009065888383
 -2.095540201628695 1.374452426613655
 -2.120640156558403 1.358208753464062
 -2.143761440560130 1.340379476764414
 -2.164886644299272 1.321050449904118
 -2.183994023648367 1.300256694734536
 -2.201008967548609 1.278046067922824
 -2.215858323553495 1.254518471723226
 -2.228529745105857 1.229768733630021
 -2.239021660879639 1.203843898147790
 -2.247272458811855 1.176794281714185
 -2.253204889880808 1.148719005725466
 -2.256809316130319 1.119720204156244
 -2.258106670380034 1.089854904048916
 -2.257051647722102 1.059176168190690
 -2.253560420278474 1.027783562628536
 -2.247622930479427 0.9957858332508729
 -2.239287570696255 0.9632480135027610
 -2.228531201549220 0.9302258464194615
 -2.215258493089010 0.8968213784006820
 -2.199454009568412 0.8631499859060521
 -2.181205520863502 0.8292809362573420
 -2.160523757381953 0.7952705603636128
 -2.137286470602429 0.7612271475351685
 -2.111459926793946 0.7272736477562912
 -2.083209577806911 0.6934719388246180
 -2.052609557341006 0.6598706726046876
 -2.019418908362446 0.6266046822128278
 -1.983542788040337 0.5938105287559813
 -1.945827805641554 0.5613915316079505
   
   
 #BODY NUMBER  5
 1.156166211495337 -2.886542817062583
 1.143152977491166 -2.924698416085634
 1.130273815017342 -2.961290480156313
 1.117559791688471 -2.995581115045506
 1.104957730411070 -3.027627292753252
 1.092416134365719 -3.057622372177513
 1.079909980424814 -3.085493730156791
 1.067399918864783 -3.111075042800877
 1.054818804554671 -3.134362720206182
 1.042104602579201 -3.155442386164175
 1.029211124284049 -3.174294856238007
 1.016078881380953 -3.190823570756789
 1.002625671368796 -3.205012585938154
 0.9887752450987675 -3.216929113020505
 0.9744689174856230 -3.226593194524070
 0.9596395439862747 -3.233956081793356
 0.9442001500090482 -3.239009579277424
 0.9280709562160073 -3.241821962407065
 0.9111945432017418 -3.242446504462206
 0.8935113335224172 -3.240874436247307
 0.8749437085362854 -3.237109572130721
 0.8554212116847184 -3.231222358397959
 0.8349004639143448 -3.223288865299976
 0.8133420659095568 -3.213329493042166
 0.7906885526999508 -3.201354617306090
 0.7668868520813809 -3.187428556516526
 0.7419138858285492 -3.171635728875821
 0.7157556061064047 -3.154012564806301
 0.6883775500093928 -3.134567122901565
 0.6597434564902299 -3.113347372814978
 0.6298479620594025 -3.090433428107723
 0.5986995069477666 -3.065868711617408
 0.5662825083710549 -3.039654765460551
 0.5325707623844607 -3.011818602423578
 0.4975691949568629 -2.982430677501745
 0.4613031435319842 -2.951540573698022
 0.4237703884527813 -2.919146451881343
 0.3849466691033172 -2.885255425533770
 0.3448391678958578 -2.849927957912115
 0.3034859435569199 -2.813224057714026
 0.2608942953281093 -2.775144859846657
 0.2170332964543342 -2.735678067045441
 0.1719043374981832 -2.694872315822411
 0.1255585001228914 -2.652803570865919
 7.801328678647224E-02 -2.609481870879164
 2.922013243464217E-02 -2.564867322922658
 -2.083358829818294E-02 -2.518987191400111
 -7.206631411763742E-02 -2.471947257959628
 -0.1244351166784052 -2.423777159318156
 -0.1780452447087231 -2.374363027766700
 -0.2329362442773139 -2.323686419657592
 -0.2887034146309766 -2.272162719154840
 -0.3459349123921290 -2.219160078591256
 -0.4039943368601930 -2.165311924234949
 -0.4632120748064182 -2.110259005637307
 -0.5234661845098740 -2.054088741733805
 -0.5845851990027331 -1.996943075940097
 -0.6465442815229110 -1.938820814437230
 -0.7093283754317607 -1.879709740846283
 -0.7728153871361493 -1.819712050736213
 -0.8368675330473099 -1.758966201719859
 -0.9014260649516436 -1.697550584465576
 -0.9664492802584275 -1.635534253209804
 -1.031836957603885 -1.573050959459433
 -1.097480779010453 -1.510254013909286
 -1.163330776570014 -1.447242703890355
 -1.229350943434803 -1.384089294771851
 -1.295453004189940 -1.320899430315556
 -1.361528435696463 -1.257788035979716
 -1.427506374603635 -1.194822169964009
 -1.493322870433605 -1.132041154572294
 -1.558862491560963 -1.069514287006448
 -1.623985005711193 -1.007330296453640
 -1.688586365053836 -0.9455474539853135
 -1.752581623216021 -0.8842056347954788
 -1.815851106370959 -0.8233789051667190
 -1.878262219232138 -0.7631687274744219
 -1.939732622306972 -0.7036512213636343
 -2.000218814423237 -0.6448775273927110
 -2.059655179900462 -0.5869217149942464
 -2.117962575938852 -0.5298782319244306
 -2.175110133721736 -0.4738084664717569
 -2.231107143894373 -0.4187362575538609
 -2.285933065633784 -0.3647004463386765
 -2.339535725737953 -0.3117625256406349
 -2.391900667911459 -0.2599531432503180
 -2.443054430193913 -0.2092622478191140
 -2.492986900470793 -0.1596975598808408
 -2.541639284455988 -0.1113015771659682
 -2.588986962161870 -6.409171492675969E-02
 -2.635058922493681 -1.803960555015793E-02
 -2.679846029944618 2.686213072688370E-02
 -2.723270963073737 7.057036524084448E-02
 -2.765291624726094 0.1130645257112026
 -2.805946085753058 0.1543856322789585
 -2.845233229375433 0.1945520473866778
 -2.883046460193991 0.2335051216603370
 -2.919318394642382 0.2712107093133198
 -2.954123581006201 0.3077394003031142
 -2.987488901890099 0.3431339843273560
 -3.019213886056013 0.3772751537639603
 -3.049175521040135 0.4100966283046299
 -3.077902514435363 0.4420020983791178
 -3.104439615483852 0.4723496891236472
 -3.129689691309056 0.5017994030407853
 -3.153029240570559 0.5299553876724918
 -3.174481013920957 0.5568921817326427
 -3.194186716668224 0.5827510622240493
 -3.212070943745796 0.6075173882301509
 -3.227969979577711 0.6311420756660877
 -3.241847142650786 0.6536814789692136
 -3.253745567885963 0.6752321338478130
 -3.263625546746411 0.6958244486314736
 -3.271373711960030 0.7154616618536139
 -3.276935154555695 0.7342069910772718
 -3.280329956598883 0.7521600756215353
 -3.281546132878641 0.7693817595211633
 -3.280507893549369 0.7859058173284497
 -3.277164653759920 0.8018034734737985
 -3.271535652098843 0.8171779566059547
 -3.263638314877195 0.8321056300286379
 -3.253435259026948 0.8466337047239300
 -3.240890978567122 0.8608313075915698
 -3.226031253491258 0.8747946789439477
 -3.208900273042470 0.8885994212687528
 -3.189496004659066 0.9022898554768896
 -3.167798701459660 0.9159209355333371
 -3.143837528731966 0.9295707825275085
 -3.117674055671110 0.9433015918899593
 -3.089332808030772 0.9571437446138760
 -3.058803533304950 0.9711311157477553
 -3.026109643908427 0.9853190931063964
 -2.991317838475619 0.9997523783885616
 -2.954469942402425 1.014445373558720
 -2.915559499808795 1.029412344762168
 -2.874596802481594 1.044689491674000
 -2.831645329220978 1.060307775777658
 -2.786760688888975 1.076270045704694
 -2.739940178922842 1.092577304168963
 -2.691177829470784 1.109254118221210
 -2.640529594455329 1.126324499338357
 -2.588066472296346 1.143785492045230
 -2.533793095473065 1.161631342466746
 -2.477683350864428 1.179882685326188
 -2.419780054206701 1.198562634617045
 -2.360174533681404 1.217664934665464
 -2.298884234289536 1.237179447249776
 -2.235850325204928 1.257128284470983
 -2.171090105411018 1.277536012418268
 -2.104735965149504 1.298384887762797
 -2.036835034742803 1.319652551825458
 -1.967236077498137 1.341373218824121
 -1.895903347713726 1.363571914835087
 -1.823398929004530 1.386105850807158
 -1.748881546928235 1.409168461483156
 -1.673217965074735 1.432525320823450
 -1.595931870043588 1.456282926940709
 -1.517159939714151 1.480379384674566
 -1.437110834174195 1.504737170982797
 -1.355795937927221 1.529334179689014
 -1.273212199598064 1.554151263172192
 -1.189509169942163 1.579133783063517
 -1.104875648563966 1.604231644081313
 -1.019408897880488 1.629433164114352
 -0.9331895719100871 1.654736754777887
 -0.8463836135374119 1.680122497578328
 -0.7591779527076321 1.705573241742831
 -0.6716835587257202 1.731095357459089
 -0.5839810186611096 1.756693794566831
 -0.4962059604026940 1.782344926195135
 -0.4085121738863381 1.808012231277883
 -0.3209931648918627 1.833667869452978
 -0.2337149627722706 1.859276119133946
 -0.1467952964775034 1.884771662201723
 -6.038112387496586E-02 1.910077418537730
 2.542506689193891E-02 1.935132415613303
 0.1105462697057802 1.959883025308581
 0.1948585043708824 1.984262640190689
 0.2782076042493763 2.008207160560779
 0.3604864780486313 2.031683338149061
 0.4416290861598354 2.054679070114470
 0.5215384747324833 2.077174566327131
 0.6000932782104866 2.099148510989989
 0.6772248983681791 2.120604865067869
 0.7529173354199192 2.141563593954400
 0.8271266815160743 2.162026329359035
 0.8997735957161893 2.181978634370648
 0.9708243081073388 2.201423313365449
 1.040300792432569 2.220378323285603
 1.108191306456202 2.238838767049955
 1.174429648920991 2.256774976178373
 1.238988427782251 2.274174336762261
 1.301906704566153 2.291047770123457
 1.363186302581569 2.307383674799471
 1.422751210589786 2.323136652789948
 1.480562563895788 2.338280533029541
 1.536674922409430 2.352827775772178
 1.591103630082853 2.366768232637423
 1.643744597368623 2.380038913988629
 1.694534561364923 2.392598536838848
 1.743571928910986 2.404476366918470
 1.790907198274311 2.415674290397224
 1.836336810404276 2.426078347901263
 1.879741858638222 2.435615147666094
 1.921736302940026 2.444540718683465
 1.961286637992687 2.452348726961986
 1.999415876291714 2.459491077115528
 2.035469448882088 2.465625727373014
 2.069523283509887 2.470735111020609
 2.101770582302505 2.474871309953464
 2.132160963320982 2.477976341926640
 2.160570060712928 2.479932967134790
 2.187028338096115 2.480681241236969
 2.211640965306762 2.480210252316362
 2.234414422462362 2.478470407606534
 2.255294830579076 2.475361908903175
 2.274309483186900 2.470805594860882
 2.291554711500115 2.464769037398970
 2.307077215393018 2.457211435002906
 2.320868349563094 2.448050264464906
 2.332964503750872 2.437206105803625
 2.343464695882836 2.424644005801110
 2.352443771675453 2.410340874433569
 2.359923925504530 2.394240731523377
 2.365947270030836 2.376278264539151
 2.370610041806540 2.356427679454011
 2.373999809128125 2.334689444031224
 2.376153938749509 2.311039637565276
 2.377110148759709 2.285433681772754
 2.376950676650585 2.257857773989018
 2.375760169842561 2.228334136985862
 2.373577201924367 2.196868820192425
 2.370425983295557 2.163436007153809
 2.366366187418198 2.128028279708581
 2.361469876416216 2.090681049719161
 2.355770435454659 2.051423338058687
 2.349276991437740 2.010242420698384
 2.342026040097133 1.967129110749578
 2.334076134264115 1.922122901724088
 2.325457545356991 1.875270527993329
 2.316169790470061 1.826569147712380
 2.306231160367467 1.776001307312560
 2.295690426559471 1.723603458573757
 2.284580528739426 1.669438565668796
 2.272898800144956 1.613513517379911
 2.260650054410093 1.555795381719253
 2.247875716708517 1.496309681205366
 2.234616033558512 1.435138636200455
 2.220870947503064 1.372302423629388
 2.206630192770286 1.307739038451675
 2.191923693709201 1.241451178981842
 2.176802279267141 1.173562370196831
 2.161270151421208 1.104124607492698
 2.145281322206860 1.032989808942579
 2.128839591991039 0.9601145048225045
 2.112102343635507 0.8860568683476825
 2.094816459320364 0.8099916171081002
 2.077212301934928 0.7327866034114994
 2.059143944850006 0.6539760786965976
 2.040626124224025 0.5737093570592395
 2.021696033176928 0.4922059049573001
 2.002340219450132 0.4094866347482163
 1.982540575029825 0.3255584776740909
 1.962324557078313 0.2405782676726956
 1.941743181611276 0.1547345576385458
 1.920834962832132 6.811742035122302E-02
 1.899638852168515 -1.920250156808279E-02
 1.878220571141297 -0.1070715381188947
 1.856658731718086 -0.1953192278335452
 1.835014335295734 -0.2838526535687338
 1.813331962095912 -0.3726044997949802
 1.791658964592634 -0.4614454958795792
 1.770040609582801 -0.5502241952981666
 1.748499539495498 -0.6388456994889689
 1.727037833205875 -0.7272349645616525
 1.705657788038466 -0.8152573751952751
 1.684366129586159 -0.9027471220840895
 1.663161298161897 -0.9895849616279891
 1.642035353510241 -1.075677390513103
 1.620992602000076 -1.160883735023970
 1.600054614982761 -1.245038433086357
 1.579246144258341 -1.328032116785427
 1.558589728263401 -1.409801542721759
 1.538116705167978 -1.490252851332885
 1.517869297728366 -1.569270279065559
 1.497885235353557 -1.646796398596112
 1.478189808474454 -1.722827336400540
 1.458806384117709 -1.797325883020359
 1.439762130021764 -1.870216108730013
 1.421076359804120 -1.941470170115131
 1.402753637761344 -2.011116075466489
 1.384795594014592 -2.079141207169115
 1.367209635534997 -2.145473399012404
 1.349998534379619 -2.210082621835501
 1.333152217927528 -2.273008164573299
 1.316659727363050 -2.334245805526355
 1.300519752483951 -2.393707018030792
 1.284729060830307 -2.451345058740744
 1.269271163343628 -2.507213408051137
 1.254129599292580 -2.561320280024100
 1.239301862825368 -2.613544035648966
 1.224783833277459 -2.663809246152168
 1.210551652095215 -2.712215767221584
 1.196581703615788 -2.758808274724580
 1.182877075651737 -2.803353501665223
 1.169433662401914 -2.845711775970724
 1.156166211495337 -2.886542817062583
   
   
 #BODY NUMBER  6
 1.823398929004530 -1.386105850807158
 1.748881546928235 -1.409168461483156
 1.673217965074735 -1.432525320823450
 1.595931870043588 -1.456282926940709
 1.517159939714151 -1.480379384674566
 1.437110834174195 -1.504737170982797
 1.355795937927221 -1.529334179689014
 1.273212199598064 -1.554151263172192
 1.189509169942163 -1.579133783063517
 1.104875648563966 -1.604231644081313
 1.019408897880488 -1.629433164114352
 0.9331895719100871 -1.654736754777887
 0.8463836135374119 -1.680122497578328
 0.7591779527076321 -1.705573241742831
 0.6716835587257202 -1.731095357459089
 0.5839810186611096 -1.756693794566831
 0.4962059604026940 -1.782344926195135
 0.4085121738863381 -1.808012231277883
 0.3209931648918627 -1.833667869452978
 0.2337149627722706 -1.859276119133946
 0.1467952964775034 -1.884771662201723
 6.038112387496586E-02 -1.910077418537730
 -2.542506689193891E-02 -1.935132415613303
 -0.1105462697057802 -1.959883025308581
 -0.1948585043708824 -1.984262640190689
 -0.2782076042493763 -2.008207160560779
 -0.3604864780486313 -2.031683338149061
 -0.4416290861598354 -2.054679070114470
 -0.5215384747324833 -2.077174566327131
 -0.6000932782104866 -2.099148510989989
 -0.6772248983681791 -2.120604865067869
 -0.7529173354199192 -2.141563593954400
 -0.8271266815160743 -2.162026329359035
 -0.8997735957161893 -2.181978634370648
 -0.9708243081073388 -2.201423313365449
 -1.040300792432569 -2.220378323285603
 -1.108191306456202 -2.238838767049955
 -1.174429648920991 -2.256774976178373
 -1.238988427782251 -2.274174336762261
 -1.301906704566153 -2.291047770123457
 -1.363186302581569 -2.307383674799471
 -1.422751210589786 -2.323136652789948
 -1.480562563895788 -2.338280533029541
 -1.536674922409430 -2.352827775772178
 -1.591103630082853 -2.366768232637423
 -1.643744597368623 -2.380038913988629
 -1.694534561364923 -2.392598536838848
 -1.743571928910986 -2.404476366918470
 -1.790907198274311 -2.415674290397224
 -1.836336810404276 -2.426078347901263
 -1.879741858638222 -2.435615147666094
 -1.921736302940026 -2.444540718683465
 -1.961286637992687 -2.452348726961986
 -1.999415876291714 -2.459491077115528
 -2.035469448882088 -2.465625727373014
 -2.069523283509887 -2.470735111020609
 -2.101770582302505 -2.474871309953464
 -2.132160963320982 -2.477976341926640
 -2.160570060712928 -2.479932967134790
 -2.187028338096115 -2.480681241236969
 -2.211640965306762 -2.480210252316362
 -2.234414422462362 -2.478470407606534
 -2.255294830579076 -2.475361908903175
 -2.274309483186900 -2.470805594860882
 -2.291554711500115 -2.464769037398970
 -2.307077215393018 -2.457211435002906
 -2.320868349563094 -2.448050264464906
 -2.332964503750872 -2.437206105803625
 -2.343464695882836 -2.424644005801110
 -2.352443771675453 -2.410340874433569
 -2.359923925504530 -2.394240731523377
 -2.365947270030836 -2.376278264539151
 -2.370610041806540 -2.356427679454011
 -2.373999809128125 -2.334689444031224
 -2.376153938749509 -2.311039637565276
 -2.377110148759709 -2.285433681772754
 -2.376950676650585 -2.257857773989018
 -2.375760169842561 -2.228334136985862
 -2.373577201924367 -2.196868820192425
 -2.370425983295557 -2.163436007153809
 -2.366366187418198 -2.128028279708581
 -2.361469876416216 -2.090681049719161
 -2.355770435454659 -2.051423338058687
 -2.349276991437740 -2.010242420698384
 -2.342026040097133 -1.967129110749578
 -2.334076134264115 -1.922122901724088
 -2.325457545356991 -1.875270527993329
 -2.316169790470061 -1.826569147712380
 -2.306231160367467 -1.776001307312560
 -2.295690426559471 -1.723603458573757
 -2.284580528739426 -1.669438565668796
 -2.272898800144956 -1.613513517379911
 -2.260650054410093 -1.555795381719253
 -2.247875716708517 -1.496309681205366
 -2.234616033558512 -1.435138636200455
 -2.220870947503064 -1.372302423629388
 -2.206630192770286 -1.307739038451675
 -2.191923693709201 -1.241451178981842
 -2.176802279267141 -1.173562370196831
 -2.161270151421208 -1.104124607492698
 -2.145281322206860 -1.032989808942579
 -2.128839591991039 -0.9601145048225045
 -2.112102343635507 -0.8860568683476825
 -2.094816459320364 -0.8099916171081002
 -2.077212301934928 -0.7327866034114994
 -2.059143944850006 -0.6539760786965976
 -2.040626124224025 -0.5737093570592395
 -2.021696033176928 -0.4922059049573001
 -2.002340219450132 -0.4094866347482163
 -1.982540575029825 -0.3255584776740909
 -1.962324557078313 -0.2405782676726956
 -1.941743181611276 -0.1547345576385458
 -1.920834962832132 -6.811742035122302E-02
 -1.899638852168515 1.920250156808279E-02
 -1.878220571141297 0.1070715381188947
 -1.856658731718086 0.1953192278335452
 -1.835014335295734 0.2838526535687338
 -1.813331962095912 0.3726044997949802
 -1.791658964592634 0.4614454958795792
 -1.770040609582801 0.5502241952981666
 -1.748499539495498 0.6388456994889689
 -1.727037833205875 0.7272349645616525
 -1.705657788038466 0.8152573751952751
 -1.684366129586159 0.9027471220840895
 -1.663161298161897 0.9895849616279891
 -1.642035353510241 1.075677390513103
 -1.620992602000076 1.160883735023970
 -1.600054614982761 1.245038433086357
 -1.579246144258341 1.328032116785427
 -1.558589728263401 1.409801542721759
 -1.538116705167978 1.490252851332885
 -1.517869297728366 1.569270279065559
 -1.497885235353557 1.646796398596112
 -1.478189808474454 1.722827336400540
 -1.458806384117709 1.797325883020359
 -1.439762130021764 1.870216108730013
 -1.421076359804120 1.941470170115131
 -1.402753637761344 2.011116075466489
 -1.384795594014592 2.079141207169115
 -1.367209635534997 2.145473399012404
 -1.349998534379619 2.210082621835501
 -1.333152217927528 2.273008164573299
 -1.316659727363050 2.334245805526355
 -1.300519752483951 2.393707018030792
 -1.284729060830307 2.451345058740744
 -1.269271163343628 2.507213408051137
 -1.254129599292580 2.561320280024100
 -1.239301862825368 2.613544035648966
 -1.224783833277459 2.663809246152168
 -1.210551652095215 2.712215767221584
 -1.196581703615788 2.758808274724580
 -1.182877075651737 2.803353501665223
 -1.169433662401914 2.845711775970724
 -1.156166211495337 2.886542817062583
 -1.143152977491166 2.924698416085634
 -1.130273815017342 2.961290480156313
 -1.117559791688471 2.995581115045506
 -1.104957730411070 3.027627292753252
 -1.092416134365719 3.057622372177513
 -1.079909980424814 3.085493730156791
 -1.067399918864783 3.111075042800877
 -1.054818804554671 3.134362720206182
 -1.042104602579201 3.155442386164175
 -1.029211124284049 3.174294856238007
 -1.016078881380953 3.190823570756789
 -1.002625671368796 3.205012585938154
 -0.9887752450987675 3.216929113020505
 -0.9744689174856230 3.226593194524070
 -0.9596395439862747 3.233956081793356
 -0.9442001500090482 3.239009579277424
 -0.9280709562160073 3.241821962407065
 -0.9111945432017418 3.242446504462206
 -0.8935113335224172 3.240874436247307
 -0.8749437085362854 3.237109572130721
 -0.8554212116847184 3.231222358397959
 -0.8349004639143448 3.223288865299976
 -0.8133420659095568 3.213329493042166
 -0.7906885526999508 3.201354617306090
 -0.7668868520813809 3.187428556516526
 -0.7419138858285492 3.171635728875821
 -0.7157556061064047 3.154012564806301
 -0.6883775500093928 3.134567122901565
 -0.6597434564902299 3.113347372814978
 -0.6298479620594025 3.090433428107723
 -0.5986995069477666 3.065868711617408
 -0.5662825083710549 3.039654765460551
 -0.5325707623844607 3.011818602423578
 -0.4975691949568629 2.982430677501745
 -0.4613031435319842 2.951540573698022
 -0.4237703884527813 2.919146451881343
 -0.3849466691033172 2.885255425533770
 -0.3448391678958578 2.849927957912115
 -0.3034859435569199 2.813224057714026
 -0.2608942953281093 2.775144859846657
 -0.2170332964543342 2.735678067045441
 -0.1719043374981832 2.694872315822411
 -0.1255585001228914 2.652803570865919
 -7.801328678647224E-02 2.609481870879164
 -2.922013243464217E-02 2.564867322922658
 2.083358829818294E-02 2.518987191400111
 7.206631411763742E-02 2.471947257959628
 0.1244351166784052 2.423777159318156
 0.1780452447087231 2.374363027766700
 0.2329362442773139 2.323686419657592
 0.2887034146309766 2.272162719154840
 0.3459349123921290 2.219160078591256
 0.4039943368601930 2.165311924234949
 0.4632120748064182 2.110259005637307
 0.5234661845098740 2.054088741733805
 0.5845851990027331 1.996943075940097
 0.6465442815229110 1.938820814437230
 0.7093283754317607 1.879709740846283
 0.7728153871361493 1.819712050736213
 0.8368675330473099 1.758966201719859
 0.9014260649516436 1.697550584465576
 0.9664492802584275 1.635534253209804
 1.031836957603885 1.573050959459433
 1.097480779010453 1.510254013909286
 1.163330776570014 1.447242703890355
 1.229350943434803 1.384089294771851
 1.295453004189940 1.320899430315556
 1.361528435696463 1.257788035979716
 1.427506374603635 1.194822169964009
 1.493322870433605 1.132041154572294
 1.558862491560963 1.069514287006448
 1.623985005711193 1.007330296453640
 1.688586365053836 0.9455474539853135
 1.752581623216021 0.8842056347954788
 1.815851106370959 0.8233789051667190
 1.878262219232138 0.7631687274744219
 1.939732622306972 0.7036512213636343
 2.000218814423237 0.6448775273927110
 2.059655179900462 0.5869217149942464
 2.117962575938852 0.5298782319244306
 2.175110133721736 0.4738084664717569
 2.231107143894373 0.4187362575538609
 2.285933065633784 0.3647004463386765
 2.339535725737953 0.3117625256406349
 2.391900667911459 0.2599531432503180
 2.443054430193913 0.2092622478191140
 2.492986900470793 0.1596975598808408
 2.541639284455988 0.1113015771659682
 2.588986962161870 6.409171492675969E-02
 2.635058922493681 1.803960555015793E-02
 2.679846029944618 -2.686213072688370E-02
 2.723270963073737 -7.057036524084448E-02
 2.765291624726094 -0.1130645257112026
 2.805946085753058 -0.1543856322789585
 2.845233229375433 -0.1945520473866778
 2.883046460193991 -0.2335051216603370
 2.919318394642382 -0.2712107093133198
 2.954123581006201 -0.3077394003031142
 2.987488901890099 -0.3431339843273560
 3.019213886056013 -0.3772751537639603
 3.049175521040135 -0.4100966283046299
 3.077902514435363 -0.4420020983791178
 3.104439615483852 -0.4723496891236472
 3.129689691309056 -0.5017994030407853
 3.153029240570559 -0.5299553876724918
 3.174481013920957 -0.5568921817326427
 3.194186716668224 -0.5827510622240493
 3.212070943745796 -0.6075173882301509
 3.227969979577711 -0.6311420756660877
 3.241847142650786 -0.6536814789692136
 3.253745567885963 -0.6752321338478130
 3.263625546746411 -0.6958244486314736
 3.271373711960030 -0.7154616618536139
 3.276935154555695 -0.7342069910772718
 3.280329956598883 -0.7521600756215353
 3.281546132878641 -0.7693817595211633
 3.280507893549369 -0.7859058173284497
 3.277164653759920 -0.8018034734737985
 3.271535652098843 -0.8171779566059547
 3.263638314877195 -0.8321056300286379
 3.253435259026948 -0.8466337047239300
 3.240890978567122 -0.8608313075915698
 3.226031253491258 -0.8747946789439477
 3.208900273042470 -0.8885994212687528
 3.189496004659066 -0.9022898554768896
 3.167798701459660 -0.9159209355333371
 3.143837528731966 -0.9295707825275085
 3.117674055671110 -0.9433015918899593
 3.089332808030772 -0.9571437446138760
 3.058803533304950 -0.9711311157477553
 3.026109643908427 -0.9853190931063964
 2.991317838475619 -0.9997523783885616
 2.954469942402425 -1.014445373558720
 2.915559499808795 -1.029412344762168
 2.874596802481594 -1.044689491674000
 2.831645329220978 -1.060307775777658
 2.786760688888975 -1.076270045704694
 2.739940178922842 -1.092577304168963
 2.691177829470784 -1.109254118221210
 2.640529594455329 -1.126324499338357
 2.588066472296346 -1.143785492045230
 2.533793095473065 -1.161631342466746
 2.477683350864428 -1.179882685326188
 2.419780054206701 -1.198562634617045
 2.360174533681404 -1.217664934665464
 2.298884234289536 -1.237179447249776
 2.235850325204928 -1.257128284470983
 2.171090105411018 -1.277536012418268
 2.104735965149504 -1.298384887762797
 2.036835034742803 -1.319652551825458
 1.967236077498137 -1.341373218824121
 1.895903347713726 -1.363571914835087
 1.823398929004530 -1.386105850807158
   
   
