 # action(x) =  43.43499546131747
 # |grad_action(x)| =  2.071675803452725E-06
 # PRINTSTEPS = 50
 #
 #BODY NUMBER  1
 1.183239843696356 1.145731329917908
 1.164181819922353 1.164576495464484
 1.141888545143559 1.180312910080751
 1.114923071578233 1.191628747319729
 1.083510365865648 1.198851359610174
 1.048091643716065 1.202470662844274
 1.008576851393767 1.202375774524690
 0.9648107300383980 1.198325130484569
 0.9170321243040119 1.190414777143146
 0.8655944400128052 1.178804833493736
 0.8106140901103117 1.163377925861463
 0.7521595868787634 1.143947747914715
 0.6905371075636613 1.120569799761047
 0.6261378637077268 1.093414856626101
 0.5591625600513319 1.062517209621365
 0.4897042694708615 1.027871670157977
 0.4179647745462814 0.9896464119750783
 0.3441718971924846 0.9480790651105464
 0.2683714867676871 0.9032334068551695
 0.1905042997716515 0.8550263075175888
 0.1106439003579193 0.8034026694572866
 2.900779935711878E-02 0.7482807444826898
 -5.416944628602552E-02 0.6893637506014326
 -0.1385256797455990 0.6261985181738793
 -0.2232933113711302 0.5584530481627469
 -0.3072772035579122 0.4860803259358845
 -0.3891486684042972 0.4093526588025506
 -0.4677201747912130 0.3289795040988586
 -0.5420798216325946 0.2461793673989731
 -0.6117452043963212 0.1623896049048479
 -0.6767728669637585 7.877909267697639E-02
 -0.7375658242616997 -3.920683088524091E-03
 -0.7944933804133618 -8.521200992767780E-02
 -0.8477546234511641 -0.1647103932314403
 -0.8975304494121495 -0.2422541311570436
 -0.9440173154817840 -0.3178848139787990
 -0.9872355725917075 -0.3915884012079502
 -1.026994671571497 -0.4631893987351300
 -1.063137073366632 -0.5325439141565592
 -1.095646731699335 -0.5996172519241041
 -1.124445020747274 -0.6642538169869787
 -1.149307030319902 -0.7260779973875011
 -1.170126832193298 -0.7847714009416983
 -1.187054226700268 -0.8402407306623643
 -1.200190526731188 -0.8923388925081885
 -1.209380748804269 -0.9406731151062080
 -1.214548927157546 -0.9849614847991580
 -1.215964816948210 -1.025322881621729
 -1.213774280312772 -1.061813945028298
 -1.207525412191314 -1.093949419022307
 -1.196914183856987 -1.121453934060601
 -1.183239843696356 -1.145731329917908
 -1.164181819922353 -1.164576495464484
 -1.141888545143559 -1.180312910080751
 -1.114923071578233 -1.191628747319729
 -1.083510365865648 -1.198851359610174
 -1.048091643716065 -1.202470662844274
 -1.008576851393767 -1.202375774524690
 -0.9648107300383980 -1.198325130484569
 -0.9170321243040119 -1.190414777143146
 -0.8655944400128052 -1.178804833493736
 -0.8106140901103117 -1.163377925861463
 -0.7521595868787634 -1.143947747914715
 -0.6905371075636613 -1.120569799761047
 -0.6261378637077268 -1.093414856626101
 -0.5591625600513319 -1.062517209621365
 -0.4897042694708615 -1.027871670157977
 -0.4179647745462814 -0.9896464119750783
 -0.3441718971924846 -0.9480790651105464
 -0.2683714867676871 -0.9032334068551695
 -0.1905042997716515 -0.8550263075175888
 -0.1106439003579193 -0.8034026694572866
 -2.900779935711878E-02 -0.7482807444826898
 5.416944628602552E-02 -0.6893637506014326
 0.1385256797455990 -0.6261985181738793
 0.2232933113711302 -0.5584530481627469
 0.3072772035579122 -0.4860803259358845
 0.3891486684042972 -0.4093526588025506
 0.4677201747912130 -0.3289795040988586
 0.5420798216325946 -0.2461793673989731
 0.6117452043963212 -0.1623896049048479
 0.6767728669637585 -7.877909267697639E-02
 0.7375658242616997 3.920683088524091E-03
 0.7944933804133618 8.521200992767780E-02
 0.8477546234511641 0.1647103932314403
 0.8975304494121495 0.2422541311570436
 0.9440173154817840 0.3178848139787990
 0.9872355725917075 0.3915884012079502
 1.026994671571497 0.4631893987351300
 1.063137073366632 0.5325439141565592
 1.095646731699335 0.5996172519241041
 1.124445020747274 0.6642538169869787
 1.149307030319902 0.7260779973875011
 1.170126832193298 0.7847714009416983
 1.187054226700268 0.8402407306623643
 1.200190526731188 0.8923388925081885
 1.209380748804269 0.9406731151062080
 1.214548927157546 0.9849614847991580
 1.215964816948210 1.025322881621729
 1.213774280312772 1.061813945028298
 1.207525412191314 1.093949419022307
 1.196914183856987 1.121453934060601
 1.183239843696356 1.145731329917908
   
   
 #BODY NUMBER  2
 0.4006125153973699 -1.597581428475678
 0.4264619194003013 -1.590499278507907
 0.4512366916259790 -1.579060943517652
 0.4745192309369126 -1.561366076998967
 0.4964805495328311 -1.537773181991097
 0.5173243191669424 -1.508909320453611
 0.5369995396474989 -1.474641062314503
 0.5553746396995513 -1.434713167372625
 0.5724133756352286 -1.389380504375338
 0.5880777116594281 -1.339029191239139
 0.6022077927151087 -1.283701357694688
 0.6146080166447155 -1.223363183952875
 0.6251733593281469 -1.158307577339992
 0.6338561106776119 -1.088958724603177
 0.6405856152966487 -1.015507586702285
 0.6453108432973881 -0.9380321728186201
 0.6480765461202337 -0.8567913186623475
 0.6489746064573665 -0.7721011388184007
 0.6480373323839747 -0.6840332286411681
 0.6452223532259531 -0.5924947169086807
 0.6404451709502424 -0.4975217632262456
 0.6335262341307826 -0.3992618634026567
 0.6240912435503382 -0.2977697587141470
 0.6115666643759342 -0.1931325013521336
 0.5952811821822903 -8.584884393505976E-02
 0.5745965123014011 2.306970132625286E-02
 0.5490841358297424 0.1323363033005167
 0.5187646952834275 0.2405678012027041
 0.4842374969010629 0.3463652127392998
 0.4465061254017542 0.4485920852293133
 0.4066111290885488 0.5467129490799281
 0.3653875010531987 0.6407110823577635
 0.3234509249947256 0.7306574555834572
 0.2812339270281950 0.8165322367463924
 0.2389669930757536 0.8984112354888479
 0.1967123334961019 0.9764853838614025
 0.1544922831750411 1.050765286043542
 0.1123635498842445 1.120998174558464
 7.037197857356001E-02 1.186975670381072
 2.853959333038499E-02 1.248666529253040
 -1.303816948950895E-02 1.305924861689199
 -5.414847548400762E-02 1.358368083771863
 -9.456855304553347E-02 1.405745262876064
 -0.1341427044468060 1.448139481402015
 -0.1726928860660273 1.485564931866048
 -0.2099564396569600 1.517691008949468
 -0.2457272037115181 1.544310967544140
 -0.2799732537811652 1.565717862486499
 -0.3126707100041572 1.582066333819396
 -0.3436252808902502 1.592722392282320
 -0.3727505037831483 1.597285056502457
 -0.4006125153973699 1.597581428475678
 -0.4264619194003013 1.590499278507907
 -0.4512366916259790 1.579060943517652
 -0.4745192309369126 1.561366076998967
 -0.4964805495328311 1.537773181991097
 -0.5173243191669424 1.508909320453611
 -0.5369995396474989 1.474641062314503
 -0.5553746396995513 1.434713167372625
 -0.5724133756352286 1.389380504375338
 -0.5880777116594281 1.339029191239139
 -0.6022077927151087 1.283701357694688
 -0.6146080166447155 1.223363183952875
 -0.6251733593281469 1.158307577339992
 -0.6338561106776119 1.088958724603177
 -0.6405856152966487 1.015507586702285
 -0.6453108432973881 0.9380321728186201
 -0.6480765461202337 0.8567913186623475
 -0.6489746064573665 0.7721011388184007
 -0.6480373323839747 0.6840332286411681
 -0.6452223532259531 0.5924947169086807
 -0.6404451709502424 0.4975217632262456
 -0.6335262341307826 0.3992618634026567
 -0.6240912435503382 0.2977697587141470
 -0.6115666643759342 0.1931325013521336
 -0.5952811821822903 8.584884393505976E-02
 -0.5745965123014011 -2.306970132625286E-02
 -0.5490841358297424 -0.1323363033005167
 -0.5187646952834275 -0.2405678012027041
 -0.4842374969010629 -0.3463652127392998
 -0.4465061254017542 -0.4485920852293133
 -0.4066111290885488 -0.5467129490799281
 -0.3653875010531987 -0.6407110823577635
 -0.3234509249947256 -0.7306574555834572
 -0.2812339270281950 -0.8165322367463924
 -0.2389669930757536 -0.8984112354888479
 -0.1967123334961019 -0.9764853838614025
 -0.1544922831750411 -1.050765286043542
 -0.1123635498842445 -1.120998174558464
 -7.037197857356001E-02 -1.186975670381072
 -2.853959333038499E-02 -1.248666529253040
 1.303816948950895E-02 -1.305924861689199
 5.414847548400762E-02 -1.358368083771863
 9.456855304553347E-02 -1.405745262876064
 0.1341427044468060 -1.448139481402015
 0.1726928860660273 -1.485564931866048
 0.2099564396569600 -1.517691008949468
 0.2457272037115181 -1.544310967544140
 0.2799732537811652 -1.565717862486499
 0.3126707100041572 -1.582066333819396
 0.3436252808902502 -1.592722392282320
 0.3727505037831483 -1.597285056502457
 0.4006125153973699 -1.597581428475678
   
   
 #BODY NUMBER  3
 -1.583852360025048 0.4518500985577703
 -1.590643740216533 0.4259227830452707
 -1.593125237626037 0.3987480334403495
 -1.589442303334460 0.3697373296838981
 -1.579990916180980 0.3389218223864581
 -1.565415963629180 0.3064386576156238
 -1.545576391751538 0.2722652877969012
 -1.520185370412517 0.2363880368959211
 -1.489445500577994 0.1989657272405474
 -1.453672152274839 0.1602243577537854
 -1.412821883391526 0.1203234318412952
 -1.366767604052859 7.941543604592109E-02
 -1.315710467384336 3.773777758666740E-02
 -1.259993974840854 -4.456132014920751E-03
 -1.199748175766269 -4.700962291053914E-02
 -1.135015113149174 -8.983949733005850E-02
 -1.066041321010144 -0.1328550933024565
 -0.9931465039563953 -0.1759779262807651
 -0.9164088194213034 -0.2192001782015837
 -0.8357266532304741 -0.2625315905956823
 -0.7510890715044942 -0.3058809062171979
 -0.6625340336481114 -0.3490188810655774
 -0.5699217973887571 -0.3915939918721217
 -0.4730409847189563 -0.4330660168059192
 -0.3719878708634359 -0.4726042042115073
 -0.2673193087588362 -0.5091500272460217
 -0.1599354674036986 -0.5416889620872780
 -5.104452043368092E-02 -0.5695473052861415
 5.784232482648556E-02 -0.5925445801232174
 0.1652390791259485 -0.6109816901195909
 0.2701617380434038 -0.6254920417429780
 0.3721783234139055 -0.6367903992559231
 0.4710424556613598 -0.6454454456427774
 0.5665206967028705 -0.6518218435019275
 0.6585634566532758 -0.6561571043186702
 0.7473049823393050 -0.6586005698695820
 0.8327432898066193 -0.6591768848230017
 0.9146311221129608 -0.6578087758113542
 0.9927650952540835 -0.6544317562131877
 1.067107138865193 -0.6490492773183647
 1.137483190768416 -0.6416710446926768
 1.203455506370899 -0.6322900863761863
 1.264695385840779 -0.6209738619277458
 1.321196931783562 -0.6078987507345396
 1.372883413468360 -0.5932260393540920
 1.419337189167827 -0.5770178938406713
 1.460276131612197 -0.5593494827433804
 1.495938071509865 -0.5403949808638453
 1.526444991135117 -0.5202523887904924
 1.551150693937480 -0.4987729732595282
 1.569664688533752 -0.4758311224415421
 1.583852360025048 -0.4518500985577703
 1.590643740216533 -0.4259227830452707
 1.593125237626037 -0.3987480334403495
 1.589442303334460 -0.3697373296838981
 1.579990916180980 -0.3389218223864581
 1.565415963629180 -0.3064386576156238
 1.545576391751538 -0.2722652877969012
 1.520185370412517 -0.2363880368959211
 1.489445500577994 -0.1989657272405474
 1.453672152274839 -0.1602243577537854
 1.412821883391526 -0.1203234318412952
 1.366767604052859 -7.941543604592109E-02
 1.315710467384336 -3.773777758666740E-02
 1.259993974840854 4.456132014920751E-03
 1.199748175766269 4.700962291053914E-02
 1.135015113149174 8.983949733005850E-02
 1.066041321010144 0.1328550933024565
 0.9931465039563953 0.1759779262807651
 0.9164088194213034 0.2192001782015837
 0.8357266532304741 0.2625315905956823
 0.7510890715044942 0.3058809062171979
 0.6625340336481114 0.3490188810655774
 0.5699217973887571 0.3915939918721217
 0.4730409847189563 0.4330660168059192
 0.3719878708634359 0.4726042042115073
 0.2673193087588362 0.5091500272460217
 0.1599354674036986 0.5416889620872780
 5.104452043368092E-02 0.5695473052861415
 -5.784232482648556E-02 0.5925445801232174
 -0.1652390791259485 0.6109816901195909
 -0.2701617380434038 0.6254920417429780
 -0.3721783234139055 0.6367903992559231
 -0.4710424556613598 0.6454454456427774
 -0.5665206967028705 0.6518218435019275
 -0.6585634566532758 0.6561571043186702
 -0.7473049823393050 0.6586005698695820
 -0.8327432898066193 0.6591768848230017
 -0.9146311221129608 0.6578087758113542
 -0.9927650952540835 0.6544317562131877
 -1.067107138865193 0.6490492773183647
 -1.137483190768416 0.6416710446926768
 -1.203455506370899 0.6322900863761863
 -1.264695385840779 0.6209738619277458
 -1.321196931783562 0.6078987507345396
 -1.372883413468360 0.5932260393540920
 -1.419337189167827 0.5770178938406713
 -1.460276131612197 0.5593494827433804
 -1.495938071509865 0.5403949808638453
 -1.526444991135117 0.5202523887904924
 -1.551150693937480 0.4987729732595282
 -1.569664688533752 0.4758311224415421
 -1.583852360025048 0.4518500985577703
   
   
 #BODY NUMBER  4
 0.4485860034474172 0.3487898386083543
 0.3692466416327770 0.4287658386631686
 0.2879049960079501 0.5055463053781074
 0.2044479176060365 0.5775307109178083
 0.1203887362497645 0.6447360715901420
 3.716884482249531E-02 0.7076611465893686
 -4.471083552879102E-02 0.7665489283803573
 -0.1251391195458178 0.8215566035539671
 -0.2038007507719728 0.8730104169314297
 -0.2803950098148148 0.9211906394332411
 -0.3549576355196368 0.9660842213178646
 -0.4276084242837083 1.007534692313949
 -0.4982013682504485 1.045477420486688
 -0.5664593895700066 1.079874306326258
 -0.6322497380465651 1.110561317778711
 -0.6954790390061636 1.137344078454736
 -0.7558594402374333 1.160176959347638
 -0.8130154269355987 1.179113079674873
 -0.8667340439418278 1.194145324360694
 -0.9169120550108677 1.205231155178501
 -0.9633429524354075 1.212418431956948
 -1.005765700391174 1.215802575771526
 -1.044073698351256 1.215378897301376
 -1.078282447465785 1.211053164291446
 -1.108328067407585 1.202771633070445
 -1.134089484857916 1.190517883276905
 -1.155590865783991 1.174197337174734
 -1.172993303977793 1.153656108522896
 -1.186385721346989 1.128826379706608
 -1.195760833327649 1.099745904536960
 -1.201195858261342 1.066434143526807
 -1.202857465599928 1.028874226756860
 -1.200791809929250 0.9871383123397381
 -1.194891827131854 0.9414098195016435
 -1.185112338516217 0.8918508683674347
 -1.171528998079629 0.8385689473908962
 -1.154134864848160 0.7817540805967601
 -1.132791500009404 0.7217195004481309
 -1.107475529719366 0.6587452874942934
 -1.078374821727770 0.5930024814440766
 -1.045637684402018 0.5246897182548332
 -1.009246188835701 0.4540912102254046
 -0.9692704841142875 0.3813921713210686
 -0.9259911095606232 0.3065785167565024
 -0.8795507313247265 0.2296486773433989
 -0.8297196159294081 0.1507775923048341
 -0.7762574238062020 7.012079582800843E-02
 -0.7192044828024685 -1.232330075959894E-02
 -0.6583956139769869 -9.632284211585317E-02
 -0.5930267532286596 -0.1809965661408678
 -0.5225974384006723 -0.2652521131995654
 -0.4485860034474172 -0.3487898386083543
 -0.3692466416327770 -0.4287658386631686
 -0.2879049960079501 -0.5055463053781074
 -0.2044479176060365 -0.5775307109178083
 -0.1203887362497645 -0.6447360715901420
 -3.716884482249531E-02 -0.7076611465893686
 4.471083552879102E-02 -0.7665489283803573
 0.1251391195458178 -0.8215566035539671
 0.2038007507719728 -0.8730104169314297
 0.2803950098148148 -0.9211906394332411
 0.3549576355196368 -0.9660842213178646
 0.4276084242837083 -1.007534692313949
 0.4982013682504485 -1.045477420486688
 0.5664593895700066 -1.079874306326258
 0.6322497380465651 -1.110561317778711
 0.6954790390061636 -1.137344078454736
 0.7558594402374333 -1.160176959347638
 0.8130154269355987 -1.179113079674873
 0.8667340439418278 -1.194145324360694
 0.9169120550108677 -1.205231155178501
 0.9633429524354075 -1.212418431956948
 1.005765700391174 -1.215802575771526
 1.044073698351256 -1.215378897301376
 1.078282447465785 -1.211053164291446
 1.108328067407585 -1.202771633070445
 1.134089484857916 -1.190517883276905
 1.155590865783991 -1.174197337174734
 1.172993303977793 -1.153656108522896
 1.186385721346989 -1.128826379706608
 1.195760833327649 -1.099745904536960
 1.201195858261342 -1.066434143526807
 1.202857465599928 -1.028874226756860
 1.200791809929250 -0.9871383123397381
 1.194891827131854 -0.9414098195016435
 1.185112338516217 -0.8918508683674347
 1.171528998079629 -0.8385689473908962
 1.154134864848160 -0.7817540805967601
 1.132791500009404 -0.7217195004481309
 1.107475529719366 -0.6587452874942934
 1.078374821727770 -0.5930024814440766
 1.045637684402018 -0.5246897182548332
 1.009246188835701 -0.4540912102254046
 0.9692704841142875 -0.3813921713210686
 0.9259911095606232 -0.3065785167565024
 0.8795507313247265 -0.2296486773433989
 0.8297196159294081 -0.1507775923048341
 0.7762574238062020 -7.012079582800843E-02
 0.7192044828024685 1.232330075959894E-02
 0.6583956139769869 9.632284211585317E-02
 0.5930267532286596 0.1809965661408678
 0.5225974384006723 0.2652521131995654
 0.4485860034474172 0.3487898386083543
   
   
 #BODY NUMBER  5
 7.776785944588482E-02 -0.5628817942924798
 0.1866987880796559 -0.5341598914596701
 0.2938634455677188 -0.5021061933117188
 0.3979323086286066 -0.4658224460511478
 0.4981634489056685 -0.4266277399026036
 0.5942681080897276 -0.3860197373170187
 0.6862062632549142 -0.3445537449654821
 0.7740584493530885 -0.3024046454017518
 0.8579495744589872 -0.2600085811366791
 0.9379720006132912 -0.2177661182637945
 1.014132295830820 -0.1756397811643564
 1.086354851080363 -0.1334475879793098
 1.154510689536376 -9.128366925416026E-02
 1.218428277130593 -4.936893169076133E-02
 1.277899182839195 -7.736324304028354E-03
 1.332708384434028 3.363047626103830E-02
 1.382672439930517 7.450499718026149E-02
 1.427649594518157 0.1145354734844815
 1.467527208781181 0.1535410381340935
 1.502216825411950 0.1914535550313211
 1.531656638384172 0.2280702533411426
 1.555798766861286 0.2631173588706378
 1.574585849509058 0.2965048975158410
 1.587944029375858 0.3282934097940656
 1.595794822913294 0.3584544455548393
 1.598063473011669 0.3868913624092037
 1.594680155932566 0.4136723775667692
 1.585592149178155 0.4390139454643005
 1.570785181925123 0.4630269835401566
 1.550288307650829 0.4856863062714068
 1.524156988824308 0.5070490564472090
 1.492459950392781 0.5272680090067253
 1.455282760408002 0.5463470559375160
 1.412730732520904 0.5641017673807645
 1.364921677532340 0.5804119573792493
 1.311986510172385 0.5952893999895753
 1.254086325586699 0.6086330721398041
 1.191423171639429 0.6201664660701930
 1.124227918279412 0.6297292991634561
 1.052742624114365 0.6373987498088277
 0.9772134671130733 0.6432039388412242
 0.8978776178932106 0.6469872332228247
 0.8149305509966834 0.6487167768611979
 0.7285003383030805 0.6486425663294226
 0.6386569539304171 0.6468889387317311
 0.5454370329513284 0.6431694694290723
 0.4488551021389034 0.6371982511559435
 0.3489299495862102 0.6290110031889290
 0.2457797784390290 0.6183487486977014
 0.1397657520126576 0.6040745166944061
 3.158365042261087E-02 0.5852087144199825
 -7.776785944588482E-02 0.5628817942924798
 -0.1866987880796559 0.5341598914596701
 -0.2938634455677188 0.5021061933117188
 -0.3979323086286066 0.4658224460511478
 -0.4981634489056685 0.4266277399026036
 -0.5942681080897276 0.3860197373170187
 -0.6862062632549142 0.3445537449654821
 -0.7740584493530885 0.3024046454017518
 -0.8579495744589872 0.2600085811366791
 -0.9379720006132912 0.2177661182637945
 -1.014132295830820 0.1756397811643564
 -1.086354851080363 0.1334475879793098
 -1.154510689536376 9.128366925416026E-02
 -1.218428277130593 4.936893169076133E-02
 -1.277899182839195 7.736324304028354E-03
 -1.332708384434028 -3.363047626103830E-02
 -1.382672439930517 -7.450499718026149E-02
 -1.427649594518157 -0.1145354734844815
 -1.467527208781181 -0.1535410381340935
 -1.502216825411950 -0.1914535550313211
 -1.531656638384172 -0.2280702533411426
 -1.555798766861286 -0.2631173588706378
 -1.574585849509058 -0.2965048975158410
 -1.587944029375858 -0.3282934097940656
 -1.595794822913294 -0.3584544455548393
 -1.598063473011669 -0.3868913624092037
 -1.594680155932566 -0.4136723775667692
 -1.585592149178155 -0.4390139454643005
 -1.570785181925123 -0.4630269835401566
 -1.550288307650829 -0.4856863062714068
 -1.524156988824308 -0.5070490564472090
 -1.492459950392781 -0.5272680090067253
 -1.455282760408002 -0.5463470559375160
 -1.412730732520904 -0.5641017673807645
 -1.364921677532340 -0.5804119573792493
 -1.311986510172385 -0.5952893999895753
 -1.254086325586699 -0.6086330721398041
 -1.191423171639429 -0.6201664660701930
 -1.124227918279412 -0.6297292991634561
 -1.052742624114365 -0.6373987498088277
 -0.9772134671130733 -0.6432039388412242
 -0.8978776178932106 -0.6469872332228247
 -0.8149305509966834 -0.6487167768611979
 -0.7285003383030805 -0.6486425663294226
 -0.6386569539304171 -0.6468889387317311
 -0.5454370329513284 -0.6431694694290723
 -0.4488551021389034 -0.6371982511559435
 -0.3489299495862102 -0.6290110031889290
 -0.2457797784390290 -0.6183487486977014
 -0.1397657520126576 -0.6040745166944061
 -3.158365042261087E-02 -0.5852087144199825
 7.776785944588482E-02 -0.5628817942924798
   
   
 #BODY NUMBER  6
 -0.5263538626895752 0.2140919556841254
 -0.5559454295164128 0.1053940527947624
 -0.5817684413871451 -3.440112069473758E-03
 -0.6023802260533949 -0.1117082648706213
 -0.6185521849813989 -0.2181083316920970
 -0.6314369527454494 -0.3216414092774004
 -0.6414954275665876 -0.4219951834203261
 -0.6489193296548272 -0.5191519581579651
 -0.6541488235415621 -0.6130018358007869
 -0.6575769906601358 -0.7034245211758481
 -0.6591746601802383 -0.7904444401602869
 -0.6587464266733207 -0.8740871043416406
 -0.6563093211702469 -0.9541937512395661
 -0.6519688874525702 -1.030505374642579
 -0.6456494446924383 -1.102824993482012
 -0.6372293453357735 -1.170974554723454
 -0.6268129996092917 -1.234681956535641
 -0.6146341675071291 -1.293648553166536
 -0.6007931647723738 -1.347686362500851
 -0.5853047703428134 -1.396684710214628
 -0.5683136858995621 -1.440488685301889
 -0.5500330664301997 -1.478919934645248
 -0.5305121511271657 -1.511883794819667
 -0.5096615818885938 -1.539346574087246
 -0.4874667554933475 -1.561226078626246
 -0.4639739881505620 -1.577409245686295
 -0.4390892901545505 -1.587869714740859
 -0.4125988452153359 -1.592670053985620
 -0.3843994606018477 -1.591853363244270
 -0.3545274743554525 -1.585432210805161
 -0.3229611306037465 -1.573483199970257
 -0.2896024848421008 -1.556142235759108
 -0.2544909505363179 -1.533485368271667
 -0.2178389054547488 -1.505511586875572
 -0.1798093390899015 -1.472262825739060
 -0.1404575121747189 -1.433858347372894
 -9.995146082875463E-02 -1.390387152729623
 -5.863167172836927E-02 -1.341885966511990
 -1.675238866629056E-02 -1.288474586651611
 2.563219749934844E-02 -1.230401231246700
 6.842421716696442E-02 -1.167893657089912
 0.1113685708124961 -1.101078443442401
 0.1543399329797239 -1.030108948176798
 0.1974907711120463 -0.9552210830806533
 0.2408937772413634 -0.8765376160699891
 0.2842825828176627 -0.7939470617290800
 0.3274023214993723 -0.7073190469796461
 0.3702745330409472 -0.6166877024255084
 0.4126158353554978 -0.5220259065783743
 0.4532610010265309 -0.4230779505506020
 0.4910137877815224 -0.3199566012186480
 0.5263538626895752 -0.2140919556841254
 0.5559454295164128 -0.1053940527947624
 0.5817684413871451 3.440112069473758E-03
 0.6023802260533949 0.1117082648706213
 0.6185521849813989 0.2181083316920970
 0.6314369527454494 0.3216414092774004
 0.6414954275665876 0.4219951834203261
 0.6489193296548272 0.5191519581579651
 0.6541488235415621 0.6130018358007869
 0.6575769906601358 0.7034245211758481
 0.6591746601802383 0.7904444401602869
 0.6587464266733207 0.8740871043416406
 0.6563093211702469 0.9541937512395661
 0.6519688874525702 1.030505374642579
 0.6456494446924383 1.102824993482012
 0.6372293453357735 1.170974554723454
 0.6268129996092917 1.234681956535641
 0.6146341675071291 1.293648553166536
 0.6007931647723738 1.347686362500851
 0.5853047703428134 1.396684710214628
 0.5683136858995621 1.440488685301889
 0.5500330664301997 1.478919934645248
 0.5305121511271657 1.511883794819667
 0.5096615818885938 1.539346574087246
 0.4874667554933475 1.561226078626246
 0.4639739881505620 1.577409245686295
 0.4390892901545505 1.587869714740859
 0.4125988452153359 1.592670053985620
 0.3843994606018477 1.591853363244270
 0.3545274743554525 1.585432210805161
 0.3229611306037465 1.573483199970257
 0.2896024848421008 1.556142235759108
 0.2544909505363179 1.533485368271667
 0.2178389054547488 1.505511586875572
 0.1798093390899015 1.472262825739060
 0.1404575121747189 1.433858347372894
 9.995146082875463E-02 1.390387152729623
 5.863167172836927E-02 1.341885966511990
 1.675238866629056E-02 1.288474586651611
 -2.563219749934844E-02 1.230401231246700
 -6.842421716696442E-02 1.167893657089912
 -0.1113685708124961 1.101078443442401
 -0.1543399329797239 1.030108948176798
 -0.1974907711120463 0.9552210830806533
 -0.2408937772413634 0.8765376160699891
 -0.2842825828176627 0.7939470617290800
 -0.3274023214993723 0.7073190469796461
 -0.3702745330409472 0.6166877024255084
 -0.4126158353554978 0.5220259065783743
 -0.4532610010265309 0.4230779505506020
 -0.4910137877815224 0.3199566012186480
 -0.5263538626895752 0.2140919556841254
   
   
