 # action(x) =  25.03675013517140
 # |grad_action(x)| =  2.115062022603588E-12
 # PRINTSTEPS = 50
 #
 #BODY NUMBER  1
 -1.273976844542933 0.8405249503937879
 -1.268056094700807 0.8125649519951255
 -1.261113248966276 0.7840035344047465
 -1.252627883664326 0.7541402035596971
 -1.242644941288999 0.7227109624526122
 -1.231372283581271 0.6901689332546159
 -1.218794306853961 0.6569525742203736
 -1.204752656343965 0.6228227687618143
 -1.189267843080248 0.5874106457440613
 -1.172523754695846 0.5510054229622970
 -1.154545787105855 0.5141355930411426
 -1.135175372426509 0.4766823712695937
 -1.114414614997108 0.4381673534702809
 -1.092491064979962 0.3987140867144414
 -1.069475796529099 0.3588827203950833
 -1.045172666721212 0.3186255539826196
 -1.019552206076869 0.2773062266843945
 -0.9929256565473298 0.2348100530785537
 -0.9654505924649066 0.1916675507416811
 -0.9368805240802293 0.1478524058780863
 -0.9071507129394689 0.1024660640808781
 -0.8767582422142373 5.500956891067726E-02
 -0.8460912545621307 5.882405753806996E-03
 -0.8149198587446727 -4.504370842729022E-02
 -0.7832847209698702 -9.924853311955822E-02
 -0.7523814050312984 -0.1580430791359343
 -0.7236511067349487 -0.2214693177379863
 -0.6978960295726561 -0.2902338277930123
 -0.6775449419527116 -0.3673662319985432
 -0.6699951606899632 -0.4546504651758533
 -0.6855993907289786 -0.5463757239541981
 -0.7292855482205747 -0.6290823552298080
 -0.7944187379036840 -0.6900195324963994
 -0.8669032319211367 -0.7258937428457098
 -0.9355529290464339 -0.7427378780847043
 -0.9974271586822346 -0.7485093253526409
 -1.054181591246725 -0.7475080144717559
 -1.106580633108170 -0.7410164853114563
 -1.153990070277235 -0.7302084386386009
 -1.196770891761647 -0.7166865150359124
 -1.236348305572983 -0.7012863457002308
 -1.273257821486996 -0.6839612371425844
 -1.306959924298096 -0.6648049295182640
 -1.337501251737379 -0.6443672917596366
 -1.365817471603883 -0.6230139651993638
 -1.392292501223312 -0.6006520679961740
 -1.416399106943041 -0.5772007620354678
 -1.438025107400847 -0.5528851142127659
 -1.457889956922643 -0.5279301860753711
 -1.476280713201052 -0.5022863117819429
 -1.492668773968801 -0.4758531567984637
 -1.507265297375942 -0.4488528472005632
 -1.519740160133290 -0.4209853570976481
 -1.531272739570774 -0.3928644736234804
 -1.541065531016506 -0.3641044337492334
 -1.548888719032467 -0.3345361631330187
 -1.555140094613624 -0.3044108946515599
 -1.560149944340957 -0.2739356941366528
 -1.563654507271257 -0.2428944127402796
 -1.565275093779448 -0.2110531156196227
 -1.565183408043562 -0.1786020239025705
 -1.563776335969807 -0.1457813212012153
 -1.560918571273655 -0.1123845696443334
 -1.556120880639454 -7.811018667908642E-02
 -1.549364352426403 -4.311531402715896E-02
 -1.541068468315401 -7.681442811244166E-03
 -1.531208121020360 2.840707459245573E-02
 -1.519179824607708 6.554396745409552E-02
 -1.504721359698920 0.1035983804202926
 -1.488214848983705 0.1422223655923103
 -1.469720279511593 0.1816583731658985
 -1.448448471139673 0.2224405393721755
 -1.423728350917312 0.2644444519478972
 -1.395747375145811 0.3071739890919616
 -1.364511360441100 0.3508966975381191
 -1.328701492012702 0.3963250433989176
 -1.286609594812534 0.4431120075516543
 -1.237541676614050 0.4900544952908971
 -1.180522905885652 0.5368019893937646
 -1.111719688680878 0.5827520775444476
 -1.025919477033823 0.6223964534475951
 -0.9229652666341301 0.6439138022105373
 -0.8120989183643683 0.6362727569248265
 -0.7076664723048089 0.5988000544358720
 -0.6195452455701210 0.5420373046136525
 -0.5481212699391428 0.4786844011871433
 -0.4879879006815872 0.4152507476806794
 -0.4345527560847466 0.3524353469953735
 -0.3862737697943989 0.2902266118411247
 -0.3424646269026238 0.2297865769691508
 -0.3015958658128574 0.1716170500620678
 -0.2622105712799917 0.1149065451623605
 -0.2240260827749709 5.919314722544534E-02
 -0.1872439886400056 5.033662946311232E-03
 -0.1514365656319072 -4.730616837475546E-02
 -0.1158243436725785 -9.843475053720331E-02
 -8.022024342709146E-02 -0.1486959532820309
 -4.495738008027737E-02 -0.1976207375326401
 -1.002287172643553E-02 -0.2449578147535140
 2.509012739599492E-02 -0.2911911570613412
 6.064092747405311E-02 -0.3365530302141526
 9.632204819657628E-02 -0.3805794236079311
 0.1318471712067174 -0.4233157026144816
 0.1678327816894662 -0.4646441212045014
 0.2040050916120013 -0.5050487097065857
 0.2404259515663950 -0.5440862791219030
 0.2770530431646391 -0.5817844452382024
 0.3138408994994745 -0.6182609718324099
 0.3507696671995997 -0.6534771521768538
 0.3877972339130260 -0.6873285899044588
 0.4248452473176358 -0.7198041306310693
 0.4618398282235636 -0.7509550950138913
 0.4987243618012913 -0.7807750221021398
 0.5354248625075894 -0.8092020218413234
 0.5718403795856667 -0.8362156702065481
 0.6078789642897411 -0.8618528098181647
 0.6434716570978556 -0.8861284751964296
 0.6785409502708485 -0.9090078592879010
 0.7129880756014636 -0.9304708140849597
 0.7467266949888214 -0.9505486599908178
 0.7797007965014879 -0.9692722955731480
 0.8118540076545081 -0.9866287034536684
 0.8431104416258177 -1.002601030517699
 0.8734058228796259 -1.017216684370605
 0.9027110066188763 -1.030518015514406
 0.9310025453966455 -1.042510618071802
 0.9582357128125270 -1.053181790647610
 0.9843727672482898 -1.062553930291807
 1.009414248112271 -1.070675732886053
 1.033372578824905 -1.077566859535278
 1.056236415452033 -1.083215109886635
 1.077995078836924 -1.087629034640380
 1.098678481684993 -1.090845865601714
 1.118331741945551 -1.092872190682615
 1.136961636631943 -1.093657647072785
 1.154547604581198 -1.093148686520432
 1.171092257005408 -1.091330258663177
 1.186611467794660 -1.088186464703859
 1.201079760935883 -1.083659117654672
 1.214440129206184 -1.077689376305420
 1.226671228814769 -1.070273794968877
 1.237787564924022 -1.061429788012404
 1.247764746628280 -1.051126116109857
 1.256531293363002 -1.039307715214942
 1.264055899801391 -1.025979865408839
 1.270368964411205 -1.011195913828179
 1.275460376289245 -0.9949543848609933
 1.279239786827674 -0.9771922955483959
 1.281662003881150 -0.9579132575943000
 1.282798170894221 -0.9372251575258915
 1.282671716618422 -0.9151718658934100
 1.281122760533608 -0.8916327441611446
 1.278070211373917 -0.8665866184414848
 1.273976844542933 -0.8405249503937879
 1.268056094700807 -0.8125649519951255
 1.261113248966276 -0.7840035344047465
 1.252627883664326 -0.7541402035596971
 1.242644941288999 -0.7227109624526122
 1.231372283581271 -0.6901689332546159
 1.218794306853961 -0.6569525742203736
 1.204752656343965 -0.6228227687618143
 1.189267843080248 -0.5874106457440613
 1.172523754695846 -0.5510054229622970
 1.154545787105855 -0.5141355930411426
 1.135175372426509 -0.4766823712695937
 1.114414614997108 -0.4381673534702809
 1.092491064979962 -0.3987140867144414
 1.069475796529099 -0.3588827203950833
 1.045172666721212 -0.3186255539826196
 1.019552206076869 -0.2773062266843945
 0.9929256565473298 -0.2348100530785537
 0.9654505924649066 -0.1916675507416811
 0.9368805240802293 -0.1478524058780863
 0.9071507129394689 -0.1024660640808781
 0.8767582422142373 -5.500956891067726E-02
 0.8460912545621307 -5.882405753806996E-03
 0.8149198587446727 4.504370842729022E-02
 0.7832847209698702 9.924853311955822E-02
 0.7523814050312984 0.1580430791359343
 0.7236511067349487 0.2214693177379863
 0.6978960295726561 0.2902338277930123
 0.6775449419527116 0.3673662319985432
 0.6699951606899632 0.4546504651758533
 0.6855993907289786 0.5463757239541981
 0.7292855482205747 0.6290823552298080
 0.7944187379036840 0.6900195324963994
 0.8669032319211367 0.7258937428457098
 0.9355529290464339 0.7427378780847043
 0.9974271586822346 0.7485093253526409
 1.054181591246725 0.7475080144717559
 1.106580633108170 0.7410164853114563
 1.153990070277235 0.7302084386386009
 1.196770891761647 0.7166865150359124
 1.236348305572983 0.7012863457002308
 1.273257821486996 0.6839612371425844
 1.306959924298096 0.6648049295182640
 1.337501251737379 0.6443672917596366
 1.365817471603883 0.6230139651993638
 1.392292501223312 0.6006520679961740
 1.416399106943041 0.5772007620354678
 1.438025107400847 0.5528851142127659
 1.457889956922643 0.5279301860753711
 1.476280713201052 0.5022863117819429
 1.492668773968801 0.4758531567984637
 1.507265297375942 0.4488528472005632
 1.519740160133290 0.4209853570976481
 1.531272739570774 0.3928644736234804
 1.541065531016506 0.3641044337492334
 1.548888719032467 0.3345361631330187
 1.555140094613624 0.3044108946515599
 1.560149944340957 0.2739356941366528
 1.563654507271257 0.2428944127402796
 1.565275093779448 0.2110531156196227
 1.565183408043562 0.1786020239025705
 1.563776335969807 0.1457813212012153
 1.560918571273655 0.1123845696443334
 1.556120880639454 7.811018667908642E-02
 1.549364352426403 4.311531402715896E-02
 1.541068468315401 7.681442811244166E-03
 1.531208121020360 -2.840707459245573E-02
 1.519179824607708 -6.554396745409552E-02
 1.504721359698920 -0.1035983804202926
 1.488214848983705 -0.1422223655923103
 1.469720279511593 -0.1816583731658985
 1.448448471139673 -0.2224405393721755
 1.423728350917312 -0.2644444519478972
 1.395747375145811 -0.3071739890919616
 1.364511360441100 -0.3508966975381191
 1.328701492012702 -0.3963250433989176
 1.286609594812534 -0.4431120075516543
 1.237541676614050 -0.4900544952908971
 1.180522905885652 -0.5368019893937646
 1.111719688680878 -0.5827520775444476
 1.025919477033823 -0.6223964534475951
 0.9229652666341301 -0.6439138022105373
 0.8120989183643683 -0.6362727569248265
 0.7076664723048089 -0.5988000544358720
 0.6195452455701210 -0.5420373046136525
 0.5481212699391428 -0.4786844011871433
 0.4879879006815872 -0.4152507476806794
 0.4345527560847466 -0.3524353469953735
 0.3862737697943989 -0.2902266118411247
 0.3424646269026238 -0.2297865769691508
 0.3015958658128574 -0.1716170500620678
 0.2622105712799917 -0.1149065451623605
 0.2240260827749709 -5.919314722544534E-02
 0.1872439886400056 -5.033662946311232E-03
 0.1514365656319072 4.730616837475546E-02
 0.1158243436725785 9.843475053720331E-02
 8.022024342709146E-02 0.1486959532820309
 4.495738008027737E-02 0.1976207375326401
 1.002287172643553E-02 0.2449578147535140
 -2.509012739599492E-02 0.2911911570613412
 -6.064092747405311E-02 0.3365530302141526
 -9.632204819657628E-02 0.3805794236079311
 -0.1318471712067174 0.4233157026144816
 -0.1678327816894662 0.4646441212045014
 -0.2040050916120013 0.5050487097065857
 -0.2404259515663950 0.5440862791219030
 -0.2770530431646391 0.5817844452382024
 -0.3138408994994745 0.6182609718324099
 -0.3507696671995997 0.6534771521768538
 -0.3877972339130260 0.6873285899044588
 -0.4248452473176358 0.7198041306310693
 -0.4618398282235636 0.7509550950138913
 -0.4987243618012913 0.7807750221021398
 -0.5354248625075894 0.8092020218413234
 -0.5718403795856667 0.8362156702065481
 -0.6078789642897411 0.8618528098181647
 -0.6434716570978556 0.8861284751964296
 -0.6785409502708485 0.9090078592879010
 -0.7129880756014636 0.9304708140849597
 -0.7467266949888214 0.9505486599908178
 -0.7797007965014879 0.9692722955731480
 -0.8118540076545081 0.9866287034536684
 -0.8431104416258177 1.002601030517699
 -0.8734058228796259 1.017216684370605
 -0.9027110066188763 1.030518015514406
 -0.9310025453966455 1.042510618071802
 -0.9582357128125270 1.053181790647610
 -0.9843727672482898 1.062553930291807
 -1.009414248112271 1.070675732886053
 -1.033372578824905 1.077566859535278
 -1.056236415452033 1.083215109886635
 -1.077995078836924 1.087629034640380
 -1.098678481684993 1.090845865601714
 -1.118331741945551 1.092872190682615
 -1.136961636631943 1.093657647072785
 -1.154547604581198 1.093148686520432
 -1.171092257005408 1.091330258663177
 -1.186611467794660 1.088186464703859
 -1.201079760935883 1.083659117654672
 -1.214440129206184 1.077689376305420
 -1.226671228814769 1.070273794968877
 -1.237787564924022 1.061429788012404
 -1.247764746628280 1.051126116109857
 -1.256531293363002 1.039307715214942
 -1.264055899801391 1.025979865408839
 -1.270368964411205 1.011195913828179
 -1.275460376289245 0.9949543848609933
 -1.279239786827674 0.9771922955483959
 -1.281662003881150 0.9579132575943000
 -1.282798170894221 0.9372251575258915
 -1.282671716618422 0.9151718658934100
 -1.281122760533608 0.8916327441611446
 -1.278070211373917 0.8665866184414848
 -1.273976844542933 0.8405249503937879
   
   
 #BODY NUMBER  2
 -0.3649146804513085 -1.529756461370554
 -0.3952860661988182 -1.526626264375684
 -0.4254057553830516 -1.522553329402624
 -0.4552090762508685 -1.516654115631466
 -0.4847275437584641 -1.508645059883764
 -0.5139424793498127 -1.498996275704914
 -0.5428397020448132 -1.488097332580473
 -0.5714745217652436 -1.475611732409087
 -0.5998601872152762 -1.461094552933883
 -0.6279178141548396 -1.444789604898915
 -0.6556378404273918 -1.427160693387410
 -0.6831313933314532 -1.407987420784063
 -0.7104150343612929 -1.386695307332722
 -0.7373432189735383 -1.363346545932871
 -0.7638819095454455 -1.338445163937934
 -0.7902053087544461 -1.311861593988441
 -0.8163526531839209 -1.282876337300015
 -0.8420795090843574 -1.251327732906180
 -0.8672756060811111 -1.217720682712955
 -0.8921809057276178 -1.181985911931256
 -0.9168633934976529 -1.143172902393600
 -0.9408797887353880 -1.100762694008569
 -0.9638941655083483 -1.055165689595740
 -0.9861411343926255 -1.006253153125398
 -1.007578301745784 -0.9525267244298277
 -1.027051052667922 -0.8926805900846311
 -1.043170480467703 -0.8267152825443049
 -1.055145612559851 -0.7539618315495182
 -1.060537947602089 -0.6714014535127436
 -1.051970878427867 -0.5772741026247389
 -1.019128343878819 -0.4773544666105660
 -0.9570778304150451 -0.3851619152269947
 -0.8724092950813744 -0.3134571152045454
 -0.7791906983793276 -0.2655232691507670
 -0.6886134867929793 -0.2353447435283138
 -0.6036116467727439 -0.2149845448893525
 -0.5224943417319504 -0.2001160525562466
 -0.4444805036058990 -0.1894095915369693
 -0.3702333265552646 -0.1816897783106565
 -0.2994226579827252 -0.1753811564392633
 -0.2306172728117039 -0.1696277432881229
 -0.1632758106146735 -0.1644157051807176
 -9.798127430559676E-02 -0.1596412193950141
 -3.474993924771138E-02 -0.1548009970864788
 2.733482274411274E-02 -0.1495241992657140
 8.866435126863710E-02 -0.1438207453466483
 0.1486658889777446 -0.1377446020034327
 0.2071282545688479 -0.1311589689107229
 0.2647240030705034 -0.1238668908215511
 0.3217839376231144 -0.1157599314054966
 0.3777524731003956 -0.1068723711211814
 0.4325257378883585 -9.747485162510734E-02
 0.4863100035269270 -8.697460807136514E-02
 0.5393875585604562 -7.585076301592800E-02
 0.5914055153533163 -6.382815777540635E-02
 0.6423666306852395 -5.095724904273710E-02
 0.6923501575250595 -3.733629420310114E-02
 0.7413126481776646 -2.296313341656042E-02
 0.7891426365611107 -7.822038866212688E-03
 0.8357912865342965 8.024711538620610E-03
 0.8812661034951685 2.448747621410174E-02
 0.9255331846814552 4.152045575502983E-02
 0.9685019389621108 5.909052182870089E-02
 1.010104203234334 7.712046052764959E-02
 1.050325909770400 9.551222059200698E-02
 1.089145599085805 0.1141985640637975
 1.126494373518457 0.1331297707986377
 1.162305400278294 0.1522303790237675
 1.196562634579716 0.1714099575489045
 1.229264829401549 0.1906045493346755
 1.260372525121034 0.2097718430661759
 1.289833183101694 0.2288545453850256
 1.317638401258134 0.2477832882417053
 1.343810283802440 0.2665116562505662
 1.368341951663520 0.2850165462655689
 1.391200041910278 0.3032655747853328
 1.412385080147849 0.3212148580847021
 1.431939507950979 0.3388405153641679
 1.449886564046221 0.3561434750689657
 1.466210010650995 0.3731200132403575
 1.480911913310577 0.3897566061071948
 1.494039472066806 0.4060605429296628
 1.505620951193471 0.4220676030420430
 1.515616123724119 0.4378088369152016
 1.523968334930885 0.4532932121855722
 1.530665856423658 0.4685305154103496
 1.535702856385251 0.4835424431801862
 1.539016205399517 0.4983360261144796
 1.540526441872193 0.5128913151151012
 1.540219909855210 0.5271915487606249
 1.538118943214284 0.5412405817064806
 1.534184292446548 0.5550329104718157
 1.528332530406803 0.5685341630950055
 1.520552577116089 0.5817145883271817
 1.510905831783825 0.5945738384453432
 1.499385961040962 0.6071038949564491
 1.485893245741179 0.6192580051503573
 1.470408217639145 0.6309952256291953
 1.453059880930405 0.6423232251596609
 1.433897943001710 0.6532403583606426
 1.412737987556386 0.6636684839079801
 1.389521131836937 0.6735479616492172
 1.364904381827142 0.6830338360104244
 1.337729938003065 0.6918863154370219
 1.309523601934436 0.7001543434515511
 1.279418516130029 0.7077374669621962
 1.247208523721963 0.7148066058141892
 1.213389970891940 0.7213152124701284
 1.178334771783406 0.7270305446131895
 1.141756667975075 0.7319350212897497
 1.103346463207903 0.7362308411393896
 1.063446571256262 0.7399326466261675
 1.022527378116335 0.7427981849453991
 0.9804067292689282 0.7447495246370212
 0.9366713667128129 0.7460276902010098
 0.8915420604313989 0.7467679723229423
 0.8455394511059595 0.7467518483292556
 0.7985241574044448 0.7458333037303866
 0.7499303399747266 0.7443049976048389
 0.6998142993036649 0.7424938161000533
 0.6487142642558921 0.7402709638025058
 0.5964842015411851 0.7374361312253139
 0.5423135709895791 0.7343825304263059
 0.4860188052349959 0.7317901262795808
 0.4281399400992300 0.7297953174937480
 0.3684509335936438 0.7282631539349579
 0.3056906095150565 0.7279687333158924
 0.2393213810916157 0.7306029496601006
 0.1700274980475707 0.7374349007781830
 9.759814687998138E-02 0.7495126047067222
 2.062398157304968E-02 0.7704542479359727
 -5.874127233971960E-02 0.8075580621580719
 -0.1303755615909601 0.8669343511675278
 -0.1801585265912728 0.9461209889867830
 -0.2003650752975018 1.032996574515162
 -0.1951908057919850 1.113707092889392
 -0.1754534062510862 1.181581542181504
 -0.1495145113838212 1.238051920519668
 -0.1202701344416439 1.286702045457445
 -8.844878434869448E-02 1.328835182263271
 -5.538402278018119E-02 1.364488935894376
 -2.228328269001500E-02 1.394777252293299
 1.084236208293578E-02 1.421352213402165
 4.430110417418710E-02 1.444654237546263
 7.774200462510818E-02 1.464262960929470
 0.1107121818370648 1.480493707477874
 0.1433628150268181 1.494339609941276
 0.1759663008913114 1.506086709556052
 0.2083290304650689 1.515237989527999
 0.2401999994179073 1.521808831395362
 0.2717440258954042 1.526534831654895
 0.3031476506241726 1.529639756640092
 0.3342334647259112 1.530615656091986
 0.3649146804513085 1.529756461370554
 0.3952860661988182 1.526626264375684
 0.4254057553830516 1.522553329402624
 0.4552090762508685 1.516654115631466
 0.4847275437584641 1.508645059883764
 0.5139424793498127 1.498996275704914
 0.5428397020448132 1.488097332580473
 0.5714745217652436 1.475611732409087
 0.5998601872152762 1.461094552933883
 0.6279178141548396 1.444789604898915
 0.6556378404273918 1.427160693387410
 0.6831313933314532 1.407987420784063
 0.7104150343612929 1.386695307332722
 0.7373432189735383 1.363346545932871
 0.7638819095454455 1.338445163937934
 0.7902053087544461 1.311861593988441
 0.8163526531839209 1.282876337300015
 0.8420795090843574 1.251327732906180
 0.8672756060811111 1.217720682712955
 0.8921809057276178 1.181985911931256
 0.9168633934976529 1.143172902393600
 0.9408797887353880 1.100762694008569
 0.9638941655083483 1.055165689595740
 0.9861411343926255 1.006253153125398
 1.007578301745784 0.9525267244298277
 1.027051052667922 0.8926805900846311
 1.043170480467703 0.8267152825443049
 1.055145612559851 0.7539618315495182
 1.060537947602089 0.6714014535127436
 1.051970878427867 0.5772741026247389
 1.019128343878819 0.4773544666105660
 0.9570778304150451 0.3851619152269947
 0.8724092950813744 0.3134571152045454
 0.7791906983793276 0.2655232691507670
 0.6886134867929793 0.2353447435283138
 0.6036116467727439 0.2149845448893525
 0.5224943417319504 0.2001160525562466
 0.4444805036058990 0.1894095915369693
 0.3702333265552646 0.1816897783106565
 0.2994226579827252 0.1753811564392633
 0.2306172728117039 0.1696277432881229
 0.1632758106146735 0.1644157051807176
 9.798127430559676E-02 0.1596412193950141
 3.474993924771138E-02 0.1548009970864788
 -2.733482274411274E-02 0.1495241992657140
 -8.866435126863710E-02 0.1438207453466483
 -0.1486658889777446 0.1377446020034327
 -0.2071282545688479 0.1311589689107229
 -0.2647240030705034 0.1238668908215511
 -0.3217839376231144 0.1157599314054966
 -0.3777524731003956 0.1068723711211814
 -0.4325257378883585 9.747485162510734E-02
 -0.4863100035269270 8.697460807136514E-02
 -0.5393875585604562 7.585076301592800E-02
 -0.5914055153533163 6.382815777540635E-02
 -0.6423666306852395 5.095724904273710E-02
 -0.6923501575250595 3.733629420310114E-02
 -0.7413126481776646 2.296313341656042E-02
 -0.7891426365611107 7.822038866212688E-03
 -0.8357912865342965 -8.024711538620610E-03
 -0.8812661034951685 -2.448747621410174E-02
 -0.9255331846814552 -4.152045575502983E-02
 -0.9685019389621108 -5.909052182870089E-02
 -1.010104203234334 -7.712046052764959E-02
 -1.050325909770400 -9.551222059200698E-02
 -1.089145599085805 -0.1141985640637975
 -1.126494373518457 -0.1331297707986377
 -1.162305400278294 -0.1522303790237675
 -1.196562634579716 -0.1714099575489045
 -1.229264829401549 -0.1906045493346755
 -1.260372525121034 -0.2097718430661759
 -1.289833183101694 -0.2288545453850256
 -1.317638401258134 -0.2477832882417053
 -1.343810283802440 -0.2665116562505662
 -1.368341951663520 -0.2850165462655689
 -1.391200041910278 -0.3032655747853328
 -1.412385080147849 -0.3212148580847021
 -1.431939507950979 -0.3388405153641679
 -1.449886564046221 -0.3561434750689657
 -1.466210010650995 -0.3731200132403575
 -1.480911913310577 -0.3897566061071948
 -1.494039472066806 -0.4060605429296628
 -1.505620951193471 -0.4220676030420430
 -1.515616123724119 -0.4378088369152016
 -1.523968334930885 -0.4532932121855722
 -1.530665856423658 -0.4685305154103496
 -1.535702856385251 -0.4835424431801862
 -1.539016205399517 -0.4983360261144796
 -1.540526441872193 -0.5128913151151012
 -1.540219909855210 -0.5271915487606249
 -1.538118943214284 -0.5412405817064806
 -1.534184292446548 -0.5550329104718157
 -1.528332530406803 -0.5685341630950055
 -1.520552577116089 -0.5817145883271817
 -1.510905831783825 -0.5945738384453432
 -1.499385961040962 -0.6071038949564491
 -1.485893245741179 -0.6192580051503573
 -1.470408217639145 -0.6309952256291953
 -1.453059880930405 -0.6423232251596609
 -1.433897943001710 -0.6532403583606426
 -1.412737987556386 -0.6636684839079801
 -1.389521131836937 -0.6735479616492172
 -1.364904381827142 -0.6830338360104244
 -1.337729938003065 -0.6918863154370219
 -1.309523601934436 -0.7001543434515511
 -1.279418516130029 -0.7077374669621962
 -1.247208523721963 -0.7148066058141892
 -1.213389970891940 -0.7213152124701284
 -1.178334771783406 -0.7270305446131895
 -1.141756667975075 -0.7319350212897497
 -1.103346463207903 -0.7362308411393896
 -1.063446571256262 -0.7399326466261675
 -1.022527378116335 -0.7427981849453991
 -0.9804067292689282 -0.7447495246370212
 -0.9366713667128129 -0.7460276902010098
 -0.8915420604313989 -0.7467679723229423
 -0.8455394511059595 -0.7467518483292556
 -0.7985241574044448 -0.7458333037303866
 -0.7499303399747266 -0.7443049976048389
 -0.6998142993036649 -0.7424938161000533
 -0.6487142642558921 -0.7402709638025058
 -0.5964842015411851 -0.7374361312253139
 -0.5423135709895791 -0.7343825304263059
 -0.4860188052349959 -0.7317901262795808
 -0.4281399400992300 -0.7297953174937480
 -0.3684509335936438 -0.7282631539349579
 -0.3056906095150565 -0.7279687333158924
 -0.2393213810916157 -0.7306029496601006
 -0.1700274980475707 -0.7374349007781830
 -9.759814687998138E-02 -0.7495126047067222
 -2.062398157304968E-02 -0.7704542479359727
 5.874127233971960E-02 -0.8075580621580719
 0.1303755615909601 -0.8669343511675278
 0.1801585265912728 -0.9461209889867830
 0.2003650752975018 -1.032996574515162
 0.1951908057919850 -1.113707092889392
 0.1754534062510862 -1.181581542181504
 0.1495145113838212 -1.238051920519668
 0.1202701344416439 -1.286702045457445
 8.844878434869448E-02 -1.328835182263271
 5.538402278018119E-02 -1.364488935894376
 2.228328269001500E-02 -1.394777252293299
 -1.084236208293578E-02 -1.421352213402165
 -4.430110417418710E-02 -1.444654237546263
 -7.774200462510818E-02 -1.464262960929470
 -0.1107121818370648 -1.480493707477874
 -0.1433628150268181 -1.494339609941276
 -0.1759663008913114 -1.506086709556052
 -0.2083290304650689 -1.515237989527999
 -0.2401999994179073 -1.521808831395362
 -0.2717440258954042 -1.526534831654895
 -0.3031476506241726 -1.529639756640092
 -0.3342334647259112 -1.530615656091986
 -0.3649146804513085 -1.529756461370554
   
   
 #BODY NUMBER  3
 0.3006785666816411 0.3258408509893743
 0.3184772218374608 0.3776695131331362
 0.3353824669484549 0.4291979466906577
 0.3509795637869213 0.4802581213464966
 0.3653135875206003 0.5308271961954653
 0.3785092580255849 0.5809246776293088
 0.3905429809780649 0.6305140187602933
 0.4013454026480847 0.6795065510382461
 0.4109460392166606 0.7278288421696899
 0.4194262752716049 0.7754425712279931
 0.4268088228801639 0.8222954778571696
 0.4330770764545215 0.8682925436700243
 0.4382638236486674 0.9133361307341976
 0.4424469454806585 0.9573650304101717
 0.4456739419879490 1.000327039260227
 0.4479534232476083 1.042137630086539
 0.4493173246768307 1.082701193108727
 0.4498359395908944 1.121958617539722
 0.4495640329000612 1.159876844907823
 0.4485185174665262 1.196400546519844
 0.4467227414758758 1.231455575902725
 0.4442325783785082 1.264999972612310
 0.4410992771835638 1.297029671764972
 0.4373394062668744 1.327527164337371
 0.4329643290977514 1.356447365432943
 0.4280123128995591 1.383768788376509
 0.4225252598387087 1.409516248250221
 0.4165139852213164 1.433710334604244
 0.4099735951989617 1.456335123126993
 0.4029168344736525 1.477385640747575
 0.3953609903818133 1.496906408531376
 0.3872892092479201 1.514939793724658
 0.3786544870921768 1.531466483987987
 0.3694207303496870 1.546441898706004
 0.3595735994182497 1.559860774073527
 0.3490913885905904 1.571728907884046
 0.3379364444636338 1.581995143769151
 0.3260863126660092 1.590580691420521
 0.3135486810404410 1.597465343729502
 0.3003313782902628 1.602670369718885
 0.2864195458182673 1.606159026581673
 0.2718012370438014 1.607841878309947
 0.2564966773146983 1.607694453736020
 0.2405368673726206 1.605769752273522
 0.2239255847517168 1.602058279817442
 0.2066534589135051 1.596450300698753
 0.1887462137579957 1.588908483223495
 0.1702617100361840 1.579548382685553
 0.1512262263832876 1.568412224254053
 0.1316152270227783 1.555301228069125
 0.1114509204630194 1.540134580090702
 9.092753728420921E-02 1.523558786404212
 6.967384330225823E-02 1.504451267432148
 4.841035296815976E-02 1.484157877856298
 2.679063246570257E-02 1.461877670521893
 4.563582432964508E-03 1.437517568266802
 -1.798231268933126E-02 1.411484145724744
 -4.045953507055478E-02 1.383983118833563
 -6.299598836888987E-02 1.354757790051564
 -8.592137987234549E-02 1.323641486883451
 -0.1090771834395842 1.290938069588464
 -0.1320184089895199 1.256933777986542
 -0.1547686431575809 1.221431895906615
 -0.1777432482842951 1.184195043671291
 -0.2009490045485632 1.145482059037384
 -0.2239363454231397 1.105634568724339
 -0.2466485093167675 1.064458857713006
 -0.2696218661021429 1.021611224289233
 -0.2931113572436649 0.9773038691786069
 -0.3167363282090145 0.9319385145441869
 -0.3403963225390442 0.8852885371034003
 -0.3648371419498898 0.8368485945071840
 -0.3907394369792414 0.7867996951902581
 -0.4179513144629007 0.7356777232475551
 -0.4464689251510288 0.6832194455076677
 -0.4775941114548138 0.6287202001963341
 -0.5130600239396826 0.5725598705241663
 -0.5536236086873780 0.5159655830401967
 -0.6002978826926747 0.4592787769137099
 -0.6569209603796619 0.4030880159374295
 -0.7287364330296828 0.3529075969822186
 -0.8159749523199387 0.3205586272133297
 -0.9094440748118475 0.3170386337569749
 -0.9947838132011859 0.3429770420187625
 -1.062094037713122 0.3878133500436823
 -1.111006335297520 0.4388436640968001
 -1.146941670066056 0.4895425951670272
 -1.174451725688369 0.5391940309856891
 -1.195029417456864 0.5878186969518144
 -1.209374093057416 0.6342804972557748
 -1.219054174451661 0.6780907372573864
 -1.225505943490047 0.7200658677019339
 -1.228956717312809 0.7606930004036782
 -1.229217919672988 0.7994580314112060
 -1.226789069900314 0.8361264157182371
 -1.222454656577064 0.8713256447419118
 -1.216326200332001 0.9054346415598780
 -1.208070076477972 0.9380372274925315
 -1.197825107982939 0.9689237171825961
 -1.186145931027238 0.9986046455795239
 -1.173133062576880 1.027353444858149
 -1.158435309242890 1.054762499293522
 -1.142350616924634 1.080903614169991
 -1.124454093934472 1.105640907278036
 -1.105866984187723 1.129688855779143
 -1.085856454765637 1.152549681882233
 -1.064161175274003 1.174108896750745
 -1.041197615263812 1.194585381053354
 -1.017310242296144 1.214161638443820
 -0.9921799855060132 1.232717319668808
 -0.9654149065641714 1.250041437314260
 -0.9372655938887228 1.266187580996345
 -0.9081384955424150 1.281379372186194
 -0.8777871779422017 1.295602851139730
 -0.8457058462781606 1.308585120653636
 -0.8120211334528649 1.320231231905712
 -0.7771865587699553 1.330763721126689
 -0.7410028122659137 1.340268668580896
 -0.7028271714237867 1.348420304754111
 -0.6626418506145620 1.354926113326472
 -0.6209392429025939 1.359943048305266
 -0.5775393737839750 1.363644285097155
 -0.5315850776420197 1.365613441765775
 -0.4828485621819237 1.365207145956467
 -0.4318532096374626 1.362339678687702
 -0.3783702260484743 1.357149850663517
 -0.3211231902669184 1.348851767828745
 -0.2595585421446127 1.335792597636285
 -0.1943711961463464 1.316769777835202
 -0.1253772933258010 1.290763820943283
 -5.118174107878806E-02 1.254153531057191
 2.605140139404471E-02 1.199670556072334
 9.616307724468864E-02 1.121268268821103
 0.1449789120506768 1.021434672151821
 0.1647428227765655 0.9122571696404175
 0.1596454528092067 0.8075605737644195
 0.1404922168538366 0.7140291447154571
 0.1156237460911568 0.6302352925700319
 8.794158564720379E-02 0.5525513995516201
 5.820673381150013E-02 0.4796362033780940
 2.776869965264089E-02 0.4114763552798073
 -2.173207830132243E-03 0.3469982065013311
 -3.159329846828778E-02 0.2845342884504834
 -6.075027216029745E-02 0.2236088524061630
 -8.926271433440888E-02 0.1646748823413254
 -0.1166866263841959 0.1074948287117234
 -0.1431591664166912 5.108944872851073E-02
 -0.1688845946957286 -4.875207935382612E-03
 -0.1936232690580219 -5.987613552920738E-02
 -0.2171511262952834 -0.1137988458427910
 -0.2396338756745085 -0.1673242662397902
 -0.2611430101490613 -0.2207930988086560
 -0.2814304249038193 -0.2737070524867497
 -0.3006785666816411 -0.3258408509893743
 -0.3184772218374608 -0.3776695131331362
 -0.3353824669484549 -0.4291979466906577
 -0.3509795637869213 -0.4802581213464966
 -0.3653135875206003 -0.5308271961954653
 -0.3785092580255849 -0.5809246776293088
 -0.3905429809780649 -0.6305140187602933
 -0.4013454026480847 -0.6795065510382461
 -0.4109460392166606 -0.7278288421696899
 -0.4194262752716049 -0.7754425712279931
 -0.4268088228801639 -0.8222954778571696
 -0.4330770764545215 -0.8682925436700243
 -0.4382638236486674 -0.9133361307341976
 -0.4424469454806585 -0.9573650304101717
 -0.4456739419879490 -1.000327039260227
 -0.4479534232476083 -1.042137630086539
 -0.4493173246768307 -1.082701193108727
 -0.4498359395908944 -1.121958617539722
 -0.4495640329000612 -1.159876844907823
 -0.4485185174665262 -1.196400546519844
 -0.4467227414758758 -1.231455575902725
 -0.4442325783785082 -1.264999972612310
 -0.4410992771835638 -1.297029671764972
 -0.4373394062668744 -1.327527164337371
 -0.4329643290977514 -1.356447365432943
 -0.4280123128995591 -1.383768788376509
 -0.4225252598387087 -1.409516248250221
 -0.4165139852213164 -1.433710334604244
 -0.4099735951989617 -1.456335123126993
 -0.4029168344736525 -1.477385640747575
 -0.3953609903818133 -1.496906408531376
 -0.3872892092479201 -1.514939793724658
 -0.3786544870921768 -1.531466483987987
 -0.3694207303496870 -1.546441898706004
 -0.3595735994182497 -1.559860774073527
 -0.3490913885905904 -1.571728907884046
 -0.3379364444636338 -1.581995143769151
 -0.3260863126660092 -1.590580691420521
 -0.3135486810404410 -1.597465343729502
 -0.3003313782902628 -1.602670369718885
 -0.2864195458182673 -1.606159026581673
 -0.2718012370438014 -1.607841878309947
 -0.2564966773146983 -1.607694453736020
 -0.2405368673726206 -1.605769752273522
 -0.2239255847517168 -1.602058279817442
 -0.2066534589135051 -1.596450300698753
 -0.1887462137579957 -1.588908483223495
 -0.1702617100361840 -1.579548382685553
 -0.1512262263832876 -1.568412224254053
 -0.1316152270227783 -1.555301228069125
 -0.1114509204630194 -1.540134580090702
 -9.092753728420921E-02 -1.523558786404212
 -6.967384330225823E-02 -1.504451267432148
 -4.841035296815976E-02 -1.484157877856298
 -2.679063246570257E-02 -1.461877670521893
 -4.563582432964508E-03 -1.437517568266802
 1.798231268933126E-02 -1.411484145724744
 4.045953507055478E-02 -1.383983118833563
 6.299598836888987E-02 -1.354757790051564
 8.592137987234549E-02 -1.323641486883451
 0.1090771834395842 -1.290938069588464
 0.1320184089895199 -1.256933777986542
 0.1547686431575809 -1.221431895906615
 0.1777432482842951 -1.184195043671291
 0.2009490045485632 -1.145482059037384
 0.2239363454231397 -1.105634568724339
 0.2466485093167675 -1.064458857713006
 0.2696218661021429 -1.021611224289233
 0.2931113572436649 -0.9773038691786069
 0.3167363282090145 -0.9319385145441869
 0.3403963225390442 -0.8852885371034003
 0.3648371419498898 -0.8368485945071840
 0.3907394369792414 -0.7867996951902581
 0.4179513144629007 -0.7356777232475551
 0.4464689251510288 -0.6832194455076677
 0.4775941114548138 -0.6287202001963341
 0.5130600239396826 -0.5725598705241663
 0.5536236086873780 -0.5159655830401967
 0.6002978826926747 -0.4592787769137099
 0.6569209603796619 -0.4030880159374295
 0.7287364330296828 -0.3529075969822186
 0.8159749523199387 -0.3205586272133297
 0.9094440748118475 -0.3170386337569749
 0.9947838132011859 -0.3429770420187625
 1.062094037713122 -0.3878133500436823
 1.111006335297520 -0.4388436640968001
 1.146941670066056 -0.4895425951670272
 1.174451725688369 -0.5391940309856891
 1.195029417456864 -0.5878186969518144
 1.209374093057416 -0.6342804972557748
 1.219054174451661 -0.6780907372573864
 1.225505943490047 -0.7200658677019339
 1.228956717312809 -0.7606930004036782
 1.229217919672988 -0.7994580314112060
 1.226789069900314 -0.8361264157182371
 1.222454656577064 -0.8713256447419118
 1.216326200332001 -0.9054346415598780
 1.208070076477972 -0.9380372274925315
 1.197825107982939 -0.9689237171825961
 1.186145931027238 -0.9986046455795239
 1.173133062576880 -1.027353444858149
 1.158435309242890 -1.054762499293522
 1.142350616924634 -1.080903614169991
 1.124454093934472 -1.105640907278036
 1.105866984187723 -1.129688855779143
 1.085856454765637 -1.152549681882233
 1.064161175274003 -1.174108896750745
 1.041197615263812 -1.194585381053354
 1.017310242296144 -1.214161638443820
 0.9921799855060132 -1.232717319668808
 0.9654149065641714 -1.250041437314260
 0.9372655938887228 -1.266187580996345
 0.9081384955424150 -1.281379372186194
 0.8777871779422017 -1.295602851139730
 0.8457058462781606 -1.308585120653636
 0.8120211334528649 -1.320231231905712
 0.7771865587699553 -1.330763721126689
 0.7410028122659137 -1.340268668580896
 0.7028271714237867 -1.348420304754111
 0.6626418506145620 -1.354926113326472
 0.6209392429025939 -1.359943048305266
 0.5775393737839750 -1.363644285097155
 0.5315850776420197 -1.365613441765775
 0.4828485621819237 -1.365207145956467
 0.4318532096374626 -1.362339678687702
 0.3783702260484743 -1.357149850663517
 0.3211231902669184 -1.348851767828745
 0.2595585421446127 -1.335792597636285
 0.1943711961463464 -1.316769777835202
 0.1253772933258010 -1.290763820943283
 5.118174107878806E-02 -1.254153531057191
 -2.605140139404471E-02 -1.199670556072334
 -9.616307724468864E-02 -1.121268268821103
 -0.1449789120506768 -1.021434672151821
 -0.1647428227765655 -0.9122571696404175
 -0.1596454528092067 -0.8075605737644195
 -0.1404922168538366 -0.7140291447154571
 -0.1156237460911568 -0.6302352925700319
 -8.794158564720379E-02 -0.5525513995516201
 -5.820673381150013E-02 -0.4796362033780940
 -2.776869965264089E-02 -0.4114763552798073
 2.173207830132243E-03 -0.3469982065013311
 3.159329846828778E-02 -0.2845342884504834
 6.075027216029745E-02 -0.2236088524061630
 8.926271433440888E-02 -0.1646748823413254
 0.1166866263841959 -0.1074948287117234
 0.1431591664166912 -5.108944872851073E-02
 0.1688845946957286 4.875207935382612E-03
 0.1936232690580219 5.987613552920738E-02
 0.2171511262952834 0.1137988458427910
 0.2396338756745085 0.1673242662397902
 0.2611430101490613 0.2207930988086560
 0.2814304249038193 0.2737070524867497
 0.3006785666816411 0.3258408509893743
   
   
 #BODY NUMBER  4
 2.579026708204944 -1.446698433459855
 2.548085495928195 -1.499172784208869
 2.516337330141369 -1.551141314129592
 2.483429034524980 -1.602349898661144
 2.449435766351388 -1.652799323008440
 2.414495627737626 -1.702549685717003
 2.378600342147923 -1.751580023557932
 2.341699521010993 -1.799825797727383
 2.303832160347385 -1.847269614440462
 2.265073772497041 -1.893936006213807
 2.225436094543752 -1.939822257095663
 2.184895157254371 -1.984886990868390
 2.143473166247548 -2.029104678799988
 2.101225390000316 -2.072486919353842
 2.058171016642516 -2.115038787579884
 2.014296221622330 -2.156730311709460
 1.969613780292948 -2.197530409197787
 1.924167474051896 -2.237440255500453
 1.877980430428000 -2.276467794798145
 1.831045290329943 -2.314590600362842
 1.783369345345643 -2.351773138080452
 1.734988789745060 -2.388006325086885
 1.685929521755642 -2.423297986327646
 1.636189586427320 -2.457631592567102
 1.585773138909027 -2.490967981169782
 1.534710609897417 -2.523287217013305
 1.483029449809872 -2.554594389083091
 1.430731694951157 -2.584877632529337
 1.377818343323796 -2.614094355234397
 1.324312645286331 -2.642212198470137
 1.270239106427092 -2.669231145492607
 1.215598873529662 -2.695145809186847
 1.160388089528428 -2.719917569886024
 1.104626117073475 -2.743511709912652
 1.048344080615938 -2.765934228876774
 0.9915580653730878 -2.787196980335191
 0.9342769718989027 -2.807269599971922
 0.8765282472701725 -2.826107892659944
 0.8183522086798891 -2.843711538470848
 0.7597757902666412 -2.860102826936219
 0.7008147135973432 -2.875258456292299
 0.6414990981170871 -2.889122592210215
 0.5818740331959629 -2.901688957450673
 0.5219743161332522 -2.913000710431194
 0.4618207751536029 -2.923052248764676
 0.4014443379681480 -2.931771735243025
 0.3408917545010564 -2.939142863094811
 0.2802018845587388 -2.945252169868583
 0.2193973443808865 -2.950129173993740
 0.1585070772595694 -2.953637992026445
 9.757531218827165E-02 -2.955729012664426
 3.663575911108641E-02 -2.956851863073966
 -2.427896782302952E-02 -2.956293162592922
 -8.515911782511987E-02 -2.954782709458331
 -0.1459612007294819 -2.951887581725067
 -0.2066483179073377 -2.947673260102727
 -0.2672034651673236 -2.942289393805741
 -0.3276126260885528 -2.935718333529425
 -0.3878451027130096 -2.927884172089063
 -0.4478663335708332 -2.918811984136650
 -0.5076598082746788 -2.908579431535195
 -0.5672173061994367 -2.897195320921548
 -0.6265149791060918 -2.884618206222076
 -0.6855196156548795 -2.870854553700636
 -0.7442136261712207 -2.855958026494059
 -0.8025918117123606 -2.839947779535205
 -0.8606351282411588 -2.822796854526678
 -0.9183102698076219 -2.804500773976489
 -0.9755963636873899 -2.785098041414903
 -1.032488725978334 -2.764612657959755
 -1.088971614109925 -2.743027037087005
 -1.145010608842698 -2.720329726439977
 -1.200579747050633 -2.696547529743883
 -1.255672856221595 -2.671706787994359
 -1.310276599092657 -2.645797543537164
 -1.364354982252155 -2.618803813519098
 -1.417875526029351 -2.590741984135326
 -1.470828912406209 -2.561638372637355
 -1.523203847969004 -2.531488810091938
 -1.574962947860593 -2.500272864735796
 -1.626066563421104 -2.467994492606001
 -1.676502427355689 -2.434674907792611
 -1.726265300894146 -2.400312409881858
 -1.775323666956719 -2.364884348723522
 -1.823637777827703 -2.328390134025720
 -1.871197267096239 -2.290859720158831
 -1.918004357635008 -2.252312964108040
 -1.964028302898012 -2.212742391821211
 -2.009217105244131 -2.172149675600589
 -2.053550329010739 -2.130569571195312
 -2.097033810429133 -2.088036549019418
 -2.139639508796488 -2.044552573467364
 -2.181304010443052 -2.000115811579310
 -2.221999334435084 -1.954762173275550
 -2.261745458408905 -1.908543373110003
 -2.300527116442638 -1.861474647660779
 -2.338266631833571 -1.813546862507354
 -2.374926507541307 -1.764792350885968
 -2.410562257378064 -1.715288035150434
 -2.445188136933738 -1.665068260753561
 -2.478671996047976 -1.614090151599632
 -2.510948755575954 -1.562367205469454
 -2.542390949093858 -1.510153429614111
 -2.572364463751225 -1.457120378384052
 -2.601496447966489 -1.403641395328740
 -2.629390235254462 -1.349537683063923
 -2.656084084258726 -1.294873937094286
 -2.681699092904950 -1.239739708088738
 -2.706212968236476 -1.184138309971493
 -2.729544623724002 -1.128058374361680
 -2.751698493918218 -1.071542369696188
 -2.772733580771719 -1.014643425321388
 -2.792653400743189 -0.9573730638258857
 -2.811410136360463 -0.8997312153536861
 -2.828992781902428 -0.8417498749006479
 -2.845439016171536 -0.7834711071402169
 -2.860762828354876 -0.7249089919553214
 -2.874931349863489 -0.6660665428172172
 -2.887924050100570 -0.6069703647787018
 -2.899763837739286 -0.5476577859144497
 -2.910469156406335 -0.4881448631616102
 -2.920016904439868 -0.4284364367241622
 -2.928379954188342 -0.3685565883595248
 -2.935568536795693 -0.3085412046569979
 -2.941602377977238 -0.2484088016667131
 -2.946466185519977 -0.1881659509700623
 -2.950128121161182 -0.1278358323493159
 -2.952586135926769 -6.745476712202057E-02
 -2.953858362216082 -7.043983554262835E-03
 -2.953935542920161 5.338882243739815E-02
 -2.952781291184389 0.1138214904986019
 -2.950379208707435 0.1742177058641358
 -2.946741533782781 0.2345562376999965
 -2.941864174423808 0.2948333993049892
 -2.935711756485147 0.3550332211625014
 -2.928263894901178 0.4151215758869332
 -2.919541347712177 0.4750745087179432
 -2.909562423008095 0.5348840162271502
 -2.898305274796915 0.5945272081507112
 -2.885745352514304 0.6539582170593548
 -2.871902537690628 0.7131419672755359
 -2.856809600695775 0.7720662779168009
 -2.840454222393831 0.8307058828249345
 -2.822803108560139 0.8890067806309038
 -2.803873367631047 0.9469267841751229
 -2.783719774542158 1.004457337321191
 -2.762347891596241 1.061577601103897
 -2.739710969801719 1.118224872735670
 -2.715818262042363 1.174350512208842
 -2.690764141936803 1.229964134718149
 -2.664585481314624 1.285060913240179
 -2.637179073307545 1.339547840426813
 -2.608524067764226 1.393361807194973
 -2.579026708204944 1.446698433459855
 -2.548085495928195 1.499172784208869
 -2.516337330141369 1.551141314129592
 -2.483429034524980 1.602349898661144
 -2.449435766351388 1.652799323008440
 -2.414495627737626 1.702549685717003
 -2.378600342147923 1.751580023557932
 -2.341699521010993 1.799825797727383
 -2.303832160347385 1.847269614440462
 -2.265073772497041 1.893936006213807
 -2.225436094543752 1.939822257095663
 -2.184895157254371 1.984886990868390
 -2.143473166247548 2.029104678799988
 -2.101225390000316 2.072486919353842
 -2.058171016642516 2.115038787579884
 -2.014296221622330 2.156730311709460
 -1.969613780292948 2.197530409197787
 -1.924167474051896 2.237440255500453
 -1.877980430428000 2.276467794798145
 -1.831045290329943 2.314590600362842
 -1.783369345345643 2.351773138080452
 -1.734988789745060 2.388006325086885
 -1.685929521755642 2.423297986327646
 -1.636189586427320 2.457631592567102
 -1.585773138909027 2.490967981169782
 -1.534710609897417 2.523287217013305
 -1.483029449809872 2.554594389083091
 -1.430731694951157 2.584877632529337
 -1.377818343323796 2.614094355234397
 -1.324312645286331 2.642212198470137
 -1.270239106427092 2.669231145492607
 -1.215598873529662 2.695145809186847
 -1.160388089528428 2.719917569886024
 -1.104626117073475 2.743511709912652
 -1.048344080615938 2.765934228876774
 -0.9915580653730878 2.787196980335191
 -0.9342769718989027 2.807269599971922
 -0.8765282472701725 2.826107892659944
 -0.8183522086798891 2.843711538470848
 -0.7597757902666412 2.860102826936219
 -0.7008147135973432 2.875258456292299
 -0.6414990981170871 2.889122592210215
 -0.5818740331959629 2.901688957450673
 -0.5219743161332522 2.913000710431194
 -0.4618207751536029 2.923052248764676
 -0.4014443379681480 2.931771735243025
 -0.3408917545010564 2.939142863094811
 -0.2802018845587388 2.945252169868583
 -0.2193973443808865 2.950129173993740
 -0.1585070772595694 2.953637992026445
 -9.757531218827165E-02 2.955729012664426
 -3.663575911108641E-02 2.956851863073966
 2.427896782302952E-02 2.956293162592922
 8.515911782511987E-02 2.954782709458331
 0.1459612007294819 2.951887581725067
 0.2066483179073377 2.947673260102727
 0.2672034651673236 2.942289393805741
 0.3276126260885528 2.935718333529425
 0.3878451027130096 2.927884172089063
 0.4478663335708332 2.918811984136650
 0.5076598082746788 2.908579431535195
 0.5672173061994367 2.897195320921548
 0.6265149791060918 2.884618206222076
 0.6855196156548795 2.870854553700636
 0.7442136261712207 2.855958026494059
 0.8025918117123606 2.839947779535205
 0.8606351282411588 2.822796854526678
 0.9183102698076219 2.804500773976489
 0.9755963636873899 2.785098041414903
 1.032488725978334 2.764612657959755
 1.088971614109925 2.743027037087005
 1.145010608842698 2.720329726439977
 1.200579747050633 2.696547529743883
 1.255672856221595 2.671706787994359
 1.310276599092657 2.645797543537164
 1.364354982252155 2.618803813519098
 1.417875526029351 2.590741984135326
 1.470828912406209 2.561638372637355
 1.523203847969004 2.531488810091938
 1.574962947860593 2.500272864735796
 1.626066563421104 2.467994492606001
 1.676502427355689 2.434674907792611
 1.726265300894146 2.400312409881858
 1.775323666956719 2.364884348723522
 1.823637777827703 2.328390134025720
 1.871197267096239 2.290859720158831
 1.918004357635008 2.252312964108040
 1.964028302898012 2.212742391821211
 2.009217105244131 2.172149675600589
 2.053550329010739 2.130569571195312
 2.097033810429133 2.088036549019418
 2.139639508796488 2.044552573467364
 2.181304010443052 2.000115811579310
 2.221999334435084 1.954762173275550
 2.261745458408905 1.908543373110003
 2.300527116442638 1.861474647660779
 2.338266631833571 1.813546862507354
 2.374926507541307 1.764792350885968
 2.410562257378064 1.715288035150434
 2.445188136933738 1.665068260753561
 2.478671996047976 1.614090151599632
 2.510948755575954 1.562367205469454
 2.542390949093858 1.510153429614111
 2.572364463751225 1.457120378384052
 2.601496447966489 1.403641395328740
 2.629390235254462 1.349537683063923
 2.656084084258726 1.294873937094286
 2.681699092904950 1.239739708088738
 2.706212968236476 1.184138309971493
 2.729544623724002 1.128058374361680
 2.751698493918218 1.071542369696188
 2.772733580771719 1.014643425321388
 2.792653400743189 0.9573730638258857
 2.811410136360463 0.8997312153536861
 2.828992781902428 0.8417498749006479
 2.845439016171536 0.7834711071402169
 2.860762828354876 0.7249089919553214
 2.874931349863489 0.6660665428172172
 2.887924050100570 0.6069703647787018
 2.899763837739286 0.5476577859144497
 2.910469156406335 0.4881448631616102
 2.920016904439868 0.4284364367241622
 2.928379954188342 0.3685565883595248
 2.935568536795693 0.3085412046569979
 2.941602377977238 0.2484088016667131
 2.946466185519977 0.1881659509700623
 2.950128121161182 0.1278358323493159
 2.952586135926769 6.745476712202057E-02
 2.953858362216082 7.043983554262835E-03
 2.953935542920161 -5.338882243739815E-02
 2.952781291184389 -0.1138214904986019
 2.950379208707435 -0.1742177058641358
 2.946741533782781 -0.2345562376999965
 2.941864174423808 -0.2948333993049892
 2.935711756485147 -0.3550332211625014
 2.928263894901178 -0.4151215758869332
 2.919541347712177 -0.4750745087179432
 2.909562423008095 -0.5348840162271502
 2.898305274796915 -0.5945272081507112
 2.885745352514304 -0.6539582170593548
 2.871902537690628 -0.7131419672755359
 2.856809600695775 -0.7720662779168009
 2.840454222393831 -0.8307058828249345
 2.822803108560139 -0.8890067806309038
 2.803873367631047 -0.9469267841751229
 2.783719774542158 -1.004457337321191
 2.762347891596241 -1.061577601103897
 2.739710969801719 -1.118224872735670
 2.715818262042363 -1.174350512208842
 2.690764141936803 -1.229964134718149
 2.664585481314624 -1.285060913240179
 2.637179073307545 -1.339547840426813
 2.608524067764226 -1.393361807194973
 2.579026708204944 -1.446698433459855
   
   
 #BODY NUMBER  5
 -3.319884454779161 -0.4044114582142035
 -3.328072379489696 -0.3361807896507243
 -3.335195586692095 -0.2677474645697415
 -3.340747446198065 -0.1990476993032784
 -3.344761112814418 -0.1301364624864232
 -3.347365674331077 -6.107241917060113E-02
 -3.348511225370595 8.125379286461953E-03
 -3.348082952903051 7.742983481907295E-02
 -3.346077267832816 0.1467809416200496
 -3.342555601131651 0.2161217044018020
 -3.337511433040345 0.2854180289431587
 -3.330885130073784 0.3546292250641738
 -3.322671928918240 0.4236915813317499
 -3.312927312326172 0.4925463178919167
 -3.301677707281404 0.5611569915550041
 -3.288901210320752 0.6294849255979760
 -3.274601204024831 0.6974726732041290
 -3.258834432814521 0.7650682667297604
 -3.241649017411324 0.8322437092376087
 -3.223047757994683 0.8989725307414826
 -3.203037217489214 0.9652100299539466
 -3.181668478110047 1.030914580785188
 -3.158997414136923 1.096069143248374
 -3.135038779785706 1.160660793830008
 -3.109794770586711 1.224656373990292
 -3.083302688920285 1.288020922384148
 -3.055615221764957 1.350743915872601
 -3.026750340137775 1.412821688407242
 -2.996700697500388 1.474227519664457
 -2.965483372165901 1.534926788514736
 -2.933139000350600 1.594910326813691
 -2.899682502584514 1.654182842961357
 -2.865096364031631 1.712727929214426
 -2.829381692813136 1.770518193390544
 -2.792577430038886 1.827553655114894
 -2.754712993099988 1.883852369580035
 -2.715778514414480 1.939404311971275
 -2.675766753517906 1.994174613339300
 -2.634711593190474 2.048154545683047
 -2.592650524404688 2.101363614924333
 -2.549574903231436 2.153792004496523
 -2.505460386974768 2.205391577711628
 -2.460329091689536 2.256141900586790
 -2.414229052602458 2.306068709794912
 -2.367157483410487 2.355166287635571
 -2.319067345574890 2.403364694362756
 -2.269963891573884 2.450624164922946
 -2.219921430262879 2.496991114984008
 -2.168956791973428 2.542474046151259
 -2.116966702945319 2.586938090192949
 -2.063925004778632 2.630302906898790
 -2.010172823784589 2.672898546360702
 -1.955177293846688 2.714104831446039
 -1.899473899462318 2.754490372380229
 -1.842754087260517 2.793648306383872
 -1.785082038879092 2.831579862044383
 -1.726573103637851 2.868367500141440
 -1.667218827807837 2.903958475671526
 -1.606985272487375 2.938239808601197
 -1.545922609682044 2.971178387778870
 -1.484110914244674 3.002798916342877
 -1.421576452757314 3.033078700905524
 -1.358324647206928 3.061945752263818
 -1.294408291656224 3.089364089550513
 -1.229906032328200 3.115352372311727
 -1.164862643442818 3.139915265391959
 -1.099300668293171 3.163014461474146
 -1.033271548572198 3.184624166550678
 -0.9668486617899592 3.204767538909708
 -0.9000803143661027 3.223472253849875
 -0.8329908300708300 3.240727501404616
 -0.7656222028169499 3.256516614589654
 -0.6980360229632649 3.270863018856068
 -0.6302749847111251 3.283806582756113
 -0.5623576572594524 3.295353622058794
 -0.4943138545112258 3.305489458879238
 -0.4261925050696056 3.314228917353909
 -0.3580290657295353 3.321612364175174
 -0.2898356968905933 3.327653529676124
 -0.2216318657626506 3.332332691406111
 -0.1534560942799241 3.335647329053381
 -8.533664039650213E-02 3.337628050541359
 -1.727688678335659E-02 3.338290131628104
 5.071771445499262E-02 3.337610200149033
 0.1186228869321724 3.335575519674067
 0.1864191770891599 3.332219824006184
 0.2541075124858279 3.327577616949674
 0.3216841451689649 3.321635340520540
 0.3891224979748908 3.314369289817971
 0.4563980708428570 3.305804444189845
 0.5235090109104294 3.295983024731674
 0.5904511387460792 3.284892637297937
 0.6571949381031292 3.272488132151553
 0.7237116546058979 3.258778445366426
 0.7899995592535687 3.243818045005622
 0.8560550935238491 3.227601659209708
 0.9218412070893257 3.210053581536179
 0.9873208361643553 3.191158478237841
 1.052497023468742 3.171003910505142
 1.117368716442886 3.149608704635418
 1.181870752652034 3.126815988812905
 1.245946634633091 3.102562939093609
 1.309711630994571 3.077310004574905
 1.372895085643008 3.050285621096763
 1.435721687229778 3.022237836949970
 1.497993358937547 2.992696005687150
 1.559679073935326 2.961716324530807
 1.620792570693226 2.929439919312041
 1.681292397562758 2.895833096385064
 1.741097680415676 2.860809973782124
 1.800154658150772 2.824397446158821
 1.858444686886978 2.786677211941075
 1.915934980283030 2.747660671962366
 1.972560482866856 2.707316527199644
 2.028263637262016 2.665672508218764
 2.083021279997972 2.622806054419810
 2.136815063838585 2.578758273836955
 2.189600542027581 2.533529535876170
 2.241329655452633 2.487151493346549
 2.291985771024562 2.439699272179948
 2.341568703045221 2.391228544612266
 2.390056927923853 2.341754970663133
 2.437415014672264 2.291306584635708
 2.483632455146782 2.239948438070879
 2.528722429425798 2.187737439507740
 2.572681122526253 2.134692828228785
 2.615480916075485 2.080833084888946
 2.657110183850679 2.026207994969761
 2.697586156035421 1.970868448302573
 2.736914643247181 1.914831841268882
 2.775068831737737 1.858105171741653
 2.812027277885976 1.800720540538645
 2.847802359954098 1.742717723727668
 2.882405615801157 1.684107288666746
 2.915814078486624 1.624882270934608
 2.948004579745309 1.565057326283523
 2.978996607128046 1.504666168891289
 3.008820505585815 1.443725247369639
 3.037462659583445 1.382231028549265
 3.064889251492797 1.320194676478671
 3.091109664033331 1.257649898506799
 3.116159535315118 1.194619409807340
 3.140026041977515 1.131100632801414
 3.162655325077897 1.067096554439925
 3.184040746295433 1.002636544779636
 3.204228611856027 0.9377493352107108
 3.223212576934336 0.8724353715741372
 3.240908552664215 0.8066888871734217
 3.257284727738239 0.7405343133148953
 3.272418453731621 0.6740127955211340
 3.286325508416314 0.6071346584841588
 3.298837455597353 0.5398778986199567
 3.309871639411723 0.4722600321948197
 3.319884454779161 0.4044114582142035
 3.328072379489696 0.3361807896507243
 3.335195586692095 0.2677474645697415
 3.340747446198065 0.1990476993032784
 3.344761112814418 0.1301364624864232
 3.347365674331077 6.107241917060113E-02
 3.348511225370595 -8.125379286461953E-03
 3.348082952903051 -7.742983481907295E-02
 3.346077267832816 -0.1467809416200496
 3.342555601131651 -0.2161217044018020
 3.337511433040345 -0.2854180289431587
 3.330885130073784 -0.3546292250641738
 3.322671928918240 -0.4236915813317499
 3.312927312326172 -0.4925463178919167
 3.301677707281404 -0.5611569915550041
 3.288901210320752 -0.6294849255979760
 3.274601204024831 -0.6974726732041290
 3.258834432814521 -0.7650682667297604
 3.241649017411324 -0.8322437092376087
 3.223047757994683 -0.8989725307414826
 3.203037217489214 -0.9652100299539466
 3.181668478110047 -1.030914580785188
 3.158997414136923 -1.096069143248374
 3.135038779785706 -1.160660793830008
 3.109794770586711 -1.224656373990292
 3.083302688920285 -1.288020922384148
 3.055615221764957 -1.350743915872601
 3.026750340137775 -1.412821688407242
 2.996700697500388 -1.474227519664457
 2.965483372165901 -1.534926788514736
 2.933139000350600 -1.594910326813691
 2.899682502584514 -1.654182842961357
 2.865096364031631 -1.712727929214426
 2.829381692813136 -1.770518193390544
 2.792577430038886 -1.827553655114894
 2.754712993099988 -1.883852369580035
 2.715778514414480 -1.939404311971275
 2.675766753517906 -1.994174613339300
 2.634711593190474 -2.048154545683047
 2.592650524404688 -2.101363614924333
 2.549574903231436 -2.153792004496523
 2.505460386974768 -2.205391577711628
 2.460329091689536 -2.256141900586790
 2.414229052602458 -2.306068709794912
 2.367157483410487 -2.355166287635571
 2.319067345574890 -2.403364694362756
 2.269963891573884 -2.450624164922946
 2.219921430262879 -2.496991114984008
 2.168956791973428 -2.542474046151259
 2.116966702945319 -2.586938090192949
 2.063925004778632 -2.630302906898790
 2.010172823784589 -2.672898546360702
 1.955177293846688 -2.714104831446039
 1.899473899462318 -2.754490372380229
 1.842754087260517 -2.793648306383872
 1.785082038879092 -2.831579862044383
 1.726573103637851 -2.868367500141440
 1.667218827807837 -2.903958475671526
 1.606985272487375 -2.938239808601197
 1.545922609682044 -2.971178387778870
 1.484110914244674 -3.002798916342877
 1.421576452757314 -3.033078700905524
 1.358324647206928 -3.061945752263818
 1.294408291656224 -3.089364089550513
 1.229906032328200 -3.115352372311727
 1.164862643442818 -3.139915265391959
 1.099300668293171 -3.163014461474146
 1.033271548572198 -3.184624166550678
 0.9668486617899592 -3.204767538909708
 0.9000803143661027 -3.223472253849875
 0.8329908300708300 -3.240727501404616
 0.7656222028169499 -3.256516614589654
 0.6980360229632649 -3.270863018856068
 0.6302749847111251 -3.283806582756113
 0.5623576572594524 -3.295353622058794
 0.4943138545112258 -3.305489458879238
 0.4261925050696056 -3.314228917353909
 0.3580290657295353 -3.321612364175174
 0.2898356968905933 -3.327653529676124
 0.2216318657626506 -3.332332691406111
 0.1534560942799241 -3.335647329053381
 8.533664039650213E-02 -3.337628050541359
 1.727688678335659E-02 -3.338290131628104
 -5.071771445499262E-02 -3.337610200149033
 -0.1186228869321724 -3.335575519674067
 -0.1864191770891599 -3.332219824006184
 -0.2541075124858279 -3.327577616949674
 -0.3216841451689649 -3.321635340520540
 -0.3891224979748908 -3.314369289817971
 -0.4563980708428570 -3.305804444189845
 -0.5235090109104294 -3.295983024731674
 -0.5904511387460792 -3.284892637297937
 -0.6571949381031292 -3.272488132151553
 -0.7237116546058979 -3.258778445366426
 -0.7899995592535687 -3.243818045005622
 -0.8560550935238491 -3.227601659209708
 -0.9218412070893257 -3.210053581536179
 -0.9873208361643553 -3.191158478237841
 -1.052497023468742 -3.171003910505142
 -1.117368716442886 -3.149608704635418
 -1.181870752652034 -3.126815988812905
 -1.245946634633091 -3.102562939093609
 -1.309711630994571 -3.077310004574905
 -1.372895085643008 -3.050285621096763
 -1.435721687229778 -3.022237836949970
 -1.497993358937547 -2.992696005687150
 -1.559679073935326 -2.961716324530807
 -1.620792570693226 -2.929439919312041
 -1.681292397562758 -2.895833096385064
 -1.741097680415676 -2.860809973782124
 -1.800154658150772 -2.824397446158821
 -1.858444686886978 -2.786677211941075
 -1.915934980283030 -2.747660671962366
 -1.972560482866856 -2.707316527199644
 -2.028263637262016 -2.665672508218764
 -2.083021279997972 -2.622806054419810
 -2.136815063838585 -2.578758273836955
 -2.189600542027581 -2.533529535876170
 -2.241329655452633 -2.487151493346549
 -2.291985771024562 -2.439699272179948
 -2.341568703045221 -2.391228544612266
 -2.390056927923853 -2.341754970663133
 -2.437415014672264 -2.291306584635708
 -2.483632455146782 -2.239948438070879
 -2.528722429425798 -2.187737439507740
 -2.572681122526253 -2.134692828228785
 -2.615480916075485 -2.080833084888946
 -2.657110183850679 -2.026207994969761
 -2.697586156035421 -1.970868448302573
 -2.736914643247181 -1.914831841268882
 -2.775068831737737 -1.858105171741653
 -2.812027277885976 -1.800720540538645
 -2.847802359954098 -1.742717723727668
 -2.882405615801157 -1.684107288666746
 -2.915814078486624 -1.624882270934608
 -2.948004579745309 -1.565057326283523
 -2.978996607128046 -1.504666168891289
 -3.008820505585815 -1.443725247369639
 -3.037462659583445 -1.382231028549265
 -3.064889251492797 -1.320194676478671
 -3.091109664033331 -1.257649898506799
 -3.116159535315118 -1.194619409807340
 -3.140026041977515 -1.131100632801414
 -3.162655325077897 -1.067096554439925
 -3.184040746295433 -1.002636544779636
 -3.204228611856027 -0.9377493352107108
 -3.223212576934336 -0.8724353715741372
 -3.240908552664215 -0.8066888871734217
 -3.257284727738239 -0.7405343133148953
 -3.272418453731621 -0.6740127955211340
 -3.286325508416314 -0.6071346584841588
 -3.298837455597353 -0.5398778986199567
 -3.309871639411723 -0.4722600321948197
 -3.319884454779161 -0.4044114582142035
   
   
 #BODY NUMBER  6
 2.079070704886819 2.214500551661448
 2.124851822623668 2.171745373107015
 2.169994793951600 2.128240627006551
 2.214175807801359 2.083653388689693
 2.257384243989895 2.038042686730547
 2.299675551498951 1.991524769708592
 2.341001911143382 1.944085383871270
 2.381265207353184 1.895678375517334
 2.420427098564295 1.846343737840540
 2.458497122213695 1.796155912520628
 2.495450143149677 1.745133850641599
 2.531219662122854 1.693270271648659
 2.565764588380428 1.640604920596479
 2.599089260798700 1.587208030270179
 2.631190454725486 1.533117200307497
 2.662029540926472 1.478343796030765
 2.691574958315844 1.422926653500548
 2.719836184803419 1.366931051058594
 2.746830752629281 1.310400372623984
 2.772545380006062 1.253351029154681
 2.796959237104818 1.195814370536501
 2.820085140936104 1.137844896787275
 2.841954035268197 1.079482455156229
 2.862570780228812 1.020740495952407
 2.881920325295587 0.9616394992959295
 2.900012223822530 0.9022211754732106
 2.916882099319031 0.8425188252425583
 2.932546302097810 0.7825412688603793
 2.946991648532432 0.7222993979542327
 2.960219931523750 0.6618243370084158
 2.972266638149492 0.6011446007123025
 2.983157798442552 0.5402674429576324
 2.992881820396085 0.4791998043845552
 3.001428775690438 0.4179686298125784
 3.008826165844114 0.3566024213013692
 3.015102344591290 0.2951095731131017
 3.020241031030622 0.2334942112594973
 3.024213330295795 0.1717786647485475
 3.027034100302647 0.1099898660075567
 3.028736905592157 4.813651376817729E-02
 3.029306222200512 -1.377848579754493E-02
 3.028693683915548 -7.573392148806080E-02
 3.026899579782567 -0.1377012479588602
 3.023969060081678 -0.1996694627911240
 3.019893772364939 -0.2616341542232616
 3.014597698647912 -0.3235704464756637
 3.008059141280130 -0.3854444210127310
 3.000354688499956 -0.4472432446774917
 2.991499175061393 -0.5089600195146546
 2.981341174240908 -0.5705550830481905
 2.969815072995747 -0.6319829464054236
 2.957349086876877 -0.6932777708652805
 2.943212574973823 -0.7543029711162554
 2.928107845329595 -0.8151503041387893
 2.911584671187485 -0.8757058036560607
 2.893688862700691 -0.9359307580327050
 2.874548818583070 -0.9958150632057851
 2.854128285130233 -1.055324433422455
 2.832338234279420 -1.114396974957209
 2.809194130370371 -1.172979486444671
 2.784765210507331 -1.231043006707682
 2.759055319234621 -1.288556292524335
 2.732024901782143 -1.345465394132726
 2.703687833000516 -1.401714853369735
 2.674107105703985 -1.457273311419903
 2.643313669807912 -1.512119175833652
 2.611298053352999 -1.566213310051570
 2.578078108811374 -1.619508963341288
 2.543715107840216 -1.671981704642611
 2.508255388135605 -1.723625025361295
 2.471706521110355 -1.774419217653089
 2.434085241647517 -1.824330567414065
 2.395445156652314 -1.873342924492048
 2.355836246738989 -1.921463163351841
 2.315272590280717 -1.968688767832989
 2.273764398320616 -2.014996463740727
 2.231352569703323 -2.060373669379109
 2.188083755486192 -2.104834585233085
 2.143973769391702 -2.148388960960629
 2.099025452032787 -2.191019933392552
 2.053266654453956 -2.232713492984391
 2.006739814639453 -2.273486115102279
 1.959464229660246 -2.313356715470093
 1.911440114283601 -2.352311784795348
 1.862685839247886 -2.390329252491256
 1.813239838820084 -2.427418684541649
 1.763123559511572 -2.463600438869529
 1.712332434102646 -2.498858352794875
 1.660871352648310 -2.533156238125424
 1.608771068272714 -2.566493495980086
 1.556055896568939 -2.598894844738190
 1.502720592373899 -2.630345387166684
 1.448759342020897 -2.660792631296372
 1.394197011026090 -2.690222554775575
 1.339065702903734 -2.718668757684447
 1.283365062127469 -2.746121800710089
 1.227078622762158 -2.772503412457029
 1.170224910296055 -2.797777842940962
 1.112853332688291 -2.822005002943454
 1.054977281120382 -2.845194290760685
 0.9965553909423808 -2.867194735765250
 0.9375942501522372 -2.887926770958966
 0.8782783819900586 -2.907778322526729
 0.8183607523501549 -2.926048344223271
 0.7581130513779947 -2.943390931145340
 0.6974088633861263 -2.959359192345754
 0.6363046187107965 -2.973973444763252
 0.5748732670841186 -2.987339832914377
 0.5131263739868511 -2.999409817293725
 0.4510730269262359 -3.010075350474544
 0.3887670318060761 -3.019323224285211
 0.3262680882936361 -3.027198919228309
 0.2636051760849442 -3.033690143165934
 0.2008052396592886 -3.038735665781385
 0.1379232446200884 -3.042319773966213
 7.501784490528556E-02 -3.044481341690082
 1.212321508242517E-02 -3.045236376141149
 -5.073148757347297E-02 -3.044557106082335
 -0.1134968495044702 -3.042435616841836
 -0.1761210769632033 -3.038912755701205
 -0.2385753644936758 -3.034025397985279
 -0.3008388588957065 -3.027770246807771
 -0.3628739954573011 -3.020144937950566
 -0.4246399842837896 -3.011187821279322
 -0.4861177885292082 -3.000945618508070
 -0.5472981899480948 -2.989429263785396
 -0.6081559269749709 -2.976635963036657
 -0.6686596541192068 -2.962594844852319
 -0.7287983438328379 -2.947353410475644
 -0.7885725327061081 -2.930930229821008
 -0.8479661964996447 -2.913319331346784
 -0.9069532770697932 -2.894537829992807
 -0.9655268235100393 -2.874630715814581
 -1.023693568782307 -2.853624158427725
 -1.081441706112484 -2.831511589179903
 -1.138742936442553 -2.808297882303834
 -1.195586327024030 -2.784021105843018
 -1.251978785079718 -2.758710011982631
 -1.307908596927976 -2.732352564054372
 -1.363341977647485 -2.704934902873972
 -1.418263032029933 -2.676483361987643
 -1.472681009023218 -2.647031358506367
 -1.526585629826613 -2.616566901369139
 -1.579934341894651 -2.585058709808311
 -1.632702568756477 -2.552521306816715
 -1.684903357177944 -2.518999294893323
 -1.736528710237470 -2.484487646486827
 -1.787519075885754 -2.448932965981366
 -1.837834230984075 -2.412333421928231
 -1.887501355811665 -2.374761758265962
 -1.936521893941011 -2.336234271246030
 -1.984785783298527 -2.296639652717060
 -2.032220822843510 -2.255943824553542
 -2.079070704886819 -2.214500551661448
 -2.124851822623668 -2.171745373107015
 -2.169994793951600 -2.128240627006551
 -2.214175807801359 -2.083653388689693
 -2.257384243989895 -2.038042686730547
 -2.299675551498951 -1.991524769708592
 -2.341001911143382 -1.944085383871270
 -2.381265207353184 -1.895678375517334
 -2.420427098564295 -1.846343737840540
 -2.458497122213695 -1.796155912520628
 -2.495450143149677 -1.745133850641599
 -2.531219662122854 -1.693270271648659
 -2.565764588380428 -1.640604920596479
 -2.599089260798700 -1.587208030270179
 -2.631190454725486 -1.533117200307497
 -2.662029540926472 -1.478343796030765
 -2.691574958315844 -1.422926653500548
 -2.719836184803419 -1.366931051058594
 -2.746830752629281 -1.310400372623984
 -2.772545380006062 -1.253351029154681
 -2.796959237104818 -1.195814370536501
 -2.820085140936104 -1.137844896787275
 -2.841954035268197 -1.079482455156229
 -2.862570780228812 -1.020740495952407
 -2.881920325295587 -0.9616394992959295
 -2.900012223822530 -0.9022211754732106
 -2.916882099319031 -0.8425188252425583
 -2.932546302097810 -0.7825412688603793
 -2.946991648532432 -0.7222993979542327
 -2.960219931523750 -0.6618243370084158
 -2.972266638149492 -0.6011446007123025
 -2.983157798442552 -0.5402674429576324
 -2.992881820396085 -0.4791998043845552
 -3.001428775690438 -0.4179686298125784
 -3.008826165844114 -0.3566024213013692
 -3.015102344591290 -0.2951095731131017
 -3.020241031030622 -0.2334942112594973
 -3.024213330295795 -0.1717786647485475
 -3.027034100302647 -0.1099898660075567
 -3.028736905592157 -4.813651376817729E-02
 -3.029306222200512 1.377848579754493E-02
 -3.028693683915548 7.573392148806080E-02
 -3.026899579782567 0.1377012479588602
 -3.023969060081678 0.1996694627911240
 -3.019893772364939 0.2616341542232616
 -3.014597698647912 0.3235704464756637
 -3.008059141280130 0.3854444210127310
 -3.000354688499956 0.4472432446774917
 -2.991499175061393 0.5089600195146546
 -2.981341174240908 0.5705550830481905
 -2.969815072995747 0.6319829464054236
 -2.957349086876877 0.6932777708652805
 -2.943212574973823 0.7543029711162554
 -2.928107845329595 0.8151503041387893
 -2.911584671187485 0.8757058036560607
 -2.893688862700691 0.9359307580327050
 -2.874548818583070 0.9958150632057851
 -2.854128285130233 1.055324433422455
 -2.832338234279420 1.114396974957209
 -2.809194130370371 1.172979486444671
 -2.784765210507331 1.231043006707682
 -2.759055319234621 1.288556292524335
 -2.732024901782143 1.345465394132726
 -2.703687833000516 1.401714853369735
 -2.674107105703985 1.457273311419903
 -2.643313669807912 1.512119175833652
 -2.611298053352999 1.566213310051570
 -2.578078108811374 1.619508963341288
 -2.543715107840216 1.671981704642611
 -2.508255388135605 1.723625025361295
 -2.471706521110355 1.774419217653089
 -2.434085241647517 1.824330567414065
 -2.395445156652314 1.873342924492048
 -2.355836246738989 1.921463163351841
 -2.315272590280717 1.968688767832989
 -2.273764398320616 2.014996463740727
 -2.231352569703323 2.060373669379109
 -2.188083755486192 2.104834585233085
 -2.143973769391702 2.148388960960629
 -2.099025452032787 2.191019933392552
 -2.053266654453956 2.232713492984391
 -2.006739814639453 2.273486115102279
 -1.959464229660246 2.313356715470093
 -1.911440114283601 2.352311784795348
 -1.862685839247886 2.390329252491256
 -1.813239838820084 2.427418684541649
 -1.763123559511572 2.463600438869529
 -1.712332434102646 2.498858352794875
 -1.660871352648310 2.533156238125424
 -1.608771068272714 2.566493495980086
 -1.556055896568939 2.598894844738190
 -1.502720592373899 2.630345387166684
 -1.448759342020897 2.660792631296372
 -1.394197011026090 2.690222554775575
 -1.339065702903734 2.718668757684447
 -1.283365062127469 2.746121800710089
 -1.227078622762158 2.772503412457029
 -1.170224910296055 2.797777842940962
 -1.112853332688291 2.822005002943454
 -1.054977281120382 2.845194290760685
 -0.9965553909423808 2.867194735765250
 -0.9375942501522372 2.887926770958966
 -0.8782783819900586 2.907778322526729
 -0.8183607523501549 2.926048344223271
 -0.7581130513779947 2.943390931145340
 -0.6974088633861263 2.959359192345754
 -0.6363046187107965 2.973973444763252
 -0.5748732670841186 2.987339832914377
 -0.5131263739868511 2.999409817293725
 -0.4510730269262359 3.010075350474544
 -0.3887670318060761 3.019323224285211
 -0.3262680882936361 3.027198919228309
 -0.2636051760849442 3.033690143165934
 -0.2008052396592886 3.038735665781385
 -0.1379232446200884 3.042319773966213
 -7.501784490528556E-02 3.044481341690082
 -1.212321508242517E-02 3.045236376141149
 5.073148757347297E-02 3.044557106082335
 0.1134968495044702 3.042435616841836
 0.1761210769632033 3.038912755701205
 0.2385753644936758 3.034025397985279
 0.3008388588957065 3.027770246807771
 0.3628739954573011 3.020144937950566
 0.4246399842837896 3.011187821279322
 0.4861177885292082 3.000945618508070
 0.5472981899480948 2.989429263785396
 0.6081559269749709 2.976635963036657
 0.6686596541192068 2.962594844852319
 0.7287983438328379 2.947353410475644
 0.7885725327061081 2.930930229821008
 0.8479661964996447 2.913319331346784
 0.9069532770697932 2.894537829992807
 0.9655268235100393 2.874630715814581
 1.023693568782307 2.853624158427725
 1.081441706112484 2.831511589179903
 1.138742936442553 2.808297882303834
 1.195586327024030 2.784021105843018
 1.251978785079718 2.758710011982631
 1.307908596927976 2.732352564054372
 1.363341977647485 2.704934902873972
 1.418263032029933 2.676483361987643
 1.472681009023218 2.647031358506367
 1.526585629826613 2.616566901369139
 1.579934341894651 2.585058709808311
 1.632702568756477 2.552521306816715
 1.684903357177944 2.518999294893323
 1.736528710237470 2.484487646486827
 1.787519075885754 2.448932965981366
 1.837834230984075 2.412333421928231
 1.887501355811665 2.374761758265962
 1.936521893941011 2.336234271246030
 1.984785783298527 2.296639652717060
 2.032220822843510 2.255943824553542
 2.079070704886819 2.214500551661448
   
   
