 # action(x) =  31.58753347662659
 # |grad_action(x)| =  8.149773917259313E-06
 # PRINTSTEPS = 50
 #
 #BODY NUMBER  1
 1.335678719124983 1.129470794099448
 1.288182121678627 1.180072522095690
 1.239262651710428 1.229532894981329
 1.188312036565201 1.277297700572443
 1.135463105794171 1.323376760397185
 1.080924216339865 1.367872374088814
 1.024646002328258 1.410689449567207
 0.9665432984892901 1.451657185057146
 0.9067014601996080 1.490713688257944
 0.8452415817322815 1.527854900868085
 0.7821641411880137 1.562994434200490
 0.7174452260812386 1.595980844875866
 0.6511683607921617 1.626711128852716
 0.5834534082648646 1.655134597638276
 0.5143422579909153 1.681159249059956
 0.4438559688180308 1.704634143963593
 0.3721008651596350 1.725428064332027
 0.2992252395490491 1.743458250810511
 0.2253226213410725 1.758626240682740
 0.1504688207534616 1.770783188854956
 7.481713747208085E-02 1.779784498990058
 -1.428185711516483E-03 1.785533375345030
 -7.810149612557460E-02 1.787941336405132
 -0.1550531442101079 1.786885920002476
 -0.2320595455341029 1.782246675505114
 -0.3088392932411881 1.773958610049430
 -0.3851442574487051 1.761995607648758
 -0.4607531518812623 1.746325589024809
 -0.5353867099338296 1.726928044516198
 -0.6087189476468597 1.703849328831479
 -0.6804778249344059 1.677202050881636
 -0.7504567695230460 1.647113786481672
 -0.8184293123832874 1.613717182594849
 -0.8841487513600378 1.577193453866204
 -0.9474527967164521 1.537779869243307
 -1.008282017707381 1.495712298284992
 -1.066574546180882 1.451189275340048
 -1.122237688291982 1.404407061497866
 -1.175253976489056 1.355588703959114
 -1.225709403987689 1.304940195879295
 -1.273663916129069 1.252601030130658
 -1.319095288761666 1.198676207549000
 -1.362029434616453 1.143296698490726
 -1.402603942994973 1.086598618089650
 -1.440907802063737 1.028652085775853
 -1.476882336750712 0.9694733959959829
 -1.510508679090166 0.9091206839538004
 -1.541951209893579 0.8477093394781787
 -1.571309565211636 0.7852921224375661
 -1.598372923662999 0.7218039739721306
 -1.623020180190078 0.6572531286955424
 -1.645989760085196 0.5919963050067709
 -1.666063843282154 0.5255621810267830
 -1.684438047697669 0.4584664908518330
 -1.700328275173785 0.3904595610020655
 -1.713809446179000 0.3216515144791375
 -1.725074333265777 0.2521716438717025
 -1.734015901340017 0.1820247431188374
 -1.740443649090342 0.1112224578207576
 -1.744346653900380 3.986965405233345E-02
 -1.745781948314458 -3.192676831894592E-02
 -1.744674956585317 -0.1041232009021866
 -1.740882568656470 -0.1766646308277103
 -1.734357342601394 -0.2494272218396749
 -1.725115312369714 -0.3222818253371514
 -1.713097746488550 -0.3951461628699956
 -1.698184457239827 -0.4679265273640283
 -1.680314968693964 -0.5404652301676016
 -1.659491755414008 -0.6125924665022945
 -1.635676310863716 -0.6841780062126994
 -1.608777636519540 -0.7550817731774933
 -1.578747158123191 -0.8250987078057745
 -1.545603169498013 -0.8940035327800102
 -1.509351869740356 -0.9616085479208852
 -1.469962028281819 -1.027722921823844
 -1.427441124030738 -1.092092799375762
 -1.381873574944346 -1.154441978658416
 -1.333360828856070 -1.214542514896652
 -1.281985747433677 -1.272186728915328
 -1.227870202091896 -1.327122513909366
 -1.171217329165697 -1.379090736842850
 -1.112260670875654 -1.427912108545993
 -1.051213997255183 -1.473471520089797
 -0.9883054184589471 -1.515639167023181
 -0.9238152220506336 -1.554292006335186
 -0.8580300338347899 -1.589408125464714
 -0.7911838382139206 -1.621053990656120
 -0.7234795050535715 -1.649275289692527
 -0.6551333483654154 -1.674089877894111
 -0.5863472664672873 -1.695594151517759
 -0.5172566580570664 -1.713965579450469
 -0.4479523548351725 -1.729325822316675
 -0.3785364022685895 -1.741708133854473
 -0.3091092676476198 -1.751200440325367
 -0.2397200354852163 -1.757989955126692
 -0.1703849369058699 -1.762188803986322
 -0.1011474208503361 -1.763754320024632
 -3.206726786479208E-02 -1.762699230705860
 3.683778193335974E-02 -1.759223588903079
 0.1055718551830860 -1.753440061901541
 0.1740858838190725 -1.745133543599428
 0.2423121839278964 -1.734203271247176
 0.3103110409602139 -1.721467099106219
 0.3778817216035272 -1.705634703122473
 0.4451753959872415 -1.687999385833162
 0.5120162386085842 -1.667757261574508
 0.5783463403848288 -1.645028274876323
 0.6441501169259114 -1.620044017960517
 0.7093698990117588 -1.592714192686045
 0.7739003506010517 -1.562879642877904
 0.8376451937007722 -1.530583342310278
 0.9005403665821763 -1.495928132549139
 0.9625108153973028 -1.458871233298303
 1.023437342575232 -1.419316214048155
 1.083188981809232 -1.377283907013041
 1.141661904104850 -1.332852772301124
 1.198755488497634 -1.286013086189960
 1.254328488421796 -1.236707616599565
 1.308214103534329 -1.184962834164426
 1.360266515864959 -1.130865784308216
 1.410353689522643 -1.074448234470041
 1.458308815766079 -1.015701415677463
 1.503930020651110 -0.9546857911842840
 1.547031355209530 -0.8915298425650199
 1.587453365865930 -0.8263327884842464
 1.625015172491927 -0.7591629981786329
 1.659500669564841 -0.6901538761293522
 1.690712868185534 -0.6195166313910148
 1.718505086304775 -0.5474530927521064
 1.742738899314940 -0.4741388601094818
 1.763256912025726 -0.3998055306068319
 1.779936276812557 -0.3247585919886294
 1.792738495810060 -0.2492899423356425
 1.801670766778229 -0.1736422663918750
 1.806734730842235 -9.807801557166752E-02
 1.807963973410671 -2.290144753101791E-02
 1.805482830551242 5.162825622140774E-02
 1.799465855921302 0.1253416923711274
 1.790054051234454 0.1980860143524785
 1.777371036657397 0.2696828163962454
 1.761601242956344 0.3400054475586453
 1.742966062044755 0.4090253835711744
 1.721616270964241 0.4767247921860172
 1.697631691030256 0.5430319263054726
 1.671138702264073 0.6079037418346415
 1.642323978480189 0.6713913370370418
 1.611292738969607 0.7335367182104691
 1.578029757601048 0.7942809240286492
 1.542575946954958 0.8535785467520599
 1.505113427960219 0.9115142494249007
 1.465737710028550 0.9681479394639749
 1.424287039843926 1.023329569627297
 1.380707996262182 1.076950142551634
 1.335678719124983 1.129470794099448
 1.288182121678627 1.180072522095690
 1.239262651710428 1.229532894981329
 1.188312036565201 1.277297700572443
 1.135463105794171 1.323376760397185
 1.080924216339865 1.367872374088814
 1.024646002328258 1.410689449567207
 0.9665432984892901 1.451657185057146
 0.9067014601996080 1.490713688257944
 0.8452415817322815 1.527854900868085
 0.7821641411880137 1.562994434200490
 0.7174452260812386 1.595980844875866
 0.6511683607921617 1.626711128852716
 0.5834534082648646 1.655134597638276
 0.5143422579909153 1.681159249059956
 0.4438559688180308 1.704634143963593
 0.3721008651596350 1.725428064332027
 0.2992252395490491 1.743458250810511
 0.2253226213410725 1.758626240682740
 0.1504688207534616 1.770783188854956
 7.481713747208085E-02 1.779784498990058
 -1.428185711516483E-03 1.785533375345030
 -7.810149612557460E-02 1.787941336405132
 -0.1550531442101079 1.786885920002476
 -0.2320595455341029 1.782246675505114
 -0.3088392932411881 1.773958610049430
 -0.3851442574487051 1.761995607648758
 -0.4607531518812623 1.746325589024809
 -0.5353867099338296 1.726928044516198
 -0.6087189476468597 1.703849328831479
 -0.6804778249344059 1.677202050881636
 -0.7504567695230460 1.647113786481672
 -0.8184293123832874 1.613717182594849
 -0.8841487513600378 1.577193453866204
 -0.9474527967164521 1.537779869243307
 -1.008282017707381 1.495712298284992
 -1.066574546180882 1.451189275340048
 -1.122237688291982 1.404407061497866
 -1.175253976489056 1.355588703959114
 -1.225709403987689 1.304940195879295
 -1.273663916129069 1.252601030130658
 -1.319095288761666 1.198676207549000
 -1.362029434616453 1.143296698490726
 -1.402603942994973 1.086598618089650
 -1.440907802063737 1.028652085775853
 -1.476882336750712 0.9694733959959829
 -1.510508679090166 0.9091206839538004
 -1.541951209893579 0.8477093394781787
 -1.571309565211636 0.7852921224375661
 -1.598372923662999 0.7218039739721306
 -1.623020180190078 0.6572531286955424
 -1.645989760085196 0.5919963050067709
 -1.666063843282154 0.5255621810267830
 -1.684438047697669 0.4584664908518330
 -1.700328275173785 0.3904595610020655
 -1.713809446179000 0.3216515144791375
 -1.725074333265777 0.2521716438717025
 -1.734015901340017 0.1820247431188374
 -1.740443649090342 0.1112224578207576
 -1.744346653900380 3.986965405233345E-02
 -1.745781948314458 -3.192676831894592E-02
 -1.744674956585317 -0.1041232009021866
 -1.740882568656470 -0.1766646308277103
 -1.734357342601394 -0.2494272218396749
 -1.725115312369714 -0.3222818253371514
 -1.713097746488550 -0.3951461628699956
 -1.698184457239827 -0.4679265273640283
 -1.680314968693964 -0.5404652301676016
 -1.659491755414008 -0.6125924665022945
 -1.635676310863716 -0.6841780062126994
 -1.608777636519540 -0.7550817731774933
 -1.578747158123191 -0.8250987078057745
 -1.545603169498013 -0.8940035327800102
 -1.509351869740356 -0.9616085479208852
 -1.469962028281819 -1.027722921823844
 -1.427441124030738 -1.092092799375762
 -1.381873574944346 -1.154441978658416
 -1.333360828856070 -1.214542514896652
 -1.281985747433677 -1.272186728915328
 -1.227870202091896 -1.327122513909366
 -1.171217329165697 -1.379090736842850
 -1.112260670875654 -1.427912108545993
 -1.051213997255183 -1.473471520089797
 -0.9883054184589471 -1.515639167023181
 -0.9238152220506336 -1.554292006335186
 -0.8580300338347899 -1.589408125464714
 -0.7911838382139206 -1.621053990656120
 -0.7234795050535715 -1.649275289692527
 -0.6551333483654154 -1.674089877894111
 -0.5863472664672873 -1.695594151517759
 -0.5172566580570664 -1.713965579450469
 -0.4479523548351725 -1.729325822316675
 -0.3785364022685895 -1.741708133854473
 -0.3091092676476198 -1.751200440325367
 -0.2397200354852163 -1.757989955126692
 -0.1703849369058699 -1.762188803986322
 -0.1011474208503361 -1.763754320024632
 -3.206726786479208E-02 -1.762699230705860
 3.683778193335974E-02 -1.759223588903079
 0.1055718551830860 -1.753440061901541
 0.1740858838190725 -1.745133543599428
 0.2423121839278964 -1.734203271247176
 0.3103110409602139 -1.721467099106219
 0.3778817216035272 -1.705634703122473
 0.4451753959872415 -1.687999385833162
 0.5120162386085842 -1.667757261574508
 0.5783463403848288 -1.645028274876323
 0.6441501169259114 -1.620044017960517
 0.7093698990117588 -1.592714192686045
 0.7739003506010517 -1.562879642877904
 0.8376451937007722 -1.530583342310278
 0.9005403665821763 -1.495928132549139
 0.9625108153973028 -1.458871233298303
 1.023437342575232 -1.419316214048155
 1.083188981809232 -1.377283907013041
 1.141661904104850 -1.332852772301124
 1.198755488497634 -1.286013086189960
 1.254328488421796 -1.236707616599565
 1.308214103534329 -1.184962834164426
 1.360266515864959 -1.130865784308216
 1.410353689522643 -1.074448234470041
 1.458308815766079 -1.015701415677463
 1.503930020651110 -0.9546857911842840
 1.547031355209530 -0.8915298425650199
 1.587453365865930 -0.8263327884842464
 1.625015172491927 -0.7591629981786329
 1.659500669564841 -0.6901538761293522
 1.690712868185534 -0.6195166313910148
 1.718505086304775 -0.5474530927521064
 1.742738899314940 -0.4741388601094818
 1.763256912025726 -0.3998055306068319
 1.779936276812557 -0.3247585919886294
 1.792738495810060 -0.2492899423356425
 1.801670766778229 -0.1736422663918750
 1.806734730842235 -9.807801557166752E-02
 1.807963973410671 -2.290144753101791E-02
 1.805482830551242 5.162825622140774E-02
 1.799465855921302 0.1253416923711274
 1.790054051234454 0.1980860143524785
 1.777371036657397 0.2696828163962454
 1.761601242956344 0.3400054475586453
 1.742966062044755 0.4090253835711744
 1.721616270964241 0.4767247921860172
 1.697631691030256 0.5430319263054726
 1.671138702264073 0.6079037418346415
 1.642323978480189 0.6713913370370418
 1.611292738969607 0.7335367182104691
 1.578029757601048 0.7942809240286492
 1.542575946954958 0.8535785467520599
 1.505113427960219 0.9115142494249007
 1.465737710028550 0.9681479394639749
 1.424287039843926 1.023329569627297
 1.380707996262182 1.076950142551634
 1.335678719124983 1.129470794099448
   
   
 #BODY NUMBER  2
 -1.225246527102311 -1.332812587948244
 -1.167126064671956 -1.382594720354699
 -1.106964989910524 -1.430236266660983
 -1.044006934568992 -1.474662446842462
 -0.9786663518387980 -1.515835432549873
 -0.9114833746738240 -1.553922640716939
 -0.8425987355007547 -1.588788257288030
 -0.7720950604339821 -1.620210590455696
 -0.7003088267404021 -1.648200311960620
 -0.6276104249413728 -1.672898941862885
 -0.5541590145251792 -1.694329305418935
 -0.4800554440771890 -1.712428906560795
 -0.4055447538504535 -1.727244667801013
 -0.3308985967001393 -1.738928591341360
 -0.2562369061272390 -1.747570143051071
 -0.1816221965695776 -1.753170558006099
 -0.1072243201047096 -1.755779715740805
 -3.324597230027215E-02 -1.755536349261097
 4.023017874956603E-02 -1.752550839268224
 0.1131789850086146 -1.746849464797822
 0.1854842013731129 -1.738470094421004
 0.2569875834393200 -1.727526689884603
 0.3276324345771376 -1.714130645968063
 0.3974232224461990 -1.698317800337822
 0.4662819256807885 -1.680109247023153
 0.5340777038981728 -1.659588955415255
 0.6007699099017774 -1.636858415814686
 0.6663863751941803 -1.611954682633436
 0.7308769438627284 -1.584879220091556
 0.7941246946975552 -1.555680874399342
 0.8560950280503469 -1.524441496806261
 0.9168327887774751 -1.491191772769976
 0.9763058444364032 -1.455909422578554
 1.034395322476080 -1.418601066256236
 1.091057577804805 -1.379318346639280
 1.146343730655457 -1.338078320033024
 1.200224593663986 -1.294831377514249
 1.252553125441766 -1.249535879262582
 1.303248953925156 -1.202206618921288
 1.352349635250817 -1.152848432849914
 1.399803692799534 -1.101393211808817
 1.445391115964544 -1.047760341976097
 1.488949930918588 -0.9919436665278658
 1.530483766386260 -0.9339718823417278
 1.569897626979078 -0.8738093737171593
 1.606842185134778 -0.8113875877386064
 1.641035185453238 -0.7467445381762750
 1.672503376714858 -0.6800375924026990
 1.701172655632436 -0.6113739133401092
 1.726470702166528 -0.5407449890423310
 1.748009451403579 -0.4682957015108341
 1.766872823198016 -0.3946883243951382
 1.780925183301389 -0.3194634612475247
 1.792103435297488 -0.2435416690320070
 1.799098608256988 -0.1668053036426345
 1.802085168464162 -8.963220624650203E-02
 1.801478169713580 -1.240643723623180E-02
 1.797230359796218 6.468221850371647E-02
 1.789191061032209 0.1414513587555382
 1.777537754053534 0.2176149215286465
 1.762578194088052 0.2929228992522670
 1.744411728131831 0.3672488683945126
 1.723034657295052 0.4404742434845320
 1.698610137792118 0.5124102746945066
 1.671405633818776 0.5828977048517376
 1.641558591841052 0.6518774014322176
 1.609101338685010 0.7192958428826643
 1.574161997333312 0.7850308727562093
 1.536962061877237 0.8489763180449990
 1.497638458855238 0.9111157764300249
 1.456226520597857 0.9714406085909093
 1.412817164801564 1.029869077600286
 1.367588207436048 1.086321120657926
 1.320664467525204 1.140803334431576
 1.272074747568763 1.193337506861193
 1.221876326214802 1.243866616476667
 1.170207343280604 1.292319336878308
 1.117176015542981 1.338711211711570
 1.062800517312748 1.383084870970706
 1.007107194597992 1.425397610471234
 0.9501968100626413 1.465572596580315
 0.8921575487922232 1.503620790748283
 0.8329935627444135 1.539596372488814
 0.7727016233439599 1.573460374434420
 0.7113468999755526 1.605113159948200
 0.6489959391931646 1.634542752690118
 0.5856379520740749 1.661801952233164
 0.5212445697125458 1.686840677116992
 0.4558532516606383 1.709510765853457
 0.3895169956210557 1.729750011015325
 0.3222212119356954 1.747593355350784
 0.2539326545824041 1.762962164180073
 0.1846915152468993 1.775625595817684
 0.1145734488769176 1.785440298402515
 4.360149333517682E-02 1.792423762941054
 -2.820769778550880E-02 1.796475913163368
 -0.1007388292703807 1.797259946068519
 -0.1738178525286863 1.794550428194749
 -0.2473218578082839 1.788449208351671
 -0.3211209876525772 1.778945692671180
 -0.3949364536034671 1.765539981486936
 -0.4684487517103525 1.747968441726217
 -0.5416262960957050 1.727500912343382
 -0.6137991186294327 1.702058181602223
 -0.6851384453869641 1.673777935692990
 -0.7550916736879956 1.641467750485097
 -0.8234188166253642 1.605467638796375
 -0.8899947950397563 1.566329077953171
 -0.9546316242954634 1.524106038784313
 -1.017096000598227 1.478759231700158
 -1.077228927313132 1.430585390431973
 -1.134967769146679 1.379976042610618
 -1.190252713606651 1.327080437024423
 -1.242979213217863 1.271954663076263
 -1.293065383941664 1.214834393106506
 -1.340507037118637 1.156030886489622
 -1.385321685713813 1.095692741618853
 -1.427479142115433 1.033874715123435
 -1.466937677228603 0.9707488429845956
 -1.503716089576965 0.9065600312160981
 -1.537868637604804 0.8414350628381990
 -1.569405505606472 0.7754088562069129
 -1.598301366174677 0.7086010168207176
 -1.624575790875368 0.6412055692266770
 -1.648296902102341 0.5733273115364873
 -1.669497970014962 0.5049802934766289
 -1.688158251895590 0.4362426305464864
 -1.704285047178777 0.3672696185369464
 -1.717945925444758 0.2981472041031153
 -1.729186892506928 0.2288698116627297
 -1.737984138460721 0.1594816096203224
 -1.744321504760197 9.010827781902679E-02
 -1.748252576842570 2.082070605797877E-02
 -1.749826351521889 -4.840459971883794E-02
 -1.749007467780363 -0.1175509518558663
 -1.745742222451632 -0.1865120936919634
 -1.740053516997969 -0.2552244060508375
 -1.731981682729532 -0.3237236322001396
 -1.721469163376532 -0.3920092996027427
 -1.708406377102404 -0.4599748865908751
 -1.692765949546212 -0.5275433920940362
 -1.674570847186512 -0.5947449225008701
 -1.653736347381938 -0.6615689523712558
 -1.630082631211444 -0.7278652538415862
 -1.603523379795506 -0.7934966318746494
 -1.574085259721437 -0.8584518805993259
 -1.541689929193570 -0.9226665394462087
 -1.506103355864397 -0.9858723583299127
 -1.467217332924552 -1.047805890018474
 -1.425181518906574 -1.108411615948972
 -1.380051667979858 -1.167571779331071
 -1.331534248563061 -1.224794992444605
 -1.279560699693227 -1.279672740215383
 -1.225246527102311 -1.332812587948244
 -1.167126064671956 -1.382594720354699
 -1.106964989910524 -1.430236266660983
 -1.044006934568992 -1.474662446842462
 -0.9786663518387980 -1.515835432549873
 -0.9114833746738240 -1.553922640716939
 -0.8425987355007547 -1.588788257288030
 -0.7720950604339821 -1.620210590455696
 -0.7003088267404021 -1.648200311960620
 -0.6276104249413728 -1.672898941862885
 -0.5541590145251792 -1.694329305418935
 -0.4800554440771890 -1.712428906560795
 -0.4055447538504535 -1.727244667801013
 -0.3308985967001393 -1.738928591341360
 -0.2562369061272390 -1.747570143051071
 -0.1816221965695776 -1.753170558006099
 -0.1072243201047096 -1.755779715740805
 -3.324597230027215E-02 -1.755536349261097
 4.023017874956603E-02 -1.752550839268224
 0.1131789850086146 -1.746849464797822
 0.1854842013731129 -1.738470094421004
 0.2569875834393200 -1.727526689884603
 0.3276324345771376 -1.714130645968063
 0.3974232224461990 -1.698317800337822
 0.4662819256807885 -1.680109247023153
 0.5340777038981728 -1.659588955415255
 0.6007699099017774 -1.636858415814686
 0.6663863751941803 -1.611954682633436
 0.7308769438627284 -1.584879220091556
 0.7941246946975552 -1.555680874399342
 0.8560950280503469 -1.524441496806261
 0.9168327887774751 -1.491191772769976
 0.9763058444364032 -1.455909422578554
 1.034395322476080 -1.418601066256236
 1.091057577804805 -1.379318346639280
 1.146343730655457 -1.338078320033024
 1.200224593663986 -1.294831377514249
 1.252553125441766 -1.249535879262582
 1.303248953925156 -1.202206618921288
 1.352349635250817 -1.152848432849914
 1.399803692799534 -1.101393211808817
 1.445391115964544 -1.047760341976097
 1.488949930918588 -0.9919436665278658
 1.530483766386260 -0.9339718823417278
 1.569897626979078 -0.8738093737171593
 1.606842185134778 -0.8113875877386064
 1.641035185453238 -0.7467445381762750
 1.672503376714858 -0.6800375924026990
 1.701172655632436 -0.6113739133401092
 1.726470702166528 -0.5407449890423310
 1.748009451403579 -0.4682957015108341
 1.766872823198016 -0.3946883243951382
 1.780925183301389 -0.3194634612475247
 1.792103435297488 -0.2435416690320070
 1.799098608256988 -0.1668053036426345
 1.802085168464162 -8.963220624650203E-02
 1.801478169713580 -1.240643723623180E-02
 1.797230359796218 6.468221850371647E-02
 1.789191061032209 0.1414513587555382
 1.777537754053534 0.2176149215286465
 1.762578194088052 0.2929228992522670
 1.744411728131831 0.3672488683945126
 1.723034657295052 0.4404742434845320
 1.698610137792118 0.5124102746945066
 1.671405633818776 0.5828977048517376
 1.641558591841052 0.6518774014322176
 1.609101338685010 0.7192958428826643
 1.574161997333312 0.7850308727562093
 1.536962061877237 0.8489763180449990
 1.497638458855238 0.9111157764300249
 1.456226520597857 0.9714406085909093
 1.412817164801564 1.029869077600286
 1.367588207436048 1.086321120657926
 1.320664467525204 1.140803334431576
 1.272074747568763 1.193337506861193
 1.221876326214802 1.243866616476667
 1.170207343280604 1.292319336878308
 1.117176015542981 1.338711211711570
 1.062800517312748 1.383084870970706
 1.007107194597992 1.425397610471234
 0.9501968100626413 1.465572596580315
 0.8921575487922232 1.503620790748283
 0.8329935627444135 1.539596372488814
 0.7727016233439599 1.573460374434420
 0.7113468999755526 1.605113159948200
 0.6489959391931646 1.634542752690118
 0.5856379520740749 1.661801952233164
 0.5212445697125458 1.686840677116992
 0.4558532516606383 1.709510765853457
 0.3895169956210557 1.729750011015325
 0.3222212119356954 1.747593355350784
 0.2539326545824041 1.762962164180073
 0.1846915152468993 1.775625595817684
 0.1145734488769176 1.785440298402515
 4.360149333517682E-02 1.792423762941054
 -2.820769778550880E-02 1.796475913163368
 -0.1007388292703807 1.797259946068519
 -0.1738178525286863 1.794550428194749
 -0.2473218578082839 1.788449208351671
 -0.3211209876525772 1.778945692671180
 -0.3949364536034671 1.765539981486936
 -0.4684487517103525 1.747968441726217
 -0.5416262960957050 1.727500912343382
 -0.6137991186294327 1.702058181602223
 -0.6851384453869641 1.673777935692990
 -0.7550916736879956 1.641467750485097
 -0.8234188166253642 1.605467638796375
 -0.8899947950397563 1.566329077953171
 -0.9546316242954634 1.524106038784313
 -1.017096000598227 1.478759231700158
 -1.077228927313132 1.430585390431973
 -1.134967769146679 1.379976042610618
 -1.190252713606651 1.327080437024423
 -1.242979213217863 1.271954663076263
 -1.293065383941664 1.214834393106506
 -1.340507037118637 1.156030886489622
 -1.385321685713813 1.095692741618853
 -1.427479142115433 1.033874715123435
 -1.466937677228603 0.9707488429845956
 -1.503716089576965 0.9065600312160981
 -1.537868637604804 0.8414350628381990
 -1.569405505606472 0.7754088562069129
 -1.598301366174677 0.7086010168207176
 -1.624575790875368 0.6412055692266770
 -1.648296902102341 0.5733273115364873
 -1.669497970014962 0.5049802934766289
 -1.688158251895590 0.4362426305464864
 -1.704285047178777 0.3672696185369464
 -1.717945925444758 0.2981472041031153
 -1.729186892506928 0.2288698116627297
 -1.737984138460721 0.1594816096203224
 -1.744321504760197 9.010827781902679E-02
 -1.748252576842570 2.082070605797877E-02
 -1.749826351521889 -4.840459971883794E-02
 -1.749007467780363 -0.1175509518558663
 -1.745742222451632 -0.1865120936919634
 -1.740053516997969 -0.2552244060508375
 -1.731981682729532 -0.3237236322001396
 -1.721469163376532 -0.3920092996027427
 -1.708406377102404 -0.4599748865908751
 -1.692765949546212 -0.5275433920940362
 -1.674570847186512 -0.5947449225008701
 -1.653736347381938 -0.6615689523712558
 -1.630082631211444 -0.7278652538415862
 -1.603523379795506 -0.7934966318746494
 -1.574085259721437 -0.8584518805993259
 -1.541689929193570 -0.9226665394462087
 -1.506103355864397 -0.9858723583299127
 -1.467217332924552 -1.047805890018474
 -1.425181518906574 -1.108411615948972
 -1.380051667979858 -1.167571779331071
 -1.331534248563061 -1.224794992444605
 -1.279560699693227 -1.279672740215383
 -1.225246527102311 -1.332812587948244
   
   
 #BODY NUMBER  3
 -1.556911419144417 0.3941892555332437
 -1.573232036426835 0.3304347079155826
 -1.587544525933472 0.2661066196301412
 -1.598906993207545 0.2010319795654470
 -1.607379427362816 0.1353849906734286
 -1.613165888114595 6.935669652455345E-02
 -1.616134704580257 3.022554557237656E-03
 -1.616072930575412 -6.352605016955437E-02
 -1.612990344861022 -0.1301047294985543
 -1.606988355810812 -0.1965326767351897
 -1.598031320620075 -0.2626942547342749
 -1.586023422903239 -0.3284619920665104
 -1.570997664735447 -0.3936465380470447
 -1.553074161259119 -0.4580689237205725
 -1.532299099889497 -0.5216124088214029
 -1.508661851581414 -0.5841604599033163
 -1.482232641293837 -0.6455485583059453
 -1.453159266615093 -0.7056248000925239
 -1.421542659870794 -0.7643021892582169
 -1.387423626165892 -0.8215031240034841
 -1.350889671912690 -0.8771044650564741
 -1.312094882540137 -0.9309894532733665
 -1.271162013235391 -0.9831061855906651
 -1.228151950194941 -1.033418102562842
 -1.183148903491917 -1.081839025535270
 -1.136295752857035 -1.128277396075945
 -1.087717040216773 -1.172705644450898
 -1.037477415936295 -1.215118664722394
 -0.9856494818024694 -1.255456224690716
 -0.9323593316369105 -1.293638259222878
 -0.8777263493766188 -1.329648894820487
 -0.8218141079299562 -1.363505821001888
 -0.7646835986852698 -1.395166633754100
 -0.7064454840279051 -1.424551696710043
 -0.6472135468095044 -1.451646880868891
 -0.5870502809756980 -1.476488405127978
 -0.5260081189102610 -1.499048096890803
 -0.4641864427575080 -1.519237612483069
 -0.4016957115437562 -1.537036132095195
 -0.3385988388050534 -1.552498865481049
 -0.2749436658120731 -1.565612529640644
 -0.2108245140219264 -1.576269159757340
 -0.1463530419681861 -1.584431184469744
 -8.159432768619179E-02 -1.590181105088201
 -1.659599188513317E-02 -1.593527812455262
 4.854215503666337E-02 -1.594321535912422
 0.1136986465809243 -1.592489671252211
 0.1788080922503604 -1.588180484444529
 0.2438204795139920 -1.581453975120948
 0.3086005336827628 -1.572015498881622
 0.3729993179845465 -1.559710665907218
 0.4370778003815436 -1.545419468187769
 0.5004511668664320 -1.527676263550956
 0.5633171702518307 -1.507907198912380
 0.6253546953270213 -1.485210064189050
 0.6864428724670996 -1.459723912953397
 0.7465182829444661 -1.431720987888001
 0.8054497432592362 -1.401124987382780
 0.8630516385366246 -1.367797187161895
 0.9191691733287615 -1.331838249959390
 0.9736964686318353 -1.293426401350355
 1.026515558338140 -1.252588592333043
 1.077468140758860 -1.209305579198100
 1.126406734428262 -1.163700617923404
 1.173236405255772 -1.115967215751321
 1.217879146913277 -1.066203742289632
 1.260228723953380 -1.014459259238315
 1.300177771516287 -0.9608768425259973
 1.337668635727988 -0.9056604405871730
 1.372676442001075 -0.8489409613823009
 1.405154387758241 -0.7907925440686446
 1.435039584468012 -0.7313525410581785
 1.462307958460189 -0.6708127738186347
 1.486975937956830 -0.6093055029922867
 1.509042304647604 -0.5469017372947988
 1.528474530664905 -0.4837174941160680
 1.545264763946043 -0.4199222901485840
 1.559451399364266 -0.3556377667314962
 1.571062340230366 -0.2909224656922686
 1.580081724822699 -0.2258693781225481
 1.586503261612946 -0.1606277370416059
 1.590372895716754 -9.530886872088384E-02
 1.591737733160571 -2.995898415484466E-02
 1.590591546686105 3.534789455830123E-02
 1.586920700369075 0.1004761127980618
 1.580769849561655 0.1653200672239860
 1.572201607721848 0.2298437459402417
 1.561217792857283 0.2939876548722498
 1.547791588173910 0.3576215547212014
 1.531960192700891 0.4206393752594386
 1.513802876255635 0.4830142366434358
 1.493332056058052 0.5446980656174477
 1.470501392562772 0.6055551949951732
 1.445334177283160 0.6654701399692926
 1.417934397467490 0.7244277919631463
 1.388333563165868 0.7823913556541050
 1.356451874382450 0.8391995073724043
 1.322287187278282 0.8947107519410947
 1.286000599198458 0.9489425925133077
 1.247669077613628 1.001881716782494
 1.207105090332971 1.053263651231519
 1.164249400236921 1.102882217922496
 1.119833618762873 1.151230212654525
 1.072780869560403 1.197241555635373
 1.024227355681641 1.241800579282239
 0.9735522978805240 1.284178084623603
 0.9209365548957165 1.324338922279968
 0.8666476051701285 1.362364291363448
 0.8106849613210207 1.398102432825543
 0.7530212920387871 1.431323237331449
 0.6938211715322602 1.461942979457944
 0.6332918871789770 1.489959078085545
 0.5715157622819352 1.515282847067318
 0.5085552821443790 1.537767571264611
 0.4445909303071854 1.557347155970448
 0.3798377560033477 1.574036139471893
 0.3144199529762192 1.587816151111035
 0.2484331276280340 1.598619719141631
 0.1820548697775498 1.606425400831943
 0.1154906308871049 1.611285240679697
 4.886621786971927E-02 1.613243150640518
 -1.773076159234905E-02 1.612295668072129
 -8.414991255532192E-02 1.608457006114653
 -0.1502130759200523 1.601802227092001
 -0.2158139247214396 1.592411688582952
 -0.2808903544526628 1.580319839857640
 -0.3453256271729877 1.565556519651338
 -0.4089690110890080 1.548199686224529
 -0.4717343591474931 1.528343411182395
 -0.5335849242940720 1.506041130414663
 -0.5944322430202298 1.481325602813264
 -0.6541439299760358 1.454265996264484
 -0.7126465463401358 1.424957763541371
 -0.7699236252306145 1.393464805156733
 -0.8259079480008351 1.359818739195798
 -0.8804752163411699 1.324075583911982
 -0.9335563027521503 1.286326813644905
 -0.9851513267461496 1.246644659187736
 -1.035209673947022 1.205060442018554
 -1.083605145416402 1.161616057761868
 -1.130264481157135 1.116396756835756
 -1.175204037450581 1.069484628837613
 -1.218388390245979 1.020914464023196
 -1.259676878540845 0.9707139647621670
 -1.298981135314973 0.9189610445004514
 -1.336340069781298 0.8657533131250545
 -1.371737571280734 0.8111364568011565
 -1.404994029419114 0.7551220285400180
 -1.435985833859206 0.6977789193111164
 -1.464808691448819 0.6392378919312208
 -1.491489557127620 0.5795722583384534
 -1.515705624015734 0.5187518476501030
 -1.537248718221468 0.4568284479847222
 -1.556911419144417 0.3941892555332437
 -1.573232036426835 0.3304347079155826
 -1.587544525933472 0.2661066196301412
 -1.598906993207545 0.2010319795654470
 -1.607379427362816 0.1353849906734286
 -1.613165888114595 6.935669652455345E-02
 -1.616134704580257 3.022554557237656E-03
 -1.616072930575412 -6.352605016955437E-02
 -1.612990344861022 -0.1301047294985543
 -1.606988355810812 -0.1965326767351897
 -1.598031320620075 -0.2626942547342749
 -1.586023422903239 -0.3284619920665104
 -1.570997664735447 -0.3936465380470447
 -1.553074161259119 -0.4580689237205725
 -1.532299099889497 -0.5216124088214029
 -1.508661851581414 -0.5841604599033163
 -1.482232641293837 -0.6455485583059453
 -1.453159266615093 -0.7056248000925239
 -1.421542659870794 -0.7643021892582169
 -1.387423626165892 -0.8215031240034841
 -1.350889671912690 -0.8771044650564741
 -1.312094882540137 -0.9309894532733665
 -1.271162013235391 -0.9831061855906651
 -1.228151950194941 -1.033418102562842
 -1.183148903491917 -1.081839025535270
 -1.136295752857035 -1.128277396075945
 -1.087717040216773 -1.172705644450898
 -1.037477415936295 -1.215118664722394
 -0.9856494818024694 -1.255456224690716
 -0.9323593316369105 -1.293638259222878
 -0.8777263493766188 -1.329648894820487
 -0.8218141079299562 -1.363505821001888
 -0.7646835986852698 -1.395166633754100
 -0.7064454840279051 -1.424551696710043
 -0.6472135468095044 -1.451646880868891
 -0.5870502809756980 -1.476488405127978
 -0.5260081189102610 -1.499048096890803
 -0.4641864427575080 -1.519237612483069
 -0.4016957115437562 -1.537036132095195
 -0.3385988388050534 -1.552498865481049
 -0.2749436658120731 -1.565612529640644
 -0.2108245140219264 -1.576269159757340
 -0.1463530419681861 -1.584431184469744
 -8.159432768619179E-02 -1.590181105088201
 -1.659599188513317E-02 -1.593527812455262
 4.854215503666337E-02 -1.594321535912422
 0.1136986465809243 -1.592489671252211
 0.1788080922503604 -1.588180484444529
 0.2438204795139920 -1.581453975120948
 0.3086005336827628 -1.572015498881622
 0.3729993179845465 -1.559710665907218
 0.4370778003815436 -1.545419468187769
 0.5004511668664320 -1.527676263550956
 0.5633171702518307 -1.507907198912380
 0.6253546953270213 -1.485210064189050
 0.6864428724670996 -1.459723912953397
 0.7465182829444661 -1.431720987888001
 0.8054497432592362 -1.401124987382780
 0.8630516385366246 -1.367797187161895
 0.9191691733287615 -1.331838249959390
 0.9736964686318353 -1.293426401350355
 1.026515558338140 -1.252588592333043
 1.077468140758860 -1.209305579198100
 1.126406734428262 -1.163700617923404
 1.173236405255772 -1.115967215751321
 1.217879146913277 -1.066203742289632
 1.260228723953380 -1.014459259238315
 1.300177771516287 -0.9608768425259973
 1.337668635727988 -0.9056604405871730
 1.372676442001075 -0.8489409613823009
 1.405154387758241 -0.7907925440686446
 1.435039584468012 -0.7313525410581785
 1.462307958460189 -0.6708127738186347
 1.486975937956830 -0.6093055029922867
 1.509042304647604 -0.5469017372947988
 1.528474530664905 -0.4837174941160680
 1.545264763946043 -0.4199222901485840
 1.559451399364266 -0.3556377667314962
 1.571062340230366 -0.2909224656922686
 1.580081724822699 -0.2258693781225481
 1.586503261612946 -0.1606277370416059
 1.590372895716754 -9.530886872088384E-02
 1.591737733160571 -2.995898415484466E-02
 1.590591546686105 3.534789455830123E-02
 1.586920700369075 0.1004761127980618
 1.580769849561655 0.1653200672239860
 1.572201607721848 0.2298437459402417
 1.561217792857283 0.2939876548722498
 1.547791588173910 0.3576215547212014
 1.531960192700891 0.4206393752594386
 1.513802876255635 0.4830142366434358
 1.493332056058052 0.5446980656174477
 1.470501392562772 0.6055551949951732
 1.445334177283160 0.6654701399692926
 1.417934397467490 0.7244277919631463
 1.388333563165868 0.7823913556541050
 1.356451874382450 0.8391995073724043
 1.322287187278282 0.8947107519410947
 1.286000599198458 0.9489425925133077
 1.247669077613628 1.001881716782494
 1.207105090332971 1.053263651231519
 1.164249400236921 1.102882217922496
 1.119833618762873 1.151230212654525
 1.072780869560403 1.197241555635373
 1.024227355681641 1.241800579282239
 0.9735522978805240 1.284178084623603
 0.9209365548957165 1.324338922279968
 0.8666476051701285 1.362364291363448
 0.8106849613210207 1.398102432825543
 0.7530212920387871 1.431323237331449
 0.6938211715322602 1.461942979457944
 0.6332918871789770 1.489959078085545
 0.5715157622819352 1.515282847067318
 0.5085552821443790 1.537767571264611
 0.4445909303071854 1.557347155970448
 0.3798377560033477 1.574036139471893
 0.3144199529762192 1.587816151111035
 0.2484331276280340 1.598619719141631
 0.1820548697775498 1.606425400831943
 0.1154906308871049 1.611285240679697
 4.886621786971927E-02 1.613243150640518
 -1.773076159234905E-02 1.612295668072129
 -8.414991255532192E-02 1.608457006114653
 -0.1502130759200523 1.601802227092001
 -0.2158139247214396 1.592411688582952
 -0.2808903544526628 1.580319839857640
 -0.3453256271729877 1.565556519651338
 -0.4089690110890080 1.548199686224529
 -0.4717343591474931 1.528343411182395
 -0.5335849242940720 1.506041130414663
 -0.5944322430202298 1.481325602813264
 -0.6541439299760358 1.454265996264484
 -0.7126465463401358 1.424957763541371
 -0.7699236252306145 1.393464805156733
 -0.8259079480008351 1.359818739195798
 -0.8804752163411699 1.324075583911982
 -0.9335563027521503 1.286326813644905
 -0.9851513267461496 1.246644659187736
 -1.035209673947022 1.205060442018554
 -1.083605145416402 1.161616057761868
 -1.130264481157135 1.116396756835756
 -1.175204037450581 1.069484628837613
 -1.218388390245979 1.020914464023196
 -1.259676878540845 0.9707139647621670
 -1.298981135314973 0.9189610445004514
 -1.336340069781298 0.8657533131250545
 -1.371737571280734 0.8111364568011565
 -1.404994029419114 0.7551220285400180
 -1.435985833859206 0.6977789193111164
 -1.464808691448819 0.6392378919312208
 -1.491489557127620 0.5795722583384534
 -1.515705624015734 0.5187518476501030
 -1.537248718221468 0.4568284479847222
 -1.556911419144417 0.3941892555332437
   
   
 #BODY NUMBER  4
 -0.3567643482190344 1.552619025206195
 -0.4204559500094124 1.537577955746026
 -0.4837400971402301 1.520644511781693
 -0.5463558553273835 1.500978426576590
 -0.6082046451121406 1.478713281451953
 -0.6692398609721280 1.454103535105477
 -0.7293613033815022 1.427070417684957
 -0.7884189764704895 1.397468666252778
 -0.8462834203365263 1.365370074628158
 -0.9028650029689437 1.330912804330916
 -0.9580609730394612 1.294086612756146
 -1.011724686858922 1.254831328169125
 -1.063707191554463 1.213216048229304
 -1.113897171930671 1.169374939695875
 -1.162191662187005 1.123354391387007
 -1.208453172539597 1.075157243659616
 -1.252532566647353 1.024879793574295
 -1.294319302110298 0.9726843086874724
 -1.333731445222299 0.9186751593824025
 -1.370666836736758 0.8629134994560331
 -1.405008211300864 0.8055295639317136
 -1.436677261947646 0.7467153052652469
 -1.465641303820250 0.6866167446807254
 -1.491860599532014 0.6253292146186358
 -1.515273804747856 0.5629942501369476
 -1.535850321218919 0.4998069010175787
 -1.553612757130084 0.4359197086482535
 -1.568583577907658 0.3714253882143035
 -1.580750436449435 0.3064457496288766
 -1.590114138008788 0.2411524668907097
 -1.596729580992694 0.1756796832358796
 -1.600657518168268 0.1100970488582811
 -1.601910180243142 4.449510014434954E-02
 -1.600492357722640 -2.098180062087063E-02
 -1.596464366294407 -8.621909041326703E-02
 -1.589904868658572 -0.1511695917436598
 -1.580834602084268 -0.2157682429668364
 -1.569244995487525 -0.2798867883027140
 -1.555187032949174 -0.3434197150243796
 -1.538752183460012 -0.4063359251308724
 -1.519968196919696 -0.4685875952043979
 -1.498805078471486 -0.5300478498404403
 -1.475297867231682 -0.5906080539335482
 -1.449559148943452 -0.6502524030119980
 -1.421632994202833 -0.7089479248870583
 -1.391456111407858 -0.7665495722367942
 -1.359038001190006 -0.8229303360487644
 -1.324544377735662 -0.8781091475324567
 -1.288061125495162 -0.9320801146179796
 -1.249419877222677 -0.9846115666915398
 -1.208572349789540 -1.035525070362573
 -1.166225344118080 -1.085276501325379
 -1.121353594970298 -1.132914511753484
 -1.075046728758216 -1.179253468843438
 -1.026707520284031 -1.223647263508185
 -0.9765009440947698 -1.266077314092789
 -0.9246706706480361 -1.306630488379767
 -0.8711985830136914 -1.345180626108188
 -0.8160338777324182 -1.381525195575559
 -0.7593034600267766 -1.415587978127095
 -0.7011717972880899 -1.447360430924476
 -0.6416813948244474 -1.476748447404685
 -0.5808534642295688 -1.503594944540246
 -0.5188223222683122 -1.527805474189017
 -0.4557598183601878 -1.549350717943541
 -0.3917576093004522 -1.568164699213912
 -0.3268868998022845 -1.584129768532998
 -0.2613056537370142 -1.597164918571080
 -0.1952096701307069 -1.607255550579800
 -0.1287303032397290 -1.614382893079846
 -6.197159342907488E-02 -1.618489050466907
 4.895039786166677E-03 -1.619537585478139
 7.166420721946698E-02 -1.617556658518755
 0.1381931083528429 -1.612590974284446
 0.2043793141776972 -1.604653785409125
 0.2700695795707603 -1.593762733669218
 0.3350796873414619 -1.579988845094864
 0.3992888368653432 -1.563427969642363
 0.4626279671497446 -1.544145920534270
 0.5249854141643444 -1.522192909822988
 0.5862129064917534 -1.497655471877760
 0.6462217218852718 -1.470648221731695
 0.7049819178911658 -1.441258597921412
 0.7624212030526318 -1.409542460743645
 0.8184169512161339 -1.375576140040222
 0.8729001057362799 -1.339469152240948
 0.9258691410590176 -1.301313209987055
 0.9772780807813470 -1.261158803103022
 1.027011566597550 -1.219062636702436
 1.075003713846112 -1.175121620657942
 1.121273325363593 -1.129430518439708
 1.165792859805116 -1.082037273874686
 1.208437442418884 -1.032979348357216
 1.249130512001984 -0.9823414042048645
 1.287914674351993 -0.9302288457671810
 1.324783410013871 -0.8766963253942599
 1.359579458521087 -0.8217615546119178
 1.392197577158098 -0.7654962657145897
 1.422737017926436 -0.7080345057927069
 1.451235620369063 -0.6494535989969967
 1.477408568226208 -0.5897235703223027
 1.501077192084427 -0.5288918220479077
 1.522989692337114 -0.4673425238808164
 1.541809544979710 -0.4046634439925421
 1.558786825898446 -0.3413910429382552
 1.573063375611415 -0.2773311630684054
 1.584705589206910 -0.2126359673591638
 1.593910531620164 -0.1474730467257097
 1.600559886395194 -8.188979157676868E-02
 1.604452854202908 -1.594347067721948E-02
 1.605586880363303 5.021790349893691E-02
 1.604036800257034 0.1164476265935595
 1.599742367863909 0.1826618346485386
 1.592578151088491 0.2487636163711205
 1.582529513822776 0.3145894259597134
 1.569656990290859 0.3799757782476664
 1.553949271487458 0.4448103078269059
 1.535340072341881 0.5089725248733823
 1.513838220384367 0.5722851249967859
 1.489528972241005 0.6345712418923274
 1.462461748462028 0.6957077336974434
 1.432638430165833 0.7555755510108739
 1.400113171514697 0.8140080215464256
 1.365013054728179 0.8708413532535082
 1.327448195467407 0.9259742296037206
 1.287481285354317 0.9793245707904896
 1.245204225177095 1.030768483532270
 1.200770633877457 1.080181944077285
 1.154323920264741 1.127508260994109
 1.105955610757913 1.172720532319967
 1.055765022285090 1.215747160194111
 1.003901231517034 1.256503004987050
 0.9505078591074219 1.294968538495815
 0.8956756002771019 1.331161549063131
 0.8394889771905106 1.365047360599296
 0.7820754065065060 1.396557940661093
 0.7235642605581269 1.425688242654215
 0.6640357275995542 1.452482801730715
 0.6035565213029205 1.476927046069858
 0.5422334288899749 1.498949425005150
 0.4801833191030620 1.518541335682322
 0.4174788580964190 1.535766443570580
 0.3541753371145801 1.550624869079084
 0.2903676360526023 1.563027198197656
 0.2261673552296985 1.572949458138413
 0.1616444745914587 1.580481248779179
 9.684958418896197E-02 1.585644250281318
 3.187665288677050E-02 1.588311126848712
 -3.315957596809168E-02 1.588426601763354
 -9.819264019077380E-02 1.586143653325164
 -0.1631744948739005 1.581533713614976
 -0.2279886910035310 1.574335137013843
 -0.2925048422948867 1.564416892410481
 -0.3567643482190344 1.552619025206195
 -0.4204559500094124 1.537577955746026
 -0.4837400971402301 1.520644511781693
 -0.5463558553273835 1.500978426576590
 -0.6082046451121406 1.478713281451953
 -0.6692398609721280 1.454103535105477
 -0.7293613033815022 1.427070417684957
 -0.7884189764704895 1.397468666252778
 -0.8462834203365263 1.365370074628158
 -0.9028650029689437 1.330912804330916
 -0.9580609730394612 1.294086612756146
 -1.011724686858922 1.254831328169125
 -1.063707191554463 1.213216048229304
 -1.113897171930671 1.169374939695875
 -1.162191662187005 1.123354391387007
 -1.208453172539597 1.075157243659616
 -1.252532566647353 1.024879793574295
 -1.294319302110298 0.9726843086874724
 -1.333731445222299 0.9186751593824025
 -1.370666836736758 0.8629134994560331
 -1.405008211300864 0.8055295639317136
 -1.436677261947646 0.7467153052652469
 -1.465641303820250 0.6866167446807254
 -1.491860599532014 0.6253292146186358
 -1.515273804747856 0.5629942501369476
 -1.535850321218919 0.4998069010175787
 -1.553612757130084 0.4359197086482535
 -1.568583577907658 0.3714253882143035
 -1.580750436449435 0.3064457496288766
 -1.590114138008788 0.2411524668907097
 -1.596729580992694 0.1756796832358796
 -1.600657518168268 0.1100970488582811
 -1.601910180243142 4.449510014434954E-02
 -1.600492357722640 -2.098180062087063E-02
 -1.596464366294407 -8.621909041326703E-02
 -1.589904868658572 -0.1511695917436598
 -1.580834602084268 -0.2157682429668364
 -1.569244995487525 -0.2798867883027140
 -1.555187032949174 -0.3434197150243796
 -1.538752183460012 -0.4063359251308724
 -1.519968196919696 -0.4685875952043979
 -1.498805078471486 -0.5300478498404403
 -1.475297867231682 -0.5906080539335482
 -1.449559148943452 -0.6502524030119980
 -1.421632994202833 -0.7089479248870583
 -1.391456111407858 -0.7665495722367942
 -1.359038001190006 -0.8229303360487644
 -1.324544377735662 -0.8781091475324567
 -1.288061125495162 -0.9320801146179796
 -1.249419877222677 -0.9846115666915398
 -1.208572349789540 -1.035525070362573
 -1.166225344118080 -1.085276501325379
 -1.121353594970298 -1.132914511753484
 -1.075046728758216 -1.179253468843438
 -1.026707520284031 -1.223647263508185
 -0.9765009440947698 -1.266077314092789
 -0.9246706706480361 -1.306630488379767
 -0.8711985830136914 -1.345180626108188
 -0.8160338777324182 -1.381525195575559
 -0.7593034600267766 -1.415587978127095
 -0.7011717972880899 -1.447360430924476
 -0.6416813948244474 -1.476748447404685
 -0.5808534642295688 -1.503594944540246
 -0.5188223222683122 -1.527805474189017
 -0.4557598183601878 -1.549350717943541
 -0.3917576093004522 -1.568164699213912
 -0.3268868998022845 -1.584129768532998
 -0.2613056537370142 -1.597164918571080
 -0.1952096701307069 -1.607255550579800
 -0.1287303032397290 -1.614382893079846
 -6.197159342907488E-02 -1.618489050466907
 4.895039786166677E-03 -1.619537585478139
 7.166420721946698E-02 -1.617556658518755
 0.1381931083528429 -1.612590974284446
 0.2043793141776972 -1.604653785409125
 0.2700695795707603 -1.593762733669218
 0.3350796873414619 -1.579988845094864
 0.3992888368653432 -1.563427969642363
 0.4626279671497446 -1.544145920534270
 0.5249854141643444 -1.522192909822988
 0.5862129064917534 -1.497655471877760
 0.6462217218852718 -1.470648221731695
 0.7049819178911658 -1.441258597921412
 0.7624212030526318 -1.409542460743645
 0.8184169512161339 -1.375576140040222
 0.8729001057362799 -1.339469152240948
 0.9258691410590176 -1.301313209987055
 0.9772780807813470 -1.261158803103022
 1.027011566597550 -1.219062636702436
 1.075003713846112 -1.175121620657942
 1.121273325363593 -1.129430518439708
 1.165792859805116 -1.082037273874686
 1.208437442418884 -1.032979348357216
 1.249130512001984 -0.9823414042048645
 1.287914674351993 -0.9302288457671810
 1.324783410013871 -0.8766963253942599
 1.359579458521087 -0.8217615546119178
 1.392197577158098 -0.7654962657145897
 1.422737017926436 -0.7080345057927069
 1.451235620369063 -0.6494535989969967
 1.477408568226208 -0.5897235703223027
 1.501077192084427 -0.5288918220479077
 1.522989692337114 -0.4673425238808164
 1.541809544979710 -0.4046634439925421
 1.558786825898446 -0.3413910429382552
 1.573063375611415 -0.2773311630684054
 1.584705589206910 -0.2126359673591638
 1.593910531620164 -0.1474730467257097
 1.600559886395194 -8.188979157676868E-02
 1.604452854202908 -1.594347067721948E-02
 1.605586880363303 5.021790349893691E-02
 1.604036800257034 0.1164476265935595
 1.599742367863909 0.1826618346485386
 1.592578151088491 0.2487636163711205
 1.582529513822776 0.3145894259597134
 1.569656990290859 0.3799757782476664
 1.553949271487458 0.4448103078269059
 1.535340072341881 0.5089725248733823
 1.513838220384367 0.5722851249967859
 1.489528972241005 0.6345712418923274
 1.462461748462028 0.6957077336974434
 1.432638430165833 0.7555755510108739
 1.400113171514697 0.8140080215464256
 1.365013054728179 0.8708413532535082
 1.327448195467407 0.9259742296037206
 1.287481285354317 0.9793245707904896
 1.245204225177095 1.030768483532270
 1.200770633877457 1.080181944077285
 1.154323920264741 1.127508260994109
 1.105955610757913 1.172720532319967
 1.055765022285090 1.215747160194111
 1.003901231517034 1.256503004987050
 0.9505078591074219 1.294968538495815
 0.8956756002771019 1.331161549063131
 0.8394889771905106 1.365047360599296
 0.7820754065065060 1.396557940661093
 0.7235642605581269 1.425688242654215
 0.6640357275995542 1.452482801730715
 0.6035565213029205 1.476927046069858
 0.5422334288899749 1.498949425005150
 0.4801833191030620 1.518541335682322
 0.4174788580964190 1.535766443570580
 0.3541753371145801 1.550624869079084
 0.2903676360526023 1.563027198197656
 0.2261673552296985 1.572949458138413
 0.1616444745914587 1.580481248779179
 9.684958418896197E-02 1.585644250281318
 3.187665288677050E-02 1.588311126848712
 -3.315957596809168E-02 1.588426601763354
 -9.819264019077380E-02 1.586143653325164
 -0.1631744948739005 1.581533713614976
 -0.2279886910035310 1.574335137013843
 -0.2925048422948867 1.564416892410481
 -0.3567643482190344 1.552619025206195
   
   
 #BODY NUMBER  5
 -4.774144972014088E-02 -0.9985424332987706
 -1.615689153336464E-02 -0.9390244652143999
 1.407598649993153E-02 -0.8788303878060429
 4.237591259561430E-02 -0.8177665675118989
 6.889228154492327E-02 -0.7560529629549523
 9.388954916750755E-02 -0.6939084345549319
 0.1173919274611127 -0.6313696827570936
 0.1393537788443536 -0.5684464852021661
 0.1598749611124640 -0.5052347681146512
 0.1791084745364474 -0.4418166606314951
 0.1970924072122801 -0.3781799691841867
 0.2137986563740848 -0.3143025238837785
 0.2292696585404749 -0.2502261567233113
 0.2435947068666925 -0.1859896818728000
 0.2567948423435519 -0.1215645282020183
 0.2688304522338207 -5.691596074195222E-02
 0.2797011481385448 7.933221520614944E-03
 0.2894507383976355 7.295612798422571E-02
 0.2980801474050856 0.1381836651691578
 0.3055328256486722 0.2036548405061405
 0.3117702854246825 0.2693524584182384
 0.3167927655389740 0.3352468549402827
 0.3205716388953598 0.4013604715115093
 0.3230212798830761 0.4677255167793994
 0.3240563757554552 0.5343122405621639
 0.3236231742430542 0.6010618577359007
 0.3216495901922686 0.6679558574897977
 0.3180119596578321 0.7349797161310432
 0.3125819640213318 0.8020399634629258
 0.3052699814120514 0.8689872097160756
 0.2959955270293902 0.9356983591149659
 0.2846554961729258 1.002055627921645
 0.2711629790879495 1.067858075456806
 0.2554959812997289 1.132841762461698
 0.2376778253981147 1.196787236785716
 0.2177369051563017 1.259522286954184
 0.1957250969216878 1.320822161386797
 0.1717571130703099 1.380414615573227
 0.1459904223527214 1.438106964901570
 0.1185750272498421 1.493805623743743
 8.965607889883598E-02 1.547382869821931
 5.941064699280574E-02 1.598645264286977
 2.803647112163299E-02 1.647485734898472
 -4.295834160902179E-03 1.693934529069776
 -3.744397491410423E-02 1.737977026388988
 -7.125284779832408E-02 1.779464725405709
 -0.1055555792952823 1.818330176865871
 -0.1402185126685317 1.854724635602078
 -0.1751422655959481 1.888730091907283
 -0.2102133466391589 1.920102636453707
 -0.2453081856575983 1.948728539324225
 -0.2803693582298161 1.975462080523277
 -0.3152563993328165 1.998972101432072
 -0.3499872773012286 2.020630490140711
 -0.3844361736592913 2.039621169765511
 -0.4185325824105129 2.056092971393509
 -0.4522490063853420 2.070321317625910
 -0.4855518394181535 2.082249419109333
 -0.5183773802009468 2.091741410967515
 -0.5506654769613341 2.098868490695744
 -0.5823911317711985 2.103769882044130
 -0.6135381919699893 2.106434356114455
 -0.6440614071377483 2.106784581424706
 -0.6739045864941704 2.104856612282908
 -0.7030413442549330 2.100748008869906
 -0.7314629314155713 2.094464081809987
 -0.7591341473626977 2.085947730936361
 -0.7859982009786489 2.075214429513132
 -0.8120220426656061 2.062338511019874
 -0.8371976486257933 2.047332936812795
 -0.8614950001011646 2.030150990673423
 -0.8848534166582293 2.010794998628034
 -0.9072285279310854 1.989324689237746
 -0.9286074602429769 1.965758743505613
 -0.9489615186415470 1.940059061714576
 -0.9682231506621886 1.912221477302932
 -0.9863317944570835 1.882298815743671
 -1.003263886627609 1.850318252080489
 -1.018987991994514 1.816253666465736
 -1.033426166273244 1.780103251507831
 -1.046495659117748 1.741923395124306
 -1.058155182730932 1.701757941993765
 -1.068365838669197 1.659601652625452
 -1.077035244097826 1.615468368046482
 -1.084051594100504 1.569433744489603
 -1.089348797975846 1.521573041473413
 -1.092878112927877 1.471916954740105
 -1.094532844194329 1.420513935407357
 -1.094170376689789 1.367481478608943
 -1.091701259560320 1.312948453885050
 -1.087079623394801 1.257002331915038
 -1.080204301514325 1.199749859374715
 -1.070921213951356 1.141378193991283
 -1.059146136159077 1.082093977383859
 -1.044888112227845 1.022054812038350
 -1.028114069898816 0.9614338072518863
 -1.008709849342344 0.9004955601838180
 -0.9866573080568526 0.8395132178984406
 -0.9621241461280080 0.7786614056836638
 -0.9352384578273557 0.7181089486809591
 -0.9059121010519841 0.6581548978341853
 -0.8741956972331784 0.5990518238442332
 -0.8408923891333933 0.5406165249205248
 -0.8051405958840849 0.4835045111212835
 -0.7681274347077289 0.4272250320107540
 -0.7293945781287139 0.3721846669395986
 -0.6892072132979454 0.3183640155349028
 -0.6478871068086164 0.2656434825485363
 -0.6054781481775212 0.2140204499980032
 -0.5619659862992277 0.1635393300085144
 -0.5174836246186600 0.1141616063048825
 -0.4721786891903065 6.579584133410588E-02
 -0.4260596641220619 1.840295305323154E-02
 -0.3790932983439598 -2.800380577304797E-02
 -0.3313370376839714 -7.344027025137952E-02
 -0.2828691427769771 -0.1179643634375794
 -0.2336753907937936 -0.1616085929293266
 -0.1837058940002388 -0.2043560205743717
 -0.1329802026985704 -0.2461949105159618
 -8.154350900272950E-02 -0.2871497565886291
 -2.936950927800923E-02 -0.3272368126011932
 2.360385265764971E-02 -0.3664266089548621
 7.738092884964483E-02 -0.4046772165320196
 0.1319359101476345 -0.4419740101620204
 0.1873025449561876 -0.4783034187719479
 0.2435515395876266 -0.5136073927314069
 0.3006997860020886 -0.5477971739436218
 0.3587232509236311 -0.5807968190157932
 0.4176419460966486 -0.6125346449682575
 0.4775051256068427 -0.6428962938364764
 0.5382960011985709 -0.6717239033387696
 0.5999300084718513 -0.6988651637736777
 0.6623407857582799 -0.7241888253714984
 0.7254778816988492 -0.7475467049734406
 0.7892107314379795 -0.7687630661844360
 0.8533217541099026 -0.7876868916012482
 0.9176092372823550 -0.8042286531038676
 0.9819098445568463 -0.8183268346838524
 1.046002997181592 -0.8299139867857518
 1.109595568306590 -0.8389533309861783
 1.172441953787735 -0.8454848969174615
 1.234386104853220 -0.8495917977246672
 1.295244835197243 -0.8513358768410594
 1.354762087015807 -0.8507737616945280
 1.412746263233736 -0.8480231636730391
 1.469138251602507 -0.8432469630211017
 1.523854243503654 -0.8365610797002128
 1.576688081238806 -0.8280255864175198
 1.627497915281337 -0.8177512752520386
 1.676347907790501 -0.8059295237492203
 1.723259373281799 -0.7926873946711894
 1.767964334361966 -0.7780012198227976
 1.810302512963320 -0.7619211491263628
 1.850985025060926 -0.7449240535918777
 1.888788820962947 -0.7264660001882055
 1.924910974773872 -0.7072173719261426
 1.958581833943111 -0.6868790923601230
 1.989895036974666 -0.6655866370177461
 2.019075358253181 -0.6435015304469781
 2.046056813673150 -0.6206244817642834
 2.070689890146247 -0.5969427254825128
 2.093006170625884 -0.5725439533122821
 2.113113727452407 -0.5475194259694361
 2.130994759784429 -0.5218775176192429
 2.146559671384035 -0.4956187505339107
 2.159811590807736 -0.4688098145106547
 2.170821814758383 -0.4415223403994201
 2.179590567869283 -0.4137665603724739
 2.186050799638745 -0.3855444089718447
 2.190187514747728 -0.3569128053801893
 2.192048563078988 -0.3279375381285908
 2.191641157597378 -0.2986320367078624
 2.188909831491912 -0.2689989400158254
 2.183826258943687 -0.2390919618625337
 2.176419981221014 -0.2089793923925927
 2.166700739708728 -0.1786817210386402
 2.154621191607799 -0.1482047484998480
 2.140143952337641 -0.1176048936458024
 2.123284489175925 -8.696101731171002E-02
 2.104054554701527 -5.630711352122386E-02
 2.082415810873214 -2.565734601432446E-02
 2.058327720301683 4.921687174274991E-03
 2.031797741182962 3.533012818395675E-02
 2.002843200223992 6.551029839426936E-02
 1.971440110670877 9.543113051026619E-02
 1.937554267787356 0.1250056981366505
 1.901195289334784 0.1540993472592517
 1.862395306617452 0.1826172118924182
 1.821156531529899 0.2105017316654871
 1.777467576589743 0.2376362806450453
 1.731358888024945 0.2638386029772748
 1.682897344704115 0.2889667971801811
 1.632135763752102 0.3129374038387991
 1.579116007162474 0.3356094367012735
 1.523923118297733 0.3567558797379031
 1.466693941776105 0.3762004715419634
 1.407569487399263 0.3938722432825042
 1.346683136086733 0.4096559988946419
 1.284206955785457 0.4233205744861346
 1.220368427541297 0.4347136846575828
 1.155402631332558 0.4438932492994345
 1.089519821156324 0.4508857887341919
 1.022934911675548 0.4554654441896611
 0.9558919462490956 0.4575497697608656
 0.8886338388535342 0.4579259083782458
 0.8212974874174496 0.4555199540931164
 0.7540514482077973 0.4516053557952889
 0.6870186655330996 0.4455819005723004
 0.6203149317530221 0.4376889474200495
 0.5539975576411088 0.4282649520063956
 0.4880862207164085 0.4173492327590904
 0.4226122074548740 0.4049071551936517
 0.3576086635061960 0.3910731618097687
 0.2930702146538592 0.3760208192973892
 0.2289672569097819 0.3597770161309551
 0.1652946419698751 0.3423063296568264
 0.1020673791434964 0.3236664269746908
 3.927443591028464E-02 0.3039540453103793
 -2.311945154975828E-02 0.2831731211313449
 -8.512455823358192E-02 0.2612719813163240
 -0.1467209454399743 0.2382616889953469
 -0.2079072293949060 0.2141936286044034
 -0.2687106381270764 0.1890531474320354
 -0.3291366783063219 0.1627717684487216
 -0.3891512142743274 0.1353247581137812
 -0.4487286756866085 0.1067271552217376
 -0.5078741838515475 7.694294726043863E-02
 -0.5665728194707027 4.588187595200743E-02
 -0.6247561617575437 1.348493338145790E-02
 -0.6823464251666853 -2.026503872010754E-02
 -0.7392915362889172 -5.542121252154014E-02
 -0.7955170852646749 -9.208342229456684E-02
 -0.8508779652199027 -0.1303160601241562
 -0.9051999898839027 -0.1701220459423978
 -0.9583363127876702 -0.2115095337434675
 -1.010133377871775 -0.2545089229482048
 -1.060373710525929 -0.2990950092723703
 -1.108817735409632 -0.3451548708604498
 -1.155287062680470 -0.3925585836818484
 -1.199646749713148 -0.4411954522703320
 -1.241728094103280 -0.4909081746010456
 -1.281352681376900 -0.5414612845870488
 -1.318432376140457 -0.5926220679841088
 -1.352961132103062 -0.6442138260190763
 -1.384900914096079 -0.6960469929808715
 -1.414172734008613 -0.7478715025924492
 -1.440782734355369 -0.7994625712254331
 -1.464842417441604 -0.8506875660486741
 -1.486410268589549 -0.9014159466887754
 -1.505435233440482 -0.9514391389881893
 -1.521942335986055 -1.000578901613833
 -1.536129395121969 -1.048795111852857
 -1.548117107685851 -1.096042697236094
 -1.557750987722807 -1.142101416630909
 -1.564994327305722 -1.186807390197862
 -1.570615666831110 -1.230538026931399
 -1.573532421630130 -1.272506101243867
 -1.574923697472643 -1.313413118214568
 -1.574145660283820 -1.352742077405388
 -1.571362454564153 -1.390506334375763
 -1.566826351867839 -1.426819787178932
 -1.560504974254997 -1.461624937345050
 -1.552312509945300 -1.494798685485002
 -1.542340693664550 -1.526324537383462
 -1.530722595681209 -1.556250456074693
 -1.517456567814440 -1.584556838495212
 -1.502498264246287 -1.611165830890795
 -1.485907004313566 -1.636046797772253
 -1.467780470503449 -1.659225668470486
 -1.448127636453712 -1.680697521437513
 -1.426916652276047 -1.700403321964516
 -1.404189313769080 -1.718301624132943
 -1.380026520413381 -1.734400972891283
 -1.354443508971585 -1.748700900104933
 -1.327414831390747 -1.761152050657598
 -1.298972842285458 -1.771703036765500
 -1.269191453289929 -1.780345296845153
 -1.238093279465751 -1.787077022466973
 -1.205659672966251 -1.791854313214728
 -1.171920801675453 -1.794616583657129
 -1.136952694718842 -1.795337798431961
 -1.100790668073918 -1.794011138559265
 -1.063427818878699 -1.790596320451412
 -1.024901554028440 -1.785024938682106
 -0.9853020820652137 -1.777253523308263
 -0.9446880174930599 -1.767268240388035
 -0.9030742720016799 -1.755032783135718
 -0.8605190236895298 -1.740474066183133
 -0.8171436952342801 -1.723533091748855
 -0.7730465086416060 -1.704190253365831
 -0.7282784186020227 -1.682418686405593
 -0.6829347323954141 -1.658150216052403
 -0.6371885113351561 -1.631320081586217
 -0.5911960851437954 -1.601915251065232
 -0.5450561403573011 -1.569939735753837
 -0.4989117056481486 -1.535359296075989
 -0.4530019043463763 -1.498134073729187
 -0.4075478056170273 -1.458294448925823
 -0.3626813751714182 -1.415927055320854
 -0.3185690661879169 -1.371089806146528
 -0.2754971064431134 -1.323816134669953
 -0.2337111194844441 -1.274226902556023
 -0.1932784852045495 -1.222554654983098
 -0.1542813633289685 -1.168994737415151
 -0.1170228106235643 -1.113620342023846
 -8.169624901591725E-02 -1.056601593605099
 -4.774144972014088E-02 -0.9985424332987706
   
   
 #BODY NUMBER  6
 1.850985025060926 -0.7449240535918777
 1.888788820962947 -0.7264660001882055
 1.924910974773872 -0.7072173719261426
 1.958581833943111 -0.6868790923601230
 1.989895036974666 -0.6655866370177461
 2.019075358253181 -0.6435015304469781
 2.046056813673150 -0.6206244817642834
 2.070689890146247 -0.5969427254825128
 2.093006170625884 -0.5725439533122821
 2.113113727452407 -0.5475194259694361
 2.130994759784429 -0.5218775176192429
 2.146559671384035 -0.4956187505339107
 2.159811590807736 -0.4688098145106547
 2.170821814758383 -0.4415223403994201
 2.179590567869283 -0.4137665603724739
 2.186050799638745 -0.3855444089718447
 2.190187514747728 -0.3569128053801893
 2.192048563078988 -0.3279375381285908
 2.191641157597378 -0.2986320367078624
 2.188909831491912 -0.2689989400158254
 2.183826258943687 -0.2390919618625337
 2.176419981221014 -0.2089793923925927
 2.166700739708728 -0.1786817210386402
 2.154621191607799 -0.1482047484998480
 2.140143952337641 -0.1176048936458024
 2.123284489175925 -8.696101731171002E-02
 2.104054554701527 -5.630711352122386E-02
 2.082415810873214 -2.565734601432446E-02
 2.058327720301683 4.921687174274991E-03
 2.031797741182962 3.533012818395675E-02
 2.002843200223992 6.551029839426936E-02
 1.971440110670877 9.543113051026619E-02
 1.937554267787356 0.1250056981366505
 1.901195289334784 0.1540993472592517
 1.862395306617452 0.1826172118924182
 1.821156531529899 0.2105017316654871
 1.777467576589743 0.2376362806450453
 1.731358888024945 0.2638386029772748
 1.682897344704115 0.2889667971801811
 1.632135763752102 0.3129374038387991
 1.579116007162474 0.3356094367012735
 1.523923118297733 0.3567558797379031
 1.466693941776105 0.3762004715419634
 1.407569487399263 0.3938722432825042
 1.346683136086733 0.4096559988946419
 1.284206955785457 0.4233205744861346
 1.220368427541297 0.4347136846575828
 1.155402631332558 0.4438932492994345
 1.089519821156324 0.4508857887341919
 1.022934911675548 0.4554654441896611
 0.9558919462490956 0.4575497697608656
 0.8886338388535342 0.4579259083782458
 0.8212974874174496 0.4555199540931164
 0.7540514482077973 0.4516053557952889
 0.6870186655330996 0.4455819005723004
 0.6203149317530221 0.4376889474200495
 0.5539975576411088 0.4282649520063956
 0.4880862207164085 0.4173492327590904
 0.4226122074548740 0.4049071551936517
 0.3576086635061960 0.3910731618097687
 0.2930702146538592 0.3760208192973892
 0.2289672569097819 0.3597770161309551
 0.1652946419698751 0.3423063296568264
 0.1020673791434964 0.3236664269746908
 3.927443591028464E-02 0.3039540453103793
 -2.311945154975828E-02 0.2831731211313449
 -8.512455823358192E-02 0.2612719813163240
 -0.1467209454399743 0.2382616889953469
 -0.2079072293949060 0.2141936286044034
 -0.2687106381270764 0.1890531474320354
 -0.3291366783063219 0.1627717684487216
 -0.3891512142743274 0.1353247581137812
 -0.4487286756866085 0.1067271552217376
 -0.5078741838515475 7.694294726043863E-02
 -0.5665728194707027 4.588187595200743E-02
 -0.6247561617575437 1.348493338145790E-02
 -0.6823464251666853 -2.026503872010754E-02
 -0.7392915362889172 -5.542121252154014E-02
 -0.7955170852646749 -9.208342229456684E-02
 -0.8508779652199027 -0.1303160601241562
 -0.9051999898839027 -0.1701220459423978
 -0.9583363127876702 -0.2115095337434675
 -1.010133377871775 -0.2545089229482048
 -1.060373710525929 -0.2990950092723703
 -1.108817735409632 -0.3451548708604498
 -1.155287062680470 -0.3925585836818484
 -1.199646749713148 -0.4411954522703320
 -1.241728094103280 -0.4909081746010456
 -1.281352681376900 -0.5414612845870488
 -1.318432376140457 -0.5926220679841088
 -1.352961132103062 -0.6442138260190763
 -1.384900914096079 -0.6960469929808715
 -1.414172734008613 -0.7478715025924492
 -1.440782734355369 -0.7994625712254331
 -1.464842417441604 -0.8506875660486741
 -1.486410268589549 -0.9014159466887754
 -1.505435233440482 -0.9514391389881893
 -1.521942335986055 -1.000578901613833
 -1.536129395121969 -1.048795111852857
 -1.548117107685851 -1.096042697236094
 -1.557750987722807 -1.142101416630909
 -1.564994327305722 -1.186807390197862
 -1.570615666831110 -1.230538026931399
 -1.573532421630130 -1.272506101243867
 -1.574923697472643 -1.313413118214568
 -1.574145660283820 -1.352742077405388
 -1.571362454564153 -1.390506334375763
 -1.566826351867839 -1.426819787178932
 -1.560504974254997 -1.461624937345050
 -1.552312509945300 -1.494798685485002
 -1.542340693664550 -1.526324537383462
 -1.530722595681209 -1.556250456074693
 -1.517456567814440 -1.584556838495212
 -1.502498264246287 -1.611165830890795
 -1.485907004313566 -1.636046797772253
 -1.467780470503449 -1.659225668470486
 -1.448127636453712 -1.680697521437513
 -1.426916652276047 -1.700403321964516
 -1.404189313769080 -1.718301624132943
 -1.380026520413381 -1.734400972891283
 -1.354443508971585 -1.748700900104933
 -1.327414831390747 -1.761152050657598
 -1.298972842285458 -1.771703036765500
 -1.269191453289929 -1.780345296845153
 -1.238093279465751 -1.787077022466973
 -1.205659672966251 -1.791854313214728
 -1.171920801675453 -1.794616583657129
 -1.136952694718842 -1.795337798431961
 -1.100790668073918 -1.794011138559265
 -1.063427818878699 -1.790596320451412
 -1.024901554028440 -1.785024938682106
 -0.9853020820652137 -1.777253523308263
 -0.9446880174930599 -1.767268240388035
 -0.9030742720016799 -1.755032783135718
 -0.8605190236895298 -1.740474066183133
 -0.8171436952342801 -1.723533091748855
 -0.7730465086416060 -1.704190253365831
 -0.7282784186020227 -1.682418686405593
 -0.6829347323954141 -1.658150216052403
 -0.6371885113351561 -1.631320081586217
 -0.5911960851437954 -1.601915251065232
 -0.5450561403573011 -1.569939735753837
 -0.4989117056481486 -1.535359296075989
 -0.4530019043463763 -1.498134073729187
 -0.4075478056170273 -1.458294448925823
 -0.3626813751714182 -1.415927055320854
 -0.3185690661879169 -1.371089806146528
 -0.2754971064431134 -1.323816134669953
 -0.2337111194844441 -1.274226902556023
 -0.1932784852045495 -1.222554654983098
 -0.1542813633289685 -1.168994737415151
 -0.1170228106235643 -1.113620342023846
 -8.169624901591725E-02 -1.056601593605099
 -4.774144972014088E-02 -0.9985424332987706
 -1.615689153336464E-02 -0.9390244652143999
 1.407598649993153E-02 -0.8788303878060429
 4.237591259561430E-02 -0.8177665675118989
 6.889228154492327E-02 -0.7560529629549523
 9.388954916750755E-02 -0.6939084345549319
 0.1173919274611127 -0.6313696827570936
 0.1393537788443536 -0.5684464852021661
 0.1598749611124640 -0.5052347681146512
 0.1791084745364474 -0.4418166606314951
 0.1970924072122801 -0.3781799691841867
 0.2137986563740848 -0.3143025238837785
 0.2292696585404749 -0.2502261567233113
 0.2435947068666925 -0.1859896818728000
 0.2567948423435519 -0.1215645282020183
 0.2688304522338207 -5.691596074195222E-02
 0.2797011481385448 7.933221520614944E-03
 0.2894507383976355 7.295612798422571E-02
 0.2980801474050856 0.1381836651691578
 0.3055328256486722 0.2036548405061405
 0.3117702854246825 0.2693524584182384
 0.3167927655389740 0.3352468549402827
 0.3205716388953598 0.4013604715115093
 0.3230212798830761 0.4677255167793994
 0.3240563757554552 0.5343122405621639
 0.3236231742430542 0.6010618577359007
 0.3216495901922686 0.6679558574897977
 0.3180119596578321 0.7349797161310432
 0.3125819640213318 0.8020399634629258
 0.3052699814120514 0.8689872097160756
 0.2959955270293902 0.9356983591149659
 0.2846554961729258 1.002055627921645
 0.2711629790879495 1.067858075456806
 0.2554959812997289 1.132841762461698
 0.2376778253981147 1.196787236785716
 0.2177369051563017 1.259522286954184
 0.1957250969216878 1.320822161386797
 0.1717571130703099 1.380414615573227
 0.1459904223527214 1.438106964901570
 0.1185750272498421 1.493805623743743
 8.965607889883598E-02 1.547382869821931
 5.941064699280574E-02 1.598645264286977
 2.803647112163299E-02 1.647485734898472
 -4.295834160902179E-03 1.693934529069776
 -3.744397491410423E-02 1.737977026388988
 -7.125284779832408E-02 1.779464725405709
 -0.1055555792952823 1.818330176865871
 -0.1402185126685317 1.854724635602078
 -0.1751422655959481 1.888730091907283
 -0.2102133466391589 1.920102636453707
 -0.2453081856575983 1.948728539324225
 -0.2803693582298161 1.975462080523277
 -0.3152563993328165 1.998972101432072
 -0.3499872773012286 2.020630490140711
 -0.3844361736592913 2.039621169765511
 -0.4185325824105129 2.056092971393509
 -0.4522490063853420 2.070321317625910
 -0.4855518394181535 2.082249419109333
 -0.5183773802009468 2.091741410967515
 -0.5506654769613341 2.098868490695744
 -0.5823911317711985 2.103769882044130
 -0.6135381919699893 2.106434356114455
 -0.6440614071377483 2.106784581424706
 -0.6739045864941704 2.104856612282908
 -0.7030413442549330 2.100748008869906
 -0.7314629314155713 2.094464081809987
 -0.7591341473626977 2.085947730936361
 -0.7859982009786489 2.075214429513132
 -0.8120220426656061 2.062338511019874
 -0.8371976486257933 2.047332936812795
 -0.8614950001011646 2.030150990673423
 -0.8848534166582293 2.010794998628034
 -0.9072285279310854 1.989324689237746
 -0.9286074602429769 1.965758743505613
 -0.9489615186415470 1.940059061714576
 -0.9682231506621886 1.912221477302932
 -0.9863317944570835 1.882298815743671
 -1.003263886627609 1.850318252080489
 -1.018987991994514 1.816253666465736
 -1.033426166273244 1.780103251507831
 -1.046495659117748 1.741923395124306
 -1.058155182730932 1.701757941993765
 -1.068365838669197 1.659601652625452
 -1.077035244097826 1.615468368046482
 -1.084051594100504 1.569433744489603
 -1.089348797975846 1.521573041473413
 -1.092878112927877 1.471916954740105
 -1.094532844194329 1.420513935407357
 -1.094170376689789 1.367481478608943
 -1.091701259560320 1.312948453885050
 -1.087079623394801 1.257002331915038
 -1.080204301514325 1.199749859374715
 -1.070921213951356 1.141378193991283
 -1.059146136159077 1.082093977383859
 -1.044888112227845 1.022054812038350
 -1.028114069898816 0.9614338072518863
 -1.008709849342344 0.9004955601838180
 -0.9866573080568526 0.8395132178984406
 -0.9621241461280080 0.7786614056836638
 -0.9352384578273557 0.7181089486809591
 -0.9059121010519841 0.6581548978341853
 -0.8741956972331784 0.5990518238442332
 -0.8408923891333933 0.5406165249205248
 -0.8051405958840849 0.4835045111212835
 -0.7681274347077289 0.4272250320107540
 -0.7293945781287139 0.3721846669395986
 -0.6892072132979454 0.3183640155349028
 -0.6478871068086164 0.2656434825485363
 -0.6054781481775212 0.2140204499980032
 -0.5619659862992277 0.1635393300085144
 -0.5174836246186600 0.1141616063048825
 -0.4721786891903065 6.579584133410588E-02
 -0.4260596641220619 1.840295305323154E-02
 -0.3790932983439598 -2.800380577304797E-02
 -0.3313370376839714 -7.344027025137952E-02
 -0.2828691427769771 -0.1179643634375794
 -0.2336753907937936 -0.1616085929293266
 -0.1837058940002388 -0.2043560205743717
 -0.1329802026985704 -0.2461949105159618
 -8.154350900272950E-02 -0.2871497565886291
 -2.936950927800923E-02 -0.3272368126011932
 2.360385265764971E-02 -0.3664266089548621
 7.738092884964483E-02 -0.4046772165320196
 0.1319359101476345 -0.4419740101620204
 0.1873025449561876 -0.4783034187719479
 0.2435515395876266 -0.5136073927314069
 0.3006997860020886 -0.5477971739436218
 0.3587232509236311 -0.5807968190157932
 0.4176419460966486 -0.6125346449682575
 0.4775051256068427 -0.6428962938364764
 0.5382960011985709 -0.6717239033387696
 0.5999300084718513 -0.6988651637736777
 0.6623407857582799 -0.7241888253714984
 0.7254778816988492 -0.7475467049734406
 0.7892107314379795 -0.7687630661844360
 0.8533217541099026 -0.7876868916012482
 0.9176092372823550 -0.8042286531038676
 0.9819098445568463 -0.8183268346838524
 1.046002997181592 -0.8299139867857518
 1.109595568306590 -0.8389533309861783
 1.172441953787735 -0.8454848969174615
 1.234386104853220 -0.8495917977246672
 1.295244835197243 -0.8513358768410594
 1.354762087015807 -0.8507737616945280
 1.412746263233736 -0.8480231636730391
 1.469138251602507 -0.8432469630211017
 1.523854243503654 -0.8365610797002128
 1.576688081238806 -0.8280255864175198
 1.627497915281337 -0.8177512752520386
 1.676347907790501 -0.8059295237492203
 1.723259373281799 -0.7926873946711894
 1.767964334361966 -0.7780012198227976
 1.810302512963320 -0.7619211491263628
 1.850985025060926 -0.7449240535918777
   
   
