 # action(x) =  156.9878111527111
 # |grad_action(x)| =  9.252703864597358E-07
 # PRINTSTEPS = 50
 #
 #BODY NUMBER  1
 -0.4182164162048139 -0.1120607509947149
 -0.3426746466137736 -9.181939473768948E-02
 -0.1694451082280607 -4.540267971859886E-02
 6.847890385477107E-02 1.834886725442552E-02
 0.2055947631508161 5.508895103118906E-02
 0.1059228304835662 2.838193711517056E-02
 -0.1583523310846638 -4.243037906030885E-02
 -0.3377795271829293 -9.050775137241437E-02
 -0.2568463843446309 -6.882178110712785E-02
 1.862767636417293E-03 4.991272145659135E-04
 0.2137089950581480 5.726315270798844E-02
 0.2715079474094927 7.275033524900001E-02
 0.2491605149008150 6.676235872686259E-02
 0.2274086149263652 6.093395470028971E-02
 0.1711453678055694 4.585826307828772E-02
 2.492667034429151E-02 6.679081160685146E-03
 -0.1585397269193027 -4.248059186148523E-02
 -0.2665658535289633 -7.142610529595521E-02
 -0.2593253523795075 -6.948601890728949E-02
 -0.1782732913585817 -4.776818464827592E-02
 -5.022007513760093E-02 -1.345642879235101E-02
 0.1308521729057163 3.506173384183116E-02
 0.3264803775396491 8.748015330512451E-02
 0.4434507236318460 0.1188222631142968
 0.4350318752718321 0.1165664395588790
 0.3575045815956059 9.579306391004619E-02
 0.2926166974103529 7.840640781503269E-02
 0.2616590672350658 7.011133584549652E-02
 0.2542114847012916 6.811576213548094E-02
 0.2923619764994419 7.833815563635799E-02
 0.4020641457231967 0.1077327633447975
 0.5416990718591148 0.1451478290779910
 0.6263796075270255 0.1678379102039444
 0.6294932502503036 0.1686722081821466
 0.6062093222651795 0.1624332984010575
 0.5987513152205006 0.1604349313868284
 0.5656266263871838 0.1515591977483851
 0.4389196384411557 0.1176081626591660
 0.2232801248185844 5.982772914626552E-02
 -6.952190391043798E-04 -1.862833613901224E-04
 -0.1611430723117676 -4.317815612751292E-02
 -0.2487600964130814 -6.665506709633334E-02
 -0.2856894504643324 -7.655025780347172E-02
 -0.2735232691246254 -7.329033936005662E-02
 -0.1932909704240356 -5.179215964590068E-02
 -4.761419366068211E-02 -1.275818488214468E-02
 0.1167035621265225 3.127062509186319E-02
 0.2381131504650487 6.380222621597773E-02
 0.2926526327650985 7.841603647187967E-02
 0.3128020381335955 8.381505343860803E-02
 0.3497186072279476 9.370681837628428E-02
 0.4182164162048139 0.1120607509947149
 0.3426746466137736 9.181939473768948E-02
 0.1694451082280607 4.540267971859886E-02
 -6.847890385477107E-02 -1.834886725442552E-02
 -0.2055947631508161 -5.508895103118906E-02
 -0.1059228304835662 -2.838193711517056E-02
 0.1583523310846638 4.243037906030885E-02
 0.3377795271829293 9.050775137241437E-02
 0.2568463843446309 6.882178110712785E-02
 -1.862767636417293E-03 -4.991272145659135E-04
 -0.2137089950581480 -5.726315270798844E-02
 -0.2715079474094927 -7.275033524900001E-02
 -0.2491605149008150 -6.676235872686259E-02
 -0.2274086149263652 -6.093395470028971E-02
 -0.1711453678055694 -4.585826307828772E-02
 -2.492667034429151E-02 -6.679081160685146E-03
 0.1585397269193027 4.248059186148523E-02
 0.2665658535289633 7.142610529595521E-02
 0.2593253523795075 6.948601890728949E-02
 0.1782732913585817 4.776818464827592E-02
 5.022007513760093E-02 1.345642879235101E-02
 -0.1308521729057163 -3.506173384183116E-02
 -0.3264803775396491 -8.748015330512451E-02
 -0.4434507236318460 -0.1188222631142968
 -0.4350318752718321 -0.1165664395588790
 -0.3575045815956059 -9.579306391004619E-02
 -0.2926166974103529 -7.840640781503269E-02
 -0.2616590672350658 -7.011133584549652E-02
 -0.2542114847012916 -6.811576213548094E-02
 -0.2923619764994419 -7.833815563635799E-02
 -0.4020641457231967 -0.1077327633447975
 -0.5416990718591148 -0.1451478290779910
 -0.6263796075270255 -0.1678379102039444
 -0.6294932502503036 -0.1686722081821466
 -0.6062093222651795 -0.1624332984010575
 -0.5987513152205006 -0.1604349313868284
 -0.5656266263871838 -0.1515591977483851
 -0.4389196384411557 -0.1176081626591660
 -0.2232801248185844 -5.982772914626552E-02
 6.952190391043798E-04 1.862833613901224E-04
 0.1611430723117676 4.317815612751292E-02
 0.2487600964130814 6.665506709633334E-02
 0.2856894504643324 7.655025780347172E-02
 0.2735232691246254 7.329033936005662E-02
 0.1932909704240356 5.179215964590068E-02
 4.761419366068211E-02 1.275818488214468E-02
 -0.1167035621265225 -3.127062509186319E-02
 -0.2381131504650487 -6.380222621597773E-02
 -0.2926526327650985 -7.841603647187967E-02
 -0.3128020381335955 -8.381505343860803E-02
 -0.3497186072279476 -9.370681837628428E-02
 -0.4182164162048139 -0.1120607509947149
   
   
 #BODY NUMBER  2
 0.1120607509510592 0.4182164161466062
 9.181939474096300E-02 0.3426746465359437
 4.540267974588964E-02 0.1694451081557852
 -1.834886720535972E-02 -6.847890390176595E-02
 -5.508895093732163E-02 -0.2055947631811491
 -2.838193698102233E-02 -0.1059228305219932
 4.243037918033622E-02 0.1583523310271377
 9.050775143257850E-02 0.3377795271193125
 6.882178112747421E-02 0.2568463842935468
 -4.991271843244598E-04 -1.862767671210266E-03
 -5.726315266612099E-02 -0.2137089950868150
 -7.275033523809131E-02 -0.2715079474413895
 -6.676235875227793E-02 -0.2491605149369888
 -6.093395470565614E-02 -0.2274086149632855
 -4.585826303172705E-02 -0.1711453678390100
 -6.679081125007861E-03 -2.492667037008917E-02
 4.248059179495223E-02 0.1585397269011774
 7.142610512820628E-02 0.2665658535095608
 6.948601873200196E-02 0.2593253523470703
 4.776818452620046E-02 0.1782732913135744
 1.345642868031871E-02 5.022007509629905E-02
 -3.506173400634968E-02 -0.1308521729275649
 -8.748015349271135E-02 -0.3264803775424073
 -0.1188222632305816 -0.4434507236258535
 -0.1165664395665902 -0.4350318752610599
 -9.579306386597962E-02 -0.3575045815770799
 -7.840640777639052E-02 -0.2926166973875665
 -7.011133579330799E-02 -0.2616590672191183
 -6.811576202458779E-02 -0.2542114846947066
 -7.833815548366609E-02 -0.2923619764904518
 -0.1077327632171135 -0.4020641457048044
 -0.1451478290034800 -0.5416990718445552
 -0.1678379101462024 -0.6263796075324857
 -0.1686722081113062 -0.6294932502658268
 -0.1624332983459418 -0.6062093222591669
 -0.1604349313891762 -0.5987513151779530
 -0.1515591977964466 -0.5656266263303007
 -0.1176081627057476 -0.4389196384020821
 -5.982772917943331E-02 -0.2232801248003738
 1.862833078887685E-04 6.952190615911995E-04
 4.317815603856708E-02 0.1611430723558980
 6.665506701069986E-02 0.2487600964683222
 7.655025776271385E-02 0.2856894505113786
 7.329033934895691E-02 0.2735232691616443
 5.179215961515853E-02 0.1932909704640496
 1.275818481871933E-02 4.761419370995809E-02
 -3.127062515044911E-02 -0.1167035620749863
 -6.380222623846932E-02 -0.2381131504168889
 -7.841603647150665E-02 -0.2926526327148644
 -8.381505343968995E-02 -0.3128020380747164
 -9.370681836916030E-02 -0.3497186071647327
 -0.1120607509510592 -0.4182164161466062
 -9.181939474096300E-02 -0.3426746465359437
 -4.540267974588964E-02 -0.1694451081557852
 1.834886720535972E-02 6.847890390176595E-02
 5.508895093732163E-02 0.2055947631811491
 2.838193698102233E-02 0.1059228305219932
 -4.243037918033622E-02 -0.1583523310271377
 -9.050775143257850E-02 -0.3377795271193125
 -6.882178112747421E-02 -0.2568463842935468
 4.991271843244598E-04 1.862767671210266E-03
 5.726315266612099E-02 0.2137089950868150
 7.275033523809131E-02 0.2715079474413895
 6.676235875227793E-02 0.2491605149369888
 6.093395470565614E-02 0.2274086149632855
 4.585826303172705E-02 0.1711453678390100
 6.679081125007861E-03 2.492667037008917E-02
 -4.248059179495223E-02 -0.1585397269011774
 -7.142610512820628E-02 -0.2665658535095608
 -6.948601873200196E-02 -0.2593253523470703
 -4.776818452620046E-02 -0.1782732913135744
 -1.345642868031871E-02 -5.022007509629905E-02
 3.506173400634968E-02 0.1308521729275649
 8.748015349271135E-02 0.3264803775424073
 0.1188222632305816 0.4434507236258535
 0.1165664395665902 0.4350318752610599
 9.579306386597962E-02 0.3575045815770799
 7.840640777639052E-02 0.2926166973875665
 7.011133579330799E-02 0.2616590672191183
 6.811576202458779E-02 0.2542114846947066
 7.833815548366609E-02 0.2923619764904518
 0.1077327632171135 0.4020641457048044
 0.1451478290034800 0.5416990718445552
 0.1678379101462024 0.6263796075324857
 0.1686722081113062 0.6294932502658268
 0.1624332983459418 0.6062093222591669
 0.1604349313891762 0.5987513151779530
 0.1515591977964466 0.5656266263303007
 0.1176081627057476 0.4389196384020821
 5.982772917943331E-02 0.2232801248003738
 -1.862833078887685E-04 -6.952190615911995E-04
 -4.317815603856708E-02 -0.1611430723558980
 -6.665506701069986E-02 -0.2487600964683222
 -7.655025776271385E-02 -0.2856894505113786
 -7.329033934895691E-02 -0.2735232691616443
 -5.179215961515853E-02 -0.1932909704640496
 -1.275818481871933E-02 -4.761419370995809E-02
 3.127062515044911E-02 0.1167035620749863
 6.380222623846932E-02 0.2381131504168889
 7.841603647150665E-02 0.2926526327148644
 8.381505343968995E-02 0.3128020380747164
 9.370681836916030E-02 0.3497186071647327
 0.1120607509510592 0.4182164161466062
   
   
 #BODY NUMBER  3
 0.3061556651955470 -0.3061556650791317
 0.2508552518233578 -0.2508552517224698
 0.1240424283938785 -0.1240424282425625
 -5.013003676369584E-02 5.013003701116013E-02
 -0.1505058122611012 0.1505058125775369
 -7.754089344068406E-02 7.754089376410582E-02
 0.1159219519854282 -0.1159219516969245
 0.2472717757371234 -0.2472717755034774
 0.1880246031221672 -0.1880246029622191
 -1.363640529070915E-03 1.363640601969695E-03
 -0.1564458424310223 0.1564458424210458
 -0.1987576122606161 0.1987576121813195
 -0.1823981563241212 0.1823981561918186
 -0.1664746603788510 0.1664746602238539
 -0.1252871048150990 0.1252871046781682
 -1.824758920763304E-02 1.824758911103037E-02
 0.1160591350561244 -0.1160591351103918
 0.1951397482765977 -0.1951397482639818
 0.1898393336507086 -0.1898393335151294
 0.1305051070532857 -0.1305051067780381
 3.676364675598669E-02 -3.676364641751284E-02
 -9.579043869990438E-02 9.579043899779814E-02
 -0.2390002239216336 0.2390002241537206
 -0.3246284601972372 0.3246284604039402
 -0.3184654354101746 0.3184654355868290
 -0.2617115175164557 0.2617115175876171
 -0.2142102896129567 0.2142102895416607
 -0.1915477315057902 0.1915477313641967
 -0.1860957226777399 0.1860957225600599
 -0.2140238209940600 0.2140238209030817
 -0.2943313826163259 0.2943313824943909
 -0.3965512431108056 0.3965512429543303
 -0.4585416976138341 0.4585416974875840
 -0.4608210422362237 0.4608210421772064
 -0.4437760239612713 0.4437760239340842
 -0.4383163839349882 0.4383163839003057
 -0.4140674287141353 0.4140674286884367
 -0.3213114757477561 0.3213114757645656
 -0.1634523955279532 0.1634523955770239
 5.089358500751399E-04 -5.089358110053717E-04
 0.1179649163470910 -0.1179649163443229
 0.1821050295152832 -0.1821050295548695
 0.2091391929073858 -0.2091391930008652
 0.2002329299660119 -0.2002329301265632
 0.1414988108471935 -0.1414988110653940
 3.485600877215612E-02 -3.485600901981204E-02
 -8.543293697252130E-02 8.543293671896256E-02
 -0.1743109240779514 0.1743109238362548
 -0.2142365961284098 0.2142365959217096
 -0.2289869846440708 0.2289869844868674
 -0.2560117888729905 0.2560117887498949
 -0.3061556651955470 0.3061556650791317
 -0.2508552518233578 0.2508552517224698
 -0.1240424283938785 0.1240424282425625
 5.013003676369584E-02 -5.013003701116013E-02
 0.1505058122611012 -0.1505058125775369
 7.754089344068406E-02 -7.754089376410582E-02
 -0.1159219519854282 0.1159219516969245
 -0.2472717757371234 0.2472717755034774
 -0.1880246031221672 0.1880246029622191
 1.363640529070915E-03 -1.363640601969695E-03
 0.1564458424310223 -0.1564458424210458
 0.1987576122606161 -0.1987576121813195
 0.1823981563241212 -0.1823981561918186
 0.1664746603788510 -0.1664746602238539
 0.1252871048150990 -0.1252871046781682
 1.824758920763304E-02 -1.824758911103037E-02
 -0.1160591350561244 0.1160591351103918
 -0.1951397482765977 0.1951397482639818
 -0.1898393336507086 0.1898393335151294
 -0.1305051070532857 0.1305051067780381
 -3.676364675598669E-02 3.676364641751284E-02
 9.579043869990438E-02 -9.579043899779814E-02
 0.2390002239216336 -0.2390002241537206
 0.3246284601972372 -0.3246284604039402
 0.3184654354101746 -0.3184654355868290
 0.2617115175164557 -0.2617115175876171
 0.2142102896129567 -0.2142102895416607
 0.1915477315057902 -0.1915477313641967
 0.1860957226777399 -0.1860957225600599
 0.2140238209940600 -0.2140238209030817
 0.2943313826163259 -0.2943313824943909
 0.3965512431108056 -0.3965512429543303
 0.4585416976138341 -0.4585416974875840
 0.4608210422362237 -0.4608210421772064
 0.4437760239612713 -0.4437760239340842
 0.4383163839349882 -0.4383163839003057
 0.4140674287141353 -0.4140674286884367
 0.3213114757477561 -0.3213114757645656
 0.1634523955279532 -0.1634523955770239
 -5.089358500751399E-04 5.089358110053717E-04
 -0.1179649163470910 0.1179649163443229
 -0.1821050295152832 0.1821050295548695
 -0.2091391929073858 0.2091391930008652
 -0.2002329299660119 0.2002329301265632
 -0.1414988108471935 0.1414988110653940
 -3.485600877215612E-02 3.485600901981204E-02
 8.543293697252130E-02 -8.543293671896256E-02
 0.1743109240779514 -0.1743109238362548
 0.2142365961284098 -0.2142365959217096
 0.2289869846440708 -0.2289869844868674
 0.2560117888729905 -0.2560117887498949
 0.3061556651955470 -0.3061556650791317
   
   
 #BODY NUMBER  4
 0.1348899570293725 3.614365501562133E-02
 0.2673421554579151 7.163411464929913E-02
 0.4084478701963927 0.1094432769797003
 0.4952311894139307 0.1326967972815532
 0.4412523969869943 0.1182332234280539
 0.2441277198844636 6.541382537641779E-02
 -7.437064590366041E-04 -1.992755575113685E-04
 -0.2022351166583332 -5.418873617925576E-02
 -0.3535701495182431 -9.473883599789358E-02
 -0.4951651304527029 -0.1326790967883361
 -0.6347137789858118 -0.1700710444844842
 -0.7416280969483791 -0.1987186496650603
 -0.8033880804705674 -0.2152671873937876
 -0.8436002479312800 -0.2260420052051609
 -0.8805114015101148 -0.2359323190046855
 -0.9030185602397930 -0.2419630940011619
 -0.8995306658787385 -0.2410285155015720
 -0.8803935126927169 -0.2359007307434178
 -0.8540215287804666 -0.2288343789578847
 -0.8065067503282930 -0.2161028324670841
 -0.7267453997347709 -0.1947308430082195
 -0.6280611087247955 -0.1682884669308893
 -0.5162739850984766 -0.1383351974264860
 -0.3573047570868085 -9.573952115253574E-02
 -0.1172793046664006 -3.142489500109574E-02
 0.1706171423563281 4.571672550124702E-02
 0.4170723972093869 0.1117542120246679
 0.5542663427174025 0.1485152189372093
 0.5675169326756907 0.1520657038294116
 0.4574815623958064 0.1225818152558276
 0.2327393222241367 6.236231352764397E-02
 -3.828042106076456E-02 -1.025720782305858E-02
 -0.2324658895549326 -6.228904733250123E-02
 -0.2866681701922374 -7.681250470373378E-02
 -0.2706996321220195 -7.253374783654692E-02
 -0.2824432859126574 -7.568045037289045E-02
 -0.2943537477534919 -7.887184899593293E-02
 -0.1835572890619231 -4.918402736761881E-02
 8.303786077696390E-02 2.224992774436000E-02
 0.3777964888573605 0.1012302641216378
 0.5613502521320395 0.1504133467694082
 0.6337708400759902 0.1698183848068967
 0.6837306324995408 0.1832050708180281
 0.7434015854794548 0.1991938544897142
 0.7710810726518196 0.2066105507647402
 0.7505983993471904 0.2011222350228928
 0.7204202431293901 0.1930360224209469
 0.6929068490580692 0.1856638306574929
 0.6143384718719725 0.1646114974132034
 0.4343138132980383 0.1163740355351695
 0.1680263170803593 4.502251598866938E-02
 -0.1348899570293725 -3.614365501562133E-02
 -0.2673421554579151 -7.163411464929913E-02
 -0.4084478701963927 -0.1094432769797003
 -0.4952311894139307 -0.1326967972815532
 -0.4412523969869943 -0.1182332234280539
 -0.2441277198844636 -6.541382537641779E-02
 7.437064590366041E-04 1.992755575113685E-04
 0.2022351166583332 5.418873617925576E-02
 0.3535701495182431 9.473883599789358E-02
 0.4951651304527029 0.1326790967883361
 0.6347137789858118 0.1700710444844842
 0.7416280969483791 0.1987186496650603
 0.8033880804705674 0.2152671873937876
 0.8436002479312800 0.2260420052051609
 0.8805114015101148 0.2359323190046855
 0.9030185602397930 0.2419630940011619
 0.8995306658787385 0.2410285155015720
 0.8803935126927169 0.2359007307434178
 0.8540215287804666 0.2288343789578847
 0.8065067503282930 0.2161028324670841
 0.7267453997347709 0.1947308430082195
 0.6280611087247955 0.1682884669308893
 0.5162739850984766 0.1383351974264860
 0.3573047570868085 9.573952115253574E-02
 0.1172793046664006 3.142489500109574E-02
 -0.1706171423563281 -4.571672550124702E-02
 -0.4170723972093869 -0.1117542120246679
 -0.5542663427174025 -0.1485152189372093
 -0.5675169326756907 -0.1520657038294116
 -0.4574815623958064 -0.1225818152558276
 -0.2327393222241367 -6.236231352764397E-02
 3.828042106076456E-02 1.025720782305858E-02
 0.2324658895549326 6.228904733250123E-02
 0.2866681701922374 7.681250470373378E-02
 0.2706996321220195 7.253374783654692E-02
 0.2824432859126574 7.568045037289045E-02
 0.2943537477534919 7.887184899593293E-02
 0.1835572890619231 4.918402736761881E-02
 -8.303786077696390E-02 -2.224992774436000E-02
 -0.3777964888573605 -0.1012302641216378
 -0.5613502521320395 -0.1504133467694082
 -0.6337708400759902 -0.1698183848068967
 -0.6837306324995408 -0.1832050708180281
 -0.7434015854794548 -0.1991938544897142
 -0.7710810726518196 -0.2066105507647402
 -0.7505983993471904 -0.2011222350228928
 -0.7204202431293901 -0.1930360224209469
 -0.6929068490580692 -0.1856638306574929
 -0.6143384718719725 -0.1646114974132034
 -0.4343138132980383 -0.1163740355351695
 -0.1680263170803593 -4.502251598866938E-02
 0.1348899570293725 3.614365501562133E-02
   
   
 #BODY NUMBER  5
 -3.614365504472516E-02 -0.1348899567965418
 -7.163411467306995E-02 -0.2673421552008193
 -0.1094432770017175 -0.4084478699554309
 -0.1326967973002877 -0.4952311892148825
 -0.1182332234333156 -0.4412523968110325
 -6.541382535914385E-02 -0.2441277197030339
 1.992755928397886E-04 7.437066417025442E-04
 5.418873621662761E-02 0.2022351168188165
 9.473883602552116E-02 0.3535701496577714
 0.1326790968081038 0.4951651305995352
 0.1700710445027547 0.6347137791506573
 0.1987186496789300 0.7416280971014433
 0.2152671873937661 0.8033880805780296
 0.2260420051903389 0.8436002480011424
 0.2359323189861721 0.8805114015831936
 0.2419630939863721 0.9030185603393294
 0.2410285154821209 0.8995306659872982
 0.2359007307060197 0.8803935127825691
 0.2288343789036624 0.8540215288501678
 0.2161028324113368 0.8065067503968899
 0.1947308429612814 0.7267453998094904
 0.1682884668884141 0.6280611087921862
 0.1383351973825138 0.5162739851486264
 9.573952111433350E-02 0.3573047571298441
 3.142489498293654E-02 0.1172793047139808
 -4.571672549603705E-02 -0.1706171423165802
 -0.1117542120069463 -0.4170723972047327
 -0.1485152189162478 -0.5542663427542796
 -0.1520657038010015 -0.5675169327272974
 -0.1225818152106067 -0.4574815624333225
 -6.236231346761385E-02 -0.2327393222508334
 1.025720788176766E-02 3.828042101818080E-02
 6.228904737326919E-02 0.2324658894838327
 7.681250472209426E-02 0.2866681701080039
 7.253374783850099E-02 0.2706996320429969
 7.568045036477927E-02 0.2824432858365860
 7.887184898029724E-02 0.2943537476683841
 4.918402734841037E-02 0.1835572889690527
 -2.224992775797533E-02 -8.303786086695052E-02
 -0.1012302641213944 -0.3777964889488457
 -0.1504133467568524 -0.5613502522486157
 -0.1698183847915565 -0.6337708402337929
 -0.1832050708055069 -0.6837306326862879
 -0.1991938544760784 -0.7434015856684482
 -0.2066105507457501 -0.7710810728315941
 -0.2011222350038685 -0.7505983995294725
 -0.1930360224101045 -0.7204202433307996
 -0.1856638306507453 -0.6929068492823885
 -0.1646114973948746 -0.6143384721105849
 -0.1163740354980331 -0.4343138135401787
 -4.502251594616870E-02 -0.1680263173192341
 3.614365504472516E-02 0.1348899567965418
 7.163411467306995E-02 0.2673421552008193
 0.1094432770017175 0.4084478699554309
 0.1326967973002877 0.4952311892148825
 0.1182332234333156 0.4412523968110325
 6.541382535914385E-02 0.2441277197030339
 -1.992755928397886E-04 -7.437066417025442E-04
 -5.418873621662761E-02 -0.2022351168188165
 -9.473883602552116E-02 -0.3535701496577714
 -0.1326790968081038 -0.4951651305995352
 -0.1700710445027547 -0.6347137791506573
 -0.1987186496789300 -0.7416280971014433
 -0.2152671873937661 -0.8033880805780296
 -0.2260420051903389 -0.8436002480011424
 -0.2359323189861721 -0.8805114015831936
 -0.2419630939863721 -0.9030185603393294
 -0.2410285154821209 -0.8995306659872982
 -0.2359007307060197 -0.8803935127825691
 -0.2288343789036624 -0.8540215288501678
 -0.2161028324113368 -0.8065067503968899
 -0.1947308429612814 -0.7267453998094904
 -0.1682884668884141 -0.6280611087921862
 -0.1383351973825138 -0.5162739851486264
 -9.573952111433350E-02 -0.3573047571298441
 -3.142489498293654E-02 -0.1172793047139808
 4.571672549603705E-02 0.1706171423165802
 0.1117542120069463 0.4170723972047327
 0.1485152189162478 0.5542663427542796
 0.1520657038010015 0.5675169327272974
 0.1225818152106067 0.4574815624333225
 6.236231346761385E-02 0.2327393222508334
 -1.025720788176766E-02 -3.828042101818080E-02
 -6.228904737326919E-02 -0.2324658894838327
 -7.681250472209426E-02 -0.2866681701080039
 -7.253374783850099E-02 -0.2706996320429969
 -7.568045036477927E-02 -0.2824432858365860
 -7.887184898029724E-02 -0.2943537476683841
 -4.918402734841037E-02 -0.1835572889690527
 2.224992775797533E-02 8.303786086695052E-02
 0.1012302641213944 0.3777964889488457
 0.1504133467568524 0.5613502522486157
 0.1698183847915565 0.6337708402337929
 0.1832050708055069 0.6837306326862879
 0.1991938544760784 0.7434015856684482
 0.2066105507457501 0.7710810728315941
 0.2011222350038685 0.7505983995294725
 0.1930360224101045 0.7204202433307996
 0.1856638306507453 0.6929068492823885
 0.1646114973948746 0.6143384721105849
 0.1163740354980331 0.4343138135401787
 4.502251594616870E-02 0.1680263173192341
 -3.614365504472516E-02 -0.1348899567965418
   
   
 #BODY NUMBER  6
 -9.874630183912814E-02 9.874630183912814E-02
 -0.1957080406325245 0.1957080406274305
 -0.2990045930701700 0.2990045930582401
 -0.3625343920263872 0.3625343920122189
 -0.3230191734627565 0.3230191734594469
 -0.1787138943919691 0.1787138944097633
 5.444310235377526E-04 -5.444309898847552E-04
 0.1480463805701093 -0.1480463805374267
 0.2588313135722727 -0.2588313135507588
 0.3624860337062744 -0.3624860336899066
 0.4646427345581989 -0.4646427345371562
 0.5429094473471701 -0.5429094473254569
 0.5881208931260261 -0.5881208931190038
 0.6175582427589047 -0.6175582427733126
 0.6445790825405925 -0.6445790825650191
 0.6610554662875658 -0.6610554663064512
 0.6585021504260111 -0.6585021504364226
 0.6444927819739670 -0.6444927819819420
 0.6251871498191757 -0.6251871498242979
 0.5904039178563950 -0.5904039178502543
 0.5320145567531444 -0.5320145567340576
 0.4597726418570143 -0.4597726418370826
 0.3779387877462749 -0.3779387877383523
 0.2615652359965764 -0.2615652359993639
 8.585440971872947E-02 -8.585440972071813E-02
 -0.1249004167995794 0.1249004168045976
 -0.3053181851404446 0.3053181851486022
 -0.4057511237780828 0.4057511237850673
 -0.4154512288951807 0.4154512289026612
 -0.3348997472135666 0.3348997472226050
 -0.1703770087684048 0.1703770087722437
 2.802321316360112E-02 -2.802321317327800E-02
 0.1701768421318559 -0.1701768421519390
 0.2098556653917497 -0.2098556654069193
 0.1981658842084258 -0.1981658842069491
 0.2067628354832594 -0.2067628354715779
 0.2154818986895777 -0.2154818986872562
 0.1343732615894266 -0.1343732616087399
 -6.078793316362891E-02 6.078793313043133E-02
 -0.2765662248651948 0.2765662248364875
 -0.4109369054801500 0.4109369054654300
 -0.4639524553840613 0.4639524553779935
 -0.5005255618027932 0.5005255617977116
 -0.5442077311198469 0.5442077311171433
 -0.5644705220327828 0.5644705220373072
 -0.5494761644958197 0.5494761645040052
 -0.5273842209033148 0.5273842209055509
 -0.5072430185986223 0.5072430185936450
 -0.4497269746398101 0.4497269746381910
 -0.3179397779257258 0.3179397779346771
 -0.1230038012525724 0.1230038012638213
 9.874630183912814E-02 -9.874630183912814E-02
 0.1957080406325245 -0.1957080406274305
 0.2990045930701700 -0.2990045930582401
 0.3625343920263872 -0.3625343920122189
 0.3230191734627565 -0.3230191734594469
 0.1787138943919691 -0.1787138944097633
 -5.444310235377526E-04 5.444309898847552E-04
 -0.1480463805701093 0.1480463805374267
 -0.2588313135722727 0.2588313135507588
 -0.3624860337062744 0.3624860336899066
 -0.4646427345581989 0.4646427345371562
 -0.5429094473471701 0.5429094473254569
 -0.5881208931260261 0.5881208931190038
 -0.6175582427589047 0.6175582427733126
 -0.6445790825405925 0.6445790825650191
 -0.6610554662875658 0.6610554663064512
 -0.6585021504260111 0.6585021504364226
 -0.6444927819739670 0.6444927819819420
 -0.6251871498191757 0.6251871498242979
 -0.5904039178563950 0.5904039178502543
 -0.5320145567531444 0.5320145567340576
 -0.4597726418570143 0.4597726418370826
 -0.3779387877462749 0.3779387877383523
 -0.2615652359965764 0.2615652359993639
 -8.585440971872947E-02 8.585440972071813E-02
 0.1249004167995794 -0.1249004168045976
 0.3053181851404446 -0.3053181851486022
 0.4057511237780828 -0.4057511237850673
 0.4154512288951807 -0.4154512289026612
 0.3348997472135666 -0.3348997472226050
 0.1703770087684048 -0.1703770087722437
 -2.802321316360112E-02 2.802321317327800E-02
 -0.1701768421318559 0.1701768421519390
 -0.2098556653917497 0.2098556654069193
 -0.1981658842084258 0.1981658842069491
 -0.2067628354832594 0.2067628354715779
 -0.2154818986895777 0.2154818986872562
 -0.1343732615894266 0.1343732616087399
 6.078793316362891E-02 -6.078793313043133E-02
 0.2765662248651948 -0.2765662248364875
 0.4109369054801500 -0.4109369054654300
 0.4639524553840613 -0.4639524553779935
 0.5005255618027932 -0.5005255617977116
 0.5442077311198469 -0.5442077311171433
 0.5644705220327828 -0.5644705220373072
 0.5494761644958197 -0.5494761645040052
 0.5273842209033148 -0.5273842209055509
 0.5072430185986223 -0.5072430185936450
 0.4497269746398101 -0.4497269746381910
 0.3179397779257258 -0.3179397779346771
 0.1230038012525724 -0.1230038012638213
 -9.874630183912814E-02 9.874630183912814E-02
   
   
