 # action(x) =  27.44081300830119
 # |grad_action(x)| =  3.340183408286417E-04
 # PRINTSTEPS = 50
 #
 #BODY NUMBER  1
 -3.186341934225707 -0.5305796745593194
 -3.205152257692239 -0.5158088228494604
 -3.222323800901117 -0.5012033782674419
 -3.237098685161072 -0.4867970116917535
 -3.249559440990394 -0.4725049120643268
 -3.259924643259982 -0.4582310507250023
 -3.268132809395333 -0.4439185333177655
 -3.274035909114064 -0.4295120355829691
 -3.277662762221286 -0.4149281250582404
 -3.279127731506654 -0.4000809382017783
 -3.278430325194782 -0.3849059752583854
 -3.275497416041307 -0.3693416522585817
 -3.270345921314201 -0.3533102703551576
 -3.263070004881177 -0.3367341406257256
 -3.253704281957354 -0.3195537786210894
 -3.242215656340490 -0.3017151200913155
 -3.228618726493909 -0.2831532669945560
 -3.212997700989384 -0.2638043228812659
 -3.195407078562662 -0.2436217991469110
 -3.175837645601318 -0.2225666543277582
 -3.154299809777656 -0.2005913533071833
 -3.130864885225473 -0.1776489005448092
 -3.105594006280924 -0.1537091260753303
 -3.078489265130305 -0.1287507744960059
 -3.049551306409418 -0.1027447182265009
 -3.018831920349942 -7.566068565790895E-02
 -2.986387040396705 -4.748453852454881E-02
 -2.952219769256417 -1.821244337029371E-02
 -2.916315534144652 1.216743306474322E-02
 -2.878700721595369 4.367034871408548E-02
 -2.839417821999128 7.629557698661649E-02
 -2.798465567957606 0.1100294902825081
 -2.755813696057385 0.1448658650433619
 -2.711463619452202 0.1808036578806318
 -2.665445090448378 0.2178243262966699
 -2.617758344224624 0.2558913788311568
 -2.568369926016070 0.2949740186333558
 -2.517271893865550 0.3350489766374192
 -2.464500311984601 0.3760742852503712
 -2.410084104132710 0.4179853342114701
 -2.354021336772358 0.4607256469187180
 -2.296330739108860 0.5042571459951427
 -2.237090621882857 0.5485296671066848
 -2.176396644477519 0.5934711255206012
 -2.114311461956844 0.6390289473933956
 -2.050895919793266 0.6851920220171136
 -1.986270089645257 0.7319449031595828
 -1.920591143188971 0.7792360898405630
 -1.853965424245155 0.8270380882364041
 -1.786436151383878 0.8754013688843243
 -1.718108697973435 0.9243530604805477
 -1.649289808639419 0.9737118136840358
 -1.579762979396668 1.023759723797470
 -1.509917101032628 1.074216521825350
 -1.439673390264678 1.125239125996750
 -1.369161700430555 1.176765842175274
 -1.298519323175954 1.228723235790107
 -1.227805042252566 1.281108014230596
 -1.157075611402839 1.333903967902826
 -1.086437251590758 1.387034679909304
 -1.015992307932880 1.440425084329883
 -0.9457989523459385 1.494039137053375
 -0.8759126553135290 1.547829757759148
 -0.8064192666474985 1.601706908356531
 -0.7373977983832694 1.655582793122018
 -0.6688883375811348 1.709402540974518
 -0.6009242202950995 1.763102464897254
 -0.5335629082347837 1.816578576953549
 -0.4668573206335628 1.869724890695349
 -0.4008263170332933 1.922465695195647
 -0.3354835249089784 1.974719366337775
 -0.2708712847524947 2.026364428092142
 -0.2070381059422638 2.077275175869604
 -0.1440076085430457 2.127361364650548
 -8.180324553669860E-02 2.176539067393715
 -2.048485920214382E-02 2.224693108335574
 3.987192377324200E-02 2.271710228823243
 9.921471137361515E-02 2.317527184992337
 0.1574980468191234 2.362106115388109
 0.2146452053248480 2.405386161884564
 0.2705668809038759 2.447306919277248
 0.3252081941933381 2.487861362984109
 0.3785379062971097 2.527073369784936
 0.4305012584032392 2.564934670078133
 0.4810296423472683 2.601417498994242
 0.5300933728859267 2.636538532229334
 0.5776961142164935 2.670346442819725
 0.6238157435995280 2.702845981788470
 0.6684032446958970 2.734000009872953
 0.7114466683303804 2.763811403441551
 0.7529773055654746 2.792327556965143
 0.7929964794131388 2.819546407375379
 0.8314597198530873 2.845399864909798
 0.8683595060339891 2.869860994690200
 0.9037526143104395 2.892975970881417
 0.9376633121244715 2.914738655215364
 0.9700385545899115 2.935036214688644
 1.000866055235680 2.953802576155659
 1.030248814224533 2.971111596997666
 1.058250742707534 2.986976750081709
 1.084760819287646 3.001179007441416
 1.109740677382320 3.013588204196527
 1.133675490212803 3.024742897462767
 1.155872584762340 3.033647689583257
 1.177107042408372 3.041215959933318
 1.196970763969127 3.046808201752570
 1.215578463234558 3.050453483037405
 1.233122590899304 3.052293080848570
 1.249621677633753 3.052245302536649
 1.265049620511015 3.050154287986744
 1.279493084065560 3.046003279651028
 1.293083609700675 3.039848386839690
 1.305876809955205 3.031656933785153
 1.317889454489004 3.021334798451349
 1.329197291111586 3.008857782198501
 1.339914682337189 2.994268588866974
 1.350110450817505 2.977567453887819
 1.359814869465293 2.958698682984160
 1.369091440865111 2.937642469775166
 1.378037605251364 2.914439792798438
 1.386720872304436 2.889114605041338
 1.395170446117510 2.861639406549581
 1.403432697145308 2.831999443073465
 1.411583981786557 2.800232976694315
 1.419680995165721 2.766377866317635
 1.427743191094690 2.730425296128535
 1.435796117115885 2.692361260607829
 1.443891884327473 2.652215475607365
 1.452070703549112 2.610029311778446
 1.460337446004549 2.565803539415838
 1.468695073205241 2.519519621488082
 1.477169992176208 2.471192780437142
 1.485782818866365 2.420860177316218
 1.494521117728908 2.368527528326080
 1.503364367297452 2.314171736361102
 1.512312370547879 2.257794546942593
 1.521363945359336 2.199430997572471
 1.530487606789521 2.139099537651635
 1.539639956600905 2.076786592929198
 1.548796872212759 2.012496920001421
 1.557940040729197 1.946282735188153
 1.567027969902817 1.878201392330252
 1.576010782792809 1.808279455236107
 1.584864868026062 1.736552182561797
 1.593585937385239 1.663112475565140
 1.602159393352144 1.588079220068441
 1.610571033174732 1.511532963870545
 1.618841657433880 1.433531956050264
 1.627017925129368 1.354187904830195
 1.635133820942066 1.273662675364764
 1.643218706432620 1.192062111016096
 1.651337899653437 1.109398404895180
 1.659567581428766 1.025749248667727
 1.667904070935105 0.9414709656424941
 1.676483417878283 0.8562350102169725
 1.685257347582028 0.7705183061901362
 1.694322363577723 0.6841741661233045
 1.703689963844855 0.5973458933739225
 1.713365198002426 0.5101891032802980
 1.723374606441815 0.4227563503700503
 1.733732528114129 0.3351048896228572
 1.744425894526854 0.2473649195406897
 1.755440869244461 0.1596626065545149
 1.766775323109373 7.206635107760306E-02
 1.778416218609700 -1.535226788177502E-02
 1.790328505377539 -0.1024738831603147
 1.802475656103699 -0.1891861704663819
 1.814830194568170 -0.2754269778468545
 1.827353634223533 -0.3611355919237144
 1.839984649729750 -0.4462102554283462
 1.852657913747036 -0.5305521457362721
 1.865317288460188 -0.6141070745416360
 1.877898899048112 -0.6968224280465627
 1.890318714429168 -0.7786008002946821
 1.902492125924997 -0.8593373286373875
 1.914352789088429 -0.9389664349887518
 1.925839747460597 -1.017425844950061
 1.936883177043845 -1.094606145705783
 1.947422806311267 -1.170385213297005
 1.957430060477595 -1.244686052974860
 1.966894878951117 -1.317450367285846
 1.975802919441157 -1.388581281554127
 1.984146522499591 -1.457971251924099
 1.991947044341348 -1.525569239182348
 1.999240782312347 -1.591360128041138
 2.006047954133501 -1.655292361177440
 2.012378818804759 -1.717292639743198
 2.018262660524177 -1.777343593411656
 2.023739799279045 -1.835472731988902
 2.028825410945744 -1.891663272132106
 2.033511840148935 -1.945854194815070
 2.037807552484315 -1.998036589932687
 2.041737947236416 -2.048261253575431
 2.045300576229657 -2.096528299971091
 2.048458707010151 -2.142765172071165
 2.051192773714797 -2.186951889188241
 2.053514376166038 -2.229160708170149
 2.055406064746761 -2.269409576104131
 2.056796645652727 -2.307596138269523
 2.057635041096880 -2.343676717697447
 2.057933713366266 -2.377777443836073
 2.057672374730476 -2.409960401799329
 2.056716852105010 -2.440019930253829
 2.054973602688159 -2.467857720324303
 2.052666444012904 -2.494163222903448
 2.049279672929900 -2.517838866733797
 2.045216758492745 -2.540012581665876
 2.040127921191945 -2.560011190060817
 2.033980977755836 -2.577948570973078
 2.026802052360679 -2.594062030123568
 2.018511131761580 -2.608326769218883
 2.008986288603049 -2.620642252403774
 1.998169678155726 -2.631075154592788
 1.986044121805979 -2.639767448637912
 1.972553515239578 -2.646750958526767
 1.957607961552303 -2.651993146192768
 1.941148630202615 -2.655547511843344
 1.923155322543988 -2.657534448241249
 1.903593831139849 -2.658013675266730
 1.882400786875197 -2.656983562892844
 1.859527285628797 -2.654489202780610
 1.834960095738021 -2.650635469917172
 1.808686206258225 -2.645492805894427
 1.780667199483807 -2.639072752221823
 1.750867112632348 -2.631408089766281
 1.719280903438916 -2.622584076149506
 1.685913011115203 -2.612668740242305
 1.650746074035615 -2.601674521632529
 1.613755189293533 -2.589616542381328
 1.574940036022469 -2.576554789949457
 1.534316336847592 -2.562544773253897
 1.491882323251868 -2.547591096045545
 1.447620460939412 -2.531687054552825
 1.401530729419162 -2.514863129151228
 1.353635003132763 -2.497155754302835
 1.303944450228698 -2.478557018608588
 1.252449328759933 -2.459037601404464
 1.199151248904323 -2.438598204823225
 1.144081145089042 -2.417255323869141
 1.087270737435102 -2.394990916482792
 1.028729969415164 -2.371760611562554
 0.9684750216527906 -2.347545896638841
 0.9065602712554034 -2.322357020438524
 0.8430561342298929 -2.296186726541722
 0.7780105539795498 -2.269005102154825
 0.7114658710827976 -2.240809328556940
 0.6435046844976179 -2.211642142671824
 0.5742372511253756 -2.181550345589042
 0.5037404287821119 -2.150561911263941
 0.4320542623593860 -2.118723978067377
 0.3592521645158886 -2.086132807989778
 0.2854573222469045 -2.052898765205327
 0.2107467178125353 -2.019100199252501
 0.1350982517304418 -1.984799773779504
 5.854111654466965E-02 -1.950102309148274
 -1.861426229568597E-02 -1.915182779326530
 -9.672043848161531E-02 -1.879994734014442
 -0.1753402465493996 -1.844734828015486
 -0.2546489733130454 -1.809413292120055
 -0.3345282634142998 -1.774111735549197
 -0.4148458748264724 -1.738912339070405
 -0.4955695641892493 -1.703864364600646
 -0.5766569167112899 -1.669008857525683
 -0.6579886429360958 -1.634399599449994
 -0.7394485613115809 -1.600087690884398
 -0.8209763707634340 -1.566105488130978
 -0.9025035632961713 -1.532477489877373
 -0.9839092387300407 -1.499233025196217
 -1.065077857720429 -1.466396622655636
 -1.145941856987035 -1.433975563127663
 -1.226429413928434 -1.401966872973540
 -1.306421741494966 -1.370368321525202
 -1.385800593113474 -1.339172744959077
 -1.464490971426895 -1.308358620654011
 -1.542415374139133 -1.277896938291212
 -1.619447429676673 -1.247763627797460
 -1.695454019982733 -1.217937847232216
 -1.770345180545383 -1.188394929661797
 -1.844036501923899 -1.159113222443655
 -1.916398317841702 -1.130086962629791
 -1.987294730084509 -1.101325015526237
 -2.056644771851210 -1.072841132017477
 -2.124392925770240 -1.044655748102263
 -2.190448124766005 -1.016804880330437
 -2.254713403403467 -0.9893356673531488
 -2.317155238534686 -0.9622921238017608
 -2.377778688609456 -0.9357132417437978
 -2.436549212536740 -0.9096423089006923
 -2.493408461152027 -0.8841248592510438
 -2.548356033410103 -0.8591949388176772
 -2.601435913495538 -0.8348737108308225
 -2.652641154545271 -0.8111827096563641
 -2.701915084844832 -0.7881458150578836
 -2.749254220814696 -0.7657748135088643
 -2.794715252801891 -0.7440663033897129
 -2.838297055642796 -0.7230181074042878
 -2.879918426863239 -0.7026346928386328
 -2.919552279748786 -0.6829091055019589
 -2.957266990476477 -0.6638152627112681
 -2.993069376871233 -0.6453290791112323
 -3.026835200242639 -0.6274400764191205
 -3.058501096332559 -0.6101258584582117
 -3.088182527590798 -0.5933341531615932
 -3.115923117438010 -0.5770163482823807
 -3.141477671392656 -0.5611590771875860
 -3.164714280070479 -0.5457304838722236
 -3.186341934225707 -0.5305796745593194
   
   
 #BODY NUMBER  2
 -1.667904070935105 -0.9414709656424941
 -1.676483417878283 -0.8562350102169725
 -1.685257347582028 -0.7705183061901362
 -1.694322363577723 -0.6841741661233045
 -1.703689963844855 -0.5973458933739225
 -1.713365198002426 -0.5101891032802980
 -1.723374606441815 -0.4227563503700503
 -1.733732528114129 -0.3351048896228572
 -1.744425894526854 -0.2473649195406897
 -1.755440869244461 -0.1596626065545149
 -1.766775323109373 -7.206635107760306E-02
 -1.778416218609700 1.535226788177502E-02
 -1.790328505377539 0.1024738831603147
 -1.802475656103699 0.1891861704663819
 -1.814830194568170 0.2754269778468545
 -1.827353634223533 0.3611355919237144
 -1.839984649729750 0.4462102554283462
 -1.852657913747036 0.5305521457362721
 -1.865317288460188 0.6141070745416360
 -1.877898899048112 0.6968224280465627
 -1.890318714429168 0.7786008002946821
 -1.902492125924997 0.8593373286373875
 -1.914352789088429 0.9389664349887518
 -1.925839747460597 1.017425844950061
 -1.936883177043845 1.094606145705783
 -1.947422806311267 1.170385213297005
 -1.957430060477595 1.244686052974860
 -1.966894878951117 1.317450367285846
 -1.975802919441157 1.388581281554127
 -1.984146522499591 1.457971251924099
 -1.991947044341348 1.525569239182348
 -1.999240782312347 1.591360128041138
 -2.006047954133501 1.655292361177440
 -2.012378818804759 1.717292639743198
 -2.018262660524177 1.777343593411656
 -2.023739799279045 1.835472731988902
 -2.028825410945744 1.891663272132106
 -2.033511840148935 1.945854194815070
 -2.037807552484315 1.998036589932687
 -2.041737947236416 2.048261253575431
 -2.045300576229657 2.096528299971091
 -2.048458707010151 2.142765172071165
 -2.051192773714797 2.186951889188241
 -2.053514376166038 2.229160708170149
 -2.055406064746761 2.269409576104131
 -2.056796645652727 2.307596138269523
 -2.057635041096880 2.343676717697447
 -2.057933713366266 2.377777443836073
 -2.057672374730476 2.409960401799329
 -2.056716852105010 2.440019930253829
 -2.054973602688159 2.467857720324303
 -2.052666444012904 2.494163222903448
 -2.049279672929900 2.517838866733797
 -2.045216758492745 2.540012581665876
 -2.040127921191945 2.560011190060817
 -2.033980977755836 2.577948570973078
 -2.026802052360679 2.594062030123568
 -2.018511131761580 2.608326769218883
 -2.008986288603049 2.620642252403774
 -1.998169678155726 2.631075154592788
 -1.986044121805979 2.639767448637912
 -1.972553515239578 2.646750958526767
 -1.957607961552303 2.651993146192768
 -1.941148630202615 2.655547511843344
 -1.923155322543988 2.657534448241249
 -1.903593831139849 2.658013675266730
 -1.882400786875197 2.656983562892844
 -1.859527285628797 2.654489202780610
 -1.834960095738021 2.650635469917172
 -1.808686206258225 2.645492805894427
 -1.780667199483807 2.639072752221823
 -1.750867112632348 2.631408089766281
 -1.719280903438916 2.622584076149506
 -1.685913011115203 2.612668740242305
 -1.650746074035615 2.601674521632529
 -1.613755189293533 2.589616542381328
 -1.574940036022469 2.576554789949457
 -1.534316336847592 2.562544773253897
 -1.491882323251868 2.547591096045545
 -1.447620460939412 2.531687054552825
 -1.401530729419162 2.514863129151228
 -1.353635003132763 2.497155754302835
 -1.303944450228698 2.478557018608588
 -1.252449328759933 2.459037601404464
 -1.199151248904323 2.438598204823225
 -1.144081145089042 2.417255323869141
 -1.087270737435102 2.394990916482792
 -1.028729969415164 2.371760611562554
 -0.9684750216527906 2.347545896638841
 -0.9065602712554034 2.322357020438524
 -0.8430561342298929 2.296186726541722
 -0.7780105539795498 2.269005102154825
 -0.7114658710827976 2.240809328556940
 -0.6435046844976179 2.211642142671824
 -0.5742372511253756 2.181550345589042
 -0.5037404287821119 2.150561911263941
 -0.4320542623593860 2.118723978067377
 -0.3592521645158886 2.086132807989778
 -0.2854573222469045 2.052898765205327
 -0.2107467178125353 2.019100199252501
 -0.1350982517304418 1.984799773779504
 -5.854111654466965E-02 1.950102309148274
 1.861426229568597E-02 1.915182779326530
 9.672043848161531E-02 1.879994734014442
 0.1753402465493996 1.844734828015486
 0.2546489733130454 1.809413292120055
 0.3345282634142998 1.774111735549197
 0.4148458748264724 1.738912339070405
 0.4955695641892493 1.703864364600646
 0.5766569167112899 1.669008857525683
 0.6579886429360958 1.634399599449994
 0.7394485613115809 1.600087690884398
 0.8209763707634340 1.566105488130978
 0.9025035632961713 1.532477489877373
 0.9839092387300407 1.499233025196217
 1.065077857720429 1.466396622655636
 1.145941856987035 1.433975563127663
 1.226429413928434 1.401966872973540
 1.306421741494966 1.370368321525202
 1.385800593113474 1.339172744959077
 1.464490971426895 1.308358620654011
 1.542415374139133 1.277896938291212
 1.619447429676673 1.247763627797460
 1.695454019982733 1.217937847232216
 1.770345180545383 1.188394929661797
 1.844036501923899 1.159113222443655
 1.916398317841702 1.130086962629791
 1.987294730084509 1.101325015526237
 2.056644771851210 1.072841132017477
 2.124392925770240 1.044655748102263
 2.190448124766005 1.016804880330437
 2.254713403403467 0.9893356673531488
 2.317155238534686 0.9622921238017608
 2.377778688609456 0.9357132417437978
 2.436549212536740 0.9096423089006923
 2.493408461152027 0.8841248592510438
 2.548356033410103 0.8591949388176772
 2.601435913495538 0.8348737108308225
 2.652641154545271 0.8111827096563641
 2.701915084844832 0.7881458150578836
 2.749254220814696 0.7657748135088643
 2.794715252801891 0.7440663033897129
 2.838297055642796 0.7230181074042878
 2.879918426863239 0.7026346928386328
 2.919552279748786 0.6829091055019589
 2.957266990476477 0.6638152627112681
 2.993069376871233 0.6453290791112323
 3.026835200242639 0.6274400764191205
 3.058501096332559 0.6101258584582117
 3.088182527590798 0.5933341531615932
 3.115923117438010 0.5770163482823807
 3.141477671392656 0.5611590771875860
 3.164714280070479 0.5457304838722236
 3.186341934225707 0.5305796745593194
 3.205152257692239 0.5158088228494604
 3.222323800901117 0.5012033782674419
 3.237098685161072 0.4867970116917535
 3.249559440990394 0.4725049120643268
 3.259924643259982 0.4582310507250023
 3.268132809395333 0.4439185333177655
 3.274035909114064 0.4295120355829691
 3.277662762221286 0.4149281250582404
 3.279127731506654 0.4000809382017783
 3.278430325194782 0.3849059752583854
 3.275497416041307 0.3693416522585817
 3.270345921314201 0.3533102703551576
 3.263070004881177 0.3367341406257256
 3.253704281957354 0.3195537786210894
 3.242215656340490 0.3017151200913155
 3.228618726493909 0.2831532669945560
 3.212997700989384 0.2638043228812659
 3.195407078562662 0.2436217991469110
 3.175837645601318 0.2225666543277582
 3.154299809777656 0.2005913533071833
 3.130864885225473 0.1776489005448092
 3.105594006280924 0.1537091260753303
 3.078489265130305 0.1287507744960059
 3.049551306409418 0.1027447182265009
 3.018831920349942 7.566068565790895E-02
 2.986387040396705 4.748453852454881E-02
 2.952219769256417 1.821244337029371E-02
 2.916315534144652 -1.216743306474322E-02
 2.878700721595369 -4.367034871408548E-02
 2.839417821999128 -7.629557698661649E-02
 2.798465567957606 -0.1100294902825081
 2.755813696057385 -0.1448658650433619
 2.711463619452202 -0.1808036578806318
 2.665445090448378 -0.2178243262966699
 2.617758344224624 -0.2558913788311568
 2.568369926016070 -0.2949740186333558
 2.517271893865550 -0.3350489766374192
 2.464500311984601 -0.3760742852503712
 2.410084104132710 -0.4179853342114701
 2.354021336772358 -0.4607256469187180
 2.296330739108860 -0.5042571459951427
 2.237090621882857 -0.5485296671066848
 2.176396644477519 -0.5934711255206012
 2.114311461956844 -0.6390289473933956
 2.050895919793266 -0.6851920220171136
 1.986270089645257 -0.7319449031595828
 1.920591143188971 -0.7792360898405630
 1.853965424245155 -0.8270380882364041
 1.786436151383878 -0.8754013688843243
 1.718108697973435 -0.9243530604805477
 1.649289808639419 -0.9737118136840358
 1.579762979396668 -1.023759723797470
 1.509917101032628 -1.074216521825350
 1.439673390264678 -1.125239125996750
 1.369161700430555 -1.176765842175274
 1.298519323175954 -1.228723235790107
 1.227805042252566 -1.281108014230596
 1.157075611402839 -1.333903967902826
 1.086437251590758 -1.387034679909304
 1.015992307932880 -1.440425084329883
 0.9457989523459385 -1.494039137053375
 0.8759126553135290 -1.547829757759148
 0.8064192666474985 -1.601706908356531
 0.7373977983832694 -1.655582793122018
 0.6688883375811348 -1.709402540974518
 0.6009242202950995 -1.763102464897254
 0.5335629082347837 -1.816578576953549
 0.4668573206335628 -1.869724890695349
 0.4008263170332933 -1.922465695195647
 0.3354835249089784 -1.974719366337775
 0.2708712847524947 -2.026364428092142
 0.2070381059422638 -2.077275175869604
 0.1440076085430457 -2.127361364650548
 8.180324553669860E-02 -2.176539067393715
 2.048485920214382E-02 -2.224693108335574
 -3.987192377324200E-02 -2.271710228823243
 -9.921471137361515E-02 -2.317527184992337
 -0.1574980468191234 -2.362106115388109
 -0.2146452053248480 -2.405386161884564
 -0.2705668809038759 -2.447306919277248
 -0.3252081941933381 -2.487861362984109
 -0.3785379062971097 -2.527073369784936
 -0.4305012584032392 -2.564934670078133
 -0.4810296423472683 -2.601417498994242
 -0.5300933728859267 -2.636538532229334
 -0.5776961142164935 -2.670346442819725
 -0.6238157435995280 -2.702845981788470
 -0.6684032446958970 -2.734000009872953
 -0.7114466683303804 -2.763811403441551
 -0.7529773055654746 -2.792327556965143
 -0.7929964794131388 -2.819546407375379
 -0.8314597198530873 -2.845399864909798
 -0.8683595060339891 -2.869860994690200
 -0.9037526143104395 -2.892975970881417
 -0.9376633121244715 -2.914738655215364
 -0.9700385545899115 -2.935036214688644
 -1.000866055235680 -2.953802576155659
 -1.030248814224533 -2.971111596997666
 -1.058250742707534 -2.986976750081709
 -1.084760819287646 -3.001179007441416
 -1.109740677382320 -3.013588204196527
 -1.133675490212803 -3.024742897462767
 -1.155872584762340 -3.033647689583257
 -1.177107042408372 -3.041215959933318
 -1.196970763969127 -3.046808201752570
 -1.215578463234558 -3.050453483037405
 -1.233122590899304 -3.052293080848570
 -1.249621677633753 -3.052245302536649
 -1.265049620511015 -3.050154287986744
 -1.279493084065560 -3.046003279651028
 -1.293083609700675 -3.039848386839690
 -1.305876809955205 -3.031656933785153
 -1.317889454489004 -3.021334798451349
 -1.329197291111586 -3.008857782198501
 -1.339914682337189 -2.994268588866974
 -1.350110450817505 -2.977567453887819
 -1.359814869465293 -2.958698682984160
 -1.369091440865111 -2.937642469775166
 -1.378037605251364 -2.914439792798438
 -1.386720872304436 -2.889114605041338
 -1.395170446117510 -2.861639406549581
 -1.403432697145308 -2.831999443073465
 -1.411583981786557 -2.800232976694315
 -1.419680995165721 -2.766377866317635
 -1.427743191094690 -2.730425296128535
 -1.435796117115885 -2.692361260607829
 -1.443891884327473 -2.652215475607365
 -1.452070703549112 -2.610029311778446
 -1.460337446004549 -2.565803539415838
 -1.468695073205241 -2.519519621488082
 -1.477169992176208 -2.471192780437142
 -1.485782818866365 -2.420860177316218
 -1.494521117728908 -2.368527528326080
 -1.503364367297452 -2.314171736361102
 -1.512312370547879 -2.257794546942593
 -1.521363945359336 -2.199430997572471
 -1.530487606789521 -2.139099537651635
 -1.539639956600905 -2.076786592929198
 -1.548796872212759 -2.012496920001421
 -1.557940040729197 -1.946282735188153
 -1.567027969902817 -1.878201392330252
 -1.576010782792809 -1.808279455236107
 -1.584864868026062 -1.736552182561797
 -1.593585937385239 -1.663112475565140
 -1.602159393352144 -1.588079220068441
 -1.610571033174732 -1.511532963870545
 -1.618841657433880 -1.433531956050264
 -1.627017925129368 -1.354187904830195
 -1.635133820942066 -1.273662675364764
 -1.643218706432620 -1.192062111016096
 -1.651337899653437 -1.109398404895180
 -1.659567581428766 -1.025749248667727
 -1.667904070935105 -0.9414709656424941
   
   
 #BODY NUMBER  3
 1.651178784351642 2.048386087584716
 1.595655702974611 2.050844777420737
 1.538256206458854 2.051122400476120
 1.478167343174731 2.048026949599750
 1.415555771716470 2.041278058198055
 1.350736228659385 2.030685250711085
 1.283788891612045 2.015697735882693
 1.214880342863415 1.995672356869125
 1.144525821997601 1.970211036879465
 1.073391588089956 1.939093794902004
 1.002071966475041 1.902110243466888
 0.9311742388110164 1.859163945158820
 0.8614086877623651 1.810460946036773
 0.7934103942858504 1.756447968269103
 0.7275536246427057 1.697605631413238
 0.6640327031031653 1.634400279979564
 0.6030060417118125 1.567366012395746
 0.5445407771502608 1.497073773207233
 0.4885148417577722 1.423994674205197
 0.4347146970247114 1.348475391701075
 0.3829846976716930 1.270842493493374
 0.3331860522151550 1.191436443556689
 0.2850859033523513 1.110529667722916
 0.2384196076794188 1.028298951529069
 0.1930258224777580 0.9449104174710097
 0.1488085815276223 0.8605653278630709
 0.1056098231653985 0.7754343032864424
 6.324571603225565E-02 0.6896125724095364
 2.164164321544543E-02 0.6031797518088077
 -1.919664782453120E-02 0.5162503012290298
 -5.932860285795657E-02 0.4289240421451299
 -9.886521609054248E-02 0.3412349167725273
 -0.1378216497861053 0.2531954271755391
 -0.1761263080991727 0.1648541263728452
 -0.2137833467827074 7.626368176834789E-02
 -0.2508791874425658 -1.257274211290227E-02
 -0.2874084062556937 -0.1016712385856716
 -0.3232510363761363 -0.1910077675136562
 -0.3583592354991600 -0.2805381034463140
 -0.3927937227126245 -0.3702552485297088
 -0.4265105320505360 -0.4601742549910579
 -0.4592930255894097 -0.5502749773226272
 -0.4909848135491435 -0.6405140854686482
 -0.5215848382107480 -0.7308854347826050
 -0.5509716597219448 -0.8214147170874559
 -0.5787552849879871 -0.9120994230904824
 -0.6046090270758784 -1.002910331167270
 -0.6285005827865427 -1.093848981776577
 -0.6502577984120743 -1.184935380537184
 -0.6691631780395222 -1.276125962837045
 -0.6846549961160997 -1.367314912574308
 -0.6976407028022092 -1.458449880591884
 -0.7056510676094607 -1.549209026574872
 -0.7103888297790337 -1.639488671440649
 -0.7102025687970128 -1.728791937172577
 -0.7050000166133624 -1.816608899748307
 -0.6950095631400963 -1.902398477457842
 -0.6801079986615308 -1.985540708820785
 -0.6602277755523781 -2.065353811081654
 -0.6358046876455956 -2.141220653101377
 -0.6075424336162990 -2.212706560960784
 -0.5760116916745243 -2.279554202646823
 -0.5416998415264578 -2.341625504678726
 -0.5052338594299016 -2.398911980948926
 -0.4672765315211186 -2.451568621068375
 -0.4282698289933492 -2.499853117670346
 -0.3884642046807657 -2.544014596930623
 -0.3481349021539964 -2.584275836588648
 -0.3075889341002145 -2.620894883981827
 -0.2669948288476376 -2.654157502708029
 -0.2263810469619567 -2.684290574488249
 -0.1858092347318365 -2.711445521612387
 -0.1454111205776765 -2.735780857771333
 -0.1052493724797345 -2.757490601713786
 -6.528184873907916E-02 -2.776724110601970
 -2.549561042782078E-02 -2.793548338232124
 1.403983805048115E-02 -2.808030418394229
 5.328713494843029E-02 -2.820292635545091
 9.229797344171575E-02 -2.830436412849126
 0.1311075331744358 -2.838476871188143
 0.1696685879222692 -2.844417607360804
 0.2079443524926425 -2.848333381761887
 0.2459787188101488 -2.850303401141390
 0.2838124939038116 -2.850314839359935
 0.3214078716670667 -2.848323252884287
 0.3587229555051554 -2.844366998749666
 0.3957911351491652 -2.838517595484505
 0.4326540499677003 -2.830747221445093
 0.4692781817149081 -2.820965599731257
 0.5056152198681458 -2.809173221598444
 0.5416889852652540 -2.795440729757626
 0.5775393929397477 -2.779730603037515
 0.6131303576789617 -2.761894561136704
 0.6484021274667597 -2.741880272838085
 0.6833679700135169 -2.719762894815947
 0.7180595257143282 -2.695497677909878
 0.7524183814678079 -2.668841214750821
 0.7863533976553867 -2.639652208475783
 0.8198618865446525 -2.608042085182338
 0.8529491977743143 -2.573977201458487
 0.8854607525774103 -2.536970905327182
 0.9172113292116771 -2.496712289528642
 0.9483649964311592 -2.454155817230788
 0.9782558249776961 -2.407300763179898
 1.007196001854211 -2.357730152560508
 1.034559694401170 -2.304143945033742
 1.060020768729050 -2.246546287879176
 1.083256899876478 -2.185114513186556
 1.103750999819165 -2.119642661173645
 1.120862787247319 -2.049953417912629
 1.133989897755296 -1.976293955576922
 1.142608692660930 -1.899131280945426
 1.146239808403407 -1.818874901121058
 1.144496086902129 -1.736002518739388
 1.137200827946271 -1.651232279661212
 1.124423363803682 -1.565337541212726
 1.106392790090034 -1.478882737262650
 1.083415810863119 -1.392269329820773
 1.055875762907125 -1.305901556955801
 1.024233530361756 -1.220123033012263
 0.9889581418365596 -1.135063600190564
 0.9504565970789466 -1.050711666872393
 0.9090895347381758 -0.9670957241910763
 0.8652212010071000 -0.8842658071833174
 0.8192039522281612 -0.8021564684254296
 0.7713232108693671 -0.7206269127752305
 0.7218035145915747 -0.6396204745876286
 0.6708671447816927 -0.5591546758355842
 0.6187408940292469 -0.4791779413936387
 0.5655991484596664 -0.3995786829692384
 0.5115481665070974 -0.3203320887086187
 0.4566841994879743 -0.2415003659309677
 0.4011234182205680 -0.1630819438265365
 0.3449507146285485 -8.499766970121581E-02
 0.2881844969491223 -7.240663681520211E-03
 0.2308310154071605 7.010279390222585E-02
 0.1729379591888751 0.1470099683357090
 0.1145512796562791 0.2235541206625111
 5.565432767842661E-02 0.2997386003714649
 -3.792060798910160E-03 0.3754474930582098
 -6.377350656443473E-02 0.4506172533461998
 -0.1242535897549366 0.5252969665810479
 -0.1852673289645662 0.5994560832329102
 -0.2469055966335962 0.6728969166027586
 -0.3092090627230347 0.7454623641402485
 -0.3721729346723966 0.8171484375106067
 -0.4358801821791720 0.8878628126282077
 -0.5005236286794951 0.9572664909193407
 -0.5662413109707810 1.025061942388739
 -0.6330507147289861 1.091221961874759
 -0.7010552421821451 1.155607462702389
 -0.7705759132259967 1.217575292877878
 -0.8418019512045992 1.276586075751632
 -0.9142342953378478 1.333399511636685
 -0.9888288389812703 1.385716264044839
 -1.064644423794884 1.434959108873667
 -1.142076451050656 1.479449434997467
 -1.220729447616252 1.518852373929777
 -1.300020628029281 1.553095176281369
 -1.379474694756195 1.581761158568271
 -1.458534980423529 1.604450931453277
 -1.536449136870901 1.621233337897004
 -1.612488876104391 1.632500461869128
 -1.686146002958467 1.638617859190399
 -1.757057252438104 1.639938576327280
 -1.824901787229670 1.637001347592814
 -1.889482439205440 1.630457657423756
 -1.950801391135575 1.620819110417830
 -2.008949166199966 1.608427168179772
 -2.063981073795053 1.593631587503694
 -2.115967083126824 1.576827272844677
 -2.165070408566399 1.558303055815147
 -2.211473305164970 1.538197024848497
 -2.255276085327957 1.516638278341710
 -2.296550161728318 1.493820153298696
 -2.335432225541109 1.469893931156714
 -2.372072694712518 1.444897794715041
 -2.406536022394913 1.418854015431546
 -2.438845595954089 1.391856352780378
 -2.469088635962431 1.363998305212315
 -2.497378824044700 1.335285816706216
 -2.523746845090720 1.305695981237499
 -2.548172200907342 1.275271496315483
 -2.570701243299355 1.244081599048809
 -2.591424513286705 1.212127881290757
 -2.610351306621371 1.179368590047851
 -2.627424231021254 1.145814244602175
 -2.642655556355889 1.111520306986733
 -2.656123914353285 1.076493620110395
 -2.667826030447515 1.040684212400296
 -2.677666963426727 1.004075973058748
 -2.685622983469298 0.9667109858533531
 -2.691767179376441 0.9286039426888887
 -2.696087014377399 0.8897015155466926
 -2.698436031357939 0.8499608149869315
 -2.698739034146569 0.8094074221649526
 -2.697067744187673 0.7680674252436654
 -2.693399227769083 0.7258910482569253
 -2.687493481375036 0.6828071747499184
 -2.679182568523419 0.6388240855161200
 -2.668561643179170 0.5939998212488646
 -2.655604244112182 0.5483129273191296
 -2.639811628964051 0.5016539468774663
 -2.620821933278451 0.4540278330281162
 -2.599543780782802 0.4057697296460716
 -2.573911527952307 0.3564559857591607
 -2.545452208313066 0.3066077520843883
 -2.512727037575901 0.2561169954339926
 -2.475576540445521 0.2052682296811214
 -2.433993128535864 0.1544292624754717
 -2.387539891431210 0.1039449252909519
 -2.335743130110734 5.428106104350361E-02
 -2.278515719752897 6.082918697456696E-03
 -2.216000280750885 -3.996251395657824E-02
 -2.148311774878449 -8.323534234582930E-02
 -2.075670325713145 -0.1231614264194323
 -1.998609515708636 -0.1592286663755609
 -1.917833758089532 -0.1911104270563772
 -1.833946414732740 -0.2187228941505881
 -1.747448513966284 -0.2421309501587908
 -1.658881804618938 -0.2614644554399445
 -1.568774307512017 -0.2769507401949696
 -1.477472983594332 -0.2889310740146325
 -1.385171294103658 -0.2977637248286816
 -1.292074232409869 -0.3037467693022979
 -1.198407253222255 -0.3071706363733719
 -1.104289855580513 -0.3083731992974864
 -1.009742818548786 -0.3076720387538381
 -0.9148293370693327 -0.3052899428833811
 -0.8196757263093151 -0.3014106520274868
 -0.7243507171946455 -0.2962563618928037
 -0.6288448644919220 -0.2900338894402981
 -0.5331898097225429 -0.2828476631001889
 -0.4374875516634431 -0.2747499352980622
 -0.3417948153626114 -0.2658420983185933
 -0.2460854985380060 -0.2562372470713115
 -0.1503628471630170 -0.2459547634940188
 -5.470470730798782E-02 -0.2349569202750710
 4.084538759383231E-02 -0.2232736501040568
 0.1363279077862867 -0.2109813785496088
 0.2317540785772671 -0.1980673617857933
 0.3270430971750465 -0.1844397255445536
 0.4221327420635947 -0.1700791498998858
 0.5170473124675610 -0.1550417180513390
 0.6117778610151021 -0.1392818282418523
 0.7061986222230059 -0.1226219392801315
 0.8001938762721783 -0.1049482786716003
 0.8937577728831445 -8.626300272800164E-02
 0.9868518419011169 -6.644809554075171E-02
 1.079278913667482 -4.516706782885821E-02
 1.170850338046659 -2.215161122146914E-02
 1.261551297515529 2.627019901817906E-03
 1.351313040594220 2.932791783479516E-02
 1.439739091265519 5.855066995916736E-02
 1.526456947320699 9.072883682267519E-02
 1.611874998140057 0.1250503689551991
 1.694479906590731 0.1634927625300326
 1.775033253573918 0.2045295625669823
 1.852279019847669 0.2493425021751097
 1.925729464229614 0.2977565258185305
 1.995030191169378 0.3493033011764730
 2.059582693417726 0.4037795502525138
 2.118762755975907 0.4609028796283769
 2.172253824516497 0.5199873152043725
 2.220031309720690 0.5802060990916564
 2.262157694632991 0.6409363434564239
 2.298757093964562 0.7016869283514457
 2.330135646659572 0.7619106333561121
 2.356758970726558 0.8211109636446190
 2.379071220128924 0.8790340072525156
 2.397413370880731 0.9355874287508504
 2.412115975949050 0.9906442490849530
 2.423556017227038 1.044067611137150
 2.432065237414037 1.095854446892882
 2.437854352126927 1.146093549639752
 2.441085320059794 1.194807243270678
 2.441961282305995 1.241960704472636
 2.440681598020844 1.287596670557072
 2.437354543451597 1.331826315886929
 2.432031632822734 1.374694322800578
 2.424805757903608 1.416174065613851
 2.415801501014001 1.456294330332776
 2.405080850602984 1.495150596142910
 2.392639311916284 1.532780889950644
 2.378503612985073 1.569146111045321
 2.362756890806712 1.604251782713078
 2.345445794476556 1.638175519850633
 2.326538812717560 1.670946249312085
 2.306016359354187 1.702509008282112
 2.283932600850734 1.732846691762933
 2.260332779204120 1.762023975374110
 2.235171980479814 1.790063009044797
 2.208388781711819 1.816889626672509
 2.180007763601152 1.842462235745091
 2.150078194111187 1.866836787068738
 2.118547621437651 1.890029087490822
 2.085305673678978 1.911933746149772
 2.050336906679810 1.932472850673132
 2.013699774174156 1.951695469572282
 1.975339702054755 1.969606629652953
 1.935075099907228 1.986034040000903
 1.892829170868032 2.000828122959663
 1.848699756634518 2.014042263933474
 1.802655046337868 2.025664274139357
 1.754350876386641 2.035316958449716
 1.703610604066774 2.042684456500525
 1.651178784351642 2.048386087584716
   
   
 #BODY NUMBER  4
 0.9142342953378478 -1.333399511636685
 0.9888288389812703 -1.385716264044839
 1.064644423794884 -1.434959108873667
 1.142076451050656 -1.479449434997467
 1.220729447616252 -1.518852373929777
 1.300020628029281 -1.553095176281369
 1.379474694756195 -1.581761158568271
 1.458534980423529 -1.604450931453277
 1.536449136870901 -1.621233337897004
 1.612488876104391 -1.632500461869128
 1.686146002958467 -1.638617859190399
 1.757057252438104 -1.639938576327280
 1.824901787229670 -1.637001347592814
 1.889482439205440 -1.630457657423756
 1.950801391135575 -1.620819110417830
 2.008949166199966 -1.608427168179772
 2.063981073795053 -1.593631587503694
 2.115967083126824 -1.576827272844677
 2.165070408566399 -1.558303055815147
 2.211473305164970 -1.538197024848497
 2.255276085327957 -1.516638278341710
 2.296550161728318 -1.493820153298696
 2.335432225541109 -1.469893931156714
 2.372072694712518 -1.444897794715041
 2.406536022394913 -1.418854015431546
 2.438845595954089 -1.391856352780378
 2.469088635962431 -1.363998305212315
 2.497378824044700 -1.335285816706216
 2.523746845090720 -1.305695981237499
 2.548172200907342 -1.275271496315483
 2.570701243299355 -1.244081599048809
 2.591424513286705 -1.212127881290757
 2.610351306621371 -1.179368590047851
 2.627424231021254 -1.145814244602175
 2.642655556355889 -1.111520306986733
 2.656123914353285 -1.076493620110395
 2.667826030447515 -1.040684212400296
 2.677666963426727 -1.004075973058748
 2.685622983469298 -0.9667109858533531
 2.691767179376441 -0.9286039426888887
 2.696087014377399 -0.8897015155466926
 2.698436031357939 -0.8499608149869315
 2.698739034146569 -0.8094074221649526
 2.697067744187673 -0.7680674252436654
 2.693399227769083 -0.7258910482569253
 2.687493481375036 -0.6828071747499184
 2.679182568523419 -0.6388240855161200
 2.668561643179170 -0.5939998212488646
 2.655604244112182 -0.5483129273191296
 2.639811628964051 -0.5016539468774663
 2.620821933278451 -0.4540278330281162
 2.599543780782802 -0.4057697296460716
 2.573911527952307 -0.3564559857591607
 2.545452208313066 -0.3066077520843883
 2.512727037575901 -0.2561169954339926
 2.475576540445521 -0.2052682296811214
 2.433993128535864 -0.1544292624754717
 2.387539891431210 -0.1039449252909519
 2.335743130110734 -5.428106104350361E-02
 2.278515719752897 -6.082918697456696E-03
 2.216000280750885 3.996251395657824E-02
 2.148311774878449 8.323534234582930E-02
 2.075670325713145 0.1231614264194323
 1.998609515708636 0.1592286663755609
 1.917833758089532 0.1911104270563772
 1.833946414732740 0.2187228941505881
 1.747448513966284 0.2421309501587908
 1.658881804618938 0.2614644554399445
 1.568774307512017 0.2769507401949696
 1.477472983594332 0.2889310740146325
 1.385171294103658 0.2977637248286816
 1.292074232409869 0.3037467693022979
 1.198407253222255 0.3071706363733719
 1.104289855580513 0.3083731992974864
 1.009742818548786 0.3076720387538381
 0.9148293370693327 0.3052899428833811
 0.8196757263093151 0.3014106520274868
 0.7243507171946455 0.2962563618928037
 0.6288448644919220 0.2900338894402981
 0.5331898097225429 0.2828476631001889
 0.4374875516634431 0.2747499352980622
 0.3417948153626114 0.2658420983185933
 0.2460854985380060 0.2562372470713115
 0.1503628471630170 0.2459547634940188
 5.470470730798782E-02 0.2349569202750710
 -4.084538759383231E-02 0.2232736501040568
 -0.1363279077862867 0.2109813785496088
 -0.2317540785772671 0.1980673617857933
 -0.3270430971750465 0.1844397255445536
 -0.4221327420635947 0.1700791498998858
 -0.5170473124675610 0.1550417180513390
 -0.6117778610151021 0.1392818282418523
 -0.7061986222230059 0.1226219392801315
 -0.8001938762721783 0.1049482786716003
 -0.8937577728831445 8.626300272800164E-02
 -0.9868518419011169 6.644809554075171E-02
 -1.079278913667482 4.516706782885821E-02
 -1.170850338046659 2.215161122146914E-02
 -1.261551297515529 -2.627019901817906E-03
 -1.351313040594220 -2.932791783479516E-02
 -1.439739091265519 -5.855066995916736E-02
 -1.526456947320699 -9.072883682267519E-02
 -1.611874998140057 -0.1250503689551991
 -1.694479906590731 -0.1634927625300326
 -1.775033253573918 -0.2045295625669823
 -1.852279019847669 -0.2493425021751097
 -1.925729464229614 -0.2977565258185305
 -1.995030191169378 -0.3493033011764730
 -2.059582693417726 -0.4037795502525138
 -2.118762755975907 -0.4609028796283769
 -2.172253824516497 -0.5199873152043725
 -2.220031309720690 -0.5802060990916564
 -2.262157694632991 -0.6409363434564239
 -2.298757093964562 -0.7016869283514457
 -2.330135646659572 -0.7619106333561121
 -2.356758970726558 -0.8211109636446190
 -2.379071220128924 -0.8790340072525156
 -2.397413370880731 -0.9355874287508504
 -2.412115975949050 -0.9906442490849530
 -2.423556017227038 -1.044067611137150
 -2.432065237414037 -1.095854446892882
 -2.437854352126927 -1.146093549639752
 -2.441085320059794 -1.194807243270678
 -2.441961282305995 -1.241960704472636
 -2.440681598020844 -1.287596670557072
 -2.437354543451597 -1.331826315886929
 -2.432031632822734 -1.374694322800578
 -2.424805757903608 -1.416174065613851
 -2.415801501014001 -1.456294330332776
 -2.405080850602984 -1.495150596142910
 -2.392639311916284 -1.532780889950644
 -2.378503612985073 -1.569146111045321
 -2.362756890806712 -1.604251782713078
 -2.345445794476556 -1.638175519850633
 -2.326538812717560 -1.670946249312085
 -2.306016359354187 -1.702509008282112
 -2.283932600850734 -1.732846691762933
 -2.260332779204120 -1.762023975374110
 -2.235171980479814 -1.790063009044797
 -2.208388781711819 -1.816889626672509
 -2.180007763601152 -1.842462235745091
 -2.150078194111187 -1.866836787068738
 -2.118547621437651 -1.890029087490822
 -2.085305673678978 -1.911933746149772
 -2.050336906679810 -1.932472850673132
 -2.013699774174156 -1.951695469572282
 -1.975339702054755 -1.969606629652953
 -1.935075099907228 -1.986034040000903
 -1.892829170868032 -2.000828122959663
 -1.848699756634518 -2.014042263933474
 -1.802655046337868 -2.025664274139357
 -1.754350876386641 -2.035316958449716
 -1.703610604066774 -2.042684456500525
 -1.651178784351642 -2.048386087584716
 -1.595655702974611 -2.050844777420737
 -1.538256206458854 -2.051122400476120
 -1.478167343174731 -2.048026949599750
 -1.415555771716470 -2.041278058198055
 -1.350736228659385 -2.030685250711085
 -1.283788891612045 -2.015697735882693
 -1.214880342863415 -1.995672356869125
 -1.144525821997601 -1.970211036879465
 -1.073391588089956 -1.939093794902004
 -1.002071966475041 -1.902110243466888
 -0.9311742388110164 -1.859163945158820
 -0.8614086877623651 -1.810460946036773
 -0.7934103942858504 -1.756447968269103
 -0.7275536246427057 -1.697605631413238
 -0.6640327031031653 -1.634400279979564
 -0.6030060417118125 -1.567366012395746
 -0.5445407771502608 -1.497073773207233
 -0.4885148417577722 -1.423994674205197
 -0.4347146970247114 -1.348475391701075
 -0.3829846976716930 -1.270842493493374
 -0.3331860522151550 -1.191436443556689
 -0.2850859033523513 -1.110529667722916
 -0.2384196076794188 -1.028298951529069
 -0.1930258224777580 -0.9449104174710097
 -0.1488085815276223 -0.8605653278630709
 -0.1056098231653985 -0.7754343032864424
 -6.324571603225565E-02 -0.6896125724095364
 -2.164164321544543E-02 -0.6031797518088077
 1.919664782453120E-02 -0.5162503012290298
 5.932860285795657E-02 -0.4289240421451299
 9.886521609054248E-02 -0.3412349167725273
 0.1378216497861053 -0.2531954271755391
 0.1761263080991727 -0.1648541263728452
 0.2137833467827074 -7.626368176834789E-02
 0.2508791874425658 1.257274211290227E-02
 0.2874084062556937 0.1016712385856716
 0.3232510363761363 0.1910077675136562
 0.3583592354991600 0.2805381034463140
 0.3927937227126245 0.3702552485297088
 0.4265105320505360 0.4601742549910579
 0.4592930255894097 0.5502749773226272
 0.4909848135491435 0.6405140854686482
 0.5215848382107480 0.7308854347826050
 0.5509716597219448 0.8214147170874559
 0.5787552849879871 0.9120994230904824
 0.6046090270758784 1.002910331167270
 0.6285005827865427 1.093848981776577
 0.6502577984120743 1.184935380537184
 0.6691631780395222 1.276125962837045
 0.6846549961160997 1.367314912574308
 0.6976407028022092 1.458449880591884
 0.7056510676094607 1.549209026574872
 0.7103888297790337 1.639488671440649
 0.7102025687970128 1.728791937172577
 0.7050000166133624 1.816608899748307
 0.6950095631400963 1.902398477457842
 0.6801079986615308 1.985540708820785
 0.6602277755523781 2.065353811081654
 0.6358046876455956 2.141220653101377
 0.6075424336162990 2.212706560960784
 0.5760116916745243 2.279554202646823
 0.5416998415264578 2.341625504678726
 0.5052338594299016 2.398911980948926
 0.4672765315211186 2.451568621068375
 0.4282698289933492 2.499853117670346
 0.3884642046807657 2.544014596930623
 0.3481349021539964 2.584275836588648
 0.3075889341002145 2.620894883981827
 0.2669948288476376 2.654157502708029
 0.2263810469619567 2.684290574488249
 0.1858092347318365 2.711445521612387
 0.1454111205776765 2.735780857771333
 0.1052493724797345 2.757490601713786
 6.528184873907916E-02 2.776724110601970
 2.549561042782078E-02 2.793548338232124
 -1.403983805048115E-02 2.808030418394229
 -5.328713494843029E-02 2.820292635545091
 -9.229797344171575E-02 2.830436412849126
 -0.1311075331744358 2.838476871188143
 -0.1696685879222692 2.844417607360804
 -0.2079443524926425 2.848333381761887
 -0.2459787188101488 2.850303401141390
 -0.2838124939038116 2.850314839359935
 -0.3214078716670667 2.848323252884287
 -0.3587229555051554 2.844366998749666
 -0.3957911351491652 2.838517595484505
 -0.4326540499677003 2.830747221445093
 -0.4692781817149081 2.820965599731257
 -0.5056152198681458 2.809173221598444
 -0.5416889852652540 2.795440729757626
 -0.5775393929397477 2.779730603037515
 -0.6131303576789617 2.761894561136704
 -0.6484021274667597 2.741880272838085
 -0.6833679700135169 2.719762894815947
 -0.7180595257143282 2.695497677909878
 -0.7524183814678079 2.668841214750821
 -0.7863533976553867 2.639652208475783
 -0.8198618865446525 2.608042085182338
 -0.8529491977743143 2.573977201458487
 -0.8854607525774103 2.536970905327182
 -0.9172113292116771 2.496712289528642
 -0.9483649964311592 2.454155817230788
 -0.9782558249776961 2.407300763179898
 -1.007196001854211 2.357730152560508
 -1.034559694401170 2.304143945033742
 -1.060020768729050 2.246546287879176
 -1.083256899876478 2.185114513186556
 -1.103750999819165 2.119642661173645
 -1.120862787247319 2.049953417912629
 -1.133989897755296 1.976293955576922
 -1.142608692660930 1.899131280945426
 -1.146239808403407 1.818874901121058
 -1.144496086902129 1.736002518739388
 -1.137200827946271 1.651232279661212
 -1.124423363803682 1.565337541212726
 -1.106392790090034 1.478882737262650
 -1.083415810863119 1.392269329820773
 -1.055875762907125 1.305901556955801
 -1.024233530361756 1.220123033012263
 -0.9889581418365596 1.135063600190564
 -0.9504565970789466 1.050711666872393
 -0.9090895347381758 0.9670957241910763
 -0.8652212010071000 0.8842658071833174
 -0.8192039522281612 0.8021564684254296
 -0.7713232108693671 0.7206269127752305
 -0.7218035145915747 0.6396204745876286
 -0.6708671447816927 0.5591546758355842
 -0.6187408940292469 0.4791779413936387
 -0.5655991484596664 0.3995786829692384
 -0.5115481665070974 0.3203320887086187
 -0.4566841994879743 0.2415003659309677
 -0.4011234182205680 0.1630819438265365
 -0.3449507146285485 8.499766970121581E-02
 -0.2881844969491223 7.240663681520211E-03
 -0.2308310154071605 -7.010279390222585E-02
 -0.1729379591888751 -0.1470099683357090
 -0.1145512796562791 -0.2235541206625111
 -5.565432767842661E-02 -0.2997386003714649
 3.792060798910160E-03 -0.3754474930582098
 6.377350656443473E-02 -0.4506172533461998
 0.1242535897549366 -0.5252969665810479
 0.1852673289645662 -0.5994560832329102
 0.2469055966335962 -0.6728969166027586
 0.3092090627230347 -0.7454623641402485
 0.3721729346723966 -0.8171484375106067
 0.4358801821791720 -0.8878628126282077
 0.5005236286794951 -0.9572664909193407
 0.5662413109707810 -1.025061942388739
 0.6330507147289861 -1.091221961874759
 0.7010552421821451 -1.155607462702389
 0.7705759132259967 -1.217575292877878
 0.8418019512045992 -1.276586075751632
 0.9142342953378478 -1.333399511636685
   
   
 #BODY NUMBER  5
 1.642447269986410 -0.5818481250407175
 1.608454540996589 -0.5967151307249249
 1.572096381199920 -0.6129756538146147
 1.532406449071410 -0.6314804049375213
 1.489831045903482 -0.6525816908584070
 1.445195828206729 -0.6765442205325150
 1.399032632605695 -0.7036999265548332
 1.351806454677199 -0.7342371752031838
 1.304281287359604 -0.7680448227176563
 1.257346236347611 -0.8048198400728432
 1.211626282442954 -0.8441976432923901
 1.167463263608459 -0.8857261668653527
 1.125162857396234 -0.9288431019904350
 1.085029660346305 -0.9729911415136226
 1.047177865817460 -1.017724268570567
 1.011503724450623 -1.062667250724560
 0.9778898600737010 -1.107449267602047
 0.9463081320413849 -1.151748854162431
 0.9166914926921669 -1.195354241330182
 0.8888472426222648 -1.238111701107452
 0.8625797535022259 -1.279849740359505
 0.8378058020270196 -1.320409778517417
 0.8144687041107890 -1.359708262410012
 0.7924192566678468 -1.397698006789088
 0.7714784814220914 -1.434293737495897
 0.7515637271933711 -1.469397824190565
 0.7326506674315652 -1.502970732225254
 0.7146428385899405 -1.535004367863615
 0.6973837413180849 -1.565443550888603
 0.6807865544311082 -1.594204284487352
 0.6648447968662664 -1.621254048299100
 0.6495026883031161 -1.646596678880096
 0.6346181954678166 -1.670184678720338
 0.6200864526413209 -1.691926589423810
 0.6058998973162100 -1.711780085726020
 0.5920302705561686 -1.729750903455491
 0.5783405703649886 -1.745790866226021
 0.5646902239796154 -1.759789442925310
 0.5510480899639153 -1.771685214686523
 0.5373993246035241 -1.781485307712786
 0.5235997031302801 -1.789141612489986
 0.5094454758403426 -1.794517440468040
 0.4948491283857884 -1.797528846204093
 0.4797931816080396 -1.798199713063884
 0.4641091514016302 -1.796500356795600
 0.4474783841285580 -1.792267032238004
 0.4297022875796317 -1.785403829338242
 0.4107617391417676 -1.776020166933812
 0.3904559913434610 -1.764177902354789
 0.3682066181734145 -1.749664750423437
 0.3436176496628328 -1.732422988275467
 0.3173283775635990 -1.713325122704988
 0.2874568084679573 -1.691320058697948
 0.2551957024951280 -1.667963230224023
 0.2193251518677269 -1.642843116287706
 0.1797632006237572 -1.616522378528359
 0.1366934323386648 -1.589848410936576
 9.009430326511858E-02 -1.563447763837370
 4.003518120971672E-02 -1.537817318351824
 -1.300568403880409E-02 -1.513563139892916
 -6.832130879900589E-02 -1.491303702066206
 -0.1252834636846866 -1.471397962134693
 -0.1833297294977806 -1.453915927702691
 -0.2418202937555401 -1.438841168895044
 -0.3001202160348643 -1.426158820476313
 -0.3577861377213171 -1.415744768363976
 -0.4145449726719250 -1.407321546759095
 -0.4701342691089933 -1.400602094728059
 -0.5242897004635911 -1.395401309236854
 -0.5768613931673289 -1.391555240769585
 -0.6278125645706872 -1.388820142748358
 -0.6770925114271369 -1.386940849502799
 -0.7246055105879576 -1.385765997252103
 -0.7703075449272738 -1.385204719552340
 -0.8142323523643015 -1.385104210116881
 -0.8563955724493304 -1.385266832132521
 -0.8967539804179241 -1.385572192407659
 -0.9352855015357864 -1.385979456207987
 -0.9720313581949943 -1.386401036783318
 -1.007022012601006 -1.386673811611998
 -1.040228131972487 -1.386680592935893
 -1.071624793382250 -1.386399507809641
 -1.101243209545693 -1.385784167336832
 -1.129113263049455 -1.384687818339136
 -1.155208181458723 -1.382973915241865
 -1.179495091272932 -1.380614746089230
 -1.201993089333455 -1.377588705838762
 -1.222728954664081 -1.373753059088272
 -1.241677250895176 -1.368930800697726
 -1.258800358445858 -1.363064251958905
 -1.274111870646248 -1.356144120939645
 -1.287642235819042 -1.348021450569806
 -1.299374953059381 -1.338451444154808
 -1.309281080655181 -1.327316339324726
 -1.317390041787192 -1.314612940367065
 -1.323760371191983 -1.300180493640450
 -1.328409588219176 -1.283661164418745
 -1.331353928431118 -1.264835011777368
 -1.332697712627277 -1.243740184466353
 -1.332594884562659 -1.220233758740668
 -1.331150812886149 -1.193708660391452
 -1.328513493115289 -1.163793107934448
 -1.325118892422811 -1.131476997664271
 -1.320997732528632 -1.094604927973023
 -1.316900678704792 -1.054987576409408
 -1.313081297203683 -1.011362711350185
 -1.310067845279725 -0.9639406876699518
 -1.308502395868064 -0.9133041904040611
 -1.308938329340577 -0.8597478372825372
 -1.311771273467483 -0.8035801431486401
 -1.317286971398408 -0.7455183171752602
 -1.325667545146617 -0.6864838619933625
 -1.336909746127641 -0.6272003188423026
 -1.350792993106240 -0.5681897608373380
 -1.366983151151774 -0.5099980669046087
 -1.385149876381170 -0.4531676789626900
 -1.404964003538778 -0.3980204997934098
 -1.426048697122548 -0.3446542960345345
 -1.448024129182694 -0.2931528271260116
 -1.470597832504976 -0.2436524550744229
 -1.493552885859496 -0.1962009994394025
 -1.516659807192952 -0.1507084416409056
 -1.539672264929363 -0.1070911091432940
 -1.562411312614977 -6.535621873468649E-02
 -1.584776249038063 -2.549645714232833E-02
 -1.606651609032148 1.259379667220709E-02
 -1.627874053871422 4.902690536337637E-02
 -1.648317707611295 8.382563178290565E-02
 -1.667936168967352 0.1169912760172672
 -1.686674196784935 0.1486033310802971
 -1.704405753919090 0.1787697392766046
 -1.721014686403595 0.2075236915514589
 -1.736469590248517 0.2348545404894583
 -1.750745897848809 0.2608125115432635
 -1.763731458517272 0.2854968603812011
 -1.775294634100044 0.3089526741819451
 -1.785394988589142 0.3311653396367892
 -1.794023359889624 0.3521621976167293
 -1.801069525029069 0.3720378071377488
 -1.806367474874792 0.3908586422275835
 -1.809848448409774 0.4086209627276181
 -1.811511195249772 0.4253411867731414
 -1.811241938949322 0.4411201619201799
 -1.808820428899723 0.4560659963132320
 -1.804130209040970 0.4702125068793664
 -1.797183223395232 0.4835867726968190
 -1.787869522593613 0.4963198631551501
 -1.775887972347734 0.5086058678192596
 -1.761056216010750 0.5205688175608734
 -1.743459451769044 0.5322799824674584
 -1.723050875906120 0.5439441436141202
 -1.699357431059563 0.5559560900319845
 -1.672131142778122 0.5686298803410191
 -1.642447269986410 0.5818481250407175
 -1.608454540996589 0.5967151307249249
 -1.572096381199920 0.6129756538146147
 -1.532406449071410 0.6314804049375213
 -1.489831045903482 0.6525816908584070
 -1.445195828206729 0.6765442205325150
 -1.399032632605695 0.7036999265548332
 -1.351806454677199 0.7342371752031838
 -1.304281287359604 0.7680448227176563
 -1.257346236347611 0.8048198400728432
 -1.211626282442954 0.8441976432923901
 -1.167463263608459 0.8857261668653527
 -1.125162857396234 0.9288431019904350
 -1.085029660346305 0.9729911415136226
 -1.047177865817460 1.017724268570567
 -1.011503724450623 1.062667250724560
 -0.9778898600737010 1.107449267602047
 -0.9463081320413849 1.151748854162431
 -0.9166914926921669 1.195354241330182
 -0.8888472426222648 1.238111701107452
 -0.8625797535022259 1.279849740359505
 -0.8378058020270196 1.320409778517417
 -0.8144687041107890 1.359708262410012
 -0.7924192566678468 1.397698006789088
 -0.7714784814220914 1.434293737495897
 -0.7515637271933711 1.469397824190565
 -0.7326506674315652 1.502970732225254
 -0.7146428385899405 1.535004367863615
 -0.6973837413180849 1.565443550888603
 -0.6807865544311082 1.594204284487352
 -0.6648447968662664 1.621254048299100
 -0.6495026883031161 1.646596678880096
 -0.6346181954678166 1.670184678720338
 -0.6200864526413209 1.691926589423810
 -0.6058998973162100 1.711780085726020
 -0.5920302705561686 1.729750903455491
 -0.5783405703649886 1.745790866226021
 -0.5646902239796154 1.759789442925310
 -0.5510480899639153 1.771685214686523
 -0.5373993246035241 1.781485307712786
 -0.5235997031302801 1.789141612489986
 -0.5094454758403426 1.794517440468040
 -0.4948491283857884 1.797528846204093
 -0.4797931816080396 1.798199713063884
 -0.4641091514016302 1.796500356795600
 -0.4474783841285580 1.792267032238004
 -0.4297022875796317 1.785403829338242
 -0.4107617391417676 1.776020166933812
 -0.3904559913434610 1.764177902354789
 -0.3682066181734145 1.749664750423437
 -0.3436176496628328 1.732422988275467
 -0.3173283775635990 1.713325122704988
 -0.2874568084679573 1.691320058697948
 -0.2551957024951280 1.667963230224023
 -0.2193251518677269 1.642843116287706
 -0.1797632006237572 1.616522378528359
 -0.1366934323386648 1.589848410936576
 -9.009430326511858E-02 1.563447763837370
 -4.003518120971672E-02 1.537817318351824
 1.300568403880409E-02 1.513563139892916
 6.832130879900589E-02 1.491303702066206
 0.1252834636846866 1.471397962134693
 0.1833297294977806 1.453915927702691
 0.2418202937555401 1.438841168895044
 0.3001202160348643 1.426158820476313
 0.3577861377213171 1.415744768363976
 0.4145449726719250 1.407321546759095
 0.4701342691089933 1.400602094728059
 0.5242897004635911 1.395401309236854
 0.5768613931673289 1.391555240769585
 0.6278125645706872 1.388820142748358
 0.6770925114271369 1.386940849502799
 0.7246055105879576 1.385765997252103
 0.7703075449272738 1.385204719552340
 0.8142323523643015 1.385104210116881
 0.8563955724493304 1.385266832132521
 0.8967539804179241 1.385572192407659
 0.9352855015357864 1.385979456207987
 0.9720313581949943 1.386401036783318
 1.007022012601006 1.386673811611998
 1.040228131972487 1.386680592935893
 1.071624793382250 1.386399507809641
 1.101243209545693 1.385784167336832
 1.129113263049455 1.384687818339136
 1.155208181458723 1.382973915241865
 1.179495091272932 1.380614746089230
 1.201993089333455 1.377588705838762
 1.222728954664081 1.373753059088272
 1.241677250895176 1.368930800697726
 1.258800358445858 1.363064251958905
 1.274111870646248 1.356144120939645
 1.287642235819042 1.348021450569806
 1.299374953059381 1.338451444154808
 1.309281080655181 1.327316339324726
 1.317390041787192 1.314612940367065
 1.323760371191983 1.300180493640450
 1.328409588219176 1.283661164418745
 1.331353928431118 1.264835011777368
 1.332697712627277 1.243740184466353
 1.332594884562659 1.220233758740668
 1.331150812886149 1.193708660391452
 1.328513493115289 1.163793107934448
 1.325118892422811 1.131476997664271
 1.320997732528632 1.094604927973023
 1.316900678704792 1.054987576409408
 1.313081297203683 1.011362711350185
 1.310067845279725 0.9639406876699518
 1.308502395868064 0.9133041904040611
 1.308938329340577 0.8597478372825372
 1.311771273467483 0.8035801431486401
 1.317286971398408 0.7455183171752602
 1.325667545146617 0.6864838619933625
 1.336909746127641 0.6272003188423026
 1.350792993106240 0.5681897608373380
 1.366983151151774 0.5099980669046087
 1.385149876381170 0.4531676789626900
 1.404964003538778 0.3980204997934098
 1.426048697122548 0.3446542960345345
 1.448024129182694 0.2931528271260116
 1.470597832504976 0.2436524550744229
 1.493552885859496 0.1962009994394025
 1.516659807192952 0.1507084416409056
 1.539672264929363 0.1070911091432940
 1.562411312614977 6.535621873468649E-02
 1.584776249038063 2.549645714232833E-02
 1.606651609032148 -1.259379667220709E-02
 1.627874053871422 -4.902690536337637E-02
 1.648317707611295 -8.382563178290565E-02
 1.667936168967352 -0.1169912760172672
 1.686674196784935 -0.1486033310802971
 1.704405753919090 -0.1787697392766046
 1.721014686403595 -0.2075236915514589
 1.736469590248517 -0.2348545404894583
 1.750745897848809 -0.2608125115432635
 1.763731458517272 -0.2854968603812011
 1.775294634100044 -0.3089526741819451
 1.785394988589142 -0.3311653396367892
 1.794023359889624 -0.3521621976167293
 1.801069525029069 -0.3720378071377488
 1.806367474874792 -0.3908586422275835
 1.809848448409774 -0.4086209627276181
 1.811511195249772 -0.4253411867731414
 1.811241938949322 -0.4411201619201799
 1.808820428899723 -0.4560659963132320
 1.804130209040970 -0.4702125068793664
 1.797183223395232 -0.4835867726968190
 1.787869522593613 -0.4963198631551501
 1.775887972347734 -0.5086058678192596
 1.761056216010750 -0.5205688175608734
 1.743459451769044 -0.5322799824674584
 1.723050875906120 -0.5439441436141202
 1.699357431059563 -0.5559560900319845
 1.672131142778122 -0.5686298803410191
 1.642447269986410 -0.5818481250407175
   
   
 #BODY NUMBER  6
 0.6463856554849128 1.338912189294501
 0.6886965926180564 1.303630450415462
 0.7325841370294883 1.268534046669742
 0.7787708054420017 1.233874068150297
 0.8271331395990486 1.200006812028379
 0.8773371563670156 1.167374300108101
 0.9292111968632162 1.136438232928228
 0.9825466592640528 1.107632674993163
 1.036832410520036 1.081360168334127
 1.091341900209160 1.057970051796261
 1.145361396427693 1.037677585351891
 1.198218879793430 1.020490182410620
 1.249201094303473 1.006219890741320
 1.297623167147282 0.9945488008276230
 1.343001594929784 0.9850645483493963
 1.385083696810270 0.9772736670923705
 1.423726400643095 0.9706578542762071
 1.458839622417952 0.9647545309448680
 1.490447624006514 0.9591773475454102
 1.518701299837487 0.9535775605360716
 1.543777987704952 0.9476360782203429
 1.565814995179980 0.9411050601668478
 1.584959962365106 0.9338152169303902
 1.601417453531121 0.9256217795210068
 1.615394157158504 0.9163759079771538
 1.627036821986129 0.9059643214687767
 1.636467974314909 0.8943332197008151
 1.643847269540642 0.8814396882447437
 1.649346223961560 0.8672110656984249
 1.653085136581044 0.8515838789356212
 1.655147429032812 0.8345467890338156
 1.655644364770677 0.8161000250746802
 1.654713797887806 0.7961996153718467
 1.652458062693561 0.7747904100293106
 1.648935644083166 0.7518687912360789
 1.644223146036784 0.7274531548587305
 1.638437142405007 0.7015090264465290
 1.631677582984280 0.6739700120452256
 1.623996026534866 0.6448234288031314
 1.615449270101788 0.6140979111444834
 1.606145727544874 0.5817634361379266
 1.596200964510140 0.5477309147112915
 1.585680046614442 0.5119687975427694
 1.574634933058594 0.4745207393994061
 1.563180807254839 0.4353675986424551
 1.551475984930389 0.3943854697917685
 1.539629301714966 0.3515166251646032
 1.527702057020842 0.3068554362826190
 1.515835361932063 0.2604277201753704
 1.504297934390946 0.2120233609997941
 1.493297713836411 0.1615549530730410
 1.482724797108133 0.1096696963554596
 1.473325383515768 5.538648050071149E-02
 1.464874778496215 -1.694497421662611E-04
 1.457951690810010 -5.749826716329354E-02
 1.452802953730478 -0.1163149051905670
 1.449644377802203 -0.1761091150437855
 1.448789977979351 -0.2365013855003743
 1.450511364237819 -0.2970940298296211
 1.454901581677989 -0.3572431228103438
 1.461899891403280 -0.4161447838973844
 1.471335848066279 -0.4730732731444563
 1.482879862176927 -0.5274428979899327
 1.496012534326922 -0.5787299367314679
 1.510116110393712 -0.6265002268749554
 1.524591720702914 -0.6705412243575133
 1.538885670556704 -0.7108808342591721
 1.552477560507636 -0.7476543038573981
 1.564921743423372 -0.7810149075888113
 1.575895761712158 -0.8111768316270935
 1.585173041821775 -0.8384451261516762
 1.592565911133950 -0.8631329160455378
 1.597928387324562 -0.8854830333690469
 1.601187681484747 -0.9057079829242147
 1.602320702126911 -0.9240573070612333
 1.601301894303498 -0.9407844232356390
 1.598106528307357 -0.9560730599982992
 1.592749274866690 -0.9700562283859639
 1.585272796694105 -0.9828936512415098
 1.575699925318592 -0.9947701967374372
 1.564035840902062 -1.005821783429842
 1.550312434466423 -1.016126326034009
 1.534585536129129 -1.025780066986616
 1.516885992339321 -1.034924377277546
 1.497217209040725 -1.043675455966387
 1.475605295564726 -1.052085761363637
 1.452104485189188 -1.060212436528860
 1.426743209089287 -1.068173674603453
 1.399513943312209 -1.076089231627365
 1.370431483566331 -1.084010100222616
 1.339549026512975 -1.091971150860936
 1.306894778460807 -1.100081284164737
 1.272449368833136 -1.108485127455359
 1.236218007924231 -1.117254803870815
 1.198264481471758 -1.126413484015448
 1.158629804036413 -1.136070490469729
 1.117285828188326 -1.146424881415315
 1.074236978102602 -1.157599775113755
 1.029595631620526 -1.169601072652483
 0.9834547024875676 -1.182538071300261
 0.9357665840170535 -1.196748545543119
 0.8865595503866617 -1.212456279059036
 0.8363391416232203 -1.229242492939041
 0.7846287908977118 -1.248243969914750
 0.7322906414667268 -1.268703496411908
 0.6791808853680084 -1.291372335313591
 0.6256698141314299 -1.316321717218946
 0.5723072214351869 -1.343483415151887
 0.5195787811161346 -1.372939618428602
 0.4679647049737657 -1.404726704822784
 0.4180691711579529 -1.438603291144471
 0.3705579911941199 -1.474114835693645
 0.3259744516385858 -1.510750858496347
 0.2846609823834979 -1.547933080400553
 0.2468114400234490 -1.584949827472788
 0.2124929432464305 -1.621049027702578
 0.1815901257731296 -1.655605772706910
 0.1538019737464341 -1.688154501351543
 0.1287511598645416 -1.718312158133605
 0.1060821210054197 -1.745769438533679
 8.544813770564359E-02 -1.770354179172504
 6.647174198428764E-02 -1.792022686687748
 4.878792342899834E-02 -1.810768994265881
 3.211339214458291E-02 -1.826588093535895
 1.622771911964120E-02 -1.839523199854605
 9.032485957899614E-04 -1.849679086582240
 -1.409226285500549E-02 -1.857160331212793
 -2.893029367877236E-02 -1.862037381467076
 -4.371869944821909E-02 -1.864389448086779
 -5.857447284653720E-02 -1.864333339486254
 -7.364629864296850E-02 -1.861981262435862
 -8.904929567898225E-02 -1.857405662365463
 -0.1048349945663892 -1.850673115067825
 -0.1210588286415482 -1.841880092061296
 -0.1378278055484848 -1.831123992649393
 -0.1552408536528359 -1.818465865995698
 -0.1733303485184398 -1.803954552599716
 -0.1921186608475959 -1.787665591387591
 -0.2116939333157197 -1.769682701049982
 -0.2321636396720707 -1.750059243672591
 -0.2535645429685350 -1.728833529025747
 -0.2759002435888124 -1.706069062005419
 -0.2992509490840667 -1.681844720302664
 -0.3237515956770039 -1.656216042166650
 -0.3494620386902105 -1.629223601413584
 -0.3763704515868360 -1.600934223414854
 -0.4045510032184260 -1.571438089112184
 -0.4341901567420626 -1.540810351207084
 -0.4653923236123644 -1.509116400278358
 -0.4981064254003159 -1.476456508935102
 -0.5323806594444960 -1.442965791475631
 -0.5685313503738926 -1.408771906542913
 -0.6067381634497492 -1.374011232132077
 -0.6463856554849128 -1.338912189294501
 -0.6886965926180564 -1.303630450415462
 -0.7325841370294883 -1.268534046669742
 -0.7787708054420017 -1.233874068150297
 -0.8271331395990486 -1.200006812028379
 -0.8773371563670156 -1.167374300108101
 -0.9292111968632162 -1.136438232928228
 -0.9825466592640528 -1.107632674993163
 -1.036832410520036 -1.081360168334127
 -1.091341900209160 -1.057970051796261
 -1.145361396427693 -1.037677585351891
 -1.198218879793430 -1.020490182410620
 -1.249201094303473 -1.006219890741320
 -1.297623167147282 -0.9945488008276230
 -1.343001594929784 -0.9850645483493963
 -1.385083696810270 -0.9772736670923705
 -1.423726400643095 -0.9706578542762071
 -1.458839622417952 -0.9647545309448680
 -1.490447624006514 -0.9591773475454102
 -1.518701299837487 -0.9535775605360716
 -1.543777987704952 -0.9476360782203429
 -1.565814995179980 -0.9411050601668478
 -1.584959962365106 -0.9338152169303902
 -1.601417453531121 -0.9256217795210068
 -1.615394157158504 -0.9163759079771538
 -1.627036821986129 -0.9059643214687767
 -1.636467974314909 -0.8943332197008151
 -1.643847269540642 -0.8814396882447437
 -1.649346223961560 -0.8672110656984249
 -1.653085136581044 -0.8515838789356212
 -1.655147429032812 -0.8345467890338156
 -1.655644364770677 -0.8161000250746802
 -1.654713797887806 -0.7961996153718467
 -1.652458062693561 -0.7747904100293106
 -1.648935644083166 -0.7518687912360789
 -1.644223146036784 -0.7274531548587305
 -1.638437142405007 -0.7015090264465290
 -1.631677582984280 -0.6739700120452256
 -1.623996026534866 -0.6448234288031314
 -1.615449270101788 -0.6140979111444834
 -1.606145727544874 -0.5817634361379266
 -1.596200964510140 -0.5477309147112915
 -1.585680046614442 -0.5119687975427694
 -1.574634933058594 -0.4745207393994061
 -1.563180807254839 -0.4353675986424551
 -1.551475984930389 -0.3943854697917685
 -1.539629301714966 -0.3515166251646032
 -1.527702057020842 -0.3068554362826190
 -1.515835361932063 -0.2604277201753704
 -1.504297934390946 -0.2120233609997941
 -1.493297713836411 -0.1615549530730410
 -1.482724797108133 -0.1096696963554596
 -1.473325383515768 -5.538648050071149E-02
 -1.464874778496215 1.694497421662611E-04
 -1.457951690810010 5.749826716329354E-02
 -1.452802953730478 0.1163149051905670
 -1.449644377802203 0.1761091150437855
 -1.448789977979351 0.2365013855003743
 -1.450511364237819 0.2970940298296211
 -1.454901581677989 0.3572431228103438
 -1.461899891403280 0.4161447838973844
 -1.471335848066279 0.4730732731444563
 -1.482879862176927 0.5274428979899327
 -1.496012534326922 0.5787299367314679
 -1.510116110393712 0.6265002268749554
 -1.524591720702914 0.6705412243575133
 -1.538885670556704 0.7108808342591721
 -1.552477560507636 0.7476543038573981
 -1.564921743423372 0.7810149075888113
 -1.575895761712158 0.8111768316270935
 -1.585173041821775 0.8384451261516762
 -1.592565911133950 0.8631329160455378
 -1.597928387324562 0.8854830333690469
 -1.601187681484747 0.9057079829242147
 -1.602320702126911 0.9240573070612333
 -1.601301894303498 0.9407844232356390
 -1.598106528307357 0.9560730599982992
 -1.592749274866690 0.9700562283859639
 -1.585272796694105 0.9828936512415098
 -1.575699925318592 0.9947701967374372
 -1.564035840902062 1.005821783429842
 -1.550312434466423 1.016126326034009
 -1.534585536129129 1.025780066986616
 -1.516885992339321 1.034924377277546
 -1.497217209040725 1.043675455966387
 -1.475605295564726 1.052085761363637
 -1.452104485189188 1.060212436528860
 -1.426743209089287 1.068173674603453
 -1.399513943312209 1.076089231627365
 -1.370431483566331 1.084010100222616
 -1.339549026512975 1.091971150860936
 -1.306894778460807 1.100081284164737
 -1.272449368833136 1.108485127455359
 -1.236218007924231 1.117254803870815
 -1.198264481471758 1.126413484015448
 -1.158629804036413 1.136070490469729
 -1.117285828188326 1.146424881415315
 -1.074236978102602 1.157599775113755
 -1.029595631620526 1.169601072652483
 -0.9834547024875676 1.182538071300261
 -0.9357665840170535 1.196748545543119
 -0.8865595503866617 1.212456279059036
 -0.8363391416232203 1.229242492939041
 -0.7846287908977118 1.248243969914750
 -0.7322906414667268 1.268703496411908
 -0.6791808853680084 1.291372335313591
 -0.6256698141314299 1.316321717218946
 -0.5723072214351869 1.343483415151887
 -0.5195787811161346 1.372939618428602
 -0.4679647049737657 1.404726704822784
 -0.4180691711579529 1.438603291144471
 -0.3705579911941199 1.474114835693645
 -0.3259744516385858 1.510750858496347
 -0.2846609823834979 1.547933080400553
 -0.2468114400234490 1.584949827472788
 -0.2124929432464305 1.621049027702578
 -0.1815901257731296 1.655605772706910
 -0.1538019737464341 1.688154501351543
 -0.1287511598645416 1.718312158133605
 -0.1060821210054197 1.745769438533679
 -8.544813770564359E-02 1.770354179172504
 -6.647174198428764E-02 1.792022686687748
 -4.878792342899834E-02 1.810768994265881
 -3.211339214458291E-02 1.826588093535895
 -1.622771911964120E-02 1.839523199854605
 -9.032485957899614E-04 1.849679086582240
 1.409226285500549E-02 1.857160331212793
 2.893029367877236E-02 1.862037381467076
 4.371869944821909E-02 1.864389448086779
 5.857447284653720E-02 1.864333339486254
 7.364629864296850E-02 1.861981262435862
 8.904929567898225E-02 1.857405662365463
 0.1048349945663892 1.850673115067825
 0.1210588286415482 1.841880092061296
 0.1378278055484848 1.831123992649393
 0.1552408536528359 1.818465865995698
 0.1733303485184398 1.803954552599716
 0.1921186608475959 1.787665591387591
 0.2116939333157197 1.769682701049982
 0.2321636396720707 1.750059243672591
 0.2535645429685350 1.728833529025747
 0.2759002435888124 1.706069062005419
 0.2992509490840667 1.681844720302664
 0.3237515956770039 1.656216042166650
 0.3494620386902105 1.629223601413584
 0.3763704515868360 1.600934223414854
 0.4045510032184260 1.571438089112184
 0.4341901567420626 1.540810351207084
 0.4653923236123644 1.509116400278358
 0.4981064254003159 1.476456508935102
 0.5323806594444960 1.442965791475631
 0.5685313503738926 1.408771906542913
 0.6067381634497492 1.374011232132077
 0.6463856554849128 1.338912189294501
   
   
