 # action(x) =  163.7483023935945
 # |grad_action(x)| =  5.428189853235239E-12
 # PRINTSTEPS = 50
 #
 #BODY NUMBER  1
 -0.2157994559950964 0.3344156103102165
 -0.2056151530878787 0.4389488602999563
 -0.1863752402043132 0.5416973911482434
 -0.1676759623528248 0.6183602002957094
 -0.1580683319952974 0.6534266274636118
 -0.1446902723564351 0.6701603105943149
 -0.1141486595478126 0.6963611349768954
 -7.503682366769972E-02 0.7189323082673940
 -3.188500795438972E-02 0.7061703208513529
 4.477292776139306E-02 0.6596257099606977
 0.1812760703295335 0.6078266450031631
 0.3407159218375901 0.5591571205252880
 0.4486813481040497 0.4967146240649793
 0.4890692457869262 0.4121170408830548
 0.5259273097482844 0.3096285148026204
 0.6048721394321627 0.1866884561824654
 0.6797741028998522 5.158011079292369E-02
 0.6832605870113770 -4.654739563287220E-02
 0.6340720562249791 -5.362576768508941E-02
 0.6061631453156333 2.175209706430101E-02
 0.5996390257316748 0.1227900343701238
 0.5215791450549548 0.2216646495388682
 0.3274656649738515 0.3169126330511954
 0.1188361749178373 0.3505320381737545
 3.676752396883994E-02 0.2264898217913149
 8.466376077562154E-02 -3.017232168446624E-02
 0.1260879305750571 -0.2156983510494336
 6.580137714608543E-02 -0.1482966979700233
 -2.674532351113427E-02 0.1100725996279975
 -9.919905628246083E-03 0.3285122891178811
 0.1469074103451586 0.3846968914532734
 0.3172367535078089 0.3646792962165279
 0.3526402932909258 0.3856076680563305
 0.2346987927966071 0.4386854436949914
 8.398049454460105E-02 0.4557790360131974
 3.458101155813029E-02 0.4279215531076921
 0.1104077601650271 0.3727208608795343
 0.2190360982366563 0.2540529901715818
 0.2580367978064553 3.794479841864327E-02
 0.2218129229918355 -0.2003156573107212
 0.1988589375146066 -0.3239929193300285
 0.2653773092414951 -0.2931065768088171
 0.3968366308393081 -0.1968022684830159
 0.4982352011716373 -0.1179572884403651
 0.5112105119526290 -4.100679217125870E-02
 0.4663911495885026 7.804502720988195E-02
 0.4275296377621777 0.2149790914642422
 0.4127193752163882 0.2959168890930024
 0.3917692592969858 0.2736029279047006
 0.3427618149128839 0.1465335423677342
 0.2782897767220510 -6.715320357165822E-02
 0.2157994559950964 -0.3344156103102165
 0.2056151530878787 -0.4389488602999563
 0.1863752402043132 -0.5416973911482434
 0.1676759623528248 -0.6183602002957094
 0.1580683319952974 -0.6534266274636118
 0.1446902723564351 -0.6701603105943149
 0.1141486595478126 -0.6963611349768954
 7.503682366769972E-02 -0.7189323082673940
 3.188500795438972E-02 -0.7061703208513529
 -4.477292776139306E-02 -0.6596257099606977
 -0.1812760703295335 -0.6078266450031631
 -0.3407159218375901 -0.5591571205252880
 -0.4486813481040497 -0.4967146240649793
 -0.4890692457869262 -0.4121170408830548
 -0.5259273097482844 -0.3096285148026204
 -0.6048721394321627 -0.1866884561824654
 -0.6797741028998522 -5.158011079292369E-02
 -0.6832605870113770 4.654739563287220E-02
 -0.6340720562249791 5.362576768508941E-02
 -0.6061631453156333 -2.175209706430101E-02
 -0.5996390257316748 -0.1227900343701238
 -0.5215791450549548 -0.2216646495388682
 -0.3274656649738515 -0.3169126330511954
 -0.1188361749178373 -0.3505320381737545
 -3.676752396883994E-02 -0.2264898217913149
 -8.466376077562154E-02 3.017232168446624E-02
 -0.1260879305750571 0.2156983510494336
 -6.580137714608543E-02 0.1482966979700233
 2.674532351113427E-02 -0.1100725996279975
 9.919905628246083E-03 -0.3285122891178811
 -0.1469074103451586 -0.3846968914532734
 -0.3172367535078089 -0.3646792962165279
 -0.3526402932909258 -0.3856076680563305
 -0.2346987927966071 -0.4386854436949914
 -8.398049454460105E-02 -0.4557790360131974
 -3.458101155813029E-02 -0.4279215531076921
 -0.1104077601650271 -0.3727208608795343
 -0.2190360982366563 -0.2540529901715818
 -0.2580367978064553 -3.794479841864327E-02
 -0.2218129229918355 0.2003156573107212
 -0.1988589375146066 0.3239929193300285
 -0.2653773092414951 0.2931065768088171
 -0.3968366308393081 0.1968022684830159
 -0.4982352011716373 0.1179572884403651
 -0.5112105119526290 4.100679217125870E-02
 -0.4663911495885026 -7.804502720988195E-02
 -0.4275296377621777 -0.2149790914642422
 -0.4127193752163882 -0.2959168890930024
 -0.3917692592969858 -0.2736029279047006
 -0.3427618149128839 -0.1465335423677342
 -0.2782897767220510 6.715320357165822E-02
 -0.2157994559950964 0.3344156103102165
   
   
 #BODY NUMBER  2
 0.3975121419482690 1.968000585952012E-02
 0.4829484405259243 -4.140648417283636E-02
 0.5623113220002876 -0.1094430029207478
 0.6193536233217269 -0.1639684571462940
 0.6449182248903238 -0.1898221226900351
 0.6527209897609608 -0.2097747037559851
 0.6601407628720596 -0.2493249285120915
 0.6601320543947955 -0.2944823586181670
 0.6275039412330718 -0.3254719335372977
 0.5488661579346112 -0.3685873478235126
 0.4357552805050363 -0.4609030045051642
 0.3138863101630599 -0.5746472040478228
 0.2058268088194826 -0.6369267576948384
 0.1123692038437305 -0.6296049115026948
 5.182504680971341E-03 -0.6102806681873255
 -0.1407591240687698 -0.6171788668809225
 -0.2952173651732398 -0.6144916973425054
 -0.3819415206037626 -0.5684473279400796
 -0.3634773052252211 -0.5223096246781183
 -0.2842437040145485 -0.5358287312133643
 -0.1934802237697468 -0.5806976465692402
 -6.882235490584399E-02 -0.5625331144711913
 0.1107215585156241 -0.4420499012601156
 0.2441515624398884 -0.2781811654542942
 0.1777621773854685 -0.1450865206869250
 -6.846187745771484E-02 -5.823480676938315E-02
 -0.2498442168507520 -1.346175463891376E-03
 -0.1613293963124312 1.716268477250017E-02
 0.1086983292940067 -3.187417022092485E-02
 0.2894599406455870 -0.1556652542817374
 0.2597035755828616 -0.3195739950897315
 0.1572031580038406 -0.4570747356601316
 0.1576258897853980 -0.4981992864161058
 0.2625633421120084 -0.4225978386469019
 0.3527259764275120 -0.3006187597046084
 0.3533004300390895 -0.2439088110517551
 0.2675818539595706 -0.2819763555176255
 0.1104982942776622 -0.3167173205045649
 -9.615723953120085E-02 -0.2424388212209071
 -0.2843849095027783 -9.193779754325726E-02
 -0.3800155675433881 -1.022043199222450E-02
 -0.3865263961534755 -8.327020298669260E-02
 -0.3688540794483490 -0.2452694692175682
 -0.3512716089367008 -0.3725056970541147
 -0.2911181797243307 -0.4222178939470052
 -0.1656065985914428 -0.4429290972488221
 -2.758746439055357E-02 -0.4777410729049358
 4.991185575521152E-02 -0.5053839081179455
 4.106245646678333E-02 -0.4760835949253642
 -4.447913725945744E-02 -0.3701072103456962
 -0.1973012685995858 -0.2074294144689786
 -0.3975121419482690 -1.968000585952012E-02
 -0.4829484405259243 4.140648417283636E-02
 -0.5623113220002876 0.1094430029207478
 -0.6193536233217269 0.1639684571462940
 -0.6449182248903238 0.1898221226900351
 -0.6527209897609608 0.2097747037559851
 -0.6601407628720596 0.2493249285120915
 -0.6601320543947955 0.2944823586181670
 -0.6275039412330718 0.3254719335372977
 -0.5488661579346112 0.3685873478235126
 -0.4357552805050363 0.4609030045051642
 -0.3138863101630599 0.5746472040478228
 -0.2058268088194826 0.6369267576948384
 -0.1123692038437305 0.6296049115026948
 -5.182504680971341E-03 0.6102806681873255
 0.1407591240687698 0.6171788668809225
 0.2952173651732398 0.6144916973425054
 0.3819415206037626 0.5684473279400796
 0.3634773052252211 0.5223096246781183
 0.2842437040145485 0.5358287312133643
 0.1934802237697468 0.5806976465692402
 6.882235490584399E-02 0.5625331144711913
 -0.1107215585156241 0.4420499012601156
 -0.2441515624398884 0.2781811654542942
 -0.1777621773854685 0.1450865206869250
 6.846187745771484E-02 5.823480676938315E-02
 0.2498442168507520 1.346175463891376E-03
 0.1613293963124312 -1.716268477250017E-02
 -0.1086983292940067 3.187417022092485E-02
 -0.2894599406455870 0.1556652542817374
 -0.2597035755828616 0.3195739950897315
 -0.1572031580038406 0.4570747356601316
 -0.1576258897853980 0.4981992864161058
 -0.2625633421120084 0.4225978386469019
 -0.3527259764275120 0.3006187597046084
 -0.3533004300390895 0.2439088110517551
 -0.2675818539595706 0.2819763555176255
 -0.1104982942776622 0.3167173205045649
 9.615723953120085E-02 0.2424388212209071
 0.2843849095027783 9.193779754325726E-02
 0.3800155675433881 1.022043199222450E-02
 0.3865263961534755 8.327020298669260E-02
 0.3688540794483490 0.2452694692175682
 0.3512716089367008 0.3725056970541147
 0.2911181797243307 0.4222178939470052
 0.1656065985914428 0.4429290972488221
 2.758746439055357E-02 0.4777410729049358
 -4.991185575521152E-02 0.5053839081179455
 -4.106245646678333E-02 0.4760835949253642
 4.447913725945744E-02 0.3701072103456962
 0.1973012685995858 0.2074294144689786
 0.3975121419482690 1.968000585952012E-02
   
   
 #BODY NUMBER  3
 -0.1817126859531655 -0.3540956161697295
 -0.2773332874380385 -0.3975423761271128
 -0.3759360817959673 -0.4322543882274890
 -0.4516776609688956 -0.4543917431494091
 -0.4868498928950205 -0.4636045047735711
 -0.5080307174045202 -0.4603856068383245
 -0.5459921033242415 -0.4470362064647992
 -0.5850952307270907 -0.4244499496492226
 -0.5956189332786772 -0.3806983873140508
 -0.5936390856959999 -0.2910383621371809
 -0.6170313508345657 -0.1469236404979948
 -0.6546022320006462 1.549008352253863E-02
 -0.6545081569235286 0.1402121336298631
 -0.6014384496306534 0.2174878706196432
 -0.5311098144292521 0.3006521533847084
 -0.4641130153633892 0.4304904106984603
 -0.3845567377266090 0.5629115865495847
 -0.3013190664076121 0.6149947235729551
 -0.2705947509997563 0.5759353923632107
 -0.3219194413010836 0.5140766341490652
 -0.4061588019619268 0.4579076121991182
 -0.4527567901491099 0.3408684649323246
 -0.4381872234894753 0.1251372682089217
 -0.3629877373577256 -7.235087271945886E-02
 -0.2145297013543082 -8.140330110438843E-02
 -1.620188331790642E-02 8.840712845385035E-02
 0.1237562862756948 0.2170445265133253
 9.552801916634519E-02 0.1311340131975229
 -8.195300578287336E-02 -7.819842940707362E-02
 -0.2795400350173420 -0.1728470348361453
 -0.4066109859280211 -6.512289636354367E-02
 -0.4744399115116507 9.239543944360173E-02
 -0.5102661830763257 0.1125916183597729
 -0.4972621349086174 -1.608760504809226E-02
 -0.4367064709721157 -0.1551602763085919
 -0.3878814415972224 -0.1840127420559400
 -0.3779896141246004 -9.074450536191182E-02
 -0.3295343925143214 6.266433033297973E-02
 -0.1618795582752580 0.2044940228022601
 6.257198651093905E-02 0.2922534548539744
 0.1811566300287775 0.3342133513222492
 0.1211490869119763 0.3763767797955057
 -2.798255139096369E-02 0.4420717377005801
 -0.1469635922349416 0.4904629854944751
 -0.2200923322283037 0.4632246861182590
 -0.3007845509970653 0.3648840700389351
 -0.3999421733716299 0.2627619814406886
 -0.4626312309716061 0.2094670190249379
 -0.4328317157637760 0.2024806670206577
 -0.2982826776534335 0.2235736679779557
 -8.098850812247232E-02 0.2745826180406303
 0.1817126859531655 0.3540956161697295
 0.2773332874380385 0.3975423761271128
 0.3759360817959673 0.4322543882274890
 0.4516776609688956 0.4543917431494091
 0.4868498928950205 0.4636045047735711
 0.5080307174045202 0.4603856068383245
 0.5459921033242415 0.4470362064647992
 0.5850952307270907 0.4244499496492226
 0.5956189332786772 0.3806983873140508
 0.5936390856959999 0.2910383621371809
 0.6170313508345657 0.1469236404979948
 0.6546022320006462 -1.549008352253863E-02
 0.6545081569235286 -0.1402121336298631
 0.6014384496306534 -0.2174878706196432
 0.5311098144292521 -0.3006521533847084
 0.4641130153633892 -0.4304904106984603
 0.3845567377266090 -0.5629115865495847
 0.3013190664076121 -0.6149947235729551
 0.2705947509997563 -0.5759353923632107
 0.3219194413010836 -0.5140766341490652
 0.4061588019619268 -0.4579076121991182
 0.4527567901491099 -0.3408684649323246
 0.4381872234894753 -0.1251372682089217
 0.3629877373577256 7.235087271945886E-02
 0.2145297013543082 8.140330110438843E-02
 1.620188331790642E-02 -8.840712845385035E-02
 -0.1237562862756948 -0.2170445265133253
 -9.552801916634519E-02 -0.1311340131975229
 8.195300578287336E-02 7.819842940707362E-02
 0.2795400350173420 0.1728470348361453
 0.4066109859280211 6.512289636354367E-02
 0.4744399115116507 -9.239543944360173E-02
 0.5102661830763257 -0.1125916183597729
 0.4972621349086174 1.608760504809226E-02
 0.4367064709721157 0.1551602763085919
 0.3878814415972224 0.1840127420559400
 0.3779896141246004 9.074450536191182E-02
 0.3295343925143214 -6.266433033297973E-02
 0.1618795582752580 -0.2044940228022601
 -6.257198651093905E-02 -0.2922534548539744
 -0.1811566300287775 -0.3342133513222492
 -0.1211490869119763 -0.3763767797955057
 2.798255139096369E-02 -0.4420717377005801
 0.1469635922349416 -0.4904629854944751
 0.2200923322283037 -0.4632246861182590
 0.3007845509970653 -0.3648840700389351
 0.3999421733716299 -0.2627619814406886
 0.4626312309716061 -0.2094670190249379
 0.4328317157637760 -0.2024806670206577
 0.2982826776534335 -0.2235736679779557
 8.098850812247232E-02 -0.2745826180406303
 -0.1817126859531655 -0.3540956161697295
   
   
 #BODY NUMBER  4
 -0.3344156103102165 0.2157994559950964
 -0.4389488602999563 0.2056151530878787
 -0.5416973911482432 0.1863752402043133
 -0.6183602002957092 0.1676759623528248
 -0.6534266274636112 0.1580683319952973
 -0.6701603105943148 0.1446902723564351
 -0.6963611349768959 0.1141486595478126
 -0.7189323082673942 7.503682366769972E-02
 -0.7061703208513527 3.188500795438980E-02
 -0.6596257099606976 -4.477292776139292E-02
 -0.6078266450031631 -0.1812760703295334
 -0.5591571205252884 -0.3407159218375903
 -0.4967146240649793 -0.4486813481040496
 -0.4121170408830550 -0.4890692457869263
 -0.3096285148026203 -0.5259273097482845
 -0.1866884561824654 -0.6048721394321624
 -5.158011079292388E-02 -0.6797741028998517
 4.654739563287202E-02 -0.6832605870113768
 5.362576768508925E-02 -0.6340720562249790
 -2.175209706430108E-02 -0.6061631453156334
 -0.1227900343701239 -0.5996390257316747
 -0.2216646495388682 -0.5215791450549547
 -0.3169126330511953 -0.3274656649738516
 -0.3505320381737544 -0.1188361749178375
 -0.2264898217913149 -3.676752396883996E-02
 3.017232168446612E-02 -8.466376077562146E-02
 0.2156983510494335 -0.1260879305750570
 0.1482966979700234 -6.580137714608540E-02
 -0.1100725996279973 2.674532351113414E-02
 -0.3285122891178811 9.919905628245880E-03
 -0.3846968914532736 -0.1469074103451588
 -0.3646792962165282 -0.3172367535078091
 -0.3856076680563305 -0.3526402932909259
 -0.4386854436949912 -0.2346987927966070
 -0.4557790360131971 -8.398049454460112E-02
 -0.4279215531076918 -3.458101155813031E-02
 -0.3727208608795342 -0.1104077601650272
 -0.2540529901715817 -0.2190360982366563
 -3.794479841864329E-02 -0.2580367978064552
 0.2003156573107212 -0.2218129229918355
 0.3239929193300284 -0.1988589375146067
 0.2931065768088171 -0.2653773092414951
 0.1968022684830162 -0.3968366308393081
 0.1179572884403654 -0.4982352011716374
 4.100679217125882E-02 -0.5112105119526291
 -7.804502720988202E-02 -0.4663911495885028
 -0.2149790914642423 -0.4275296377621780
 -0.2959168890930025 -0.4127193752163883
 -0.2736029279047006 -0.3917692592969861
 -0.1465335423677341 -0.3427618149128841
 6.715320357165823E-02 -0.2782897767220511
 0.3344156103102165 -0.2157994559950964
 0.4389488602999563 -0.2056151530878787
 0.5416973911482432 -0.1863752402043133
 0.6183602002957092 -0.1676759623528248
 0.6534266274636112 -0.1580683319952973
 0.6701603105943148 -0.1446902723564351
 0.6963611349768959 -0.1141486595478126
 0.7189323082673942 -7.503682366769972E-02
 0.7061703208513527 -3.188500795438980E-02
 0.6596257099606976 4.477292776139292E-02
 0.6078266450031631 0.1812760703295334
 0.5591571205252884 0.3407159218375903
 0.4967146240649793 0.4486813481040496
 0.4121170408830550 0.4890692457869263
 0.3096285148026203 0.5259273097482845
 0.1866884561824654 0.6048721394321624
 5.158011079292388E-02 0.6797741028998517
 -4.654739563287202E-02 0.6832605870113768
 -5.362576768508925E-02 0.6340720562249790
 2.175209706430108E-02 0.6061631453156334
 0.1227900343701239 0.5996390257316747
 0.2216646495388682 0.5215791450549547
 0.3169126330511953 0.3274656649738516
 0.3505320381737544 0.1188361749178375
 0.2264898217913149 3.676752396883996E-02
 -3.017232168446612E-02 8.466376077562146E-02
 -0.2156983510494335 0.1260879305750570
 -0.1482966979700234 6.580137714608540E-02
 0.1100725996279973 -2.674532351113414E-02
 0.3285122891178811 -9.919905628245880E-03
 0.3846968914532736 0.1469074103451588
 0.3646792962165282 0.3172367535078091
 0.3856076680563305 0.3526402932909259
 0.4386854436949912 0.2346987927966070
 0.4557790360131971 8.398049454460112E-02
 0.4279215531076918 3.458101155813031E-02
 0.3727208608795342 0.1104077601650272
 0.2540529901715817 0.2190360982366563
 3.794479841864329E-02 0.2580367978064552
 -0.2003156573107212 0.2218129229918355
 -0.3239929193300284 0.1988589375146067
 -0.2931065768088171 0.2653773092414951
 -0.1968022684830162 0.3968366308393081
 -0.1179572884403654 0.4982352011716374
 -4.100679217125882E-02 0.5112105119526291
 7.804502720988202E-02 0.4663911495885028
 0.2149790914642423 0.4275296377621780
 0.2959168890930025 0.4127193752163883
 0.2736029279047006 0.3917692592969861
 0.1465335423677341 0.3427618149128841
 -6.715320357165823E-02 0.2782897767220511
 -0.3344156103102165 0.2157994559950964
   
   
 #BODY NUMBER  5
 0.3540956161697295 0.1817126859531655
 0.3975423761271130 0.2773332874380384
 0.4322543882274890 0.3759360817959674
 0.4543917431494093 0.4516776609688958
 0.4636045047735711 0.4868498928950208
 0.4603856068383246 0.5080307174045203
 0.4470362064647993 0.5459921033242419
 0.4244499496492226 0.5850952307270910
 0.3806983873140507 0.5956189332786773
 0.2910383621371806 0.5936390856959998
 0.1469236404979946 0.6170313508345654
 -1.549008352253866E-02 0.6546022320006460
 -0.1402121336298631 0.6545081569235285
 -0.2174878706196433 0.6014384496306533
 -0.3006521533847086 0.5311098144292523
 -0.4304904106984607 0.4641130153633892
 -0.5629115865495848 0.3845567377266088
 -0.6149947235729554 0.3013190664076120
 -0.5759353923632109 0.2705947509997562
 -0.5140766341490655 0.3219194413010835
 -0.4579076121991185 0.4061588019619264
 -0.3408684649323248 0.4527567901491094
 -0.1251372682089216 0.4381872234894750
 7.235087271945900E-02 0.3629877373577255
 8.140330110438866E-02 0.2145297013543082
 -8.840712845385018E-02 1.620188331790651E-02
 -0.2170445265133253 -0.1237562862756948
 -0.1311340131975229 -9.552801916634519E-02
 7.819842940707369E-02 8.195300578287346E-02
 0.1728470348361454 0.2795400350173420
 6.512289636354376E-02 0.4066109859280211
 -9.239543944360169E-02 0.4744399115116507
 -0.1125916183597729 0.5102661830763255
 1.608760504809228E-02 0.4972621349086175
 0.1551602763085919 0.4367064709721158
 0.1840127420559399 0.3878814415972226
 9.074450536191184E-02 0.3779896141246005
 -6.266433033297961E-02 0.3295343925143214
 -0.2044940228022599 0.1618795582752579
 -0.2922534548539744 -6.257198651093909E-02
 -0.3342133513222492 -0.1811566300287775
 -0.3763767797955056 -0.1211490869119764
 -0.4420717377005798 2.798255139096346E-02
 -0.4904629854944748 0.1469635922349413
 -0.4632246861182588 0.2200923322283035
 -0.3648840700389349 0.3007845509970651
 -0.2627619814406884 0.3999421733716298
 -0.2094670190249378 0.4626312309716057
 -0.2024806670206576 0.4328317157637759
 -0.2235736679779557 0.2982826776534336
 -0.2745826180406303 8.098850812247241E-02
 -0.3540956161697295 -0.1817126859531655
 -0.3975423761271130 -0.2773332874380384
 -0.4322543882274890 -0.3759360817959674
 -0.4543917431494093 -0.4516776609688958
 -0.4636045047735711 -0.4868498928950208
 -0.4603856068383246 -0.5080307174045203
 -0.4470362064647993 -0.5459921033242419
 -0.4244499496492226 -0.5850952307270910
 -0.3806983873140507 -0.5956189332786773
 -0.2910383621371806 -0.5936390856959998
 -0.1469236404979946 -0.6170313508345654
 1.549008352253866E-02 -0.6546022320006460
 0.1402121336298631 -0.6545081569235285
 0.2174878706196433 -0.6014384496306533
 0.3006521533847086 -0.5311098144292523
 0.4304904106984607 -0.4641130153633892
 0.5629115865495848 -0.3845567377266088
 0.6149947235729554 -0.3013190664076120
 0.5759353923632109 -0.2705947509997562
 0.5140766341490655 -0.3219194413010835
 0.4579076121991185 -0.4061588019619264
 0.3408684649323248 -0.4527567901491094
 0.1251372682089216 -0.4381872234894750
 -7.235087271945900E-02 -0.3629877373577255
 -8.140330110438866E-02 -0.2145297013543082
 8.840712845385018E-02 -1.620188331790651E-02
 0.2170445265133253 0.1237562862756948
 0.1311340131975229 9.552801916634519E-02
 -7.819842940707369E-02 -8.195300578287346E-02
 -0.1728470348361454 -0.2795400350173420
 -6.512289636354376E-02 -0.4066109859280211
 9.239543944360169E-02 -0.4744399115116507
 0.1125916183597729 -0.5102661830763255
 -1.608760504809228E-02 -0.4972621349086175
 -0.1551602763085919 -0.4367064709721158
 -0.1840127420559399 -0.3878814415972226
 -9.074450536191184E-02 -0.3779896141246005
 6.266433033297961E-02 -0.3295343925143214
 0.2044940228022599 -0.1618795582752579
 0.2922534548539744 6.257198651093909E-02
 0.3342133513222492 0.1811566300287775
 0.3763767797955056 0.1211490869119764
 0.4420717377005798 -2.798255139096346E-02
 0.4904629854944748 -0.1469635922349413
 0.4632246861182588 -0.2200923322283035
 0.3648840700389349 -0.3007845509970651
 0.2627619814406884 -0.3999421733716298
 0.2094670190249378 -0.4626312309716057
 0.2024806670206576 -0.4328317157637759
 0.2235736679779557 -0.2982826776534336
 0.2745826180406303 -8.098850812247241E-02
 0.3540956161697295 0.1817126859531655
   
   
 #BODY NUMBER  6
 -1.968000585952101E-02 -0.3975121419482832
 4.140648417283541E-02 -0.4829484405259378
 0.1094430029207470 -0.5623113220003002
 0.1639684571462933 -0.6193536233217393
 0.1898221226900345 -0.6449182248903361
 0.2097747037559845 -0.6527209897609724
 0.2493249285120911 -0.6601407628720701
 0.2944823586181666 -0.6601320543948057
 0.3254719335372974 -0.6275039412330811
 0.3685873478235120 -0.5488661579346203
 0.4609030045051639 -0.4357552805050449
 0.5746472040478228 -0.3138863101630680
 0.6369267576948384 -0.2058268088194900
 0.6296049115026947 -0.1123692038437375
 0.6102806681873250 -5.182504680977690E-03
 0.6171788668809223 0.1407591240687640
 0.6144916973425050 0.2952173651732344
 0.5684473279400792 0.3819415206037577
 0.5223096246781177 0.3634773052252169
 0.5358287312133639 0.2842437040145446
 0.5806976465692401 0.1934802237697435
 0.5625331144711913 6.882235490584122E-02
 0.4420499012601155 -0.1107215585156262
 0.2781811654542943 -0.2441515624398897
 0.1450865206869251 -0.1777621773854690
 5.823480676938331E-02 6.846187745771480E-02
 1.346175463891308E-03 0.2498442168507523
 -1.716268477250012E-02 0.1613293963124320
 3.187417022092499E-02 -0.1086983292940053
 0.1556652542817376 -0.2894599406455849
 0.3195739950897317 -0.2597035755828587
 0.4570747356601317 -0.1572031580038375
 0.4981992864161059 -0.1576258897853942
 0.4225978386469019 -0.2625633421120040
 0.3006187597046086 -0.3527259764275074
 0.2439088110517555 -0.3533004300390841
 0.2819763555176260 -0.2675818539595648
 0.3167173205045654 -0.1104982942776556
 0.2424388212209075 9.615723953120790E-02
 9.193779754325751E-02 0.2843849095027859
 1.022043199222488E-02 0.3800155675433961
 8.327020298669302E-02 0.3865263961534838
 0.2452694692175686 0.3688540794483582
 0.3725056970541149 0.3512716089367108
 0.4222178939470056 0.2911181797243411
 0.4429290972488227 0.1656065985914535
 0.4777410729049364 2.758746439056503E-02
 0.5053839081179463 -4.991185575519919E-02
 0.4760835949253647 -4.106245646677055E-02
 0.3701072103456968 4.447913725947052E-02
 0.2074294144689795 0.1973012685995992
 1.968000585952101E-02 0.3975121419482832
 -4.140648417283541E-02 0.4829484405259378
 -0.1094430029207470 0.5623113220003002
 -0.1639684571462933 0.6193536233217393
 -0.1898221226900345 0.6449182248903361
 -0.2097747037559845 0.6527209897609724
 -0.2493249285120911 0.6601407628720701
 -0.2944823586181666 0.6601320543948057
 -0.3254719335372974 0.6275039412330811
 -0.3685873478235120 0.5488661579346203
 -0.4609030045051639 0.4357552805050449
 -0.5746472040478228 0.3138863101630680
 -0.6369267576948384 0.2058268088194900
 -0.6296049115026947 0.1123692038437375
 -0.6102806681873250 5.182504680977690E-03
 -0.6171788668809223 -0.1407591240687640
 -0.6144916973425050 -0.2952173651732344
 -0.5684473279400792 -0.3819415206037577
 -0.5223096246781177 -0.3634773052252169
 -0.5358287312133639 -0.2842437040145446
 -0.5806976465692401 -0.1934802237697435
 -0.5625331144711913 -6.882235490584122E-02
 -0.4420499012601155 0.1107215585156262
 -0.2781811654542943 0.2441515624398897
 -0.1450865206869251 0.1777621773854690
 -5.823480676938331E-02 -6.846187745771480E-02
 -1.346175463891308E-03 -0.2498442168507523
 1.716268477250012E-02 -0.1613293963124320
 -3.187417022092499E-02 0.1086983292940053
 -0.1556652542817376 0.2894599406455849
 -0.3195739950897317 0.2597035755828587
 -0.4570747356601317 0.1572031580038375
 -0.4981992864161059 0.1576258897853942
 -0.4225978386469019 0.2625633421120040
 -0.3006187597046086 0.3527259764275074
 -0.2439088110517555 0.3533004300390841
 -0.2819763555176260 0.2675818539595648
 -0.3167173205045654 0.1104982942776556
 -0.2424388212209075 -9.615723953120790E-02
 -9.193779754325751E-02 -0.2843849095027859
 -1.022043199222488E-02 -0.3800155675433961
 -8.327020298669302E-02 -0.3865263961534838
 -0.2452694692175686 -0.3688540794483582
 -0.3725056970541149 -0.3512716089367108
 -0.4222178939470056 -0.2911181797243411
 -0.4429290972488227 -0.1656065985914535
 -0.4777410729049364 -2.758746439056503E-02
 -0.5053839081179463 4.991185575519919E-02
 -0.4760835949253647 4.106245646677055E-02
 -0.3701072103456968 -4.447913725947052E-02
 -0.2074294144689795 -0.1973012685995992
 -1.968000585952101E-02 -0.3975121419482832
   
   
