 # action(x) =  109.6750571497970
 # |grad_action(x)| =  4.146076132827225E-13
 # PRINTSTEPS = 50
 #
 #BODY NUMBER  1
 1.060445107923769 -0.4516907846256033
 1.052518927366682 -0.4783624049294857
 1.013115244287148 -0.5303586023447279
 0.9636363484531177 -0.5871055233915168
 0.9248831606097290 -0.6302228022226453
 0.8616921776112645 -0.6923683205043003
 0.7453667785660253 -0.7998089825483419
 0.6283408413904942 -0.9034271547045196
 0.5807375670913617 -0.9357825239594247
 0.5820027874064745 -0.9130639543179820
 0.5574762195105933 -0.9062538677604803
 0.5036183371844276 -0.9239460847494547
 0.4852497249678676 -0.9058975823492534
 0.5126412755161386 -0.8350838476194826
 0.5243042500024222 -0.7655381363980185
 0.5113937377494389 -0.7131873026865566
 0.5494171655961060 -0.6122278967222332
 0.6526468848043172 -0.4382901629041881
 0.6987092522117753 -0.2959315144151360
 0.5868076707029742 -0.2944872239511306
 0.3956097822581833 -0.3804224094789987
 0.2738575752841590 -0.3888967849017398
 0.2203951785650468 -0.2503750648147534
 9.856362130335679E-02 -5.930915575934766E-02
 -0.1404315689461674 6.688125054611556E-02
 -0.3777656030471351 0.1131943568689280
 -0.4999353692340748 0.1295426004927598
 -0.5352531344796215 0.1480852655257590
 -0.5573615057182204 0.1847654279420793
 -0.5527075630526139 0.2624271128732893
 -0.4796758348620470 0.3707506552818747
 -0.3968080635777663 0.4370017312936515
 -0.4176963321503573 0.3942494782919855
 -0.5496231635226784 0.2608710788604076
 -0.6742400473537368 0.1060479668183751
 -0.7043534903211304 -4.121675226975056E-02
 -0.6829632671333046 -0.1909477536036011
 -0.6986103155941311 -0.3131785534778653
 -0.7672904621855465 -0.3332038526978055
 -0.8423054056407162 -0.2283166960258761
 -0.8965638925626175 -7.612427029214450E-02
 -0.9424392502579513 2.866699561033863E-02
 -0.9888138719220263 7.290134228736339E-02
 -1.024500176598351 0.1085749009952152
 -1.043799011060105 0.1661259587734488
 -1.057462622802955 0.2256763147163232
 -1.073442087432226 0.2644865625775107
 -1.086034572091625 0.2923909763365225
 -1.088126615022775 0.3303577153621393
 -1.081332068766823 0.3785746957529307
 -1.071138540864836 0.4210626241920252
 -1.060445107923769 0.4516907846256033
 -1.052518927366682 0.4783624049294857
 -1.013115244287148 0.5303586023447279
 -0.9636363484531177 0.5871055233915168
 -0.9248831606097290 0.6302228022226453
 -0.8616921776112645 0.6923683205043003
 -0.7453667785660253 0.7998089825483419
 -0.6283408413904942 0.9034271547045196
 -0.5807375670913617 0.9357825239594247
 -0.5820027874064745 0.9130639543179820
 -0.5574762195105933 0.9062538677604803
 -0.5036183371844276 0.9239460847494547
 -0.4852497249678676 0.9058975823492534
 -0.5126412755161386 0.8350838476194826
 -0.5243042500024222 0.7655381363980185
 -0.5113937377494389 0.7131873026865566
 -0.5494171655961060 0.6122278967222332
 -0.6526468848043172 0.4382901629041881
 -0.6987092522117753 0.2959315144151360
 -0.5868076707029742 0.2944872239511306
 -0.3956097822581833 0.3804224094789987
 -0.2738575752841590 0.3888967849017398
 -0.2203951785650468 0.2503750648147534
 -9.856362130335679E-02 5.930915575934766E-02
 0.1404315689461674 -6.688125054611556E-02
 0.3777656030471351 -0.1131943568689280
 0.4999353692340748 -0.1295426004927598
 0.5352531344796215 -0.1480852655257590
 0.5573615057182204 -0.1847654279420793
 0.5527075630526139 -0.2624271128732893
 0.4796758348620470 -0.3707506552818747
 0.3968080635777663 -0.4370017312936515
 0.4176963321503573 -0.3942494782919855
 0.5496231635226784 -0.2608710788604076
 0.6742400473537368 -0.1060479668183751
 0.7043534903211304 4.121675226975056E-02
 0.6829632671333046 0.1909477536036011
 0.6986103155941311 0.3131785534778653
 0.7672904621855465 0.3332038526978055
 0.8423054056407162 0.2283166960258761
 0.8965638925626175 7.612427029214450E-02
 0.9424392502579513 -2.866699561033863E-02
 0.9888138719220263 -7.290134228736339E-02
 1.024500176598351 -0.1085749009952152
 1.043799011060105 -0.1661259587734488
 1.057462622802955 -0.2256763147163232
 1.073442087432226 -0.2644865625775107
 1.086034572091625 -0.2923909763365225
 1.088126615022775 -0.3303577153621393
 1.081332068766823 -0.3785746957529307
 1.071138540864836 -0.4210626241920252
 1.060445107923769 -0.4516907846256033
   
   
 #BODY NUMBER  2
 -0.9213982481029823 -0.6925270104681127
 -0.9405334585676932 -0.6723269265987514
 -0.9658616448897175 -0.6122042373415831
 -0.9902664721857715 -0.5409807960747145
 -1.008230537073891 -0.4858609115091457
 -1.030454643137923 -0.4000631558015370
 -1.065338286344862 -0.2456020741009771
 -1.096561287138055 -9.244555352719669E-02
 -1.100780221712063 -3.504222405337654E-02
 -1.081737973422484 -4.749722180836947E-02
 -1.063576981513776 -2.966163422164354E-02
 -1.051969949712411 2.582676856133614E-02
 -1.027155182025292 3.271020217304152E-02
 -0.9795244640865945 -2.641844381569214E-02
 -0.9251275986876921 -7.129173161523572E-02
 -0.8733351906577791 -8.628631688401241E-02
 -0.8049134942650222 -0.1696952743203529
 -0.7058938577060053 -0.3460637004892206
 -0.6056388353697961 -0.4571342050670578
 -0.5484372523831230 -0.3609467379887837
 -0.5272603619067903 -0.1523969166817176
 -0.4737232828170788 -4.271922476402120E-02
 -0.3270287558862748 -6.568029110156143E-02
 -0.1006450462162815 -5.570402205802213E-02
 0.1281366464828917 8.817668092762908E-02
 0.2869119901371008 0.2705574304803031
 0.3621548675160658 0.3681854297606821
 0.3958721691112821 0.3895001791517210
 0.4386923071980541 0.3903065090724848
 0.5036223279163822 0.3474452340307085
 0.5609174033748545 0.2300361309311044
 0.5768586325869665 0.1251449978380303
 0.5502782297047998 0.1646108955637993
 0.5007325631671059 0.3455520826888043
 0.4289602569612704 0.5308850258479713
 0.3164819906334712 0.6305963919972106
 0.1761160281503623 0.6869374159908602
 7.808457456477093E-02 0.7616035573893141
 9.508223001762514E-02 0.8310949586830889
 0.2234246439538196 0.8436162270427546
 0.3823563943637585 0.8145092422211609
 0.4960459715777056 0.8018428344417764
 0.5575413503518544 0.8198872615552452
 0.6062787107744124 0.8329557286182084
 0.6657688060559055 0.8208934806364006
 0.7241727329782648 0.8029513375417185
 0.7657731258678603 0.7973848359189494
 0.7962352993905752 0.7943380406512480
 0.8301614813511892 0.7771664334626236
 0.8685213381354139 0.7471736936023846
 0.9002201995668514 0.7171018752655313
 0.9213982481029823 0.6925270104681127
 0.9405334585676932 0.6723269265987514
 0.9658616448897175 0.6122042373415831
 0.9902664721857715 0.5409807960747145
 1.008230537073891 0.4858609115091457
 1.030454643137923 0.4000631558015370
 1.065338286344862 0.2456020741009771
 1.096561287138055 9.244555352719669E-02
 1.100780221712063 3.504222405337654E-02
 1.081737973422484 4.749722180836947E-02
 1.063576981513776 2.966163422164354E-02
 1.051969949712411 -2.582676856133614E-02
 1.027155182025292 -3.271020217304152E-02
 0.9795244640865945 2.641844381569214E-02
 0.9251275986876921 7.129173161523572E-02
 0.8733351906577791 8.628631688401241E-02
 0.8049134942650222 0.1696952743203529
 0.7058938577060053 0.3460637004892206
 0.6056388353697961 0.4571342050670578
 0.5484372523831230 0.3609467379887837
 0.5272603619067903 0.1523969166817176
 0.4737232828170788 4.271922476402120E-02
 0.3270287558862748 6.568029110156143E-02
 0.1006450462162815 5.570402205802213E-02
 -0.1281366464828917 -8.817668092762908E-02
 -0.2869119901371008 -0.2705574304803031
 -0.3621548675160658 -0.3681854297606821
 -0.3958721691112821 -0.3895001791517210
 -0.4386923071980541 -0.3903065090724848
 -0.5036223279163822 -0.3474452340307085
 -0.5609174033748545 -0.2300361309311044
 -0.5768586325869665 -0.1251449978380303
 -0.5502782297047998 -0.1646108955637993
 -0.5007325631671059 -0.3455520826888043
 -0.4289602569612704 -0.5308850258479713
 -0.3164819906334712 -0.6305963919972106
 -0.1761160281503623 -0.6869374159908602
 -7.808457456477093E-02 -0.7616035573893141
 -9.508223001762514E-02 -0.8310949586830889
 -0.2234246439538196 -0.8436162270427546
 -0.3823563943637585 -0.8145092422211609
 -0.4960459715777056 -0.8018428344417764
 -0.5575413503518544 -0.8198872615552452
 -0.6062787107744124 -0.8329557286182084
 -0.6657688060559055 -0.8208934806364006
 -0.7241727329782648 -0.8029513375417185
 -0.7657731258678603 -0.7973848359189494
 -0.7962352993905752 -0.7943380406512480
 -0.8301614813511892 -0.7771664334626236
 -0.8685213381354139 -0.7471736936023846
 -0.9002201995668514 -0.7171018752655313
 -0.9213982481029823 -0.6925270104681127
   
   
 #BODY NUMBER  3
 -0.1390468598207866 1.144217795093716
 -0.1119854687989878 1.150689331528236
 -4.725359939743053E-02 1.142562839686311
 2.663012373265366E-02 1.128086319466231
 8.334737646416197E-02 1.116083713731791
 0.1687624655266583 1.092431476305838
 0.3199715077788360 1.045411056649319
 0.4682204457475608 0.9958727082317161
 0.5200426546207009 0.9708247480128013
 0.4997351860160092 0.9605611761263518
 0.5061007620031827 0.9359155019821240
 0.5483516125279836 0.8981193161881190
 0.5419054570574249 0.8731873801762118
 0.4668831885704556 0.8615022914351748
 0.4008233486852694 0.8368298680132542
 0.3619414529083405 0.7994736195705691
 0.2554963286689164 0.7819231710425857
 5.324697290168829E-02 0.7843538633934088
 -9.307041684197917E-02 0.7530657194821938
 -3.837041831985098E-02 0.6554339619399139
 0.1316505796486070 0.5328193261607163
 0.1998657075329196 0.4316160096657610
 0.1066335773212282 0.3160553559163146
 2.081424912924762E-03 0.1150131778173697
 1.229492246327564E-02 -0.1550579314737446
 9.085361291003423E-02 -0.3837517873492311
 0.1377805017180088 -0.4977280302534420
 0.1393809653683393 -0.5375854446774804
 0.1186691985201663 -0.5750719370145640
 4.908523513623213E-02 -0.6098723469039979
 -8.124156851280735E-02 -0.6007867862129792
 -0.1800505690092002 -0.5621467291316818
 -0.1325818975544424 -0.5588603738557848
 4.889060035557261E-02 -0.6064231615492118
 0.2452797903924663 -0.6369329926663462
 0.3878714996876591 -0.5893796397274601
 0.5068472389829425 -0.4959896623872592
 0.6205257410293602 -0.4484250039114487
 0.6722082321679209 -0.4978911059852834
 0.6188807616868962 -0.6152995310168784
 0.5142074981988594 -0.7383849719290164
 0.4463932786802457 -0.8305098300521149
 0.4312725215701719 -0.8927886038426083
 0.4182214658239394 -0.9415306296134237
 0.3780302050041997 -0.9870194394098497
 0.3332898898246898 -1.028627652258041
 0.3076689615643666 -1.061871398496460
 0.2897992727010495 -1.086729016987771
 0.2579651336715865 -1.107524148824762
 0.2128107306314090 -1.125748389355315
 0.1709183412979843 -1.138164499457556
 0.1390468598207866 -1.144217795093716
 0.1119854687989878 -1.150689331528236
 4.725359939743053E-02 -1.142562839686311
 -2.663012373265366E-02 -1.128086319466231
 -8.334737646416197E-02 -1.116083713731791
 -0.1687624655266583 -1.092431476305838
 -0.3199715077788360 -1.045411056649319
 -0.4682204457475608 -0.9958727082317161
 -0.5200426546207009 -0.9708247480128013
 -0.4997351860160092 -0.9605611761263518
 -0.5061007620031827 -0.9359155019821240
 -0.5483516125279836 -0.8981193161881190
 -0.5419054570574249 -0.8731873801762118
 -0.4668831885704556 -0.8615022914351748
 -0.4008233486852694 -0.8368298680132542
 -0.3619414529083405 -0.7994736195705691
 -0.2554963286689164 -0.7819231710425857
 -5.324697290168829E-02 -0.7843538633934088
 9.307041684197917E-02 -0.7530657194821938
 3.837041831985098E-02 -0.6554339619399139
 -0.1316505796486070 -0.5328193261607163
 -0.1998657075329196 -0.4316160096657610
 -0.1066335773212282 -0.3160553559163146
 -2.081424912924762E-03 -0.1150131778173697
 -1.229492246327564E-02 0.1550579314737446
 -9.085361291003423E-02 0.3837517873492311
 -0.1377805017180088 0.4977280302534420
 -0.1393809653683393 0.5375854446774804
 -0.1186691985201663 0.5750719370145640
 -4.908523513623213E-02 0.6098723469039979
 8.124156851280735E-02 0.6007867862129792
 0.1800505690092002 0.5621467291316818
 0.1325818975544424 0.5588603738557848
 -4.889060035557261E-02 0.6064231615492118
 -0.2452797903924663 0.6369329926663462
 -0.3878714996876591 0.5893796397274601
 -0.5068472389829425 0.4959896623872592
 -0.6205257410293602 0.4484250039114487
 -0.6722082321679209 0.4978911059852834
 -0.6188807616868962 0.6152995310168784
 -0.5142074981988594 0.7383849719290164
 -0.4463932786802457 0.8305098300521149
 -0.4312725215701719 0.8927886038426083
 -0.4182214658239394 0.9415306296134237
 -0.3780302050041997 0.9870194394098497
 -0.3332898898246898 1.028627652258041
 -0.3076689615643666 1.061871398496460
 -0.2897992727010495 1.086729016987771
 -0.2579651336715865 1.107524148824762
 -0.2128107306314090 1.125748389355315
 -0.1709183412979843 1.138164499457556
 -0.1390468598207866 1.144217795093716
   
   
 #BODY NUMBER  4
 0.4516907846256033 -1.060445107923769
 0.4783624049294856 -1.052518927366682
 0.5303586023447279 -1.013115244287148
 0.5871055233915167 -0.9636363484531175
 0.6302228022226453 -0.9248831606097291
 0.6923683205043003 -0.8616921776112644
 0.7998089825483419 -0.7453667785660253
 0.9034271547045197 -0.6283408413904942
 0.9357825239594247 -0.5807375670913616
 0.9130639543179819 -0.5820027874064744
 0.9062538677604803 -0.5574762195105931
 0.9239460847494547 -0.5036183371844273
 0.9058975823492534 -0.4852497249678672
 0.8350838476194826 -0.5126412755161384
 0.7655381363980185 -0.5243042500024220
 0.7131873026865566 -0.5113937377494387
 0.6122278967222332 -0.5494171655961058
 0.4382901629041880 -0.6526468848043171
 0.2959315144151359 -0.6987092522117750
 0.2944872239511305 -0.5868076707029740
 0.3804224094789987 -0.3956097822581832
 0.3888967849017399 -0.2738575752841588
 0.2503750648147534 -0.2203951785650466
 5.930915575934767E-02 -9.856362130335665E-02
 -6.688125054611554E-02 0.1404315689461675
 -0.1131943568689280 0.3777656030471351
 -0.1295426004927598 0.4999353692340748
 -0.1480852655257591 0.5352531344796215
 -0.1847654279420793 0.5573615057182204
 -0.2624271128732893 0.5527075630526140
 -0.3707506552818747 0.4796758348620470
 -0.4370017312936515 0.3968080635777663
 -0.3942494782919855 0.4176963321503574
 -0.2608710788604076 0.5496231635226784
 -0.1060479668183752 0.6742400473537368
 4.121675226975051E-02 0.7043534903211304
 0.1909477536036011 0.6829632671333046
 0.3131785534778652 0.6986103155941313
 0.3332038526978055 0.7672904621855462
 0.2283166960258761 0.8423054056407162
 7.612427029214461E-02 0.8965638925626175
 -2.866699561033860E-02 0.9424392502579513
 -7.290134228736336E-02 0.9888138719220263
 -0.1085749009952152 1.024500176598351
 -0.1661259587734488 1.043799011060105
 -0.2256763147163232 1.057462622802955
 -0.2644865625775107 1.073442087432227
 -0.2923909763365226 1.086034572091625
 -0.3303577153621394 1.088126615022775
 -0.3785746957529307 1.081332068766823
 -0.4210626241920252 1.071138540864836
 -0.4516907846256033 1.060445107923769
 -0.4783624049294856 1.052518927366682
 -0.5303586023447279 1.013115244287148
 -0.5871055233915167 0.9636363484531175
 -0.6302228022226453 0.9248831606097291
 -0.6923683205043003 0.8616921776112644
 -0.7998089825483419 0.7453667785660253
 -0.9034271547045197 0.6283408413904942
 -0.9357825239594247 0.5807375670913616
 -0.9130639543179819 0.5820027874064744
 -0.9062538677604803 0.5574762195105931
 -0.9239460847494547 0.5036183371844273
 -0.9058975823492534 0.4852497249678672
 -0.8350838476194826 0.5126412755161384
 -0.7655381363980185 0.5243042500024220
 -0.7131873026865566 0.5113937377494387
 -0.6122278967222332 0.5494171655961058
 -0.4382901629041880 0.6526468848043171
 -0.2959315144151359 0.6987092522117750
 -0.2944872239511305 0.5868076707029740
 -0.3804224094789987 0.3956097822581832
 -0.3888967849017399 0.2738575752841588
 -0.2503750648147534 0.2203951785650466
 -5.930915575934767E-02 9.856362130335665E-02
 6.688125054611554E-02 -0.1404315689461675
 0.1131943568689280 -0.3777656030471351
 0.1295426004927598 -0.4999353692340748
 0.1480852655257591 -0.5352531344796215
 0.1847654279420793 -0.5573615057182204
 0.2624271128732893 -0.5527075630526140
 0.3707506552818747 -0.4796758348620470
 0.4370017312936515 -0.3968080635777663
 0.3942494782919855 -0.4176963321503574
 0.2608710788604076 -0.5496231635226784
 0.1060479668183752 -0.6742400473537368
 -4.121675226975051E-02 -0.7043534903211304
 -0.1909477536036011 -0.6829632671333046
 -0.3131785534778652 -0.6986103155941313
 -0.3332038526978055 -0.7672904621855462
 -0.2283166960258761 -0.8423054056407162
 -7.612427029214461E-02 -0.8965638925626175
 2.866699561033860E-02 -0.9424392502579513
 7.290134228736336E-02 -0.9888138719220263
 0.1085749009952152 -1.024500176598351
 0.1661259587734488 -1.043799011060105
 0.2256763147163232 -1.057462622802955
 0.2644865625775107 -1.073442087432227
 0.2923909763365226 -1.086034572091625
 0.3303577153621394 -1.088126615022775
 0.3785746957529307 -1.081332068766823
 0.4210626241920252 -1.071138540864836
 0.4516907846256033 -1.060445107923769
   
   
 #BODY NUMBER  5
 -1.144217795093716 0.1390468598207861
 -1.150689331528236 0.1119854687989874
 -1.142562839686311 4.725359939743004E-02
 -1.128086319466231 -2.663012373265412E-02
 -1.116083713731791 -8.334737646416235E-02
 -1.092431476305838 -0.1687624655266587
 -1.045411056649319 -0.3199715077788364
 -0.9958727082317161 -0.4682204457475611
 -0.9708247480128013 -0.5200426546207013
 -0.9605611761263518 -0.4997351860160095
 -0.9359155019821241 -0.5061007620031829
 -0.8981193161881190 -0.5483516125279840
 -0.8731873801762120 -0.5419054570574252
 -0.8615022914351750 -0.4668831885704559
 -0.8368298680132542 -0.4008233486852696
 -0.7994736195705692 -0.3619414529083406
 -0.7819231710425858 -0.2554963286689165
 -0.7843538633934090 -5.324697290168846E-02
 -0.7530657194821938 9.307041684197900E-02
 -0.6554339619399140 3.837041831985089E-02
 -0.5328193261607163 -0.1316505796486072
 -0.4316160096657611 -0.1998657075329197
 -0.3160553559163147 -0.1066335773212283
 -0.1150131778173697 -2.081424912924795E-03
 0.1550579314737446 -1.229492246327562E-02
 0.3837517873492312 -9.085361291003424E-02
 0.4977280302534422 -0.1377805017180088
 0.5375854446774804 -0.1393809653683393
 0.5750719370145640 -0.1186691985201663
 0.6098723469039981 -4.908523513623216E-02
 0.6007867862129793 8.124156851280739E-02
 0.5621467291316818 0.1800505690092004
 0.5588603738557848 0.1325818975544426
 0.6064231615492118 -4.889060035557246E-02
 0.6369329926663461 -0.2452797903924661
 0.5893796397274601 -0.3878714996876589
 0.4959896623872589 -0.5068472389829423
 0.4484250039114486 -0.6205257410293601
 0.4978911059852831 -0.6722082321679206
 0.6152995310168783 -0.6188807616868960
 0.7383849719290166 -0.5142074981988591
 0.8305098300521150 -0.4463932786802453
 0.8927886038426084 -0.4312725215701716
 0.9415306296134237 -0.4182214658239390
 0.9870194394098498 -0.3780302050041994
 1.028627652258042 -0.3332898898246894
 1.061871398496460 -0.3076689615643662
 1.086729016987771 -0.2897992727010490
 1.107524148824763 -0.2579651336715861
 1.125748389355316 -0.2128107306314085
 1.138164499457556 -0.1709183412979838
 1.144217795093716 -0.1390468598207861
 1.150689331528236 -0.1119854687989874
 1.142562839686311 -4.725359939743004E-02
 1.128086319466231 2.663012373265412E-02
 1.116083713731791 8.334737646416235E-02
 1.092431476305838 0.1687624655266587
 1.045411056649319 0.3199715077788364
 0.9958727082317161 0.4682204457475611
 0.9708247480128013 0.5200426546207013
 0.9605611761263518 0.4997351860160095
 0.9359155019821241 0.5061007620031829
 0.8981193161881190 0.5483516125279840
 0.8731873801762120 0.5419054570574252
 0.8615022914351750 0.4668831885704559
 0.8368298680132542 0.4008233486852696
 0.7994736195705692 0.3619414529083406
 0.7819231710425858 0.2554963286689165
 0.7843538633934090 5.324697290168846E-02
 0.7530657194821938 -9.307041684197900E-02
 0.6554339619399140 -3.837041831985089E-02
 0.5328193261607163 0.1316505796486072
 0.4316160096657611 0.1998657075329197
 0.3160553559163147 0.1066335773212283
 0.1150131778173697 2.081424912924795E-03
 -0.1550579314737446 1.229492246327562E-02
 -0.3837517873492312 9.085361291003424E-02
 -0.4977280302534422 0.1377805017180088
 -0.5375854446774804 0.1393809653683393
 -0.5750719370145640 0.1186691985201663
 -0.6098723469039981 4.908523513623216E-02
 -0.6007867862129793 -8.124156851280739E-02
 -0.5621467291316818 -0.1800505690092004
 -0.5588603738557848 -0.1325818975544426
 -0.6064231615492118 4.889060035557246E-02
 -0.6369329926663461 0.2452797903924661
 -0.5893796397274601 0.3878714996876589
 -0.4959896623872589 0.5068472389829423
 -0.4484250039114486 0.6205257410293601
 -0.4978911059852831 0.6722082321679206
 -0.6152995310168783 0.6188807616868960
 -0.7383849719290166 0.5142074981988591
 -0.8305098300521150 0.4463932786802453
 -0.8927886038426084 0.4312725215701716
 -0.9415306296134237 0.4182214658239390
 -0.9870194394098498 0.3780302050041994
 -1.028627652258042 0.3332898898246894
 -1.061871398496460 0.3076689615643662
 -1.086729016987771 0.2897992727010490
 -1.107524148824763 0.2579651336715861
 -1.125748389355316 0.2128107306314085
 -1.138164499457556 0.1709183412979838
 -1.144217795093716 0.1390468598207861
   
   
 #BODY NUMBER  6
 0.6925270104681130 0.9213982481029828
 0.6723269265987518 0.9405334585676937
 0.6122042373415835 0.9658616448897178
 0.5409807960747148 0.9902664721857719
 0.4858609115091461 1.008230537073891
 0.4000631558015372 1.030454643137923
 0.2456020741009775 1.065338286344862
 9.244555352719691E-02 1.096561287138055
 3.504222405337677E-02 1.100780221712063
 4.749722180836973E-02 1.081737973422484
 2.966163422164375E-02 1.063576981513776
 -2.582676856133599E-02 1.051969949712412
 -3.271020217304130E-02 1.027155182025292
 2.641844381569231E-02 0.9795244640865948
 7.129173161523583E-02 0.9251275986876921
 8.628631688401246E-02 0.8733351906577793
 0.1696952743203531 0.8049134942650226
 0.3460637004892207 0.7058938577060055
 0.4571342050670579 0.6056388353697961
 0.3609467379887838 0.5484372523831232
 0.1523969166817178 0.5272603619067904
 4.271922476402137E-02 0.4737232828170788
 6.568029110156144E-02 0.3270287558862749
 5.570402205802211E-02 0.1006450462162816
 -8.817668092762897E-02 -0.1281366464828917
 -0.2705574304803032 -0.2869119901371008
 -0.3681854297606821 -0.3621548675160658
 -0.3895001791517211 -0.3958721691112821
 -0.3903065090724848 -0.4386923071980542
 -0.3474452340307085 -0.5036223279163822
 -0.2300361309311045 -0.5609174033748545
 -0.1251449978380305 -0.5768586325869665
 -0.1646108955637995 -0.5502782297047998
 -0.3455520826888045 -0.5007325631671059
 -0.5308850258479713 -0.4289602569612704
 -0.6305963919972106 -0.3164819906334712
 -0.6869374159908602 -0.1761160281503625
 -0.7616035573893140 -7.808457456477116E-02
 -0.8310949586830890 -9.508223001762534E-02
 -0.8436162270427551 -0.2234246439538198
 -0.8145092422211612 -0.3823563943637586
 -0.8018428344417764 -0.4960459715777059
 -0.8198872615552455 -0.5575413503518546
 -0.8329557286182087 -0.6062787107744128
 -0.8208934806364009 -0.6657688060559057
 -0.8029513375417190 -0.7241727329782650
 -0.7973848359189496 -0.7657731258678604
 -0.7943380406512482 -0.7962352993905756
 -0.7771664334626236 -0.8301614813511896
 -0.7471736936023851 -0.8685213381354143
 -0.7171018752655315 -0.9002201995668520
 -0.6925270104681130 -0.9213982481029828
 -0.6723269265987518 -0.9405334585676937
 -0.6122042373415835 -0.9658616448897178
 -0.5409807960747148 -0.9902664721857719
 -0.4858609115091461 -1.008230537073891
 -0.4000631558015372 -1.030454643137923
 -0.2456020741009775 -1.065338286344862
 -9.244555352719691E-02 -1.096561287138055
 -3.504222405337677E-02 -1.100780221712063
 -4.749722180836973E-02 -1.081737973422484
 -2.966163422164375E-02 -1.063576981513776
 2.582676856133599E-02 -1.051969949712412
 3.271020217304130E-02 -1.027155182025292
 -2.641844381569231E-02 -0.9795244640865948
 -7.129173161523583E-02 -0.9251275986876921
 -8.628631688401246E-02 -0.8733351906577793
 -0.1696952743203531 -0.8049134942650226
 -0.3460637004892207 -0.7058938577060055
 -0.4571342050670579 -0.6056388353697961
 -0.3609467379887838 -0.5484372523831232
 -0.1523969166817178 -0.5272603619067904
 -4.271922476402137E-02 -0.4737232828170788
 -6.568029110156144E-02 -0.3270287558862749
 -5.570402205802211E-02 -0.1006450462162816
 8.817668092762897E-02 0.1281366464828917
 0.2705574304803032 0.2869119901371008
 0.3681854297606821 0.3621548675160658
 0.3895001791517211 0.3958721691112821
 0.3903065090724848 0.4386923071980542
 0.3474452340307085 0.5036223279163822
 0.2300361309311045 0.5609174033748545
 0.1251449978380305 0.5768586325869665
 0.1646108955637995 0.5502782297047998
 0.3455520826888045 0.5007325631671059
 0.5308850258479713 0.4289602569612704
 0.6305963919972106 0.3164819906334712
 0.6869374159908602 0.1761160281503625
 0.7616035573893140 7.808457456477116E-02
 0.8310949586830890 9.508223001762534E-02
 0.8436162270427551 0.2234246439538198
 0.8145092422211612 0.3823563943637586
 0.8018428344417764 0.4960459715777059
 0.8198872615552455 0.5575413503518546
 0.8329557286182087 0.6062787107744128
 0.8208934806364009 0.6657688060559057
 0.8029513375417190 0.7241727329782650
 0.7973848359189496 0.7657731258678604
 0.7943380406512482 0.7962352993905756
 0.7771664334626236 0.8301614813511896
 0.7471736936023851 0.8685213381354143
 0.7171018752655315 0.9002201995668520
 0.6925270104681130 0.9213982481029828
   
   
