 # action(x) =  27.60848002031596
 # |grad_action(x)| =  6.487571789952755E-13
 # PRINTSTEPS = 50
 #
 #BODY NUMBER  1
 0.2660794423024370 -1.999944256877587
 0.2624438792297817 -1.980390642402110
 0.2587259072355419 -1.959616639945517
 0.2548855176416649 -1.937105466894989
 0.2509289456704922 -1.912968404288981
 0.2468749852351587 -1.887364220401783
 0.2427227050743058 -1.860226501265229
 0.2384524031065607 -1.831468154142438
 0.2340472393360591 -1.801147243316030
 0.2294993520202597 -1.769334095432145
 0.2247932198315333 -1.735984928963040
 0.2198952845034778 -1.701042640712142
 0.2147660174289568 -1.664544345581233
 0.2093717991366634 -1.626540804945995
 0.2036750704585070 -1.587001289959241
 0.1976196509826860 -1.545883264382834
 0.1911364370355375 -1.503223669327876
 0.1841581721606748 -1.459081334411847
 0.1766157935392389 -1.413452126974949
 0.1684225653989421 -1.366323183099215
 0.1594753958675695 -1.317761502871604
 0.1496727997849006 -1.267871145318445
 0.1389197233593776 -1.216709154185223
 0.1271149655481633 -1.164327403948109
 0.1141514787734979 -1.110862273983084
 9.993904254553448E-02 -1.056499542408591
 8.441885250397324E-02 -1.001378825248557
 6.755388740648960E-02 -0.9456152740375681
 4.932235488038800E-02 -0.8893864133351199
 2.973305430828144E-02 -0.8328989969660855
 8.834476487129317E-03 -0.7762765736065298
 -1.330804662436647E-02 -0.7195660330373881
 -3.664072781688610E-02 -0.6628410313477538
 -6.112160350398438E-02 -0.6061953608752565
 -8.671283881569905E-02 -0.5496332400896970
 -0.1134011317308894 -0.4930774729475589
 -0.1412266449510899 -0.4365064756500707
 -0.1702755499198261 -0.3799795414591633
 -0.2006498896352916 -0.3235127288356384
 -0.2324672162852442 -0.2670645677225839
 -0.2658834841677828 -0.2106975804860579
 -0.3010788648540643 -0.1546287637344618
 -0.3382045603916964 -9.906122017970391E-02
 -0.3773619512257533 -4.411526550581557E-02
 -0.4186309605499624 9.978276881782794E-03
 -0.4620672960638090 6.278606813454601E-02
 -0.5076356925513513 0.1139312651025347
 -0.5551789172506010 0.1632780265411276
 -0.6044934035749923 0.2106349661518038
 -0.6553936579419264 0.2554820524185031
 -0.7076119816395092 0.2974934311118360
 -0.7606186435012677 0.3374843832546891
 -0.8144133253583012 0.3739025971597267
 -0.8683570344844295 0.4082887325167793
 -0.9223408575654249 0.4397668421697190
 -0.9760423725072152 0.4685745897625967
 -1.029157170383516 0.4951516339076127
 -1.081498485338092 0.5195922373375563
 -1.132911823974077 0.5418835861004047
 -1.183214860572082 0.5622372325476547
 -1.232253743917506 0.5809659114248156
 -1.279945061893505 0.5982213437762630
 -1.326225872868056 0.6140460618680741
 -1.371011992805302 0.6285816414821441
 -1.414235031318903 0.6420516582624114
 -1.455875375509825 0.6545856263589940
 -1.495924484374955 0.6662093994049942
 -1.534348400056731 0.6769951203503397
 -1.571118034606164 0.6870906910306647
 -1.606242198556152 0.6965931577528054
 -1.639737013548302 0.7055065911002032
 -1.671589413318752 0.7138512170935962
 -1.701783208541193 0.7217180863551389
 -1.730335447247411 0.7291788309993361
 -1.757271249729125 0.7362242505204954
 -1.782584157553305 0.7428400891797418
 -1.806258062789072 0.7490760151068614
 -1.828308898583772 0.7549860142812236
 -1.848764812698589 0.7605560338672307
 -1.867620998490974 0.7657503287751751
 -1.884856485160263 0.7705876395268716
 -1.900482922548014 0.7751093823676707
 -1.914531067934017 0.7793026921862128
 -1.926997760101367 0.7831195245930803
 -1.937855622230001 0.7865543362357107
 -1.947111123105683 0.7896386013020478
 -1.954799617763521 0.7923647697488526
 -1.960921583213280 0.7946791252966163
 -1.965442014991726 0.7965555591414568
 -1.968361354876669 0.7980160720178886
 -1.969723541736971 0.7990614100909548
 -1.969536756651904 0.7996374609128072
 -1.967756270290845 0.7996989526645762
 -1.964375174702286 0.7992574920656157
 -1.959454908451652 0.7983266207116440
 -1.953019701701522 0.7968586539654952
 -1.945007196966823 0.7947881490807740
 -1.935397137849313 0.7921143362527117
 -1.924292991681463 0.7888769000578223
 -1.911753344097868 0.7850477378762195
 -1.897642926656592 0.7805197489494802
 -1.881902584613584 0.7752704377251285
 -1.865042253760000 0.7695405719800874
 -1.846290545352102 0.7629122547203289
 -1.826440745489292 0.7557451116896031
 -1.805025302961609 0.7478154001130661
 -1.782143707586485 0.7391733606489993
 -1.757942853679336 0.7298821014283359
 -1.732364759425886 0.7199092219629875
 -1.705324149262826 0.7092282383874903
 -1.676862888336023 0.6978827667073713
 -1.647037950436328 0.6859147787144600
 -1.615803658984684 0.6733158255089124
 -1.583093782029019 0.6600864178036525
 -1.548920697713570 0.6462793458275284
 -1.513311556943553 0.6319491055845943
 -1.476220968172630 0.6171128598449680
 -1.437584003732093 0.6017979941533967
 -1.397398103725768 0.5860828246023175
 -1.355680587868695 0.5700550118002708
 -1.312393345763073 0.5537722995729462
 -1.267481869043008 0.5373033713435778
 -1.220952635549755 0.5207710073359072
 -1.172845020463496 0.5043151257899569
 -1.123160898221169 0.4880465675766839
 -1.071894592915530 0.4720789126081614
 -1.019110688761849 0.4565730564941328
 -0.9649249640852416 0.4417000215299687
 -0.9094289277290548 0.4275805417975060
 -0.8527037932263624 0.4143042544003704
 -0.7948924051691350 0.4019787943666727
 -0.7361782173133489 0.3906999181199687
 -0.6766924713495602 0.3804874057362747
 -0.6165084409985876 0.3713081229701432
 -0.5557168079093893 0.3631523167764514
 -0.4944197804222553 0.3560305417921187
 -0.4326399292741797 0.3499121412935093
 -0.3703170517409756 0.3447469973706352
 -0.3074123743538298 0.3405591000439245
 -0.2439341608620847 0.3374527226035164
 -0.1798452968016435 0.3355242661085256
 -0.1150510919558452 0.3348547987113650
 -4.952771513295111E-02 0.3356106419790464
 1.662699487720631E-02 0.3380563273734323
 8.331274699034094E-02 0.3424243510648094
 0.1504760349901451 0.3488626689360745
 0.2179569215406001 0.3575559082060572
 0.2854079780401620 0.3687689825819710
 0.3524852161397702 0.3826597730659098
 0.4189923774897069 0.3991600327139954
 0.4846619334002336 0.4181891608401604
 0.5489507765763745 0.4398465310476655
 0.6114428596216005 0.4640632365661448
 0.6725793710297182 0.4899728762368128
 0.7310158103604532 0.5183513303609869
 0.7877669316806951 0.5478748851600461
 0.8420196858437509 0.5788871925151231
 0.8938186845558880 0.6109901948799842
 0.9433924788811229 0.6437004370852284
 0.9907293198125631 0.6768090437884016
 1.035740863443801 0.7101886267591128
 1.078519156625769 0.7435755111168586
 1.119258109985424 0.7766800904286368
 1.158047411743060 0.8093542671600896
 1.194892425105571 0.8415222661258905
 1.229873666278710 0.8730403939214477
 1.263150562256625 0.9037376349128454
 1.294825469133950 0.9335322467562202
 1.324916506312176 0.9624039059093512
 1.353469172489863 0.9902871325299685
 1.380597010439442 1.017082784797485
 1.406388469994427 1.042749969703794
 1.430855137204287 1.067300613708356
 1.454007995184871 1.090713288084367
 1.475917801424838 1.112928447152895
 1.496655115170970 1.133925038885298
 1.516224528697470 1.153729418345203
 1.534610466955806 1.172343120234973
 1.551847889842694 1.189727360612373
 1.567991517161387 1.205868944998082
 1.583043252679854 1.220799276486142
 1.596969736921075 1.234532064946855
 1.609776714252688 1.247039778873199
 1.621505877116076 1.258311799201239
 1.632161462637874 1.268381195072303
 1.641700282547883 1.277269250986955
 1.650103847751933 1.284955029599826
 1.657402650089227 1.291428395949747
 1.663607828548074 1.296723743416893
 1.668673101970707 1.300868343243594
 1.672558357238082 1.303844935077382
 1.675282868434098 1.305642901141808
 1.676869251191067 1.306299920530998
 1.677274733294129 1.305850134491355
 1.676437743532755 1.304277442195702
 1.674364879645006 1.301570057822867
 1.671098588279494 1.297774417933420
 1.666609688410353 1.292935348782277
 1.660810326214175 1.287031568576445
 1.653689706821354 1.280045919662843
 1.645333931749523 1.272048165091593
 1.635747956233248 1.263103092820498
 1.624771394073998 1.253147107321719
 1.612355186179835 1.242140226860393
 1.598962811457563 1.230403684897500
 1.583846666122320 1.217478387681781
 1.567714838253750 1.203871528255914
 1.550139785319944 1.189290066781923
 1.531214761915992 1.173795043639982
 1.511067868444177 1.157482118973447
 1.489642054351580 1.140317279302241
 1.466871746156265 1.122239915754948
 1.442815648999964 1.103264476608659
 1.417538598416068 1.083419316717685
 1.391010439153150 1.062669103454128
 1.363198497525541 1.040956222908489
 1.334154680284613 1.018264999753705
 1.303939757806889 0.9945916993614007
 1.272545897714123 0.9698884301142728
 1.239964352749407 0.9440852702294376
 1.206261666690230 0.9171408447255579
 1.171522415708020 0.8890263226115758
 1.135777552223834 0.8596798274020029
 1.099059303644066 0.8290198117556373
 1.061477239682185 0.7969904955356970
 1.023172220678595 0.7635560195284887
 0.9842411748617915 0.7286625866085389
 0.9447796273673666 0.6922484913399475
 0.9049592099883512 0.6542892174889513
 0.8649859215397071 0.6147995208786220
 0.8250100752250815 0.5737982834510507
 0.7851499058198728 0.5313110196371977
 0.7455700502887470 0.4874076189684473
 0.7064451630050674 0.4421990788461169
 0.6678579948624309 0.3957891678702552
 0.6298164876229541 0.3482579100672449
 0.5923575357262754 0.2996887145713024
 0.5555413839262398 0.2501648190831378
 0.5193527680898787 0.1997210987961877
 0.4837181834718650 0.1483304755769236
 0.4486390193049197 9.594737560614619E-02
 0.4142097107819108 4.252681885564685E-02
 0.3804951864369351 -1.201153727288723E-02
 0.3475183082410894 -6.779023098878109E-02
 0.3154111993007339 -0.1249130614929886
 0.2844518699768580 -0.1834275636389706
 0.2548918134013554 -0.2433631308851055
 0.2268859162356083 -0.3047474034302589
 0.2006740390093623 -0.3675341850878400
 0.1766593180236470 -0.4315550507165170
 0.1551504764115811 -0.4965910381684445
 0.1361865397608941 -0.5624380592551230
 0.1198314701747586 -0.6288241269919642
 0.1064428813655519 -0.6953285834661687
 9.616912201790878E-02 -0.7615566676779808
 8.803927247154952E-02 -0.8274572594915020
 8.339751499784805E-02 -0.8922539275207136
 8.059010280373428E-02 -0.9561636176768254
 8.032117172167416E-02 -1.018654034684842
 8.222368795132710E-02 -1.079564784642581
 8.576469150239316E-02 -1.138852070992841
 9.076916552552876E-02 -1.196401281125958
 9.717096053027609E-02 -1.252072212859517
 0.1046957039463132 -1.305812743664513
 0.1129956339320828 -1.357646001853452
 0.1218976501504450 -1.407575610936353
 0.1313334477624846 -1.455568327993965
 0.1411383265265920 -1.501622035403592
 0.1510844690622782 -1.545789293175257
 0.1610499063758749 -1.588117873115214
 0.1710079780627788 -1.628613305314345
 0.1808792275668682 -1.667282252880308
 0.1905210241667218 -1.704173475828149
 0.1998537285617258 -1.739343127456599
 0.2088818763440146 -1.772807204808559
 0.2175814181338813 -1.804564505177963
 0.2258654071163553 -1.834646533508034
 0.2336803320764405 -1.863103869884634
 0.2410467210316549 -1.889953668865699
 0.2479736905974981 -1.915183209414715
 0.2544101729463780 -1.938803375719234
 0.2603173814223855 -1.960854959279305
 0.2657215600187348 -1.981355310353373
 0.2706512615698994 -2.000282393722030
 0.2750797709075753 -2.017627418400071
 0.2789770454319383 -2.033421181568909
 0.2823696052961435 -2.047683887258516
 0.2852974775534833 -2.060388775580035
 0.2877517744780679 -2.071509365835536
 0.2897084730164565 -2.081066997251795
 0.2911917892154466 -2.089088513165746
 0.2922484812425735 -2.095547468540210
 0.2928836577536436 -2.100400494218839
 0.2930784864425707 -2.103658973159696
 0.2928542905459036 -2.105361330621952
 0.2922620233577747 -2.105487595404162
 0.2913185267580902 -2.103976394860278
 0.2900102950572806 -2.100827549888483
 0.2883563201721581 -2.096101038645064
 0.2864100132911689 -2.089794002747772
 0.2841968707526474 -2.081819717657219
 0.2817074310279595 -2.072160255915554
 0.2789590599319396 -2.060925065149415
 0.2760053878646211 -2.048150830696717
 0.2728715325825937 -2.033666856271199
 0.2695473984337489 -2.017410664585522
 0.2660794423024370 -1.999944256877587
   
   
 #BODY NUMBER  2
 0.6725793710297182 0.4899728762368128
 0.7310158103604532 0.5183513303609869
 0.7877669316806951 0.5478748851600461
 0.8420196858437509 0.5788871925151231
 0.8938186845558880 0.6109901948799842
 0.9433924788811229 0.6437004370852284
 0.9907293198125631 0.6768090437884016
 1.035740863443801 0.7101886267591128
 1.078519156625769 0.7435755111168586
 1.119258109985424 0.7766800904286368
 1.158047411743060 0.8093542671600896
 1.194892425105571 0.8415222661258905
 1.229873666278710 0.8730403939214477
 1.263150562256625 0.9037376349128454
 1.294825469133950 0.9335322467562202
 1.324916506312176 0.9624039059093512
 1.353469172489863 0.9902871325299685
 1.380597010439442 1.017082784797485
 1.406388469994427 1.042749969703794
 1.430855137204287 1.067300613708356
 1.454007995184871 1.090713288084367
 1.475917801424838 1.112928447152895
 1.496655115170970 1.133925038885298
 1.516224528697470 1.153729418345203
 1.534610466955806 1.172343120234973
 1.551847889842694 1.189727360612373
 1.567991517161387 1.205868944998082
 1.583043252679854 1.220799276486142
 1.596969736921075 1.234532064946855
 1.609776714252688 1.247039778873199
 1.621505877116076 1.258311799201239
 1.632161462637874 1.268381195072303
 1.641700282547883 1.277269250986955
 1.650103847751933 1.284955029599826
 1.657402650089227 1.291428395949747
 1.663607828548074 1.296723743416893
 1.668673101970707 1.300868343243594
 1.672558357238082 1.303844935077382
 1.675282868434098 1.305642901141808
 1.676869251191067 1.306299920530998
 1.677274733294129 1.305850134491355
 1.676437743532755 1.304277442195702
 1.674364879645006 1.301570057822867
 1.671098588279494 1.297774417933420
 1.666609688410353 1.292935348782277
 1.660810326214175 1.287031568576445
 1.653689706821354 1.280045919662843
 1.645333931749523 1.272048165091593
 1.635747956233248 1.263103092820498
 1.624771394073998 1.253147107321719
 1.612355186179835 1.242140226860393
 1.598962811457563 1.230403684897500
 1.583846666122320 1.217478387681781
 1.567714838253750 1.203871528255914
 1.550139785319944 1.189290066781923
 1.531214761915992 1.173795043639982
 1.511067868444177 1.157482118973447
 1.489642054351580 1.140317279302241
 1.466871746156265 1.122239915754948
 1.442815648999964 1.103264476608659
 1.417538598416068 1.083419316717685
 1.391010439153150 1.062669103454128
 1.363198497525541 1.040956222908489
 1.334154680284613 1.018264999753705
 1.303939757806889 0.9945916993614007
 1.272545897714123 0.9698884301142728
 1.239964352749407 0.9440852702294376
 1.206261666690230 0.9171408447255579
 1.171522415708020 0.8890263226115758
 1.135777552223834 0.8596798274020029
 1.099059303644066 0.8290198117556373
 1.061477239682185 0.7969904955356970
 1.023172220678595 0.7635560195284887
 0.9842411748617915 0.7286625866085389
 0.9447796273673666 0.6922484913399475
 0.9049592099883512 0.6542892174889513
 0.8649859215397071 0.6147995208786220
 0.8250100752250815 0.5737982834510507
 0.7851499058198728 0.5313110196371977
 0.7455700502887470 0.4874076189684473
 0.7064451630050674 0.4421990788461169
 0.6678579948624309 0.3957891678702552
 0.6298164876229541 0.3482579100672449
 0.5923575357262754 0.2996887145713024
 0.5555413839262398 0.2501648190831378
 0.5193527680898787 0.1997210987961877
 0.4837181834718650 0.1483304755769236
 0.4486390193049197 9.594737560614619E-02
 0.4142097107819108 4.252681885564685E-02
 0.3804951864369351 -1.201153727288723E-02
 0.3475183082410894 -6.779023098878109E-02
 0.3154111993007339 -0.1249130614929886
 0.2844518699768580 -0.1834275636389706
 0.2548918134013554 -0.2433631308851055
 0.2268859162356083 -0.3047474034302589
 0.2006740390093623 -0.3675341850878400
 0.1766593180236470 -0.4315550507165170
 0.1551504764115811 -0.4965910381684445
 0.1361865397608941 -0.5624380592551230
 0.1198314701747586 -0.6288241269919642
 0.1064428813655519 -0.6953285834661687
 9.616912201790878E-02 -0.7615566676779808
 8.803927247154952E-02 -0.8274572594915020
 8.339751499784805E-02 -0.8922539275207136
 8.059010280373428E-02 -0.9561636176768254
 8.032117172167416E-02 -1.018654034684842
 8.222368795132710E-02 -1.079564784642581
 8.576469150239316E-02 -1.138852070992841
 9.076916552552876E-02 -1.196401281125958
 9.717096053027609E-02 -1.252072212859517
 0.1046957039463132 -1.305812743664513
 0.1129956339320828 -1.357646001853452
 0.1218976501504450 -1.407575610936353
 0.1313334477624846 -1.455568327993965
 0.1411383265265920 -1.501622035403592
 0.1510844690622782 -1.545789293175257
 0.1610499063758749 -1.588117873115214
 0.1710079780627788 -1.628613305314345
 0.1808792275668682 -1.667282252880308
 0.1905210241667218 -1.704173475828149
 0.1998537285617258 -1.739343127456599
 0.2088818763440146 -1.772807204808559
 0.2175814181338813 -1.804564505177963
 0.2258654071163553 -1.834646533508034
 0.2336803320764405 -1.863103869884634
 0.2410467210316549 -1.889953668865699
 0.2479736905974981 -1.915183209414715
 0.2544101729463780 -1.938803375719234
 0.2603173814223855 -1.960854959279305
 0.2657215600187348 -1.981355310353373
 0.2706512615698994 -2.000282393722030
 0.2750797709075753 -2.017627418400071
 0.2789770454319383 -2.033421181568909
 0.2823696052961435 -2.047683887258516
 0.2852974775534833 -2.060388775580035
 0.2877517744780679 -2.071509365835536
 0.2897084730164565 -2.081066997251795
 0.2911917892154466 -2.089088513165746
 0.2922484812425735 -2.095547468540210
 0.2928836577536436 -2.100400494218839
 0.2930784864425707 -2.103658973159696
 0.2928542905459036 -2.105361330621952
 0.2922620233577747 -2.105487595404162
 0.2913185267580902 -2.103976394860278
 0.2900102950572806 -2.100827549888483
 0.2883563201721581 -2.096101038645064
 0.2864100132911689 -2.089794002747772
 0.2841968707526474 -2.081819717657219
 0.2817074310279595 -2.072160255915554
 0.2789590599319396 -2.060925065149415
 0.2760053878646211 -2.048150830696717
 0.2728715325825937 -2.033666856271199
 0.2695473984337489 -2.017410664585522
 0.2660794423024370 -1.999944256877587
 0.2624438792297817 -1.980390642402110
 0.2587259072355419 -1.959616639945517
 0.2548855176416649 -1.937105466894989
 0.2509289456704922 -1.912968404288981
 0.2468749852351587 -1.887364220401783
 0.2427227050743058 -1.860226501265229
 0.2384524031065607 -1.831468154142438
 0.2340472393360591 -1.801147243316030
 0.2294993520202597 -1.769334095432145
 0.2247932198315333 -1.735984928963040
 0.2198952845034778 -1.701042640712142
 0.2147660174289568 -1.664544345581233
 0.2093717991366634 -1.626540804945995
 0.2036750704585070 -1.587001289959241
 0.1976196509826860 -1.545883264382834
 0.1911364370355375 -1.503223669327876
 0.1841581721606748 -1.459081334411847
 0.1766157935392389 -1.413452126974949
 0.1684225653989421 -1.366323183099215
 0.1594753958675695 -1.317761502871604
 0.1496727997849006 -1.267871145318445
 0.1389197233593776 -1.216709154185223
 0.1271149655481633 -1.164327403948109
 0.1141514787734979 -1.110862273983084
 9.993904254553448E-02 -1.056499542408591
 8.441885250397324E-02 -1.001378825248557
 6.755388740648960E-02 -0.9456152740375681
 4.932235488038800E-02 -0.8893864133351199
 2.973305430828144E-02 -0.8328989969660855
 8.834476487129317E-03 -0.7762765736065298
 -1.330804662436647E-02 -0.7195660330373881
 -3.664072781688610E-02 -0.6628410313477538
 -6.112160350398438E-02 -0.6061953608752565
 -8.671283881569905E-02 -0.5496332400896970
 -0.1134011317308894 -0.4930774729475589
 -0.1412266449510899 -0.4365064756500707
 -0.1702755499198261 -0.3799795414591633
 -0.2006498896352916 -0.3235127288356384
 -0.2324672162852442 -0.2670645677225839
 -0.2658834841677828 -0.2106975804860579
 -0.3010788648540643 -0.1546287637344618
 -0.3382045603916964 -9.906122017970391E-02
 -0.3773619512257533 -4.411526550581557E-02
 -0.4186309605499624 9.978276881782794E-03
 -0.4620672960638090 6.278606813454601E-02
 -0.5076356925513513 0.1139312651025347
 -0.5551789172506010 0.1632780265411276
 -0.6044934035749923 0.2106349661518038
 -0.6553936579419264 0.2554820524185031
 -0.7076119816395092 0.2974934311118360
 -0.7606186435012677 0.3374843832546891
 -0.8144133253583012 0.3739025971597267
 -0.8683570344844295 0.4082887325167793
 -0.9223408575654249 0.4397668421697190
 -0.9760423725072152 0.4685745897625967
 -1.029157170383516 0.4951516339076127
 -1.081498485338092 0.5195922373375563
 -1.132911823974077 0.5418835861004047
 -1.183214860572082 0.5622372325476547
 -1.232253743917506 0.5809659114248156
 -1.279945061893505 0.5982213437762630
 -1.326225872868056 0.6140460618680741
 -1.371011992805302 0.6285816414821441
 -1.414235031318903 0.6420516582624114
 -1.455875375509825 0.6545856263589940
 -1.495924484374955 0.6662093994049942
 -1.534348400056731 0.6769951203503397
 -1.571118034606164 0.6870906910306647
 -1.606242198556152 0.6965931577528054
 -1.639737013548302 0.7055065911002032
 -1.671589413318752 0.7138512170935962
 -1.701783208541193 0.7217180863551389
 -1.730335447247411 0.7291788309993361
 -1.757271249729125 0.7362242505204954
 -1.782584157553305 0.7428400891797418
 -1.806258062789072 0.7490760151068614
 -1.828308898583772 0.7549860142812236
 -1.848764812698589 0.7605560338672307
 -1.867620998490974 0.7657503287751751
 -1.884856485160263 0.7705876395268716
 -1.900482922548014 0.7751093823676707
 -1.914531067934017 0.7793026921862128
 -1.926997760101367 0.7831195245930803
 -1.937855622230001 0.7865543362357107
 -1.947111123105683 0.7896386013020478
 -1.954799617763521 0.7923647697488526
 -1.960921583213280 0.7946791252966163
 -1.965442014991726 0.7965555591414568
 -1.968361354876669 0.7980160720178886
 -1.969723541736971 0.7990614100909548
 -1.969536756651904 0.7996374609128072
 -1.967756270290845 0.7996989526645762
 -1.964375174702286 0.7992574920656157
 -1.959454908451652 0.7983266207116440
 -1.953019701701522 0.7968586539654952
 -1.945007196966823 0.7947881490807740
 -1.935397137849313 0.7921143362527117
 -1.924292991681463 0.7888769000578223
 -1.911753344097868 0.7850477378762195
 -1.897642926656592 0.7805197489494802
 -1.881902584613584 0.7752704377251285
 -1.865042253760000 0.7695405719800874
 -1.846290545352102 0.7629122547203289
 -1.826440745489292 0.7557451116896031
 -1.805025302961609 0.7478154001130661
 -1.782143707586485 0.7391733606489993
 -1.757942853679336 0.7298821014283359
 -1.732364759425886 0.7199092219629875
 -1.705324149262826 0.7092282383874903
 -1.676862888336023 0.6978827667073713
 -1.647037950436328 0.6859147787144600
 -1.615803658984684 0.6733158255089124
 -1.583093782029019 0.6600864178036525
 -1.548920697713570 0.6462793458275284
 -1.513311556943553 0.6319491055845943
 -1.476220968172630 0.6171128598449680
 -1.437584003732093 0.6017979941533967
 -1.397398103725768 0.5860828246023175
 -1.355680587868695 0.5700550118002708
 -1.312393345763073 0.5537722995729462
 -1.267481869043008 0.5373033713435778
 -1.220952635549755 0.5207710073359072
 -1.172845020463496 0.5043151257899569
 -1.123160898221169 0.4880465675766839
 -1.071894592915530 0.4720789126081614
 -1.019110688761849 0.4565730564941328
 -0.9649249640852416 0.4417000215299687
 -0.9094289277290548 0.4275805417975060
 -0.8527037932263624 0.4143042544003704
 -0.7948924051691350 0.4019787943666727
 -0.7361782173133489 0.3906999181199687
 -0.6766924713495602 0.3804874057362747
 -0.6165084409985876 0.3713081229701432
 -0.5557168079093893 0.3631523167764514
 -0.4944197804222553 0.3560305417921187
 -0.4326399292741797 0.3499121412935093
 -0.3703170517409756 0.3447469973706352
 -0.3074123743538298 0.3405591000439245
 -0.2439341608620847 0.3374527226035164
 -0.1798452968016435 0.3355242661085256
 -0.1150510919558452 0.3348547987113650
 -4.952771513295111E-02 0.3356106419790464
 1.662699487720631E-02 0.3380563273734323
 8.331274699034094E-02 0.3424243510648094
 0.1504760349901451 0.3488626689360745
 0.2179569215406001 0.3575559082060572
 0.2854079780401620 0.3687689825819710
 0.3524852161397702 0.3826597730659098
 0.4189923774897069 0.3991600327139954
 0.4846619334002336 0.4181891608401604
 0.5489507765763745 0.4398465310476655
 0.6114428596216005 0.4640632365661448
 0.6725793710297182 0.4899728762368128
   
   
 #BODY NUMBER  3
 -1.819750695578105 0.1879766641144315
 -1.821765871406595 0.2942471086163277
 -1.830832740491762 0.3965215263545364
 -1.847870971104610 0.4928054161816647
 -1.868573383854473 0.5833603694707340
 -1.889039115073540 0.6694227018583124
 -1.908610101416328 0.7520021468850377
 -1.927793134108142 0.8316987012590705
 -1.945935069035707 0.9090298992301311
 -1.961938360349245 0.9844902116525442
 -1.975777627813043 1.058368878237177
 -1.988021450910654 1.130756902568125
 -1.998531291589605 1.201742478373481
 -2.006665615288576 1.271461777404930
 -2.012362006410532 1.339968169082899
 -2.016084044476555 1.407193205489898
 -2.017887670727378 1.473070696901521
 -2.017358407271269 1.537600988544962
 -2.014422828228105 1.600761792282325
 -2.009498589730104 1.662449088082379
 -2.002785693507571 1.722559696994805
 -1.994046109420280 1.781066748075582
 -1.983217026755065 1.837962707841044
 -1.970678623209017 1.893186672325055
 -1.956716181909445 1.946670758429352
 -1.941203509826615 1.998418513867028
 -1.924058763954790 2.048474115991886
 -1.905587279769529 2.096841420404137
 -1.886090154485824 2.143498057254455
 -1.865492455231769 2.188473365855860
 -1.843666419782711 2.231844645011795
 -1.820819636553709 2.273656430493958
 -1.797232539009481 2.313906547519868
 -1.772857899357996 2.352621033436411
 -1.747525874638928 2.389879247003602
 -1.721352708216495 2.425740412452571
 -1.694591854008817 2.460202125516409
 -1.667224136401011 2.493266649426831
 -1.639056316820610 2.524996244266131
 -1.610130858773560 2.555453626202171
 -1.580677347236290 2.584629852477441
 -1.550709091755342 2.612493069348353
 -1.520027829566448 2.639078367686980
 -1.488620508581154 2.664453078842197
 -1.456696843313257 2.688605412452835
 -1.424303046474707 2.711458667523639
 -1.391249604289502 2.733010919290295
 -1.357490222228028 2.753354134527080
 -1.323221963036943 2.772491276054402
 -1.288506313173105 2.790251488264256
 -1.253168059548311 2.806573979020371
 -1.217272998933973 2.821917485096055
 -1.180707282575351 2.835536791335033
 -1.143869347958205 2.848019940567112
 -1.106501741865743 2.858969967480099
 -1.068529216284993 2.868538690357932
 -1.030110061449421 2.876776434047167
 -0.9913833098890492 2.883510850893913
 -0.9522713332818658 2.888695904267281
 -0.9126653714855222 2.892464629029658
 -0.8726647904612805 2.894827695637762
 -0.8324372106590308 2.895630849630168
 -0.7919514791008089 2.894839354999350
 -0.7510748098887667 2.892587637363168
 -0.7098590000822282 2.888901605123934
 -0.6684842888643396 2.883632196911387
 -0.6269584658112701 2.876728410355430
 -0.5851311550362501 2.868324794930206
 -0.5430048728762586 2.858471208055330
 -0.5007637569555043 2.847019119266250
 -0.4584567532626405 2.833887192853077
 -0.4159249854224261 2.819203435887223
 -0.3731209205128552 2.803045165603521
 -0.3302272823212111 2.785265037757038
 -0.2873404366782819 2.765742885571541
 -0.2443039934833215 2.744594064747751
 -0.2010190763370059 2.721928796171734
 -0.1576608163416469 2.697607057336973
 -0.1143793079743884 2.671465003588987
 -7.103021825972378E-02 2.643600158178184
 -2.745675114023460E-02 2.614163786331479
 1.618597628588803E-02 2.583032705837196
 5.969139837585602E-02 2.549993221282934
 0.1031868394501094 2.515115859813769
 0.1469041039142163 2.478600533246003
 0.1907312704461573 2.440349409765467
 0.2344064953521777 2.400083459260708
 0.2780407004234139 2.357826111494518
 0.3219759784386506 2.313832355205196
 0.3661864310187845 2.268036809002155
 0.4103634141772333 2.220061400898699
 0.4546187518497237 2.169843218219551
 0.4994942603390901 2.117704494212155
 0.5451584937142392 2.063623632720075
 0.5913100657708679 2.007049687592825
 0.6381751287296462 1.947759752930863
 0.6868294365915668 1.886218361689898
 0.7380724122342982 1.822554043382586
 0.7919980667048300 1.755984100728928
 0.8497474745465052 1.686358245309910
 0.9147149906388866 1.615837454168416
 0.9897811670982360 1.547511976793021
 1.072667914230805 1.481961998867826
 1.165708406755157 1.430571970077443
 1.258814085216290 1.387286900168880
 1.350717495088190 1.353900495801580
 1.439491591449968 1.326551834518058
 1.524256623216085 1.301244511467005
 1.605558013611043 1.276903760303615
 1.684168770638951 1.253668476749337
 1.760210520050756 1.230714254284882
 1.833562713242845 1.206843354895363
 1.904463149034756 1.181889178796462
 1.973274928583929 1.156298628472961
 2.040005160873108 1.129907629587982
 2.104451006817873 1.102092511038173
 2.166627477893579 1.072772534620695
 2.226707086225385 1.042383395936224
 2.284660480450853 1.011006636382557
 2.340280720599637 0.9782831349625519
 2.393511791638055 0.9441604470676734
 2.444472437642665 0.9090522835340838
 2.493173303886512 0.8731834404161886
 2.539472104379333 0.8363612130376956
 2.583330909576313 0.7985349724672071
 2.624887063944132 0.7600644142314231
 2.664224420558861 0.7212305423149959
 2.701282955315298 0.6819222964918497
 2.736060005421239 0.6420467099629916
 2.768711577662193 0.6018662832068280
 2.799368847787861 0.5616529589852122
 2.828019757952696 0.5213271738709861
 2.854667369771832 0.4807396331302347
 2.879454046562470 0.4400478457180816
 2.902518121640091 0.3994957615302833
 2.923858530112529 0.3590294614257346
 2.943459077201808 0.3184621777061306
 2.961429174278716 0.2778649679623412
 2.977893466146091 0.2374585318596023
 2.992844325012651 0.1972251312124317
 3.006239050405072 0.1569662864669384
 3.018153187870924 0.1166874140140717
 3.028693785243235 7.659181165450264E-02
 3.037839911144126 3.670693266544374E-02
 3.045522823778118 -3.156468979623323E-03
 3.051794307759581 -4.304336239530837E-02
 3.056749009593122 -8.276623430453763E-02
 3.060343610624328 -0.1222467128271549
 3.062481687070409 -0.1616479593253912
 3.063219737229382 -0.2010560494250842
 3.062658858352319 -0.2403018031916953
 3.060681828370736 -0.2792465439875910
 3.057148393206170 -0.3180116147300981
 3.052488728943665 -0.3567694021303387
 3.046000535949229 -0.3952458945239705
 3.038392292994868 -0.4333900563414090
 3.029191491427407 -0.4712263659525848
 3.018491985731009 -0.5088958991902852
 3.006416503617966 -0.5462867351144360
 2.992885303906736 -0.5831922941951393
 2.977819703544459 -0.6196567862158671
 2.961280534030378 -0.6558409176540050
 2.943326719231710 -0.6916639702911880
 2.923908481091158 -0.7269036533289046
 2.902980160854800 -0.7615695780337135
 2.880591781573696 -0.7958439531753441
 2.856791679112082 -0.8296948753857374
 2.831540882128162 -0.8628917222684005
 2.804799116061863 -0.8954022466674376
 2.776607716232474 -0.9274239526579795
 2.747011118600439 -0.9589795897380854
 2.715972760822323 -0.9898354248151219
 2.683446677101456 -1.019908401564558
 2.649464286625922 -1.049400114499118
 2.614068781624236 -1.078390386954194
 2.577223920130824 -1.106647303365654
 2.538873817580173 -1.134027325087864
 2.499040179889206 -1.160723567771331
 2.457769022945620 -1.186876771332737
 2.415026649252827 -1.212265256535228
 2.370746212416344 -1.236677115421389
 2.324940003560729 -1.260286105639818
 2.277660624186494 -1.283303649172909
 2.228878953918125 -1.305533819567229
 2.178513209921206 -1.326690878022375
 2.126560808334810 -1.346920354206905
 2.073078975667587 -1.366522952532902
 2.018038947744177 -1.385352830385186
 1.961329999246518 -1.403043709417419
 1.902916960048826 -1.419703365599954
 1.842849610486753 -1.435755554338820
 1.781084277804668 -1.451145156284503
 1.717447864050926 -1.465415841910549
 1.651829973282651 -1.478632997248410
 1.584238759526657 -1.491426965604248
 1.514571242928394 -1.503932921005428
 1.442500983227574 -1.515614382267431
 1.367721862142206 -1.526555750008710
 1.290098300012333 -1.537920921000199
 1.209341895222216 -1.550466480518656
 1.124727806520409 -1.563882495879009
 1.035555343046480 -1.579082022413899
 0.9419987883767781 -1.600085146199928
 0.8452941010143132 -1.630931623290993
 0.7470827813473003 -1.669938662982258
 0.6560574646514388 -1.724819078693770
 0.5720186552754715 -1.783808426523417
 0.4971534760164203 -1.846705911983245
 0.4290817924045049 -1.909912203988792
 0.3647824918574550 -1.970667213325318
 0.3030520878052841 -2.028905907188652
 0.2436243634691910 -2.085367178008407
 0.1857245489849517 -2.139744153515013
 0.1283756471064004 -2.191333566547907
 7.131447877828689E-02 -2.240258057033639
 1.474652232672480E-02 -2.287055531041087
 -4.147386928350394E-02 -2.331650107961464
 -9.778539152929666E-02 -2.373554288443103
 -0.1542654714830466 -2.412740703703594
 -0.2106230417488300 -2.449576601426121
 -0.2667728097234752 -2.484077333284078
 -0.3229223133283680 -2.515884123507513
 -0.3790889634099495 -2.544922239349998
 -0.4349738479125618 -2.571501371616463
 -0.4903876103789411 -2.595743137410994
 -0.5454259949590533 -2.617427961113278
 -0.6001138828212478 -2.636497680308251
 -0.6542084407351152 -2.653251086556478
 -0.7075082386494167 -2.667901300744348
 -0.7600794454886834 -2.680340810358878
 -0.8120012414664495 -2.690520825954878
 -0.8631242978926642 -2.698707703610965
 -0.9132786933020374 -2.705151016239667
 -0.9625273027209268 -2.709800539726847
 -1.011000949989122 -2.712584278142030
 -1.058634410008761 -2.713704276212039
 -1.105285582630610 -2.713402309050152
 -1.151000630754533 -2.711650494862145
 -1.195933202562881 -2.708341424709733
 -1.240076466062221 -2.703605380414912
 -1.283301612137273 -2.697660657376010
 -1.325620188611641 -2.690491780639263
 -1.367182733584462 -2.681962530733069
 -1.408022329097363 -2.672141040216243
 -1.448016438006945 -2.661221664131943
 -1.487130819388784 -2.649200002013797
 -1.525494994211670 -2.635921898707356
 -1.563173799178427 -2.621409716446888
 -1.600052166279866 -2.605839178148297
 -1.636040564149621 -2.589211954696483
 -1.671232082780907 -2.571362959964904
 -1.705729515001354 -2.552298085101996
 -1.739436895315376 -2.532189472862707
 -1.772175515197630 -2.511004944276665
 -1.803980333657860 -2.488562364290273
 -1.835215730009692 -2.465148082965716
 -1.865293253373878 -2.440290896811063
 -1.894522945036664 -2.414629884225703
 -1.922689749561665 -2.387743601527514
 -1.949962769446017 -2.359642791167647
 -1.976306442168545 -2.330489698932731
 -2.001501994017687 -2.300318556698774
 -2.025548370262594 -2.269039118051414
 -2.048615162544855 -2.236623711375653
 -2.070661928770429 -2.203163725346574
 -2.091471270432128 -2.168727196301263
 -2.111028681753992 -2.133269776965637
 -2.129516971684930 -2.096743684187824
 -2.146932679029854 -2.059206729738197
 -2.163056593263822 -2.020740474642987
 -2.177840650250593 -1.981326163687993
 -2.191476561196224 -1.940900842272227
 -2.204006245724180 -1.899491618317245
 -2.215209003866819 -1.857183694451128
 -2.224989923838816 -1.813978791288520
 -2.233539301203496 -1.769803321388105
 -2.240947861111381 -1.724654778649328
 -2.246996637809613 -1.678617734391384
 -2.251533380901892 -1.631715560483677
 -2.254736186405884 -1.583870496976420
 -2.256749946608614 -1.535052024838998
 -2.257365832911180 -1.485341800801746
 -2.256366904441955 -1.434787888167598
 -2.253909785301006 -1.383314052538366
 -2.250203873046259 -1.330860137158570
 -2.245064930204013 -1.277498886269967
 -2.238204608297063 -1.223302343260559
 -2.229747647784920 -1.168195505606864
 -2.219983079581803 -1.112077580713102
 -2.208770218190334 -1.054996579380281
 -2.195736494598696 -0.9970397498432892
 -2.180957660472240 -0.9381227458945639
 -2.164825588925404 -0.8780768008663761
 -2.147270708823453 -0.8168916527176521
 -2.127811278228159 -0.7546455589881503
 -2.106448725132374 -0.6912102209711412
 -2.083733019865747 -0.6262775286079078
 -2.059729736642633 -0.5596907117146471
 -2.033811048998442 -0.4914353053253939
 -2.005896990871852 -0.4212040029221537
 -1.976927736603900 -0.3482974406896988
 -1.947414307456514 -0.2720875628639303
 -1.916725873225239 -0.1921016048499189
 -1.885302817592985 -0.1072762228960110
 -1.856713779015665 -1.575230796848693E-02
 -1.835075268112549 8.341964649797205E-02
 -1.819750695578105 0.1879766641144315
   
   
 #BODY NUMBER  4
 3.052488728943665 -0.3567694021303387
 3.046000535949229 -0.3952458945239705
 3.038392292994868 -0.4333900563414090
 3.029191491427407 -0.4712263659525848
 3.018491985731009 -0.5088958991902852
 3.006416503617966 -0.5462867351144360
 2.992885303906736 -0.5831922941951393
 2.977819703544459 -0.6196567862158671
 2.961280534030378 -0.6558409176540050
 2.943326719231710 -0.6916639702911880
 2.923908481091158 -0.7269036533289046
 2.902980160854800 -0.7615695780337135
 2.880591781573696 -0.7958439531753441
 2.856791679112082 -0.8296948753857374
 2.831540882128162 -0.8628917222684005
 2.804799116061863 -0.8954022466674376
 2.776607716232474 -0.9274239526579795
 2.747011118600439 -0.9589795897380854
 2.715972760822323 -0.9898354248151219
 2.683446677101456 -1.019908401564558
 2.649464286625922 -1.049400114499118
 2.614068781624236 -1.078390386954194
 2.577223920130824 -1.106647303365654
 2.538873817580173 -1.134027325087864
 2.499040179889206 -1.160723567771331
 2.457769022945620 -1.186876771332737
 2.415026649252827 -1.212265256535228
 2.370746212416344 -1.236677115421389
 2.324940003560729 -1.260286105639818
 2.277660624186494 -1.283303649172909
 2.228878953918125 -1.305533819567229
 2.178513209921206 -1.326690878022375
 2.126560808334810 -1.346920354206905
 2.073078975667587 -1.366522952532902
 2.018038947744177 -1.385352830385186
 1.961329999246518 -1.403043709417419
 1.902916960048826 -1.419703365599954
 1.842849610486753 -1.435755554338820
 1.781084277804668 -1.451145156284503
 1.717447864050926 -1.465415841910549
 1.651829973282651 -1.478632997248410
 1.584238759526657 -1.491426965604248
 1.514571242928394 -1.503932921005428
 1.442500983227574 -1.515614382267431
 1.367721862142206 -1.526555750008710
 1.290098300012333 -1.537920921000199
 1.209341895222216 -1.550466480518656
 1.124727806520409 -1.563882495879009
 1.035555343046480 -1.579082022413899
 0.9419987883767781 -1.600085146199928
 0.8452941010143132 -1.630931623290993
 0.7470827813473003 -1.669938662982258
 0.6560574646514388 -1.724819078693770
 0.5720186552754715 -1.783808426523417
 0.4971534760164203 -1.846705911983245
 0.4290817924045049 -1.909912203988792
 0.3647824918574550 -1.970667213325318
 0.3030520878052841 -2.028905907188652
 0.2436243634691910 -2.085367178008407
 0.1857245489849517 -2.139744153515013
 0.1283756471064004 -2.191333566547907
 7.131447877828689E-02 -2.240258057033639
 1.474652232672480E-02 -2.287055531041087
 -4.147386928350394E-02 -2.331650107961464
 -9.778539152929666E-02 -2.373554288443103
 -0.1542654714830466 -2.412740703703594
 -0.2106230417488300 -2.449576601426121
 -0.2667728097234752 -2.484077333284078
 -0.3229223133283680 -2.515884123507513
 -0.3790889634099495 -2.544922239349998
 -0.4349738479125618 -2.571501371616463
 -0.4903876103789411 -2.595743137410994
 -0.5454259949590533 -2.617427961113278
 -0.6001138828212478 -2.636497680308251
 -0.6542084407351152 -2.653251086556478
 -0.7075082386494167 -2.667901300744348
 -0.7600794454886834 -2.680340810358878
 -0.8120012414664495 -2.690520825954878
 -0.8631242978926642 -2.698707703610965
 -0.9132786933020374 -2.705151016239667
 -0.9625273027209268 -2.709800539726847
 -1.011000949989122 -2.712584278142030
 -1.058634410008761 -2.713704276212039
 -1.105285582630610 -2.713402309050152
 -1.151000630754533 -2.711650494862145
 -1.195933202562881 -2.708341424709733
 -1.240076466062221 -2.703605380414912
 -1.283301612137273 -2.697660657376010
 -1.325620188611641 -2.690491780639263
 -1.367182733584462 -2.681962530733069
 -1.408022329097363 -2.672141040216243
 -1.448016438006945 -2.661221664131943
 -1.487130819388784 -2.649200002013797
 -1.525494994211670 -2.635921898707356
 -1.563173799178427 -2.621409716446888
 -1.600052166279866 -2.605839178148297
 -1.636040564149621 -2.589211954696483
 -1.671232082780907 -2.571362959964904
 -1.705729515001354 -2.552298085101996
 -1.739436895315376 -2.532189472862707
 -1.772175515197630 -2.511004944276665
 -1.803980333657860 -2.488562364290273
 -1.835215730009692 -2.465148082965716
 -1.865293253373878 -2.440290896811063
 -1.894522945036664 -2.414629884225703
 -1.922689749561665 -2.387743601527514
 -1.949962769446017 -2.359642791167647
 -1.976306442168545 -2.330489698932731
 -2.001501994017687 -2.300318556698774
 -2.025548370262594 -2.269039118051414
 -2.048615162544855 -2.236623711375653
 -2.070661928770429 -2.203163725346574
 -2.091471270432128 -2.168727196301263
 -2.111028681753992 -2.133269776965637
 -2.129516971684930 -2.096743684187824
 -2.146932679029854 -2.059206729738197
 -2.163056593263822 -2.020740474642987
 -2.177840650250593 -1.981326163687993
 -2.191476561196224 -1.940900842272227
 -2.204006245724180 -1.899491618317245
 -2.215209003866819 -1.857183694451128
 -2.224989923838816 -1.813978791288520
 -2.233539301203496 -1.769803321388105
 -2.240947861111381 -1.724654778649328
 -2.246996637809613 -1.678617734391384
 -2.251533380901892 -1.631715560483677
 -2.254736186405884 -1.583870496976420
 -2.256749946608614 -1.535052024838998
 -2.257365832911180 -1.485341800801746
 -2.256366904441955 -1.434787888167598
 -2.253909785301006 -1.383314052538366
 -2.250203873046259 -1.330860137158570
 -2.245064930204013 -1.277498886269967
 -2.238204608297063 -1.223302343260559
 -2.229747647784920 -1.168195505606864
 -2.219983079581803 -1.112077580713102
 -2.208770218190334 -1.054996579380281
 -2.195736494598696 -0.9970397498432892
 -2.180957660472240 -0.9381227458945639
 -2.164825588925404 -0.8780768008663761
 -2.147270708823453 -0.8168916527176521
 -2.127811278228159 -0.7546455589881503
 -2.106448725132374 -0.6912102209711412
 -2.083733019865747 -0.6262775286079078
 -2.059729736642633 -0.5596907117146471
 -2.033811048998442 -0.4914353053253939
 -2.005896990871852 -0.4212040029221537
 -1.976927736603900 -0.3482974406896988
 -1.947414307456514 -0.2720875628639303
 -1.916725873225239 -0.1921016048499189
 -1.885302817592985 -0.1072762228960110
 -1.856713779015665 -1.575230796848693E-02
 -1.835075268112549 8.341964649797205E-02
 -1.819750695578105 0.1879766641144315
 -1.821765871406595 0.2942471086163277
 -1.830832740491762 0.3965215263545364
 -1.847870971104610 0.4928054161816647
 -1.868573383854473 0.5833603694707340
 -1.889039115073540 0.6694227018583124
 -1.908610101416328 0.7520021468850377
 -1.927793134108142 0.8316987012590705
 -1.945935069035707 0.9090298992301311
 -1.961938360349245 0.9844902116525442
 -1.975777627813043 1.058368878237177
 -1.988021450910654 1.130756902568125
 -1.998531291589605 1.201742478373481
 -2.006665615288576 1.271461777404930
 -2.012362006410532 1.339968169082899
 -2.016084044476555 1.407193205489898
 -2.017887670727378 1.473070696901521
 -2.017358407271269 1.537600988544962
 -2.014422828228105 1.600761792282325
 -2.009498589730104 1.662449088082379
 -2.002785693507571 1.722559696994805
 -1.994046109420280 1.781066748075582
 -1.983217026755065 1.837962707841044
 -1.970678623209017 1.893186672325055
 -1.956716181909445 1.946670758429352
 -1.941203509826615 1.998418513867028
 -1.924058763954790 2.048474115991886
 -1.905587279769529 2.096841420404137
 -1.886090154485824 2.143498057254455
 -1.865492455231769 2.188473365855860
 -1.843666419782711 2.231844645011795
 -1.820819636553709 2.273656430493958
 -1.797232539009481 2.313906547519868
 -1.772857899357996 2.352621033436411
 -1.747525874638928 2.389879247003602
 -1.721352708216495 2.425740412452571
 -1.694591854008817 2.460202125516409
 -1.667224136401011 2.493266649426831
 -1.639056316820610 2.524996244266131
 -1.610130858773560 2.555453626202171
 -1.580677347236290 2.584629852477441
 -1.550709091755342 2.612493069348353
 -1.520027829566448 2.639078367686980
 -1.488620508581154 2.664453078842197
 -1.456696843313257 2.688605412452835
 -1.424303046474707 2.711458667523639
 -1.391249604289502 2.733010919290295
 -1.357490222228028 2.753354134527080
 -1.323221963036943 2.772491276054402
 -1.288506313173105 2.790251488264256
 -1.253168059548311 2.806573979020371
 -1.217272998933973 2.821917485096055
 -1.180707282575351 2.835536791335033
 -1.143869347958205 2.848019940567112
 -1.106501741865743 2.858969967480099
 -1.068529216284993 2.868538690357932
 -1.030110061449421 2.876776434047167
 -0.9913833098890492 2.883510850893913
 -0.9522713332818658 2.888695904267281
 -0.9126653714855222 2.892464629029658
 -0.8726647904612805 2.894827695637762
 -0.8324372106590308 2.895630849630168
 -0.7919514791008089 2.894839354999350
 -0.7510748098887667 2.892587637363168
 -0.7098590000822282 2.888901605123934
 -0.6684842888643396 2.883632196911387
 -0.6269584658112701 2.876728410355430
 -0.5851311550362501 2.868324794930206
 -0.5430048728762586 2.858471208055330
 -0.5007637569555043 2.847019119266250
 -0.4584567532626405 2.833887192853077
 -0.4159249854224261 2.819203435887223
 -0.3731209205128552 2.803045165603521
 -0.3302272823212111 2.785265037757038
 -0.2873404366782819 2.765742885571541
 -0.2443039934833215 2.744594064747751
 -0.2010190763370059 2.721928796171734
 -0.1576608163416469 2.697607057336973
 -0.1143793079743884 2.671465003588987
 -7.103021825972378E-02 2.643600158178184
 -2.745675114023460E-02 2.614163786331479
 1.618597628588803E-02 2.583032705837196
 5.969139837585602E-02 2.549993221282934
 0.1031868394501094 2.515115859813769
 0.1469041039142163 2.478600533246003
 0.1907312704461573 2.440349409765467
 0.2344064953521777 2.400083459260708
 0.2780407004234139 2.357826111494518
 0.3219759784386506 2.313832355205196
 0.3661864310187845 2.268036809002155
 0.4103634141772333 2.220061400898699
 0.4546187518497237 2.169843218219551
 0.4994942603390901 2.117704494212155
 0.5451584937142392 2.063623632720075
 0.5913100657708679 2.007049687592825
 0.6381751287296462 1.947759752930863
 0.6868294365915668 1.886218361689898
 0.7380724122342982 1.822554043382586
 0.7919980667048300 1.755984100728928
 0.8497474745465052 1.686358245309910
 0.9147149906388866 1.615837454168416
 0.9897811670982360 1.547511976793021
 1.072667914230805 1.481961998867826
 1.165708406755157 1.430571970077443
 1.258814085216290 1.387286900168880
 1.350717495088190 1.353900495801580
 1.439491591449968 1.326551834518058
 1.524256623216085 1.301244511467005
 1.605558013611043 1.276903760303615
 1.684168770638951 1.253668476749337
 1.760210520050756 1.230714254284882
 1.833562713242845 1.206843354895363
 1.904463149034756 1.181889178796462
 1.973274928583929 1.156298628472961
 2.040005160873108 1.129907629587982
 2.104451006817873 1.102092511038173
 2.166627477893579 1.072772534620695
 2.226707086225385 1.042383395936224
 2.284660480450853 1.011006636382557
 2.340280720599637 0.9782831349625519
 2.393511791638055 0.9441604470676734
 2.444472437642665 0.9090522835340838
 2.493173303886512 0.8731834404161886
 2.539472104379333 0.8363612130376956
 2.583330909576313 0.7985349724672071
 2.624887063944132 0.7600644142314231
 2.664224420558861 0.7212305423149959
 2.701282955315298 0.6819222964918497
 2.736060005421239 0.6420467099629916
 2.768711577662193 0.6018662832068280
 2.799368847787861 0.5616529589852122
 2.828019757952696 0.5213271738709861
 2.854667369771832 0.4807396331302347
 2.879454046562470 0.4400478457180816
 2.902518121640091 0.3994957615302833
 2.923858530112529 0.3590294614257346
 2.943459077201808 0.3184621777061306
 2.961429174278716 0.2778649679623412
 2.977893466146091 0.2374585318596023
 2.992844325012651 0.1972251312124317
 3.006239050405072 0.1569662864669384
 3.018153187870924 0.1166874140140717
 3.028693785243235 7.659181165450264E-02
 3.037839911144126 3.670693266544374E-02
 3.045522823778118 -3.156468979623323E-03
 3.051794307759581 -4.304336239530837E-02
 3.056749009593122 -8.276623430453763E-02
 3.060343610624328 -0.1222467128271549
 3.062481687070409 -0.1616479593253912
 3.063219737229382 -0.2010560494250842
 3.062658858352319 -0.2403018031916953
 3.060681828370736 -0.2792465439875910
 3.057148393206170 -0.3180116147300981
 3.052488728943665 -0.3567694021303387
   
   
 #BODY NUMBER  5
 0.1509321193693909 1.450746488145951
 0.1034133942123059 1.443301426485136
 5.657105692860220E-02 1.433166403610861
 1.076501482571834E-02 1.419297828572692
 -3.400123549147482E-02 1.402170922400155
 -7.786565357732200E-02 1.382437230598307
 -0.1209102590993992 1.360208741608149
 -0.1631706099173503 1.335472273563269
 -0.2047525803006303 1.308529706465322
 -0.2458477460914850 1.279759585550889
 -0.2866316414835025 1.249282181098040
 -0.3272127575444591 1.217116315885260
 -0.3676998810795165 1.183459719918543
 -0.4082547648954143 1.148586549714782
 -0.4490313555119948 1.112608327415638
 -0.4901037176407920 1.075544748477556
 -0.5315024275576762 1.037536757256698
 -0.5732862010697807 0.9987996259564943
 -0.6155147430617993 0.9594275722468505
 -0.6581688002610786 0.9194183042525415
 -0.7011615782640216 0.8788489317208419
 -0.7444226171592390 0.8378624847496634
 -0.7879035517496011 0.7965005260142508
 -0.8314973294138007 0.7547015182523169
 -0.8750239101873947 0.7124577277897021
 -0.9183174678522934 0.6698286141879514
 -0.9612615785778212 0.6267939658048743
 -1.003709139871000 0.5832347271267886
 -1.045436880259600 0.5390793077022781
 -1.086225899030638 0.4943379206767822
 -1.125924834735958 0.4489670591836876
 -1.164374901180122 0.4028334037010299
 -1.201330234567045 0.3558541227109317
 -1.236525237470673 0.3080493633279912
 -1.269770077275077 0.2594106236968703
 -1.300890770931371 0.2098473541608064
 -1.329614100994339 0.1593290524058580
 -1.355616194888545 0.1079591392745247
 -1.378660610846743 5.583976268692770E-02
 -1.398570211623283 2.996627551181907E-03
 -1.415074334034333 -5.046761276405531E-02
 -1.427830008387140 -0.1042727881987867
 -1.436621380772602 -0.1581202839641773
 -1.441389051584446 -0.2118138957878790
 -1.442019738322484 -0.2650867204116464
 -1.438301635053621 -0.3174630125623202
 -1.430208734973222 -0.3684901461954446
 -1.418027854947953 -0.4179646867561350
 -1.401991628017303 -0.4656731476486400
 -1.382002060784456 -0.5110877503563943
 -1.358186743024463 -0.5538392605343790
 -1.331849372870149 -0.5946621944520576
 -1.301642397760599 -0.6320920867631363
 -1.269444041841689 -0.6675912293863253
 -1.234530482492902 -0.7003261379751577
 -1.197315021500656 -0.7305313948957517
 -1.158292934046879 -0.7586522493793928
 -1.117520195132621 -0.7848157267623124
 -1.074967609996877 -0.8090460301210610
 -1.030843677255248 -0.8315857892634198
 -0.9853804387779717 -0.8527901863538166
 -0.9385942845843833 -0.8728713736021668
 -0.8904472701449316 -0.8919327184184901
 -0.8410562412653169 -0.9101672979426499
 -0.7905777480504119 -0.9278522724728631
 -0.7390313982480597 -0.9451767246769682
 -0.6863972162681117 -0.9622146442048992
 -0.6327819753655907 -0.9790629830663947
 -0.5783427488338290 -0.9958802267437509
 -0.5231312791261027 -1.012765190018795
 -0.4671552080565718 -1.029700053130691
 -0.4105247118270540 -1.046648204794655
 -0.3533988880915409 -1.063620139986430
 -0.2958379137812088 -1.080594754554267
 -0.2378420223742913 -1.097448569577428
 -0.1794945362947231 -1.114021799035928
 -0.1209298621423450 -1.130200562993061
 -6.218870803690535E-02 -1.145873929632762
 -3.241520125583985E-03 -1.160854976702309
 5.586206500509910E-02 -1.174914550209103
 0.1150037521552486 -1.187868183147514
 0.1741455386525138 -1.199563039224979
 0.2333234894920166 -1.209794945801496
 0.2924864069744308 -1.218309562824846
 0.3514840444736737 -1.224886949734184
 0.4102288485044831 -1.229358455733981
 0.4687122458454772 -1.231528132255694
 0.5268240435527940 -1.231144114894034
 0.5843127402618317 -1.227977632192339
 0.6409716523951977 -1.221874993533715
 0.6966899502266377 -1.212695646017532
 0.7512434017391938 -1.200256515135051
 0.8042178876971535 -1.184400665449618
 0.8552468731528877 -1.165090469386862
 0.9041307404190759 -1.142372587514949
 0.9505817032436308 -1.116282365940037
 0.9940818511677182 -1.086874247979971
 1.034226195136107 -1.054352024103493
 1.070981964089594 -1.019065802280815
 1.104280589732635 -0.9813237919317670
 1.133616005763905 -0.9413050175435879
 1.158732240748192 -0.8993045922752426
 1.180917253500758 -0.8560842936938933
 1.198229003548293 -0.8112093397219996
 1.212872984913087 -0.7655751742245358
 1.223765467667184 -0.7189716905975344
 1.231316256992130 -0.6716395275044031
 1.236158587624201 -0.6237849812189139
 1.238430454232020 -0.5753930148458360
 1.238138219914228 -0.5264262434422082
 1.235596257555878 -0.4769439172019018
 1.231228184869457 -0.4269693991970718
 1.225225926067886 -0.3764108074958735
 1.217660027689391 -0.3251835974667705
 1.208756122344833 -0.2732924219758933
 1.198832512945826 -0.2207342772419186
 1.188062753760055 -0.1674316027386701
 1.176500933908904 -0.1133301042726565
 1.164284402923267 -5.847377419030295E-02
 1.151628949903610 -2.919399212743458E-03
 1.138646022187902 5.333761777194453E-02
 1.125324008317650 0.1102817488781494
 1.111686290091076 0.1677992730738126
 1.097821505250780 0.2257576552367668
 1.083741465530810 0.2840942285400163
 1.069339351788092 0.3427470513251107
 1.054518446482118 0.4015640712462258
 1.039247329994638 0.4603719488051099
 1.023450286614727 0.5190799638278873
 1.006950659996584 0.5776202495755202
 0.9895748152545013 0.6358352425068252
 0.9712221468753890 0.6935302624707317
 0.9517792960834438 0.7505959800412912
 0.9310514116881052 0.8069615421004660
 0.9088438275926146 0.8624554401139141
 0.8850411929969995 0.9168375864061930
 0.8595412287705936 0.9699478320371110
 0.8321785250858941 1.021680778094887
 0.8027900574415445 1.071815062488176
 0.7713034546267132 1.120018492917814
 0.7376889584515454 1.166035230846788
 0.7018802613966454 1.209699018466351
 0.6638309322951387 1.250724127899106
 0.6236121206899866 1.288673453648405
 0.5813745076197144 1.323210753351039
 0.5372583111653700 1.354186483302828
 0.4914380350788536 1.381369086351683
 0.4442197838859031 1.404337260542291
 0.3959825398371140 1.422842170298938
 0.3470458908583581 1.437030489036949
 0.2977110382846674 1.446996939580407
 0.2483860550205514 1.452392767899982
 0.1994545022762710 1.453143852809622
 0.1509321193693909 1.450746488145951
 0.1034133942123059 1.443301426485136
 5.657105692860220E-02 1.433166403610861
 1.076501482571834E-02 1.419297828572692
 -3.400123549147482E-02 1.402170922400155
 -7.786565357732200E-02 1.382437230598307
 -0.1209102590993992 1.360208741608149
 -0.1631706099173503 1.335472273563269
 -0.2047525803006303 1.308529706465322
 -0.2458477460914850 1.279759585550889
 -0.2866316414835025 1.249282181098040
 -0.3272127575444591 1.217116315885260
 -0.3676998810795165 1.183459719918543
 -0.4082547648954143 1.148586549714782
 -0.4490313555119948 1.112608327415638
 -0.4901037176407920 1.075544748477556
 -0.5315024275576762 1.037536757256698
 -0.5732862010697807 0.9987996259564943
 -0.6155147430617993 0.9594275722468505
 -0.6581688002610786 0.9194183042525415
 -0.7011615782640216 0.8788489317208419
 -0.7444226171592390 0.8378624847496634
 -0.7879035517496011 0.7965005260142508
 -0.8314973294138007 0.7547015182523169
 -0.8750239101873947 0.7124577277897021
 -0.9183174678522934 0.6698286141879514
 -0.9612615785778212 0.6267939658048743
 -1.003709139871000 0.5832347271267886
 -1.045436880259600 0.5390793077022781
 -1.086225899030638 0.4943379206767822
 -1.125924834735958 0.4489670591836876
 -1.164374901180122 0.4028334037010299
 -1.201330234567045 0.3558541227109317
 -1.236525237470673 0.3080493633279912
 -1.269770077275077 0.2594106236968703
 -1.300890770931371 0.2098473541608064
 -1.329614100994339 0.1593290524058580
 -1.355616194888545 0.1079591392745247
 -1.378660610846743 5.583976268692770E-02
 -1.398570211623283 2.996627551181907E-03
 -1.415074334034333 -5.046761276405531E-02
 -1.427830008387140 -0.1042727881987867
 -1.436621380772602 -0.1581202839641773
 -1.441389051584446 -0.2118138957878790
 -1.442019738322484 -0.2650867204116464
 -1.438301635053621 -0.3174630125623202
 -1.430208734973222 -0.3684901461954446
 -1.418027854947953 -0.4179646867561350
 -1.401991628017303 -0.4656731476486400
 -1.382002060784456 -0.5110877503563943
 -1.358186743024463 -0.5538392605343790
 -1.331849372870149 -0.5946621944520576
 -1.301642397760599 -0.6320920867631363
 -1.269444041841689 -0.6675912293863253
 -1.234530482492902 -0.7003261379751577
 -1.197315021500656 -0.7305313948957517
 -1.158292934046879 -0.7586522493793928
 -1.117520195132621 -0.7848157267623124
 -1.074967609996877 -0.8090460301210610
 -1.030843677255248 -0.8315857892634198
 -0.9853804387779717 -0.8527901863538166
 -0.9385942845843833 -0.8728713736021668
 -0.8904472701449316 -0.8919327184184901
 -0.8410562412653169 -0.9101672979426499
 -0.7905777480504119 -0.9278522724728631
 -0.7390313982480597 -0.9451767246769682
 -0.6863972162681117 -0.9622146442048992
 -0.6327819753655907 -0.9790629830663947
 -0.5783427488338290 -0.9958802267437509
 -0.5231312791261027 -1.012765190018795
 -0.4671552080565718 -1.029700053130691
 -0.4105247118270540 -1.046648204794655
 -0.3533988880915409 -1.063620139986430
 -0.2958379137812088 -1.080594754554267
 -0.2378420223742913 -1.097448569577428
 -0.1794945362947231 -1.114021799035928
 -0.1209298621423450 -1.130200562993061
 -6.218870803690535E-02 -1.145873929632762
 -3.241520125583985E-03 -1.160854976702309
 5.586206500509910E-02 -1.174914550209103
 0.1150037521552486 -1.187868183147514
 0.1741455386525138 -1.199563039224979
 0.2333234894920166 -1.209794945801496
 0.2924864069744308 -1.218309562824846
 0.3514840444736737 -1.224886949734184
 0.4102288485044831 -1.229358455733981
 0.4687122458454772 -1.231528132255694
 0.5268240435527940 -1.231144114894034
 0.5843127402618317 -1.227977632192339
 0.6409716523951977 -1.221874993533715
 0.6966899502266377 -1.212695646017532
 0.7512434017391938 -1.200256515135051
 0.8042178876971535 -1.184400665449618
 0.8552468731528877 -1.165090469386862
 0.9041307404190759 -1.142372587514949
 0.9505817032436308 -1.116282365940037
 0.9940818511677182 -1.086874247979971
 1.034226195136107 -1.054352024103493
 1.070981964089594 -1.019065802280815
 1.104280589732635 -0.9813237919317670
 1.133616005763905 -0.9413050175435879
 1.158732240748192 -0.8993045922752426
 1.180917253500758 -0.8560842936938933
 1.198229003548293 -0.8112093397219996
 1.212872984913087 -0.7655751742245358
 1.223765467667184 -0.7189716905975344
 1.231316256992130 -0.6716395275044031
 1.236158587624201 -0.6237849812189139
 1.238430454232020 -0.5753930148458360
 1.238138219914228 -0.5264262434422082
 1.235596257555878 -0.4769439172019018
 1.231228184869457 -0.4269693991970718
 1.225225926067886 -0.3764108074958735
 1.217660027689391 -0.3251835974667705
 1.208756122344833 -0.2732924219758933
 1.198832512945826 -0.2207342772419186
 1.188062753760055 -0.1674316027386701
 1.176500933908904 -0.1133301042726565
 1.164284402923267 -5.847377419030295E-02
 1.151628949903610 -2.919399212743458E-03
 1.138646022187902 5.333761777194453E-02
 1.125324008317650 0.1102817488781494
 1.111686290091076 0.1677992730738126
 1.097821505250780 0.2257576552367668
 1.083741465530810 0.2840942285400163
 1.069339351788092 0.3427470513251107
 1.054518446482118 0.4015640712462258
 1.039247329994638 0.4603719488051099
 1.023450286614727 0.5190799638278873
 1.006950659996584 0.5776202495755202
 0.9895748152545013 0.6358352425068252
 0.9712221468753890 0.6935302624707317
 0.9517792960834438 0.7505959800412912
 0.9310514116881052 0.8069615421004660
 0.9088438275926146 0.8624554401139141
 0.8850411929969995 0.9168375864061930
 0.8595412287705936 0.9699478320371110
 0.8321785250858941 1.021680778094887
 0.8027900574415445 1.071815062488176
 0.7713034546267132 1.120018492917814
 0.7376889584515454 1.166035230846788
 0.7018802613966454 1.209699018466351
 0.6638309322951387 1.250724127899106
 0.6236121206899866 1.288673453648405
 0.5813745076197144 1.323210753351039
 0.5372583111653700 1.354186483302828
 0.4914380350788536 1.381369086351683
 0.4442197838859031 1.404337260542291
 0.3959825398371140 1.422842170298938
 0.3470458908583581 1.437030489036949
 0.2977110382846674 1.446996939580407
 0.2483860550205514 1.452392767899982
 0.1994545022762710 1.453143852809622
 0.1509321193693909 1.450746488145951
   
   
 #BODY NUMBER  6
 -2.322328966067106 0.2280176305107303
 -2.321107748345177 0.1197366714636289
 -2.310623448347945 1.544388116148121E-02
 -2.288990738633931 -8.265860442190676E-02
 -2.260664996611442 -0.1746571832716062
 -2.229779199083384 -0.2619094140256280
 -2.196816968277878 -0.3456011368212190
 -2.161049226069328 -0.4262346612231466
 -2.123159280655868 -0.5041469558422758
 -2.084298074796662 -0.5799318219087355
 -2.044339843369207 -0.6541167442033624
 -2.002533662008739 -0.7267832658334201
 -1.959000292612244 -0.7978542934568943
 -1.914393660321380 -0.8675502817008232
 -1.868648059798091 -0.9362157310271138
 -1.821147511239378 -1.003856348826532
 -1.771823227472822 -1.070246964702330
 -1.721121692859507 -1.135422475149008
 -1.669039453066087 -1.199651782442898
 -1.615056989713506 -1.262936421379503
 -1.559000405906771 -1.324960299429292
 -1.501190656254457 -1.385596147705501
 -1.441678180156507 -1.445031815189715
 -1.380037359202990 -1.503262879886600
 -1.316062033521672 -1.559885764699611
 -1.250034977654941 -1.614598174926024
 -1.182116676385578 -1.667492945011058
 -1.112046932862160 -1.718583034558108
 -1.039705060616769 -1.767436910928647
 -0.9654520384850575 -1.813648419266845
 -0.8896280530026633 -1.857313110222960
 -0.8121720882008829 -1.898614118207525
 -0.7330575894892829 -1.937268535663093
 -0.6526780830868684 -1.972907112956066
 -0.5714328071037029 -2.005732196175334
 -0.4892932169158374 -2.036190327665291
 -0.4061574620652881 -2.064189679915834
 -0.3222920865154564 -2.089335627980752
 -0.2380003289361221 -2.111821022974724
 -0.1531488285599063 -2.132269764651215
 -6.746954113837622E-02 -2.150681796470273
 1.894146193713075E-02 -2.166441994006558
 0.1059176481573457 -2.179534000360535
 0.1937719398842853 -2.190683953214489
 0.2830159916331418 -2.199876567696538
 0.3737633513656288 -2.205892370672109
 0.4660624297705024 -2.208031477341571
 0.5606352561566494 -2.206833143524655
 0.6584036953495094 -2.201474164964162
 0.7591318494487103 -2.187707751448153
 0.8613174970181320 -2.161436753167225
 0.9636954225005265 -2.125204695813928
 1.056858874920494 -2.070006610719635
 1.141936930755102 -2.008780545430062
 1.216079820587705 -1.940994826473337
 1.281590055972366 -1.870464724875967
 1.341709805578182 -1.800090724223516
 1.397707848202896 -1.729698733582746
 1.449654657627363 -1.658406197993165
 1.498183711327936 -1.586636395407539
 1.544384727634289 -1.515089170878539
 1.588651639205483 -1.443391866224752
 1.630679602261530 -1.370853390316339
 1.670462232958277 -1.297616872694905
 1.708517413173949 -1.224138401831781
 1.745110636391145 -1.150188825004093
 1.779938855453759 -1.075231834358842
 1.812772673491816 -0.9993204436556328
 1.843865553936600 -0.9228238714463075
 1.873448645823875 -0.8456046750522679
 1.901263519136011 -0.7672121709617677
 1.926949481264989 -0.6876538063108688
 1.950556791426048 -0.6072711703874422
 1.972273351309287 -0.5260140205023960
 1.991882522149446 -0.4435159712980797
 2.008931715992414 -0.3598002716361695
 2.023300525217398 -0.2752629588052801
 2.035149589203693 -0.1899965994816102
 2.044360032871351 -0.1037693767801449
 2.050497794758887 -1.669253947303839E-02
 2.053391623861108 7.071821816989143E-02
 2.053294362736302 0.1582160612918843
 2.050334102451949 0.2459453984771423
 2.044252560581159 0.3337877728968427
 2.034926720670402 0.4212177560314745
 2.022731438628044 0.5079907705800074
 2.008039159156221 0.5943548080841206
 1.990719432069425 0.6803521598727631
 1.970563774120972 0.7655546796292985
 1.947890818610212 0.8497961805196274
 1.923174198189372 0.9335041062329010
 1.896279841769198 1.016910561627623
 1.866723071666528 1.099624784225650
 1.834572988645473 1.181494374193631
 1.800301985204525 1.263153399087626
 1.763640996998749 1.345037322279814
 1.723477155333511 1.426634742622298
 1.679180136848233 1.507637642601541
 1.630855936127497 1.588940945851182
 1.577330704959344 1.670931408600306
 1.515044564085878 1.751281342168524
 1.441200388407106 1.826641209725342
 1.358633543566579 1.897187065303198
 1.264248873424682 1.950269939256006
 1.168686517592843 1.993336664268580
 1.072910918046226 2.023653430895244
 0.9790749406390755 2.045121908147574
 0.8880693935052020 2.062000138249144
 0.7991091200749816 2.075299870403965
 0.7113945684419651 2.084640859216312
 0.6249755693279319 2.090783351249815
 0.5399133471623732 2.095020992787275
 0.4556882041637241 2.097508610428115
 0.3718540597472089 2.097636656149759
 0.2885380596539672 2.095471166151799
 0.2058762471474309 2.091688683532604
 0.1235374234069461 2.086404556031207
 4.120865578561930E-02 2.079088183185374
 -4.094944601899451E-02 2.069567408357963
 -0.1227438610770927 2.058246346595316
 -0.2044091927577885 2.045256457495165
 -0.2862065294225047 2.030148592341270
 -0.3679490753582183 2.012614105740161
 -0.4493661351715907 1.992867318092943
 -0.5305951711527801 1.971045835692111
 -0.6118451629464562 1.946778851184680
 -0.6928696824707430 1.919686036335781
 -0.7732655475624572 1.889861133731304
 -0.8530329128181148 1.857489544492668
 -0.9323131000091911 1.822352411338253
 -1.010792734142118 1.784129450401686
 -1.087939585376050 1.742930201096954
 -1.163666309733639 1.699097048931075
 -1.238162014251067 1.652668719730383
 -1.311194971091876 1.603480762766250
 -1.382248637583534 1.551689356924592
 -1.451298631524341 1.497741425595327
 -1.518745942240384 1.441835519581171
 -1.584561970004137 1.383837520043071
 -1.648271687605516 1.323780948351453
 -1.709890489674090 1.262024842455096
 -1.770025369629466 1.198765658418314
 -1.828810300630822 1.133771234842650
 -1.885664533603659 1.066817209780908
 -1.940490636802819 0.9980396261669044
 -1.994073925088810 0.9275305541268621
 -2.046656988631891 0.8548392454167243
 -2.097240506699140 0.7792576280498109
 -2.145242566618736 0.7003938347400295
 -2.191491192284146 0.6178921976734729
 -2.235734400308854 0.5305427563638559
 -2.274176413534589 0.4364264092796297
 -2.302517885425238 0.3347955434418829
 -2.322328966067106 0.2280176305107303
 -2.321107748345177 0.1197366714636289
 -2.310623448347945 1.544388116148121E-02
 -2.288990738633931 -8.265860442190676E-02
 -2.260664996611442 -0.1746571832716062
 -2.229779199083384 -0.2619094140256280
 -2.196816968277878 -0.3456011368212190
 -2.161049226069328 -0.4262346612231466
 -2.123159280655868 -0.5041469558422758
 -2.084298074796662 -0.5799318219087355
 -2.044339843369207 -0.6541167442033624
 -2.002533662008739 -0.7267832658334201
 -1.959000292612244 -0.7978542934568943
 -1.914393660321380 -0.8675502817008232
 -1.868648059798091 -0.9362157310271138
 -1.821147511239378 -1.003856348826532
 -1.771823227472822 -1.070246964702330
 -1.721121692859507 -1.135422475149008
 -1.669039453066087 -1.199651782442898
 -1.615056989713506 -1.262936421379503
 -1.559000405906771 -1.324960299429292
 -1.501190656254457 -1.385596147705501
 -1.441678180156507 -1.445031815189715
 -1.380037359202990 -1.503262879886600
 -1.316062033521672 -1.559885764699611
 -1.250034977654941 -1.614598174926024
 -1.182116676385578 -1.667492945011058
 -1.112046932862160 -1.718583034558108
 -1.039705060616769 -1.767436910928647
 -0.9654520384850575 -1.813648419266845
 -0.8896280530026633 -1.857313110222960
 -0.8121720882008829 -1.898614118207525
 -0.7330575894892829 -1.937268535663093
 -0.6526780830868684 -1.972907112956066
 -0.5714328071037029 -2.005732196175334
 -0.4892932169158374 -2.036190327665291
 -0.4061574620652881 -2.064189679915834
 -0.3222920865154564 -2.089335627980752
 -0.2380003289361221 -2.111821022974724
 -0.1531488285599063 -2.132269764651215
 -6.746954113837622E-02 -2.150681796470273
 1.894146193713075E-02 -2.166441994006558
 0.1059176481573457 -2.179534000360535
 0.1937719398842853 -2.190683953214489
 0.2830159916331418 -2.199876567696538
 0.3737633513656288 -2.205892370672109
 0.4660624297705024 -2.208031477341571
 0.5606352561566494 -2.206833143524655
 0.6584036953495094 -2.201474164964162
 0.7591318494487103 -2.187707751448153
 0.8613174970181320 -2.161436753167225
 0.9636954225005265 -2.125204695813928
 1.056858874920494 -2.070006610719635
 1.141936930755102 -2.008780545430062
 1.216079820587705 -1.940994826473337
 1.281590055972366 -1.870464724875967
 1.341709805578182 -1.800090724223516
 1.397707848202896 -1.729698733582746
 1.449654657627363 -1.658406197993165
 1.498183711327936 -1.586636395407539
 1.544384727634289 -1.515089170878539
 1.588651639205483 -1.443391866224752
 1.630679602261530 -1.370853390316339
 1.670462232958277 -1.297616872694905
 1.708517413173949 -1.224138401831781
 1.745110636391145 -1.150188825004093
 1.779938855453759 -1.075231834358842
 1.812772673491816 -0.9993204436556328
 1.843865553936600 -0.9228238714463075
 1.873448645823875 -0.8456046750522679
 1.901263519136011 -0.7672121709617677
 1.926949481264989 -0.6876538063108688
 1.950556791426048 -0.6072711703874422
 1.972273351309287 -0.5260140205023960
 1.991882522149446 -0.4435159712980797
 2.008931715992414 -0.3598002716361695
 2.023300525217398 -0.2752629588052801
 2.035149589203693 -0.1899965994816102
 2.044360032871351 -0.1037693767801449
 2.050497794758887 -1.669253947303839E-02
 2.053391623861108 7.071821816989143E-02
 2.053294362736302 0.1582160612918843
 2.050334102451949 0.2459453984771423
 2.044252560581159 0.3337877728968427
 2.034926720670402 0.4212177560314745
 2.022731438628044 0.5079907705800074
 2.008039159156221 0.5943548080841206
 1.990719432069425 0.6803521598727631
 1.970563774120972 0.7655546796292985
 1.947890818610212 0.8497961805196274
 1.923174198189372 0.9335041062329010
 1.896279841769198 1.016910561627623
 1.866723071666528 1.099624784225650
 1.834572988645473 1.181494374193631
 1.800301985204525 1.263153399087626
 1.763640996998749 1.345037322279814
 1.723477155333511 1.426634742622298
 1.679180136848233 1.507637642601541
 1.630855936127497 1.588940945851182
 1.577330704959344 1.670931408600306
 1.515044564085878 1.751281342168524
 1.441200388407106 1.826641209725342
 1.358633543566579 1.897187065303198
 1.264248873424682 1.950269939256006
 1.168686517592843 1.993336664268580
 1.072910918046226 2.023653430895244
 0.9790749406390755 2.045121908147574
 0.8880693935052020 2.062000138249144
 0.7991091200749816 2.075299870403965
 0.7113945684419651 2.084640859216312
 0.6249755693279319 2.090783351249815
 0.5399133471623732 2.095020992787275
 0.4556882041637241 2.097508610428115
 0.3718540597472089 2.097636656149759
 0.2885380596539672 2.095471166151799
 0.2058762471474309 2.091688683532604
 0.1235374234069461 2.086404556031207
 4.120865578561930E-02 2.079088183185374
 -4.094944601899451E-02 2.069567408357963
 -0.1227438610770927 2.058246346595316
 -0.2044091927577885 2.045256457495165
 -0.2862065294225047 2.030148592341270
 -0.3679490753582183 2.012614105740161
 -0.4493661351715907 1.992867318092943
 -0.5305951711527801 1.971045835692111
 -0.6118451629464562 1.946778851184680
 -0.6928696824707430 1.919686036335781
 -0.7732655475624572 1.889861133731304
 -0.8530329128181148 1.857489544492668
 -0.9323131000091911 1.822352411338253
 -1.010792734142118 1.784129450401686
 -1.087939585376050 1.742930201096954
 -1.163666309733639 1.699097048931075
 -1.238162014251067 1.652668719730383
 -1.311194971091876 1.603480762766250
 -1.382248637583534 1.551689356924592
 -1.451298631524341 1.497741425595327
 -1.518745942240384 1.441835519581171
 -1.584561970004137 1.383837520043071
 -1.648271687605516 1.323780948351453
 -1.709890489674090 1.262024842455096
 -1.770025369629466 1.198765658418314
 -1.828810300630822 1.133771234842650
 -1.885664533603659 1.066817209780908
 -1.940490636802819 0.9980396261669044
 -1.994073925088810 0.9275305541268621
 -2.046656988631891 0.8548392454167243
 -2.097240506699140 0.7792576280498109
 -2.145242566618736 0.7003938347400295
 -2.191491192284146 0.6178921976734729
 -2.235734400308854 0.5305427563638559
 -2.274176413534589 0.4364264092796297
 -2.302517885425238 0.3347955434418829
 -2.322328966067106 0.2280176305107303
   
   
