 # action(x) =  27.04360951037292
 # |grad_action(x)| =  2.739127262451906E-04
 # PRINTSTEPS = 50
 #
 #BODY NUMBER  1
 1.277627997011624 2.006016991239767
 1.362471198986618 2.000444692222107
 1.446067551255674 1.994829848785165
 1.527811543279299 1.989139410071973
 1.607724757191926 1.983369006790751
 1.685949900769508 1.977541944974455
 1.762427484093275 1.971674489307810
 1.837018431830730 1.965753906374663
 1.909709430312667 1.959763549056005
 1.980566206911410 1.953711039504312
 2.049576435363069 1.947609563563852
 2.116657756307985 1.941446119463810
 2.181783360886891 1.935194994504608
 2.244996414633913 1.928852489277937
 2.306306351443618 1.922429027989731
 2.365657866899165 1.915912736852308
 2.423015479633879 1.909272189548841
 2.478405193458947 1.902494180283128
 2.531845103225594 1.895586190938542
 2.583294541660298 1.888537465373822
 2.632708369269749 1.881310522832163
 2.680093558407521 1.873879761836800
 2.725468110159810 1.866244963053889
 2.768799908985191 1.858392178235198
 2.810034950623753 1.850273524505174
 2.849161675263146 1.841844736332670
 2.886195814221587 1.833090843542970
 2.921115262226717 1.823989368231744
 2.953863771821664 1.814477590323110
 2.984417406990612 1.804486855822560
 3.012794523711956 1.793981931018687
 3.038991928657141 1.782929494982705
 3.062964070319158 1.771251699125431
 3.084686106877164 1.758854520986951
 3.104189147350224 1.745683038237333
 3.121502754258447 1.731699128474007
 3.136607899640431 1.716819085792628
 3.149489916373962 1.700931712591470
 3.160200298488873 1.683972739841767
 3.168811766320975 1.665917019211322
 3.175340851192321 1.646694940231372
 3.179781474743888 1.626191929384505
 3.182198590321642 1.604348102272264
 3.182707537519002 1.581174934570515
 3.181357081830686 1.556638428499138
 3.178126487345904 1.530621785074360
 3.173068877348888 1.503069018855605
 3.166346722508204 1.474057488404019
 3.158040896255766 1.443608784327987
 3.148042651116519 1.411541678238010
 3.136349726321336 1.377770992327989
 3.123522253160688 1.342825160659948
 3.108778252886788 1.305835655884888
 3.092966252558392 1.267649499297028
 3.075629343985944 1.227739466057372
 3.056877103078109 1.186192561067350
 3.036888376967017 1.143164840293421
 3.015642189057771 1.098599349409679
 2.993069979989725 1.052401280573419
 2.969223941110716 1.004612110856407
 2.944192996159853 0.9553056694360513
 2.917975092923811 0.9044551077751739
 2.890529999788506 0.8520032719830446
 2.861885196932702 0.7979733391774573
 2.832102951560662 0.7424187577656551
 2.801189955099284 0.6853273922398282
 2.769117794250225 0.6266588182368027
 2.735902879098139 0.5664311701521540
 2.701595609780797 0.5046943535404984
 2.666208872748812 0.4414508639046375
 2.629721823509992 0.3766757827273037
 2.592145004583036 0.3103917510286960
 2.553522621344355 0.2426560128615445
 2.513873314083306 0.1734900518011369
 2.473183811302147 0.1028883578114552
 2.431464435870037 3.088737509940453E-02
 2.388760405564973 -4.243732330633976E-02
 2.345101296789772 -0.1170369175917227
 2.300487585456855 -0.1928894248328914
 2.254939324169732 -0.2699333302088205
 2.208514060029297 -0.3480620031332504
 2.161262214350370 -0.4271887298757462
 2.113207626889002 -0.5072555857855107
 2.064391095342686 -0.5881672318280842
 2.014893288154770 -0.6697775014847855
 1.964793179431846 -0.7519575072446539
 1.914142346338388 -0.8346150077717386
 1.863004967706808 -0.9176255549744213
 1.811485300626553 -1.000809867326152
 1.759686274016284 -1.084009461884275
 1.707676637400541 -1.167119698344028
 1.655530786830295 -1.250012570211543
 1.603363207233483 -1.332498999577731
 1.551283832825829 -1.414418302835331
 1.499355425269374 -1.495691894152801
 1.447640284593561 -1.576225060779090
 1.396249271702266 -1.655838254212785
 1.345284921301549 -1.734387512570758
 1.294776393850890 -1.811865012115121
 1.244752573072295 -1.888242344339187
 1.195338546093164 -1.963305042869363
 1.146634144979554 -2.036906134390932
 1.098447676331052 -2.109466797618179
 1.051200322836778 -2.180157016358108
 1.004539549647586 -2.249746159368352
 0.9587394891514713 -2.317693313710969
 0.9137855663635382 -2.384014985416751
 0.8696266110124123 -2.448846416061475
 0.8263064536876356 -2.512144218206576
 0.7838836045935902 -2.573781582372995
 0.7423503037369177 -2.633738655025480
 0.7016802884091324 -2.692076168814424
 0.6618911410182843 -2.748790041804298
 0.6230127813803846 -2.803802447811991
 0.5850363460740317 -2.857077313334544
 0.5479370485505883 -2.908650171116920
 0.5117191994899239 -2.958534403254440
 0.4764001680986866 -3.006676177823338
 0.4419704790714946 -3.053029053900296
 0.4084056939477674 -3.097608948548299
 0.3757032448029600 -3.140435273309869
 0.3438741501822554 -3.181467431222407
 0.3129085205447625 -3.220647589959587
 0.2827806981844418 -3.257968987018347
 0.2534814926095139 -3.293447102129705
 0.2250148820533839 -3.327047148294816
 0.1973664008593734 -3.358698415014908
 0.1705034938591699 -3.388368758433249
 0.1444053308420642 -3.416064317183692
 0.1190634980080605 -3.441754708586651
 9.445180190655456E-02 -3.465359860877636
 7.052275444213858E-02 -3.486824717861632
 4.723666433646721E-02 -3.506147559426536
 2.456627148301137E-02 -3.523308959604303
 2.466932779396078E-03 -3.538230545338092
 -1.913035670277203E-02 -3.550843791750020
 -4.028871560598024E-02 -3.561148178875917
 -6.105594015936137E-02 -3.569150247407913
 -8.149500782182451E-02 -3.574791665695879
 -0.1016948849801966 -3.578004132838513
 -0.1217369772609826 -3.578800109459413
 -0.1416794239266337 -3.577229999050664
 -0.1615907750724953 -3.573273312922739
 -0.1815672150957323 -3.566867500303606
 -0.2016930820796858 -3.558038870241703
 -0.2220161075942378 -3.546893047592928
 -0.2425901173280028 -3.533455265624472
 -0.2635058942126707 -3.517649167018936
 -0.2848384847041388 -3.499492765169708
 -0.3066021296575360 -3.479165443083711
 -0.3288185677734755 -3.456748034511664
 -0.3515903737036227 -3.432055747182824
 -0.3749901832073347 -3.405044034310642
 -0.3988404246079094 -3.376462200853139
 -0.4235022752795667 -3.345198769675006
 -0.4486664567933456 -3.312412097412038
 -0.4745611051585450 -3.277442877545381
 -0.5011656598746055 -3.240429508046299
 -0.5284343960762250 -3.201604903057841
 -0.5564061493590462 -3.160922419152985
 -0.5851287460430068 -3.118275278262393
 -0.6145923616042013 -3.073729417955034
 -0.6447775199690067 -3.027398763036679
 -0.6757064465460125 -2.979268111969866
 -0.7074085222494737 -2.929274046209397
 -0.7398774151959768 -2.877451952847080
 -0.7730979713091881 -2.823882481067250
 -0.8070840459606085 -2.768565358061685
 -0.8418564410265064 -2.711455765010627
 -0.8774076567019583 -2.652576980662052
 -0.9137196735777618 -2.591997605592931
 -0.9507967737104031 -2.529730047548262
 -0.9886501149227632 -2.465743795409643
 -1.027265360775532 -2.400059299776188
 -1.066615039153036 -2.332743465653216
 -1.106689864877990 -2.263823177792489
 -1.147487974032690 -2.193284187721807
 -1.188982966442715 -2.121153657411554
 -1.231132002834390 -2.047508533120515
 -1.273907592209944 -1.972398838671912
 -1.317290934755080 -1.895835977679916
 -1.361238783373838 -1.817868073619091
 -1.405687566820142 -1.738598279033856
 -1.450587399457990 -1.658113616928957
 -1.495900036946310 -1.576463695464148
 -1.541563312108035 -1.493731515999107
 -1.587490975246479 -1.410060022714397
 -1.633610893556214 -1.325582052948048
 -1.679868972279267 -1.240388394502727
 -1.726189525623047 -1.154596851923493
 -1.772469419775858 -1.068387355261610
 -1.818622868942623 -0.9819282850467489
 -1.864593626723429 -0.8953315002660425
 -1.910308034268223 -0.8087254330365045
 -1.955659587768406 -0.7223037691686240
 -2.000564098245983 -0.6362420562895945
 -2.044984889205478 -0.5506339405088978
 -2.088871087013143 -0.4655807316102131
 -2.132122628557480 -0.3812682122032908
 -2.174666106543554 -0.2978571608899120
 -2.216509325645339 -0.2153767432377168
 -2.257642125235367 -0.1338661775370602
 -2.297941315549547 -5.354102560475493E-02
 -2.337329529996685 2.543876879652296E-02
 -2.376075673342676 0.1034498063784118
 -2.413671521823396 0.1797123241360008
 -2.450607100903260 0.2549163105831874
 -2.486551032430770 0.3285539036389949
 -2.521510323555464 0.4006459786260006
 -2.555576511781920 0.4713044710870200
 -2.588733937780911 0.5404697288987660
 -2.620902036424320 0.6080276759983326
 -2.652059734049585 0.6739751059694753
 -2.682246495320542 0.7383651293101119
 -2.711467576381353 0.8011804782404465
 -2.739670537688369 0.8623563283481818
 -2.766819706960923 0.9218823188299360
 -2.792933463184501 0.9797976818389832
 -2.818025550933541 1.036105375264709
 -2.842058034997852 1.090763440971029
 -2.864985958705374 1.143756864351455
 -2.886810887406714 1.195114768265170
 -2.907548348028553 1.244849082371327
 -2.927168691842553 1.292929965848585
 -2.945616889814512 1.339337067127424
 -2.962874256591963 1.384089225181547
 -2.978949602769324 1.427202139075816
 -2.993814791038575 1.468654970059618
 -3.007401351483127 1.508424890509734
 -3.019665169122316 1.546524022100579
 -3.030601145063651 1.582973473640722
 -3.040178760234777 1.617765340354907
 -3.048315573728218 1.650882270554526
 -3.054940161432750 1.682337862039072
 -3.060031188048423 1.712165628407849
 -3.063558200140152 1.740379464621599
 -3.065431003098554 1.766978846212661
 -3.065555750174392 1.791989270763069
 -3.063900431744244 1.815465140638584
 -3.060446814099086 1.837451118933906
 -3.055112891818607 1.857972579903251
 -3.047795031393765 1.877072420247043
 -3.038463321227890 1.894827369617646
 -3.027132342394341 1.911312979839341
 -3.013750076119826 1.926578372691368
 -2.998214259648155 1.940675570919101
 -2.980505508241956 1.953690767969440
 -2.960691429924764 1.965718113022413
 -2.938766964502682 1.976816837125334
 -2.914620593133233 1.987027381944576
 -2.888230392644749 1.996423746314103
 -2.859744592850668 2.005107954679692
 -2.829222328482291 2.013139250183677
 -2.796452277412897 2.020514068944813
 -2.761359543114001 2.027273041982654
 -2.724681828552779 2.033637040193191
 -2.685275977607221 2.039363113790118
 -2.644299795765046 2.044762598115009
 -2.601068238827399 2.049703411488009
 -2.555711443203504 2.054236946978950
 -2.508453980890792 2.058440062764419
 -2.459236039698725 2.062323069743305
 -2.407941233946719 2.065873997688974
 -2.354631579506515 2.069117307098627
 -2.299415476190847 2.072093093600627
 -2.242268646377799 2.074813004194692
 -2.183121477539032 2.077270774226352
 -2.122007781736726 2.079478613669623
 -2.059004980251474 2.081463723301595
 -1.994105909138676 2.083237965821857
 -1.927261353223719 2.084796946773824
 -1.858495222396181 2.086145810509898
 -1.787875936203035 2.087303252052432
 -1.715412099038409 2.088279183643624
 -1.641071708587229 2.089068012682339
 -1.564879643807503 2.089667548747491
 -1.486907582191319 2.090087452791671
 -1.407183449205316 2.090333125991352
 -1.325695837269457 2.090395829910352
 -1.242481469427322 2.090266282312149
 -1.157628402730583 2.089945856426855
 -1.071193704579829 2.089435756263635
 -0.9831966507017749 2.088725402512807
 -0.8937005407958942 2.087801403827912
 -0.8028264932091546 2.086660282167107
 -0.7106748148923807 2.085302346804703
 -0.6173075899426922 2.083719281249659
 -0.5228277832346510 2.081898747827192
 -0.4274023129082911 2.079837524199183
 -0.3311822858756315 2.077539560192702
 -0.2342733740591220 2.075003402274465
 -0.1368154420837611 2.072222406897914
 -3.901588085069555E-02 2.069197222587762
 5.893659492633954E-02 2.065937746931024
 0.1569169893228881 2.062451198610070
 0.2547772474379277 2.058738003248047
 0.3522963805349236 2.054802768746355
 0.4492802654201538 2.050660359124926
 0.5456294639361043 2.046325834661699
 0.6412308024195822 2.041805792389303
 0.7358733568552143 2.037106466416076
 0.8293811852420044 2.032244673460670
 0.9217329317944487 2.027241755352837
 1.012889552163072 2.022108521876247
 1.102602769456383 2.016846068474118
 1.190695385017130 2.011467365594410
 1.277627997011624 2.006016991239767
   
   
 #BODY NUMBER  2
 -0.3988404246079094 -3.376462200853139
 -0.4235022752795667 -3.345198769675006
 -0.4486664567933456 -3.312412097412038
 -0.4745611051585450 -3.277442877545381
 -0.5011656598746055 -3.240429508046299
 -0.5284343960762250 -3.201604903057841
 -0.5564061493590462 -3.160922419152985
 -0.5851287460430068 -3.118275278262393
 -0.6145923616042013 -3.073729417955034
 -0.6447775199690067 -3.027398763036679
 -0.6757064465460125 -2.979268111969866
 -0.7074085222494737 -2.929274046209397
 -0.7398774151959768 -2.877451952847080
 -0.7730979713091881 -2.823882481067250
 -0.8070840459606085 -2.768565358061685
 -0.8418564410265064 -2.711455765010627
 -0.8774076567019583 -2.652576980662052
 -0.9137196735777618 -2.591997605592931
 -0.9507967737104031 -2.529730047548262
 -0.9886501149227632 -2.465743795409643
 -1.027265360775532 -2.400059299776188
 -1.066615039153036 -2.332743465653216
 -1.106689864877990 -2.263823177792489
 -1.147487974032690 -2.193284187721807
 -1.188982966442715 -2.121153657411554
 -1.231132002834390 -2.047508533120515
 -1.273907592209944 -1.972398838671912
 -1.317290934755080 -1.895835977679916
 -1.361238783373838 -1.817868073619091
 -1.405687566820142 -1.738598279033856
 -1.450587399457990 -1.658113616928957
 -1.495900036946310 -1.576463695464148
 -1.541563312108035 -1.493731515999107
 -1.587490975246479 -1.410060022714397
 -1.633610893556214 -1.325582052948048
 -1.679868972279267 -1.240388394502727
 -1.726189525623047 -1.154596851923493
 -1.772469419775858 -1.068387355261610
 -1.818622868942623 -0.9819282850467489
 -1.864593626723429 -0.8953315002660425
 -1.910308034268223 -0.8087254330365045
 -1.955659587768406 -0.7223037691686240
 -2.000564098245983 -0.6362420562895945
 -2.044984889205478 -0.5506339405088978
 -2.088871087013143 -0.4655807316102131
 -2.132122628557480 -0.3812682122032908
 -2.174666106543554 -0.2978571608899120
 -2.216509325645339 -0.2153767432377168
 -2.257642125235367 -0.1338661775370602
 -2.297941315549547 -5.354102560475493E-02
 -2.337329529996685 2.543876879652296E-02
 -2.376075673342676 0.1034498063784118
 -2.413671521823396 0.1797123241360008
 -2.450607100903260 0.2549163105831874
 -2.486551032430770 0.3285539036389949
 -2.521510323555464 0.4006459786260006
 -2.555576511781920 0.4713044710870200
 -2.588733937780911 0.5404697288987660
 -2.620902036424320 0.6080276759983326
 -2.652059734049585 0.6739751059694753
 -2.682246495320542 0.7383651293101119
 -2.711467576381353 0.8011804782404465
 -2.739670537688369 0.8623563283481818
 -2.766819706960923 0.9218823188299360
 -2.792933463184501 0.9797976818389832
 -2.818025550933541 1.036105375264709
 -2.842058034997852 1.090763440971029
 -2.864985958705374 1.143756864351455
 -2.886810887406714 1.195114768265170
 -2.907548348028553 1.244849082371327
 -2.927168691842553 1.292929965848585
 -2.945616889814512 1.339337067127424
 -2.962874256591963 1.384089225181547
 -2.978949602769324 1.427202139075816
 -2.993814791038575 1.468654970059618
 -3.007401351483127 1.508424890509734
 -3.019665169122316 1.546524022100579
 -3.030601145063651 1.582973473640722
 -3.040178760234777 1.617765340354907
 -3.048315573728218 1.650882270554526
 -3.054940161432750 1.682337862039072
 -3.060031188048423 1.712165628407849
 -3.063558200140152 1.740379464621599
 -3.065431003098554 1.766978846212661
 -3.065555750174392 1.791989270763069
 -3.063900431744244 1.815465140638584
 -3.060446814099086 1.837451118933906
 -3.055112891818607 1.857972579903251
 -3.047795031393765 1.877072420247043
 -3.038463321227890 1.894827369617646
 -3.027132342394341 1.911312979839341
 -3.013750076119826 1.926578372691368
 -2.998214259648155 1.940675570919101
 -2.980505508241956 1.953690767969440
 -2.960691429924764 1.965718113022413
 -2.938766964502682 1.976816837125334
 -2.914620593133233 1.987027381944576
 -2.888230392644749 1.996423746314103
 -2.859744592850668 2.005107954679692
 -2.829222328482291 2.013139250183677
 -2.796452277412897 2.020514068944813
 -2.761359543114001 2.027273041982654
 -2.724681828552779 2.033637040193191
 -2.685275977607221 2.039363113790118
 -2.644299795765046 2.044762598115009
 -2.601068238827399 2.049703411488009
 -2.555711443203504 2.054236946978950
 -2.508453980890792 2.058440062764419
 -2.459236039698725 2.062323069743305
 -2.407941233946719 2.065873997688974
 -2.354631579506515 2.069117307098627
 -2.299415476190847 2.072093093600627
 -2.242268646377799 2.074813004194692
 -2.183121477539032 2.077270774226352
 -2.122007781736726 2.079478613669623
 -2.059004980251474 2.081463723301595
 -1.994105909138676 2.083237965821857
 -1.927261353223719 2.084796946773824
 -1.858495222396181 2.086145810509898
 -1.787875936203035 2.087303252052432
 -1.715412099038409 2.088279183643624
 -1.641071708587229 2.089068012682339
 -1.564879643807503 2.089667548747491
 -1.486907582191319 2.090087452791671
 -1.407183449205316 2.090333125991352
 -1.325695837269457 2.090395829910352
 -1.242481469427322 2.090266282312149
 -1.157628402730583 2.089945856426855
 -1.071193704579829 2.089435756263635
 -0.9831966507017749 2.088725402512807
 -0.8937005407958942 2.087801403827912
 -0.8028264932091546 2.086660282167107
 -0.7106748148923807 2.085302346804703
 -0.6173075899426922 2.083719281249659
 -0.5228277832346510 2.081898747827192
 -0.4274023129082911 2.079837524199183
 -0.3311822858756315 2.077539560192702
 -0.2342733740591220 2.075003402274465
 -0.1368154420837611 2.072222406897914
 -3.901588085069555E-02 2.069197222587762
 5.893659492633954E-02 2.065937746931024
 0.1569169893228881 2.062451198610070
 0.2547772474379277 2.058738003248047
 0.3522963805349236 2.054802768746355
 0.4492802654201538 2.050660359124926
 0.5456294639361043 2.046325834661699
 0.6412308024195822 2.041805792389303
 0.7358733568552143 2.037106466416076
 0.8293811852420044 2.032244673460670
 0.9217329317944487 2.027241755352837
 1.012889552163072 2.022108521876247
 1.102602769456383 2.016846068474118
 1.190695385017130 2.011467365594410
 1.277627997011624 2.006016991239767
 1.362471198986618 2.000444692222107
 1.446067551255674 1.994829848785165
 1.527811543279299 1.989139410071973
 1.607724757191926 1.983369006790751
 1.685949900769508 1.977541944974455
 1.762427484093275 1.971674489307810
 1.837018431830730 1.965753906374663
 1.909709430312667 1.959763549056005
 1.980566206911410 1.953711039504312
 2.049576435363069 1.947609563563852
 2.116657756307985 1.941446119463810
 2.181783360886891 1.935194994504608
 2.244996414633913 1.928852489277937
 2.306306351443618 1.922429027989731
 2.365657866899165 1.915912736852308
 2.423015479633879 1.909272189548841
 2.478405193458947 1.902494180283128
 2.531845103225594 1.895586190938542
 2.583294541660298 1.888537465373822
 2.632708369269749 1.881310522832163
 2.680093558407521 1.873879761836800
 2.725468110159810 1.866244963053889
 2.768799908985191 1.858392178235198
 2.810034950623753 1.850273524505174
 2.849161675263146 1.841844736332670
 2.886195814221587 1.833090843542970
 2.921115262226717 1.823989368231744
 2.953863771821664 1.814477590323110
 2.984417406990612 1.804486855822560
 3.012794523711956 1.793981931018687
 3.038991928657141 1.782929494982705
 3.062964070319158 1.771251699125431
 3.084686106877164 1.758854520986951
 3.104189147350224 1.745683038237333
 3.121502754258447 1.731699128474007
 3.136607899640431 1.716819085792628
 3.149489916373962 1.700931712591470
 3.160200298488873 1.683972739841767
 3.168811766320975 1.665917019211322
 3.175340851192321 1.646694940231372
 3.179781474743888 1.626191929384505
 3.182198590321642 1.604348102272264
 3.182707537519002 1.581174934570515
 3.181357081830686 1.556638428499138
 3.178126487345904 1.530621785074360
 3.173068877348888 1.503069018855605
 3.166346722508204 1.474057488404019
 3.158040896255766 1.443608784327987
 3.148042651116519 1.411541678238010
 3.136349726321336 1.377770992327989
 3.123522253160688 1.342825160659948
 3.108778252886788 1.305835655884888
 3.092966252558392 1.267649499297028
 3.075629343985944 1.227739466057372
 3.056877103078109 1.186192561067350
 3.036888376967017 1.143164840293421
 3.015642189057771 1.098599349409679
 2.993069979989725 1.052401280573419
 2.969223941110716 1.004612110856407
 2.944192996159853 0.9553056694360513
 2.917975092923811 0.9044551077751739
 2.890529999788506 0.8520032719830446
 2.861885196932702 0.7979733391774573
 2.832102951560662 0.7424187577656551
 2.801189955099284 0.6853273922398282
 2.769117794250225 0.6266588182368027
 2.735902879098139 0.5664311701521540
 2.701595609780797 0.5046943535404984
 2.666208872748812 0.4414508639046375
 2.629721823509992 0.3766757827273037
 2.592145004583036 0.3103917510286960
 2.553522621344355 0.2426560128615445
 2.513873314083306 0.1734900518011369
 2.473183811302147 0.1028883578114552
 2.431464435870037 3.088737509940453E-02
 2.388760405564973 -4.243732330633976E-02
 2.345101296789772 -0.1170369175917227
 2.300487585456855 -0.1928894248328914
 2.254939324169732 -0.2699333302088205
 2.208514060029297 -0.3480620031332504
 2.161262214350370 -0.4271887298757462
 2.113207626889002 -0.5072555857855107
 2.064391095342686 -0.5881672318280842
 2.014893288154770 -0.6697775014847855
 1.964793179431846 -0.7519575072446539
 1.914142346338388 -0.8346150077717386
 1.863004967706808 -0.9176255549744213
 1.811485300626553 -1.000809867326152
 1.759686274016284 -1.084009461884275
 1.707676637400541 -1.167119698344028
 1.655530786830295 -1.250012570211543
 1.603363207233483 -1.332498999577731
 1.551283832825829 -1.414418302835331
 1.499355425269374 -1.495691894152801
 1.447640284593561 -1.576225060779090
 1.396249271702266 -1.655838254212785
 1.345284921301549 -1.734387512570758
 1.294776393850890 -1.811865012115121
 1.244752573072295 -1.888242344339187
 1.195338546093164 -1.963305042869363
 1.146634144979554 -2.036906134390932
 1.098447676331052 -2.109466797618179
 1.051200322836778 -2.180157016358108
 1.004539549647586 -2.249746159368352
 0.9587394891514713 -2.317693313710969
 0.9137855663635382 -2.384014985416751
 0.8696266110124123 -2.448846416061475
 0.8263064536876356 -2.512144218206576
 0.7838836045935902 -2.573781582372995
 0.7423503037369177 -2.633738655025480
 0.7016802884091324 -2.692076168814424
 0.6618911410182843 -2.748790041804298
 0.6230127813803846 -2.803802447811991
 0.5850363460740317 -2.857077313334544
 0.5479370485505883 -2.908650171116920
 0.5117191994899239 -2.958534403254440
 0.4764001680986866 -3.006676177823338
 0.4419704790714946 -3.053029053900296
 0.4084056939477674 -3.097608948548299
 0.3757032448029600 -3.140435273309869
 0.3438741501822554 -3.181467431222407
 0.3129085205447625 -3.220647589959587
 0.2827806981844418 -3.257968987018347
 0.2534814926095139 -3.293447102129705
 0.2250148820533839 -3.327047148294816
 0.1973664008593734 -3.358698415014908
 0.1705034938591699 -3.388368758433249
 0.1444053308420642 -3.416064317183692
 0.1190634980080605 -3.441754708586651
 9.445180190655456E-02 -3.465359860877636
 7.052275444213858E-02 -3.486824717861632
 4.723666433646721E-02 -3.506147559426536
 2.456627148301137E-02 -3.523308959604303
 2.466932779396078E-03 -3.538230545338092
 -1.913035670277203E-02 -3.550843791750020
 -4.028871560598024E-02 -3.561148178875917
 -6.105594015936137E-02 -3.569150247407913
 -8.149500782182451E-02 -3.574791665695879
 -0.1016948849801966 -3.578004132838513
 -0.1217369772609826 -3.578800109459413
 -0.1416794239266337 -3.577229999050664
 -0.1615907750724953 -3.573273312922739
 -0.1815672150957323 -3.566867500303606
 -0.2016930820796858 -3.558038870241703
 -0.2220161075942378 -3.546893047592928
 -0.2425901173280028 -3.533455265624472
 -0.2635058942126707 -3.517649167018936
 -0.2848384847041388 -3.499492765169708
 -0.3066021296575360 -3.479165443083711
 -0.3288185677734755 -3.456748034511664
 -0.3515903737036227 -3.432055747182824
 -0.3749901832073347 -3.405044034310642
 -0.3988404246079094 -3.376462200853139
   
   
 #BODY NUMBER  3
 -1.277619896919117 -2.006018085085767
 -1.362463350135935 -2.000445758672589
 -1.446059957229697 -1.994830899200028
 -1.527804210848577 -1.989140461598595
 -1.607717694873050 -1.983370076468343
 -1.685943116798035 -1.977543048025985
 -1.762420985268607 -1.971675640858269
 -1.837012223498993 -1.965755122706578
 -1.909703516241551 -1.959764846688767
 -1.980560588600329 -1.953712433954088
 -2.049571111932721 -1.947611069667699
 -2.116652725505987 -1.941447752420201
 -2.181778619930987 -1.935196769829024
 -2.244991959899321 -1.928854421872549
 -2.306302177961943 -1.922431131958845
 -2.365653968792561 -1.915915026320843
 -2.423011850728441 -1.909274679051239
 -2.478401826869201 -1.902496884104430
 -2.531841990516997 -1.895589122585702
 -2.583291672940356 -1.888540638043089
 -2.632705733831912 -1.881313949946959
 -2.680091144502493 -1.873883456595143
 -2.725465904037169 -1.866248937621849
 -2.768797894671466 -1.858396443746286
 -2.810033110543876 -1.850278091488135
 -2.849159990267023 -1.841849614337237
 -2.886194262716651 -1.833096040062895
 -2.921113819868730 -1.823994888159257
 -2.953862412336728 -1.814483436104903
 -2.984416102785968 -1.804493027154658
 -3.012793245531755 -1.793988423718413
 -3.038990645574712 -1.782936300180980
 -3.062962751033916 -1.771258803433359
 -3.084684721128506 -1.758861906694946
 -3.104187666250658 -1.745690682790896
 -3.121501150537487 -1.731707004105810
 -3.136606149079980 -1.716827160291329
 -3.149487999458399 -1.700939950523003
 -3.160198200677261 -1.683981103101944
 -3.168809477653245 -1.665925467365767
 -3.175338366925313 -1.646703431766377
 -3.179778796417426 -1.626200423432689
 -3.182195725344854 -1.604356559414082
 -3.182704497742198 -1.581183316823849
 -3.181353883310523 -1.556646699926972
 -3.178123151004749 -1.530629913095426
 -3.173065427875152 -1.503076974796802
 -3.166343185557231 -1.474065247206578
 -3.158037297377021 -1.443616325322909
 -3.148039016855136 -1.411548987393034
 -3.136346082376547 -1.377778063133556
 -3.123518616493610 -1.342831991572617
 -3.108774672844266 -1.305842221025921
 -3.092962743553728 -1.267655802825338
 -3.075625928487526 -1.227745513245755
 -3.056873804366567 -1.186198355815998
 -3.036885216168166 -1.143170385585742
 -3.015639186299536 -1.098604649232254
 -2.993067155608403 -1.052406340768147
 -2.969221314523141 -1.004616938726915
 -2.944190584202597 -0.9553102735302599
 -2.917972910169988 -0.9044594981870564
 -2.890528060147533 -0.8520074603106413
 -2.861883514025288 -0.7979773379496939
 -2.832101537628257 -0.7424225801319786
 -2.801188820610379 -0.6853310522215526
 -2.769116948993944 -0.6266623309326471
 -2.735902332930069 -0.5664345515806928
 -2.701595371818014 -0.5046976205715521
 -2.666208950507007 -0.4414540345403872
 -2.629722223514773 -0.3766788763266971
 -2.592145733350444 -0.3103947882113653
 -2.553523684966899 -0.2426590154354211
 -2.513874717102537 -0.1734930429531745
 -2.473185556740334 -0.1028913622304288
 -2.431466526133142 -3.089041876645293E-02
 -2.388762842292626 4.243421339190578E-02
 -2.345104079540112 0.1170337135351224
 -2.300490711121364 0.1928860981128341
 -2.254942787617248 0.2699298523442104
 -2.208517854206745 0.3480583464703909
 -2.161266329035210 0.4271848682312445
 -2.113212047765219 0.5072514951984182
 -2.064395804580107 0.5881628916514797
 -2.014898265093008 0.6697728954711355
 -1.964798399991756 0.7519526242524308
 -1.914147782383659 0.8346098423193619
 -1.863010588001869 0.9176201079190396
 -1.811491072447421 1.000804146294002
 -1.759692163564637 1.084003481006533
 -1.707682609628046 1.167113477632798
 -1.655536806572511 1.250006135127805
 -1.603369241192425 1.332492380534181
 -1.551289850225305 1.414411534096845
 -1.499361397248542 1.495685012535726
 -1.447646184595760 1.576218104953554
 -1.396255077078897 1.655831264229959
 -1.345290613751805 1.734380528480467
 -1.294781958335864 1.811858071900171
 -1.244757998144341 1.888235482678558
 -1.195343826456480 1.963298290703470
 -1.146639282058124 2.036899516927480
 -1.098452673675729 2.109460329655294
 -1.051205170835329 2.180150752279267
 -1.004544256346531 2.249740107956371
 -0.9587440660155994 2.317687489403002
 -0.9137900238909444 2.384009404107992
 -0.8696309582687953 2.448841092495606
 -0.8263107003719213 2.512139165834548
 -0.7838877621337961 2.573776813965954
 -0.7423543845554128 2.633734182106035
 -0.7016843051936030 2.692072000439190
 -0.6618951070576506 2.748786184630306
 -0.6230167109631020 2.803798907487856
 -0.5850402540280282 2.857074095208500
 -0.5479409495939136 2.908647279500902
 -0.5117231083214622 2.958531840897844
 -0.4764040998899011 3.006673946698259
 -0.4419744494965335 3.053027155927198
 -0.4084097188205750 3.097607384906706
 -0.3757073400381732 3.140434043448730
 -0.3438783321544089 3.181466533172695
 -0.3129128062321561 3.220647021160868
 -0.2827851048915416 3.257968743894441
 -0.2534860377476571 3.293447178855434
 -0.2250195832512089 3.327047536603503
 -0.1973712760225743 3.358699104950470
 -0.1705085608331070 3.388369738186085
 -0.1444106069127988 3.416065571800966
 -0.1190689995845072 3.441756219431749
 -9.445754424455971E-02 3.465361606420043
 -7.052875107483307E-02 3.486826674053328
 -4.724292626947017E-02 3.506149698839874
 -2.457280649881007E-02 3.523311251021461
 -2.473744933158264E-03 3.538232954957521
 1.912326761769496E-02 3.550846284510476
 4.028135467861077E-02 3.561150718482848
 6.104831780166855E-02 3.569152796360722
 8.148713982060098E-02 3.574794186915407
 0.1016867922644331 3.578006591706706
 0.1217286855594050 3.578802474331354
 0.1416709632764053 3.577232241083492
 0.1615821790539594 3.573275407251903
 0.1815585198709930 3.566869427828942
 0.2016843254916340 3.558040617669934
 0.2220073284615074 3.546894606195660
 0.2425813548012917 3.533456631338674
 0.2634971869693685 3.517650341673273
 0.2848298699200827 3.499493755808422
 0.3065936418619308 3.479166259395596
 0.3288102376409309 3.456748688288706
 0.3515822266590004 3.432056254397653
 0.3749822377376938 3.405044413964670
 0.3988326905304669 3.376462466863399
 0.4234947996793914 3.345198951837752
 0.4486592432753642 3.312412210289011
 0.4745541603905745 3.277442943231176
 0.5011589921192963 3.240429548652628
 0.5284280133127779 3.201604938371899
 0.5564000581989434 3.160922468599359
 0.5851229515951630 3.118275362373782
 0.6145868672519077 3.073729557198723
 0.6447723267278327 3.027398976267527
 0.6757015529608776 2.979268416855546
 0.7074039252308890 2.929274460594838
 0.7398731107039289 2.877452494792625
 0.7730939540766468 2.823883167749030
 0.8070803090790054 2.768566205556336
 0.8418529763145287 2.711456789345137
 0.8774044552149072 2.652578198380897
 0.9137167252644831 2.591999033026642
 0.9507940667383952 2.529731700206709
 0.9886476357894901 2.465745688623642
 1.027263094881889 2.400061449498611
 1.066612970659054 2.332745888064297
 1.106687975973955 2.263825888418804
 1.147486244848629 2.193287201525104
 1.188981375681283 2.121156989466027
 1.231130527933313 2.047512198345782
 1.273906208790703 1.972402850632699
 1.317289616563254 1.895840347944813
 1.361237503178492 1.817872811984930
 1.405686297145937 1.738603393219343
 1.450586112518170 1.658119111172807
 1.495898704832080 1.576469569348806
 1.541561908023549 1.493737764406648
 1.587489474790767 1.410066635876170
 1.633609275040858 1.325589015581664
 1.679867216888921 1.240395684982215
 1.726187618482241 1.154604442769483
 1.772467351127114 1.068395214321182
 1.818620634124738 0.9819363759841110
 1.864591225543227 0.8953397827223931
 1.910305471193339 0.8087338638280566
 1.955656872488014 0.7223123042521281
 2.000561245046240 0.6362506518796486
 2.044981915539856 0.5506425532031057
 2.088868013092624 0.4655893190747681
 2.132119477743096 0.3812767347983448
 2.174662904369067 0.2978655827415889
 2.216506097485372 0.2153850323305373
 2.257638895398974 0.1338743066175838
 2.297938108184010 5.354897461647456E-02
 2.337326367644511 -2.543101122425440E-02
 2.376072570594846 -0.1034422445695277
 2.413668520971264 -0.1797049936066782
 2.450604213576228 -0.2549092087563428
 2.486548276864176 -0.3285470278044068
 2.521507718763995 -0.4006393276396492
 2.555574075066830 -0.4712980444696211
 2.588731685640528 -0.5404635249762785
 2.620899985632789 -0.6080216912593764
 2.652057900796964 -0.6739693354172678
 2.682244893793932 -0.7383595664851017
 2.711466218990372 -0.8011751149626067
 2.739669436469089 -0.8623511550676545
 2.766818873959015 -0.9218773253794764
 2.792932909493234 -0.9797928576283533
 2.818025286283405 -1.036100708939000
 2.842058068682463 -1.090758920377416
 2.864986300224974 -1.143752476875958
 2.886811545689776 -1.195110500802275
 2.907549330555170 -1.244844920863029
 2.927170005094765 -1.292925895129606
 2.945618540064069 -1.339333071213909
 2.962876249394034 -1.384085287299298
 2.978951941784826 -1.427198241233585
 2.993817477922675 -1.468651092857217
 3.007404386566451 -1.508421013462335
 3.019668551100130 -1.546520123848847
 3.030604869629450 -1.582969531738071
 3.040182819453237 -1.617761331272493
 3.048319956581288 -1.650878170315140
 3.054944853860801 -1.682333646898670
 3.060036171801225 -1.712161275121461
 3.063563452073522 -1.740374950840482
 3.065436495967074 -1.766974151524163
 3.065561453510811 -1.791984377815530
 3.063906311572047 -1.815460035691952
 3.060452832735818 -1.837445792254912
 3.055119009259379 -1.857967026624079
 3.047801207193966 -1.877066641183703
 3.038469515117856 -1.894821371229410
 3.027138514376841 -1.911306773717725
 3.013756187871354 -1.926571975485526
 2.998220276546432 -1.940669004396253
 2.980511399853221 -1.953684058255851
 2.960697169280690 -1.965711289371812
 2.938772528509232 -1.976809931411702
 2.914625964035380 -1.987020428577848
 2.888235557955069 -1.996416781011620
 2.859749543695300 -2.005101012189018
 2.829227059736090 -2.013132362965798
 2.796456790196135 -2.020507267004620
 2.761363844638853 -2.027266350831114
 2.724685925963143 -2.033630475290781
 2.685279873164875 -2.039356730811831
 2.644303500278363 -2.044756407463673
 2.601071768096951 -2.049697429985421
 2.555714812247270 -2.054231192836630
 2.508457202855388 -2.058434552786157
 2.459239128100593 -2.062317819367105
 2.407944204013240 -2.065869021605635
 2.354634447271234 -2.069112618471808
 2.299418257474765 -2.072088702737267
 2.242271357209110 -2.074808918668489
 2.183124134916644 -2.077267000284197
 2.122010403321359 -2.079475156842931
 2.059007583551610 -2.081460587617051
 1.994108511531374 -2.083235153334783
 1.927263972679415 -2.084794458412490
 1.858497877715161 -2.086143646800204
 1.787878646553531 -2.087301412455090
 1.715414883768612 -2.088277665666322
 1.641074587725283 -2.089066812296945
 1.564882638468555 -2.089666661287246
 1.486910714307844 -2.090086872628876
 1.407186741128583 -2.090332845465629
 1.325699311891705 -2.090395839294675
 1.242485150451859 -2.090266570699574
 1.157632314359313 -2.089946411737688
 1.071197870749410 -2.089436564167821
 0.9832010945581101 -2.088726446057647
 0.8937052844387553 -2.087802664329140
 0.8028315570608084 -2.086661739689734
 0.7106802165170393 -2.085303979404051
 0.6173133429331394 -2.083721064547224
 0.5228338965565577 -2.081900656058128
 0.4274087903022413 -2.079839531347305
 0.3311891249508985 -2.077541639834095
 0.2342805654947373 -2.075005527301577
 0.1368229695196282 -2.072224550688523
 3.902372132030674E-02 -2.069199360615185
 -5.892847056010110E-02 -2.065939856990644
 -0.1569086159151816 -2.062453260355191
 -0.2547686646208274 -2.058739998955862
 -0.3522876312955897 -2.054804684786309
 -0.4492713948209351 -2.050662185976494
 -0.5456205182913142 -2.046327565738832
 -0.6412218284968642 -2.041807424028322
 -0.7358644006641991 -2.037107999028303
 -0.8293722906172621 -2.032246111222056
 -0.9217241391495082 -2.027243104230708
 -1.012880897254632 -2.022109789296142
 -1.102594281727530 -2.016847265319944
 -1.190687085586387 -2.011468505703226
 -1.277619896919117 -2.006018085085767
   
   
 #BODY NUMBER  4
 0.3988326905304669 3.376462466863399
 0.4234947996793914 3.345198951837752
 0.4486592432753642 3.312412210289011
 0.4745541603905745 3.277442943231176
 0.5011589921192963 3.240429548652628
 0.5284280133127779 3.201604938371899
 0.5564000581989434 3.160922468599359
 0.5851229515951630 3.118275362373782
 0.6145868672519077 3.073729557198723
 0.6447723267278327 3.027398976267527
 0.6757015529608776 2.979268416855546
 0.7074039252308890 2.929274460594838
 0.7398731107039289 2.877452494792625
 0.7730939540766468 2.823883167749030
 0.8070803090790054 2.768566205556336
 0.8418529763145287 2.711456789345137
 0.8774044552149072 2.652578198380897
 0.9137167252644831 2.591999033026642
 0.9507940667383952 2.529731700206709
 0.9886476357894901 2.465745688623642
 1.027263094881889 2.400061449498611
 1.066612970659054 2.332745888064297
 1.106687975973955 2.263825888418804
 1.147486244848629 2.193287201525104
 1.188981375681283 2.121156989466027
 1.231130527933313 2.047512198345782
 1.273906208790703 1.972402850632699
 1.317289616563254 1.895840347944813
 1.361237503178492 1.817872811984930
 1.405686297145937 1.738603393219343
 1.450586112518170 1.658119111172807
 1.495898704832080 1.576469569348806
 1.541561908023549 1.493737764406648
 1.587489474790767 1.410066635876170
 1.633609275040858 1.325589015581664
 1.679867216888921 1.240395684982215
 1.726187618482241 1.154604442769483
 1.772467351127114 1.068395214321182
 1.818620634124738 0.9819363759841110
 1.864591225543227 0.8953397827223931
 1.910305471193339 0.8087338638280566
 1.955656872488014 0.7223123042521281
 2.000561245046240 0.6362506518796486
 2.044981915539856 0.5506425532031057
 2.088868013092624 0.4655893190747681
 2.132119477743096 0.3812767347983448
 2.174662904369067 0.2978655827415889
 2.216506097485372 0.2153850323305373
 2.257638895398974 0.1338743066175838
 2.297938108184010 5.354897461647456E-02
 2.337326367644511 -2.543101122425440E-02
 2.376072570594846 -0.1034422445695277
 2.413668520971264 -0.1797049936066782
 2.450604213576228 -0.2549092087563428
 2.486548276864176 -0.3285470278044068
 2.521507718763995 -0.4006393276396492
 2.555574075066830 -0.4712980444696211
 2.588731685640528 -0.5404635249762785
 2.620899985632789 -0.6080216912593764
 2.652057900796964 -0.6739693354172678
 2.682244893793932 -0.7383595664851017
 2.711466218990372 -0.8011751149626067
 2.739669436469089 -0.8623511550676545
 2.766818873959015 -0.9218773253794764
 2.792932909493234 -0.9797928576283533
 2.818025286283405 -1.036100708939000
 2.842058068682463 -1.090758920377416
 2.864986300224974 -1.143752476875958
 2.886811545689776 -1.195110500802275
 2.907549330555170 -1.244844920863029
 2.927170005094765 -1.292925895129606
 2.945618540064069 -1.339333071213909
 2.962876249394034 -1.384085287299298
 2.978951941784826 -1.427198241233585
 2.993817477922675 -1.468651092857217
 3.007404386566451 -1.508421013462335
 3.019668551100130 -1.546520123848847
 3.030604869629450 -1.582969531738071
 3.040182819453237 -1.617761331272493
 3.048319956581288 -1.650878170315140
 3.054944853860801 -1.682333646898670
 3.060036171801225 -1.712161275121461
 3.063563452073522 -1.740374950840482
 3.065436495967074 -1.766974151524163
 3.065561453510811 -1.791984377815530
 3.063906311572047 -1.815460035691952
 3.060452832735818 -1.837445792254912
 3.055119009259379 -1.857967026624079
 3.047801207193966 -1.877066641183703
 3.038469515117856 -1.894821371229410
 3.027138514376841 -1.911306773717725
 3.013756187871354 -1.926571975485526
 2.998220276546432 -1.940669004396253
 2.980511399853221 -1.953684058255851
 2.960697169280690 -1.965711289371812
 2.938772528509232 -1.976809931411702
 2.914625964035380 -1.987020428577848
 2.888235557955069 -1.996416781011620
 2.859749543695300 -2.005101012189018
 2.829227059736090 -2.013132362965798
 2.796456790196135 -2.020507267004620
 2.761363844638853 -2.027266350831114
 2.724685925963143 -2.033630475290781
 2.685279873164875 -2.039356730811831
 2.644303500278363 -2.044756407463673
 2.601071768096951 -2.049697429985421
 2.555714812247270 -2.054231192836630
 2.508457202855388 -2.058434552786157
 2.459239128100593 -2.062317819367105
 2.407944204013240 -2.065869021605635
 2.354634447271234 -2.069112618471808
 2.299418257474765 -2.072088702737267
 2.242271357209110 -2.074808918668489
 2.183124134916644 -2.077267000284197
 2.122010403321359 -2.079475156842931
 2.059007583551610 -2.081460587617051
 1.994108511531374 -2.083235153334783
 1.927263972679415 -2.084794458412490
 1.858497877715161 -2.086143646800204
 1.787878646553531 -2.087301412455090
 1.715414883768612 -2.088277665666322
 1.641074587725283 -2.089066812296945
 1.564882638468555 -2.089666661287246
 1.486910714307844 -2.090086872628876
 1.407186741128583 -2.090332845465629
 1.325699311891705 -2.090395839294675
 1.242485150451859 -2.090266570699574
 1.157632314359313 -2.089946411737688
 1.071197870749410 -2.089436564167821
 0.9832010945581101 -2.088726446057647
 0.8937052844387553 -2.087802664329140
 0.8028315570608084 -2.086661739689734
 0.7106802165170393 -2.085303979404051
 0.6173133429331394 -2.083721064547224
 0.5228338965565577 -2.081900656058128
 0.4274087903022413 -2.079839531347305
 0.3311891249508985 -2.077541639834095
 0.2342805654947373 -2.075005527301577
 0.1368229695196282 -2.072224550688523
 3.902372132030674E-02 -2.069199360615185
 -5.892847056010110E-02 -2.065939856990644
 -0.1569086159151816 -2.062453260355191
 -0.2547686646208274 -2.058739998955862
 -0.3522876312955897 -2.054804684786309
 -0.4492713948209351 -2.050662185976494
 -0.5456205182913142 -2.046327565738832
 -0.6412218284968642 -2.041807424028322
 -0.7358644006641991 -2.037107999028303
 -0.8293722906172621 -2.032246111222056
 -0.9217241391495082 -2.027243104230708
 -1.012880897254632 -2.022109789296142
 -1.102594281727530 -2.016847265319944
 -1.190687085586387 -2.011468505703226
 -1.277619896919117 -2.006018085085767
 -1.362463350135935 -2.000445758672589
 -1.446059957229697 -1.994830899200028
 -1.527804210848577 -1.989140461598595
 -1.607717694873050 -1.983370076468343
 -1.685943116798035 -1.977543048025985
 -1.762420985268607 -1.971675640858269
 -1.837012223498993 -1.965755122706578
 -1.909703516241551 -1.959764846688767
 -1.980560588600329 -1.953712433954088
 -2.049571111932721 -1.947611069667699
 -2.116652725505987 -1.941447752420201
 -2.181778619930987 -1.935196769829024
 -2.244991959899321 -1.928854421872549
 -2.306302177961943 -1.922431131958845
 -2.365653968792561 -1.915915026320843
 -2.423011850728441 -1.909274679051239
 -2.478401826869201 -1.902496884104430
 -2.531841990516997 -1.895589122585702
 -2.583291672940356 -1.888540638043089
 -2.632705733831912 -1.881313949946959
 -2.680091144502493 -1.873883456595143
 -2.725465904037169 -1.866248937621849
 -2.768797894671466 -1.858396443746286
 -2.810033110543876 -1.850278091488135
 -2.849159990267023 -1.841849614337237
 -2.886194262716651 -1.833096040062895
 -2.921113819868730 -1.823994888159257
 -2.953862412336728 -1.814483436104903
 -2.984416102785968 -1.804493027154658
 -3.012793245531755 -1.793988423718413
 -3.038990645574712 -1.782936300180980
 -3.062962751033916 -1.771258803433359
 -3.084684721128506 -1.758861906694946
 -3.104187666250658 -1.745690682790896
 -3.121501150537487 -1.731707004105810
 -3.136606149079980 -1.716827160291329
 -3.149487999458399 -1.700939950523003
 -3.160198200677261 -1.683981103101944
 -3.168809477653245 -1.665925467365767
 -3.175338366925313 -1.646703431766377
 -3.179778796417426 -1.626200423432689
 -3.182195725344854 -1.604356559414082
 -3.182704497742198 -1.581183316823849
 -3.181353883310523 -1.556646699926972
 -3.178123151004749 -1.530629913095426
 -3.173065427875152 -1.503076974796802
 -3.166343185557231 -1.474065247206578
 -3.158037297377021 -1.443616325322909
 -3.148039016855136 -1.411548987393034
 -3.136346082376547 -1.377778063133556
 -3.123518616493610 -1.342831991572617
 -3.108774672844266 -1.305842221025921
 -3.092962743553728 -1.267655802825338
 -3.075625928487526 -1.227745513245755
 -3.056873804366567 -1.186198355815998
 -3.036885216168166 -1.143170385585742
 -3.015639186299536 -1.098604649232254
 -2.993067155608403 -1.052406340768147
 -2.969221314523141 -1.004616938726915
 -2.944190584202597 -0.9553102735302599
 -2.917972910169988 -0.9044594981870564
 -2.890528060147533 -0.8520074603106413
 -2.861883514025288 -0.7979773379496939
 -2.832101537628257 -0.7424225801319786
 -2.801188820610379 -0.6853310522215526
 -2.769116948993944 -0.6266623309326471
 -2.735902332930069 -0.5664345515806928
 -2.701595371818014 -0.5046976205715521
 -2.666208950507007 -0.4414540345403872
 -2.629722223514773 -0.3766788763266971
 -2.592145733350444 -0.3103947882113653
 -2.553523684966899 -0.2426590154354211
 -2.513874717102537 -0.1734930429531745
 -2.473185556740334 -0.1028913622304288
 -2.431466526133142 -3.089041876645293E-02
 -2.388762842292626 4.243421339190578E-02
 -2.345104079540112 0.1170337135351224
 -2.300490711121364 0.1928860981128341
 -2.254942787617248 0.2699298523442104
 -2.208517854206745 0.3480583464703909
 -2.161266329035210 0.4271848682312445
 -2.113212047765219 0.5072514951984182
 -2.064395804580107 0.5881628916514797
 -2.014898265093008 0.6697728954711355
 -1.964798399991756 0.7519526242524308
 -1.914147782383659 0.8346098423193619
 -1.863010588001869 0.9176201079190396
 -1.811491072447421 1.000804146294002
 -1.759692163564637 1.084003481006533
 -1.707682609628046 1.167113477632798
 -1.655536806572511 1.250006135127805
 -1.603369241192425 1.332492380534181
 -1.551289850225305 1.414411534096845
 -1.499361397248542 1.495685012535726
 -1.447646184595760 1.576218104953554
 -1.396255077078897 1.655831264229959
 -1.345290613751805 1.734380528480467
 -1.294781958335864 1.811858071900171
 -1.244757998144341 1.888235482678558
 -1.195343826456480 1.963298290703470
 -1.146639282058124 2.036899516927480
 -1.098452673675729 2.109460329655294
 -1.051205170835329 2.180150752279267
 -1.004544256346531 2.249740107956371
 -0.9587440660155994 2.317687489403002
 -0.9137900238909444 2.384009404107992
 -0.8696309582687953 2.448841092495606
 -0.8263107003719213 2.512139165834548
 -0.7838877621337961 2.573776813965954
 -0.7423543845554128 2.633734182106035
 -0.7016843051936030 2.692072000439190
 -0.6618951070576506 2.748786184630306
 -0.6230167109631020 2.803798907487856
 -0.5850402540280282 2.857074095208500
 -0.5479409495939136 2.908647279500902
 -0.5117231083214622 2.958531840897844
 -0.4764040998899011 3.006673946698259
 -0.4419744494965335 3.053027155927198
 -0.4084097188205750 3.097607384906706
 -0.3757073400381732 3.140434043448730
 -0.3438783321544089 3.181466533172695
 -0.3129128062321561 3.220647021160868
 -0.2827851048915416 3.257968743894441
 -0.2534860377476571 3.293447178855434
 -0.2250195832512089 3.327047536603503
 -0.1973712760225743 3.358699104950470
 -0.1705085608331070 3.388369738186085
 -0.1444106069127988 3.416065571800966
 -0.1190689995845072 3.441756219431749
 -9.445754424455971E-02 3.465361606420043
 -7.052875107483307E-02 3.486826674053328
 -4.724292626947017E-02 3.506149698839874
 -2.457280649881007E-02 3.523311251021461
 -2.473744933158264E-03 3.538232954957521
 1.912326761769496E-02 3.550846284510476
 4.028135467861077E-02 3.561150718482848
 6.104831780166855E-02 3.569152796360722
 8.148713982060098E-02 3.574794186915407
 0.1016867922644331 3.578006591706706
 0.1217286855594050 3.578802474331354
 0.1416709632764053 3.577232241083492
 0.1615821790539594 3.573275407251903
 0.1815585198709930 3.566869427828942
 0.2016843254916340 3.558040617669934
 0.2220073284615074 3.546894606195660
 0.2425813548012917 3.533456631338674
 0.2634971869693685 3.517650341673273
 0.2848298699200827 3.499493755808422
 0.3065936418619308 3.479166259395596
 0.3288102376409309 3.456748688288706
 0.3515822266590004 3.432056254397653
 0.3749822377376938 3.405044413964670
 0.3988326905304669 3.376462466863399
   
   
 #BODY NUMBER  5
 0.3970665569250252 -0.3777343715957360
 0.3580929902498514 -0.3954083458442410
 0.3171697963633871 -0.4111788234580535
 0.2734719379593605 -0.4240536339059481
 0.2272625517578085 -0.4338478424034345
 0.1790226987451227 -0.4404220604119503
 0.1289467868698758 -0.4433275062960636
 7.720234785082419E-02 -0.4420858065734551
 2.426980058713826E-02 -0.4364317088221440
 -2.916997103645580E-02 -0.4261713415212018
 -8.248991629392813E-02 -0.4110481493086837
 -0.1350788202583095 -0.3909068500630549
 -0.1861733399921729 -0.3658670930331274
 -0.2349268223508068 -0.3362383354052684
 -0.2806347364180066 -0.3023875850758958
 -0.3227893578253822 -0.2647968409979602
 -0.3609676530415651 -0.2241378266307281
 -0.3948195988479919 -0.1811488917714633
 -0.4241848134608567 -0.1364732211134538
 -0.4491080520299526 -9.068385121570841E-02
 -0.4697038597349472 -4.437253780434028E-02
 -0.4860790035336450 1.913832787556830E-03
 -0.4983968089939876 4.778558034880256E-02
 -0.5069129145578380 9.295887988709112E-02
 -0.5118851016168875 0.1371335522867685
 -0.5135010391778948 0.1800215734519947
 -0.5119336451118366 0.2214537648405230
 -0.5074046070096225 0.2613398252376418
 -0.5001348034969210 0.2995398664689842
 -0.4902746008784536 0.3358815562859546
 -0.4779406326000031 0.3702816736401257
 -0.4632889344882837 0.4027269632431030
 -0.4464931275942401 0.4331370006583187
 -0.4276741369042900 0.4613674863368453
 -0.4069137752913496 0.4873517151081185
 -0.3843279401323744 0.5111050175882055
 -0.3600679621220808 0.5325698641550884
 -0.3342521110421163 0.5515966832591390
 -0.3069550188814862 0.5681119671797150
 -0.2782748847093952 0.5821536901325215
 -0.2483571548697381 0.5936849743512500
 -0.2173330387349539 0.6025366056910966
 -0.1852846706580628 0.6086165805994916
 -0.1523010524539981 0.6119964467711033
 -0.1185271947083349 0.6126670279907149
 -8.411928109578137E-02 0.6104064740870103
 -4.918293476840799E-02 0.6050743403755239
 -1.380717537889040E-02 0.5968159004213907
 2.184900120621447E-02 0.5856752218683894
 5.755793595722883E-02 0.5712339448174133
 9.314338515775253E-02 0.5532330952391039
 0.1285942832219459 0.5327369110881597
 0.1633871772445701 0.5078217993956251
 0.1975064084311777 0.4802665126928572
 0.2305052505499769 0.4488604624479422
 0.2620919770195377 0.4137390643528552
 0.2919053433312724 0.3752492351732999
 0.3194594892138589 0.3333349463137219
 0.3442563652197336 0.2879020977573442
 0.3658260465634607 0.2392341182643162
 0.3836601936404826 0.1878237348153739
 0.3972230976268631 0.1340857115877482
 0.4060746727971148 7.847173517459932E-02
 0.4099368669715394 2.170270457594453E-02
 0.4086543513625585 -3.533342848351828E-02
 0.4021926986737572 -9.184301838439579E-02
 0.3907154700587934 -0.1471453634490661
 0.3745928783320253 -0.2005382441630786
 0.3542893415654811 -0.2513493566286106
 0.3302816831509701 -0.2991182137999384
 0.3030885448807882 -0.3435970564942282
 0.2732796748364176 -0.3845892058838968
 0.2413820739542027 -0.4219136817001409
 0.2078148779803483 -0.4555170879282952
 0.1729517057893518 -0.4854789014570439
 0.1371814108169006 -0.5118722779623877
 0.1008472637502736 -0.5347157315237625
 6.418223644032023E-02 -0.5540744241390794
 2.737537582842792E-02 -0.5700951922864137
 -9.341732059878455E-03 -0.5828993783795640
 -4.574465996706273E-02 -0.5925310373339946
 -8.170301962816609E-02 -0.5990495661524705
 -0.1171273137133472 -0.6025834681806297
 -0.1518610820919811 -0.6032428914409380
 -0.1857188951957329 -0.6010604102691217
 -0.2186020782158722 -0.5960735241062006
 -0.2504659591668912 -0.5883902683328839
 -0.2811850505872937 -0.5781129343641591
 -0.3105706848245949 -0.5652691610606193
 -0.3385218863308414 -0.5498868277603566
 -0.3650224422069204 -0.5320699644597828
 -0.3899676921984264 -0.5119260925044444
 -0.4131454878710601 -0.4894842354716857
 -0.4344350846345477 -0.4647695220214614
 -0.4538539437025874 -0.4378948038338203
 -0.4713216129469034 -0.4089810756520800
 -0.4865678726459479 -0.3780526714205359
 -0.4994182825591120 -0.3451308411298762
 -0.5099541434579630 -0.3103653148433214
 -0.5181341211082199 -0.2739158208422962
 -0.5234820756944926 -0.2357703376803487
 -0.5256856072702361 -0.1959520098784598
 -0.5256608401469711 -0.1550025394924237
 -0.5214801674944215 -0.1124134535513842
 -0.5146762047945648 -6.908768923480373E-02
 -0.5039771885093375 -2.480682854199415E-02
 -0.4893545287773462 2.010877805057926E-02
 -0.4709280420763950 6.517282523865039E-02
 -0.4484062760837346 0.1099925599823417
 -0.4214587130705578 0.1541837088161108
 -0.3900958471505990 0.1971975905578278
 -0.3544902226040268 0.2383476067058279
 -0.3147331813329350 0.2769624377209355
 -0.2709958525388054 0.3124351148884555
 -0.2237635269793664 0.3441643884571828
 -0.1737275290117517 0.3715717638887867
 -0.1215579622557506 0.3942306034602916
 -6.792611223341122E-02 0.4119422044470264
 -1.362522529046022E-02 0.4246760707938066
 4.053025728251083E-02 0.4324982484000739
 9.390313030988660E-02 0.4355914349133921
 0.1460195071491645 0.4342809077099367
 0.1964241848985295 0.4289617436882371
 0.2446969295794423 0.4199998489125840
 0.2905819310136393 0.4077315075794926
 0.3339612087684863 0.3925200215699528
 0.3747036907999869 0.3747387256756192
 0.4126537754276212 0.3546941580717679
 0.4477514086715164 0.3326206592985563
 0.4800292311811947 0.3087553670487719
 0.5094765355567994 0.2833595119105797
 0.5360192608455163 0.2566494810480400
 0.5596436522281691 0.2287678925123448
 0.5804162482016308 0.1998565049375267
 0.5983542096862212 0.1701058907826193
 0.6133930321000229 0.1396929239322764
 0.6255158535072218 0.1087218089980822
 0.6347938992992656 7.728525074467829E-02
 0.6412530127093745 4.554307020907074E-02
 0.6448227958667112 1.367247780148025E-02
 0.6454769052123276 -1.822513941935847E-02
 0.6432973269163156 -5.008372567273875E-02
 0.6383248470681645 -8.175888184680569E-02
 0.6304785266060140 -0.1130523702194109
 0.6197197552926105 -0.1438470585780303
 0.6061549961565855 -0.1741016429372829
 0.5898488076552384 -0.2036859523386350
 0.5706871537417293 -0.2323538026664744
 0.5486012173275200 -0.2599434992456477
 0.5237613188368534 -0.2864505855780692
 0.4962851199020054 -0.3117594010260933
 0.4659241397372637 -0.3354636071370646
 0.4325422221124836 -0.3572810853606441
 0.3970665569250252 -0.3777343715957360
 0.3580929902498514 -0.3954083458442410
 0.3171697963633871 -0.4111788234580535
 0.2734719379593605 -0.4240536339059481
 0.2272625517578085 -0.4338478424034345
 0.1790226987451227 -0.4404220604119503
 0.1289467868698758 -0.4433275062960636
 7.720234785082419E-02 -0.4420858065734551
 2.426980058713826E-02 -0.4364317088221440
 -2.916997103645580E-02 -0.4261713415212018
 -8.248991629392813E-02 -0.4110481493086837
 -0.1350788202583095 -0.3909068500630549
 -0.1861733399921729 -0.3658670930331274
 -0.2349268223508068 -0.3362383354052684
 -0.2806347364180066 -0.3023875850758958
 -0.3227893578253822 -0.2647968409979602
 -0.3609676530415651 -0.2241378266307281
 -0.3948195988479919 -0.1811488917714633
 -0.4241848134608567 -0.1364732211134538
 -0.4491080520299526 -9.068385121570841E-02
 -0.4697038597349472 -4.437253780434028E-02
 -0.4860790035336450 1.913832787556830E-03
 -0.4983968089939876 4.778558034880256E-02
 -0.5069129145578380 9.295887988709112E-02
 -0.5118851016168875 0.1371335522867685
 -0.5135010391778948 0.1800215734519947
 -0.5119336451118366 0.2214537648405230
 -0.5074046070096225 0.2613398252376418
 -0.5001348034969210 0.2995398664689842
 -0.4902746008784536 0.3358815562859546
 -0.4779406326000031 0.3702816736401257
 -0.4632889344882837 0.4027269632431030
 -0.4464931275942401 0.4331370006583187
 -0.4276741369042900 0.4613674863368453
 -0.4069137752913496 0.4873517151081185
 -0.3843279401323744 0.5111050175882055
 -0.3600679621220808 0.5325698641550884
 -0.3342521110421163 0.5515966832591390
 -0.3069550188814862 0.5681119671797150
 -0.2782748847093952 0.5821536901325215
 -0.2483571548697381 0.5936849743512500
 -0.2173330387349539 0.6025366056910966
 -0.1852846706580628 0.6086165805994916
 -0.1523010524539981 0.6119964467711033
 -0.1185271947083349 0.6126670279907149
 -8.411928109578137E-02 0.6104064740870103
 -4.918293476840799E-02 0.6050743403755239
 -1.380717537889040E-02 0.5968159004213907
 2.184900120621447E-02 0.5856752218683894
 5.755793595722883E-02 0.5712339448174133
 9.314338515775253E-02 0.5532330952391039
 0.1285942832219459 0.5327369110881597
 0.1633871772445701 0.5078217993956251
 0.1975064084311777 0.4802665126928572
 0.2305052505499769 0.4488604624479422
 0.2620919770195377 0.4137390643528552
 0.2919053433312724 0.3752492351732999
 0.3194594892138589 0.3333349463137219
 0.3442563652197336 0.2879020977573442
 0.3658260465634607 0.2392341182643162
 0.3836601936404826 0.1878237348153739
 0.3972230976268631 0.1340857115877482
 0.4060746727971148 7.847173517459932E-02
 0.4099368669715394 2.170270457594453E-02
 0.4086543513625585 -3.533342848351828E-02
 0.4021926986737572 -9.184301838439579E-02
 0.3907154700587934 -0.1471453634490661
 0.3745928783320253 -0.2005382441630786
 0.3542893415654811 -0.2513493566286106
 0.3302816831509701 -0.2991182137999384
 0.3030885448807882 -0.3435970564942282
 0.2732796748364176 -0.3845892058838968
 0.2413820739542027 -0.4219136817001409
 0.2078148779803483 -0.4555170879282952
 0.1729517057893518 -0.4854789014570439
 0.1371814108169006 -0.5118722779623877
 0.1008472637502736 -0.5347157315237625
 6.418223644032023E-02 -0.5540744241390794
 2.737537582842792E-02 -0.5700951922864137
 -9.341732059878455E-03 -0.5828993783795640
 -4.574465996706273E-02 -0.5925310373339946
 -8.170301962816609E-02 -0.5990495661524705
 -0.1171273137133472 -0.6025834681806297
 -0.1518610820919811 -0.6032428914409380
 -0.1857188951957329 -0.6010604102691217
 -0.2186020782158722 -0.5960735241062006
 -0.2504659591668912 -0.5883902683328839
 -0.2811850505872937 -0.5781129343641591
 -0.3105706848245949 -0.5652691610606193
 -0.3385218863308414 -0.5498868277603566
 -0.3650224422069204 -0.5320699644597828
 -0.3899676921984264 -0.5119260925044444
 -0.4131454878710601 -0.4894842354716857
 -0.4344350846345477 -0.4647695220214614
 -0.4538539437025874 -0.4378948038338203
 -0.4713216129469034 -0.4089810756520800
 -0.4865678726459479 -0.3780526714205359
 -0.4994182825591120 -0.3451308411298762
 -0.5099541434579630 -0.3103653148433214
 -0.5181341211082199 -0.2739158208422962
 -0.5234820756944926 -0.2357703376803487
 -0.5256856072702361 -0.1959520098784598
 -0.5256608401469711 -0.1550025394924237
 -0.5214801674944215 -0.1124134535513842
 -0.5146762047945648 -6.908768923480373E-02
 -0.5039771885093375 -2.480682854199415E-02
 -0.4893545287773462 2.010877805057926E-02
 -0.4709280420763950 6.517282523865039E-02
 -0.4484062760837346 0.1099925599823417
 -0.4214587130705578 0.1541837088161108
 -0.3900958471505990 0.1971975905578278
 -0.3544902226040268 0.2383476067058279
 -0.3147331813329350 0.2769624377209355
 -0.2709958525388054 0.3124351148884555
 -0.2237635269793664 0.3441643884571828
 -0.1737275290117517 0.3715717638887867
 -0.1215579622557506 0.3942306034602916
 -6.792611223341122E-02 0.4119422044470264
 -1.362522529046022E-02 0.4246760707938066
 4.053025728251083E-02 0.4324982484000739
 9.390313030988660E-02 0.4355914349133921
 0.1460195071491645 0.4342809077099367
 0.1964241848985295 0.4289617436882371
 0.2446969295794423 0.4199998489125840
 0.2905819310136393 0.4077315075794926
 0.3339612087684863 0.3925200215699528
 0.3747036907999869 0.3747387256756192
 0.4126537754276212 0.3546941580717679
 0.4477514086715164 0.3326206592985563
 0.4800292311811947 0.3087553670487719
 0.5094765355567994 0.2833595119105797
 0.5360192608455163 0.2566494810480400
 0.5596436522281691 0.2287678925123448
 0.5804162482016308 0.1998565049375267
 0.5983542096862212 0.1701058907826193
 0.6133930321000229 0.1396929239322764
 0.6255158535072218 0.1087218089980822
 0.6347938992992656 7.728525074467829E-02
 0.6412530127093745 4.554307020907074E-02
 0.6448227958667112 1.367247780148025E-02
 0.6454769052123276 -1.822513941935847E-02
 0.6432973269163156 -5.008372567273875E-02
 0.6383248470681645 -8.175888184680569E-02
 0.6304785266060140 -0.1130523702194109
 0.6197197552926105 -0.1438470585780303
 0.6061549961565855 -0.1741016429372829
 0.5898488076552384 -0.2036859523386350
 0.5706871537417293 -0.2323538026664744
 0.5486012173275200 -0.2599434992456477
 0.5237613188368534 -0.2864505855780692
 0.4962851199020054 -0.3117594010260933
 0.4659241397372637 -0.3354636071370646
 0.4325422221124836 -0.3572810853606441
 0.3970665569250252 -0.3777343715957360
   
   
 #BODY NUMBER  6
 -0.3970669229400784 0.3777351994314792
 -0.3580933635003479 0.3954092301319800
 -0.3171701768713728 0.4111797609959473
 -0.2734723256221041 0.4240546197467774
 -0.2272629463213652 0.4338488714747036
 -0.1790230999531404 0.4404231281494246
 -0.1289471945344346 0.4433286084001520
 -7.720276173470722E-02 0.4420869387939870
 -2.427022030595352E-02 0.4364328672112220
 2.916954596655644E-02 0.4261725227401332
 8.248948644872350E-02 0.4110493505268581
 0.1350783864749033 0.3909080686340097
 0.1861729035283228 0.3658683264120026
 0.2349263848487614 0.3362395813181075
 0.2806342998179426 0.3023888415503663
 0.3227889244307613 0.2647981061319921
 0.3609672256231823 0.2241390984142875
 0.3948191805715299 0.1811501681590603
 0.4241844077242753 0.1364745001021735
 0.4491076624432906 9.068513067098488E-02
 0.4697034901907580 4.437381519671912E-02
 0.4860786581226030 -1.912560440287314E-03
 0.4983964917753864 -4.778431640714931E-02
 0.5069126294281778 -9.295762817929293E-02
 0.5118848522984425 -0.1371323173582751
 0.5135008290828497 -0.1800203606726861
 0.5119334770261460 -0.2214525802813764
 0.5074044828434634 -0.2613386755750184
 0.5001347242073340 -0.2995387590530213
 0.4902745663480152 -0.3358804991393354
 0.4779406413596219 -0.3702806751842416
 0.4632889835200856 -0.4027260319294768
 0.4464932123934836 -0.4331361447579249
 0.4276742516113433 -0.4613667137906149
 0.4069139127071384 -0.4873510331881635
 0.3843280918017562 -0.5111044324358827
 0.3600681187024316 -0.5325693805023706
 0.3342522627752950 -0.5515963043871701
 0.3069551558877568 -0.5681116948568914
 0.2782749972218664 -0.5821535244344198
 0.2483572336776086 -0.5936849136077901
 0.2173330756888810 -0.6025366467264077
 0.1852846588810139 -0.6086167190477200
 0.1523009863428121 -0.6119966772119689
 0.1185270701086883 -0.6126673440274263
 8.411909556900668E-02 -0.6104068686609907
 4.918268746915119E-02 -0.6050748062859956
 1.380686658787764E-02 -0.5968164307116445
 -2.184937024857286E-02 -0.5856758099539827
 -5.755836285308277E-02 -0.5712345846740994
 -9.314386675037500E-02 -0.5532337820057949
 -0.1285948171412031 -0.5327376419843656
 -0.1633877564349681 -0.5078225647839065
 -0.1975070301088178 -0.4802673109913861
 -0.2305059104818075 -0.4488612910941408
 -0.2620926709396207 -0.4137399205905533
 -0.2919060674150408 -0.3752501164983726
 -0.3194602398317176 -0.3333358504136302
 -0.3442571388095353 -0.2879030223015671
 -0.3658268398984220 -0.2392350609460117
 -0.3836610040711349 -0.1878246935461708
 -0.3972239229897153 -0.1340866844537023
 -0.4060755112188150 -7.847272012752626E-02
 -0.4099377168770528 -2.170369925416418E-02
 -0.4086552116037053 3.533242663921324E-02
 -0.4021935685125359 9.184201204041376E-02
 -0.3907163489996937 0.1471443555512987
 -0.3745937660197045 0.2005372381161212
 -0.3542902378113341 0.2513483561967703
 -0.3302825879194019 0.2991172229273917
 -0.3030894581282296 0.3435960793746437
 -0.2732805963185738 0.3845882471530518
 -0.2413830031337396 0.4219127463917691
 -0.2078158139766283 0.4555161812381013
 -0.1729526472352730 0.4854780286736156
 -0.1371823556371252 0.5118714445820339
 -0.1008482090004416 0.5347149431864620
 -6.418317825578815E-02 0.5540736862930279
 -2.737630938238597E-02 0.5700945099240539
 9.340812654315550E-03 0.5828987560047859
 4.574376171645411E-02 0.5925304788564482
 8.170215056019645E-02 0.5990490745105809
 0.1171264826561871 0.6025830449866028
 0.1518602984608753 0.6032425369290402
 0.1857181687975452 0.6010601233352287
 0.2186014189479736 0.5960733021517871
 0.2504653765754236 0.5883901071062601
 0.2811845534415781 0.5781128281403618
 0.3105702808452556 0.5652691030294221
 0.3385215819892227 0.5498868102498555
 0.3650222424519193 0.5320699790493904
 0.3899676001891117 0.5119261303823323
 0.4131455049317184 0.4894842879923810
 0.4344352104227550 0.4647695810463520
 0.4538541763258241 0.4378948618002865
 0.4713219489425473 0.4089811257639763
 0.4865683071204260 0.3780527080366262
 0.4994188096990447 0.3451308599176733
 0.5099547570983005 0.3103653125675868
 0.5181348149264624 0.2739157952850353
 0.5234828432745644 0.2357702879060375
 0.5256864428239482 0.1959519361903600
 0.5256617400812815 0.1550024425528864
 0.5214811199353160 0.1124133346519266
 0.5146772069801907 6.908754999543883E-02
 0.5039782361039116 2.480667134736339E-02
 0.4893556172609859 -2.010895088415033E-02
 0.4709291673681812 -6.517301165105198E-02
 0.4484074343661522 -0.1099927579865217
 0.4214599005442426 -0.1541839164924199
 0.3900970602043756 -0.1971978062652103
 0.3544914581045785 -0.2383478291939624
 0.3147344365409918 -0.2769626660731558
 0.2709971247439117 -0.3124353485064835
 0.2237648133487300 -0.3441646271578385
 0.1737288267549440 -0.3715720079573208
 0.1215592686945934 -0.3942308535907801
 6.792742456893240E-02 -0.4119424616832907
 1.362654039652225E-02 -0.4246763365304088
 -4.052894276019579E-02 -0.4324985243558306
 -9.390181980487346E-02 -0.4355917230295653
 -0.1460182043150611 -0.4342812100456286
 -0.1964228938721843 -0.4289620623497709
 -0.2446956549888635 -0.4200001859514818
 -0.2905806777987581 -0.4077318648309520
 -0.3339599821929048 -0.3925204004943227
 -0.3747024966613173 -0.3747391272237588
 -0.4126526200824081 -0.3546945825137758
 -0.4477502987703578 -0.3326211060116515
 -0.4800281734610775 -0.3087558343490355
 -0.5094755368616495 -0.2833599969517646
 -0.5360183280644694 -0.2566499797171128
 -0.5596427919198184 -0.2287683993263394
 -0.5804154661762727 -0.1998570130571259
 -0.5983535108543588 -0.1701063921711153
 -0.6133924204088885 -0.1396934095446138
 -0.6255153316551120 -0.1087222689636235
 -0.6347934683771798 -7.728567467037735E-02
 -0.6412526721440097 -4.554344763799118E-02
 -0.6448225436205506 -1.367279864225207E-02
 -0.6454767378769796 1.822488460703575E-02
 -0.6432972396737857 5.008354538502957E-02
 -0.6383248338667203 8.175878322545785E-02
 -0.6304785806205995 0.1130523587340267
 -0.6197198693037689 0.1438471380013679
 -0.6061551626686362 0.1741018154116824
 -0.5898490190512355 0.2036862182634499
 -0.5706874026894326 0.2323541606243646
 -0.5486014971681960 0.2599439463683223
 -0.5237616236861782 0.2864511181440577
 -0.4962854446778896 0.3117600146689474
 -0.4659244804214817 0.3354642967680619
 -0.4325425760735732 0.3572818458154349
 -0.3970669229400784 0.3777351994314792
 -0.3580933635003479 0.3954092301319800
 -0.3171701768713728 0.4111797609959473
 -0.2734723256221041 0.4240546197467774
 -0.2272629463213652 0.4338488714747036
 -0.1790230999531404 0.4404231281494246
 -0.1289471945344346 0.4433286084001520
 -7.720276173470722E-02 0.4420869387939870
 -2.427022030595352E-02 0.4364328672112220
 2.916954596655644E-02 0.4261725227401332
 8.248948644872350E-02 0.4110493505268581
 0.1350783864749033 0.3909080686340097
 0.1861729035283228 0.3658683264120026
 0.2349263848487614 0.3362395813181075
 0.2806342998179426 0.3023888415503663
 0.3227889244307613 0.2647981061319921
 0.3609672256231823 0.2241390984142875
 0.3948191805715299 0.1811501681590603
 0.4241844077242753 0.1364745001021735
 0.4491076624432906 9.068513067098488E-02
 0.4697034901907580 4.437381519671912E-02
 0.4860786581226030 -1.912560440287314E-03
 0.4983964917753864 -4.778431640714931E-02
 0.5069126294281778 -9.295762817929293E-02
 0.5118848522984425 -0.1371323173582751
 0.5135008290828497 -0.1800203606726861
 0.5119334770261460 -0.2214525802813764
 0.5074044828434634 -0.2613386755750184
 0.5001347242073340 -0.2995387590530213
 0.4902745663480152 -0.3358804991393354
 0.4779406413596219 -0.3702806751842416
 0.4632889835200856 -0.4027260319294768
 0.4464932123934836 -0.4331361447579249
 0.4276742516113433 -0.4613667137906149
 0.4069139127071384 -0.4873510331881635
 0.3843280918017562 -0.5111044324358827
 0.3600681187024316 -0.5325693805023706
 0.3342522627752950 -0.5515963043871701
 0.3069551558877568 -0.5681116948568914
 0.2782749972218664 -0.5821535244344198
 0.2483572336776086 -0.5936849136077901
 0.2173330756888810 -0.6025366467264077
 0.1852846588810139 -0.6086167190477200
 0.1523009863428121 -0.6119966772119689
 0.1185270701086883 -0.6126673440274263
 8.411909556900668E-02 -0.6104068686609907
 4.918268746915119E-02 -0.6050748062859956
 1.380686658787764E-02 -0.5968164307116445
 -2.184937024857286E-02 -0.5856758099539827
 -5.755836285308277E-02 -0.5712345846740994
 -9.314386675037500E-02 -0.5532337820057949
 -0.1285948171412031 -0.5327376419843656
 -0.1633877564349681 -0.5078225647839065
 -0.1975070301088178 -0.4802673109913861
 -0.2305059104818075 -0.4488612910941408
 -0.2620926709396207 -0.4137399205905533
 -0.2919060674150408 -0.3752501164983726
 -0.3194602398317176 -0.3333358504136302
 -0.3442571388095353 -0.2879030223015671
 -0.3658268398984220 -0.2392350609460117
 -0.3836610040711349 -0.1878246935461708
 -0.3972239229897153 -0.1340866844537023
 -0.4060755112188150 -7.847272012752626E-02
 -0.4099377168770528 -2.170369925416418E-02
 -0.4086552116037053 3.533242663921324E-02
 -0.4021935685125359 9.184201204041376E-02
 -0.3907163489996937 0.1471443555512987
 -0.3745937660197045 0.2005372381161212
 -0.3542902378113341 0.2513483561967703
 -0.3302825879194019 0.2991172229273917
 -0.3030894581282296 0.3435960793746437
 -0.2732805963185738 0.3845882471530518
 -0.2413830031337396 0.4219127463917691
 -0.2078158139766283 0.4555161812381013
 -0.1729526472352730 0.4854780286736156
 -0.1371823556371252 0.5118714445820339
 -0.1008482090004416 0.5347149431864620
 -6.418317825578815E-02 0.5540736862930279
 -2.737630938238597E-02 0.5700945099240539
 9.340812654315550E-03 0.5828987560047859
 4.574376171645411E-02 0.5925304788564482
 8.170215056019645E-02 0.5990490745105809
 0.1171264826561871 0.6025830449866028
 0.1518602984608753 0.6032425369290402
 0.1857181687975452 0.6010601233352287
 0.2186014189479736 0.5960733021517871
 0.2504653765754236 0.5883901071062601
 0.2811845534415781 0.5781128281403618
 0.3105702808452556 0.5652691030294221
 0.3385215819892227 0.5498868102498555
 0.3650222424519193 0.5320699790493904
 0.3899676001891117 0.5119261303823323
 0.4131455049317184 0.4894842879923810
 0.4344352104227550 0.4647695810463520
 0.4538541763258241 0.4378948618002865
 0.4713219489425473 0.4089811257639763
 0.4865683071204260 0.3780527080366262
 0.4994188096990447 0.3451308599176733
 0.5099547570983005 0.3103653125675868
 0.5181348149264624 0.2739157952850353
 0.5234828432745644 0.2357702879060375
 0.5256864428239482 0.1959519361903600
 0.5256617400812815 0.1550024425528864
 0.5214811199353160 0.1124133346519266
 0.5146772069801907 6.908754999543883E-02
 0.5039782361039116 2.480667134736339E-02
 0.4893556172609859 -2.010895088415033E-02
 0.4709291673681812 -6.517301165105198E-02
 0.4484074343661522 -0.1099927579865217
 0.4214599005442426 -0.1541839164924199
 0.3900970602043756 -0.1971978062652103
 0.3544914581045785 -0.2383478291939624
 0.3147344365409918 -0.2769626660731558
 0.2709971247439117 -0.3124353485064835
 0.2237648133487300 -0.3441646271578385
 0.1737288267549440 -0.3715720079573208
 0.1215592686945934 -0.3942308535907801
 6.792742456893240E-02 -0.4119424616832907
 1.362654039652225E-02 -0.4246763365304088
 -4.052894276019579E-02 -0.4324985243558306
 -9.390181980487346E-02 -0.4355917230295653
 -0.1460182043150611 -0.4342812100456286
 -0.1964228938721843 -0.4289620623497709
 -0.2446956549888635 -0.4200001859514818
 -0.2905806777987581 -0.4077318648309520
 -0.3339599821929048 -0.3925204004943227
 -0.3747024966613173 -0.3747391272237588
 -0.4126526200824081 -0.3546945825137758
 -0.4477502987703578 -0.3326211060116515
 -0.4800281734610775 -0.3087558343490355
 -0.5094755368616495 -0.2833599969517646
 -0.5360183280644694 -0.2566499797171128
 -0.5596427919198184 -0.2287683993263394
 -0.5804154661762727 -0.1998570130571259
 -0.5983535108543588 -0.1701063921711153
 -0.6133924204088885 -0.1396934095446138
 -0.6255153316551120 -0.1087222689636235
 -0.6347934683771798 -7.728567467037735E-02
 -0.6412526721440097 -4.554344763799118E-02
 -0.6448225436205506 -1.367279864225207E-02
 -0.6454767378769796 1.822488460703575E-02
 -0.6432972396737857 5.008354538502957E-02
 -0.6383248338667203 8.175878322545785E-02
 -0.6304785806205995 0.1130523587340267
 -0.6197198693037689 0.1438471380013679
 -0.6061551626686362 0.1741018154116824
 -0.5898490190512355 0.2036862182634499
 -0.5706874026894326 0.2323541606243646
 -0.5486014971681960 0.2599439463683223
 -0.5237616236861782 0.2864511181440577
 -0.4962854446778896 0.3117600146689474
 -0.4659244804214817 0.3354642967680619
 -0.4325425760735732 0.3572818458154349
 -0.3970669229400784 0.3777351994314792
   
   
