 # action(x) =  167.2569084997579
 # |grad_action(x)| =  1.327897030397893E-11
 # PRINTSTEPS = 50
 #
 #BODY NUMBER  1
 0.6568998980000913 0.5054043779851831
 0.6818291916400188 0.4696737461360176
 0.7294391739623153 0.4165672124986852
 0.7839832267428792 0.3134675866352264
 0.8203233807566594 0.1632843335699768
 0.8434288469826218 3.143160171686901E-02
 0.8662439671024804 -2.947177838652169E-02
 0.8746975401927860 -4.879692996783668E-02
 0.8531326384968247 -8.203444575813523E-02
 0.8216841069060800 -0.1231468216907781
 0.8047967193987398 -0.1337434863611573
 0.7819347844407167 -0.1253982216954279
 0.7198290466173393 -0.1374204694470597
 0.6379508656724149 -0.1548582504872936
 0.5786915208705650 -0.1327364252394215
 0.5145120942351792 -9.103856059290416E-02
 0.3589394576879392 -9.139739025959855E-02
 9.509874066187804E-02 -0.1157558600444100
 -0.1711579602016409 -7.612373561316586E-02
 -0.3263023674371386 2.451206132153576E-02
 -0.3636389341914709 5.584389367069034E-02
 -0.3361212911436701 -4.578427357185394E-02
 -0.2502659947085075 -0.1467520424301917
 -8.464962375867224E-02 -8.189526695120233E-02
 0.1099644501370665 0.1182267548006522
 0.2153774841540306 0.2829808969373235
 0.1692617324013425 0.3405751161394945
 3.154919176197941E-02 0.3672969075534560
 -8.573930187797085E-02 0.4059275874045283
 -0.1104492721184588 0.3785210309846854
 -2.610433520887167E-02 0.2276167307443021
 0.1437409435786099 3.272243383309069E-02
 0.3340410502656906 -8.597568817680806E-02
 0.4637998043343755 -0.1042847955269190
 0.5031124617534505 -6.579395238521257E-02
 0.4941503144496130 1.568237220080312E-02
 0.4847328827061654 0.1401014302054059
 0.4742390030010952 0.2473551944106790
 0.4504521312416156 0.2483897674737003
 0.4336690353097024 0.1282197483774858
 0.4316623457053749 -3.616147149654374E-02
 0.3824127122721750 -0.1521515470334705
 0.2115921245217573 -0.1681094304771617
 -5.432031147160106E-02 -8.749008485143639E-02
 -0.2937505370398957 1.522911239967867E-02
 -0.4232620421295978 2.548183565690056E-02
 -0.4764967281316709 -8.876035549661090E-02
 -0.5323256458869443 -0.2082767782413904
 -0.6109462092719563 -0.2060732318079338
 -0.6721666181514477 -0.1468589698206779
 -0.6837848266205268 -0.2291088058778696
 -0.6568998980000913 -0.5054043779851831
 -0.6818291916400188 -0.4696737461360176
 -0.7294391739623153 -0.4165672124986852
 -0.7839832267428792 -0.3134675866352264
 -0.8203233807566594 -0.1632843335699768
 -0.8434288469826218 -3.143160171686901E-02
 -0.8662439671024804 2.947177838652169E-02
 -0.8746975401927860 4.879692996783668E-02
 -0.8531326384968247 8.203444575813523E-02
 -0.8216841069060800 0.1231468216907781
 -0.8047967193987398 0.1337434863611573
 -0.7819347844407167 0.1253982216954279
 -0.7198290466173393 0.1374204694470597
 -0.6379508656724149 0.1548582504872936
 -0.5786915208705650 0.1327364252394215
 -0.5145120942351792 9.103856059290416E-02
 -0.3589394576879392 9.139739025959855E-02
 -9.509874066187804E-02 0.1157558600444100
 0.1711579602016409 7.612373561316586E-02
 0.3263023674371386 -2.451206132153576E-02
 0.3636389341914709 -5.584389367069034E-02
 0.3361212911436701 4.578427357185394E-02
 0.2502659947085075 0.1467520424301917
 8.464962375867224E-02 8.189526695120233E-02
 -0.1099644501370665 -0.1182267548006522
 -0.2153774841540306 -0.2829808969373235
 -0.1692617324013425 -0.3405751161394945
 -3.154919176197941E-02 -0.3672969075534560
 8.573930187797085E-02 -0.4059275874045283
 0.1104492721184588 -0.3785210309846854
 2.610433520887167E-02 -0.2276167307443021
 -0.1437409435786099 -3.272243383309069E-02
 -0.3340410502656906 8.597568817680806E-02
 -0.4637998043343755 0.1042847955269190
 -0.5031124617534505 6.579395238521257E-02
 -0.4941503144496130 -1.568237220080312E-02
 -0.4847328827061654 -0.1401014302054059
 -0.4742390030010952 -0.2473551944106790
 -0.4504521312416156 -0.2483897674737003
 -0.4336690353097024 -0.1282197483774858
 -0.4316623457053749 3.616147149654374E-02
 -0.3824127122721750 0.1521515470334705
 -0.2115921245217573 0.1681094304771617
 5.432031147160106E-02 8.749008485143639E-02
 0.2937505370398957 -1.522911239967867E-02
 0.4232620421295978 -2.548183565690056E-02
 0.4764967281316709 8.876035549661090E-02
 0.5323256458869443 0.2082767782413904
 0.6109462092719563 0.2060732318079338
 0.6721666181514477 0.1468589698206779
 0.6837848266205268 0.2291088058778696
 0.6568998980000913 0.5054043779851831
   
   
 #BODY NUMBER  2
 0.1092430815189829 -0.8215941884040916
 6.583479982437269E-02 -0.8253182740700875
 -3.961798573637651E-03 -0.8399964614162575
 -0.1205207200823456 -0.8356831838178547
 -0.2687533094667286 -0.7920630538386021
 -0.3944938579228784 -0.7461466086300144
 -0.4586452923286835 -0.7354533921925095
 -0.4796081510752391 -0.7331118254508048
 -0.4976102332603428 -0.6978173148568386
 -0.5174903294325744 -0.6500258996212139
 -0.5182236164788375 -0.6301026607011149
 -0.4995654377979998 -0.6144762765806637
 -0.4789241408498137 -0.5546800060290267
 -0.4530866117438240 -0.4750525307949461
 -0.4042988767001607 -0.4347933454088579
 -0.3360977533150181 -0.4000612638655522
 -0.2586221906483868 -0.2651519936485713
 -0.1477968857663184 -2.447999525889472E-02
 1.965389122884473E-02 0.1862890094011255
 0.1843792515221382 0.2703301088547954
 0.2301816976607879 0.2869986079795637
 0.1284103015647910 0.3139817136691687
 -1.957999447545888E-03 0.2901127303360431
 -2.859856975011472E-02 0.1142563580714045
 4.740514799582465E-02 -0.1543453847322135
 0.1373799034564128 -0.3280128211492323
 0.2103158362729672 -0.3168725182178725
 0.3023138567917689 -0.2109708553114679
 0.3944132537282364 -0.1287113801731974
 0.3830334647586451 -9.360864000825506E-02
 0.2101740387553661 -9.120134793236087E-02
 -4.353201281619008E-02 -0.1408445256195636
 -0.2414776552018072 -0.2463001913485150
 -0.3222131843219617 -0.3495200150603578
 -0.3085354650576990 -0.4028111966464040
 -0.2334938245073035 -0.4357879117018298
 -0.1210350436886631 -0.4898417055758986
 -2.290361938285494E-02 -0.5343806212696861
 -1.011421694846783E-02 -0.5142978725809246
 -0.1057929582930936 -0.4396782756016285
 -0.2471479258069142 -0.3557498214897554
 -0.3229734610921678 -0.2551033500410685
 -0.2513830996698264 -9.918943983797170E-02
 -4.860848032479105E-02 9.078781210161795E-02
 0.1600640667351667 0.2467808712520427
 0.2336989380787441 0.3538147631134720
 0.1613796413568427 0.4570384491305118
 8.578984196806069E-02 0.5651459215447600
 0.1270084508503591 0.6321315534792971
 0.2088997104374164 0.6555428518053800
 0.1434783671893231 0.7067294335146624
 -0.1092430815189829 0.8215941884040916
 -6.583479982437269E-02 0.8253182740700875
 3.961798573637651E-03 0.8399964614162575
 0.1205207200823456 0.8356831838178547
 0.2687533094667286 0.7920630538386021
 0.3944938579228784 0.7461466086300144
 0.4586452923286835 0.7354533921925095
 0.4796081510752391 0.7331118254508048
 0.4976102332603428 0.6978173148568386
 0.5174903294325744 0.6500258996212139
 0.5182236164788375 0.6301026607011149
 0.4995654377979998 0.6144762765806637
 0.4789241408498137 0.5546800060290267
 0.4530866117438240 0.4750525307949461
 0.4042988767001607 0.4347933454088579
 0.3360977533150181 0.4000612638655522
 0.2586221906483868 0.2651519936485713
 0.1477968857663184 2.447999525889472E-02
 -1.965389122884473E-02 -0.1862890094011255
 -0.1843792515221382 -0.2703301088547954
 -0.2301816976607879 -0.2869986079795637
 -0.1284103015647910 -0.3139817136691687
 1.957999447545888E-03 -0.2901127303360431
 2.859856975011472E-02 -0.1142563580714045
 -4.740514799582465E-02 0.1543453847322135
 -0.1373799034564128 0.3280128211492323
 -0.2103158362729672 0.3168725182178725
 -0.3023138567917689 0.2109708553114679
 -0.3944132537282364 0.1287113801731974
 -0.3830334647586451 9.360864000825506E-02
 -0.2101740387553661 9.120134793236087E-02
 4.353201281619008E-02 0.1408445256195636
 0.2414776552018072 0.2463001913485150
 0.3222131843219617 0.3495200150603578
 0.3085354650576990 0.4028111966464040
 0.2334938245073035 0.4357879117018298
 0.1210350436886631 0.4898417055758986
 2.290361938285494E-02 0.5343806212696861
 1.011421694846783E-02 0.5142978725809246
 0.1057929582930936 0.4396782756016285
 0.2471479258069142 0.3557498214897554
 0.3229734610921678 0.2551033500410685
 0.2513830996698264 9.918943983797170E-02
 4.860848032479105E-02 -9.078781210161795E-02
 -0.1600640667351667 -0.2467808712520427
 -0.2336989380787441 -0.3538147631134720
 -0.1613796413568427 -0.4570384491305118
 -8.578984196806069E-02 -0.5651459215447600
 -0.1270084508503591 -0.6321315534792971
 -0.2088997104374164 -0.6555428518053800
 -0.1434783671893231 -0.7067294335146624
 0.1092430815189829 -0.8215941884040916
   
   
 #BODY NUMBER  3
 -0.7661429795190813 0.3161898104189085
 -0.7476639914643991 0.3556445279340698
 -0.7254773753886844 0.4234292489175720
 -0.6634625066605400 0.5222155971826291
 -0.5515700712899363 0.6287787202686259
 -0.4489349890597482 0.7147150069131458
 -0.4075986747738017 0.7649251705790315
 -0.3950893891175519 0.7819087554186426
 -0.3555224052364871 0.7798517606149746
 -0.3041937774735105 0.7731727213119921
 -0.2865731029199070 0.7638461470622719
 -0.2823693466427217 0.7398744982760918
 -0.2409049057675297 0.6921004754760863
 -0.1848642539285951 0.6299107812822395
 -0.1743926441704076 0.5675297706482790
 -0.1784143409201638 0.4910998244584561
 -0.1003172670395548 0.3565493839081696
 5.269814510443804E-02 0.1402358553033042
 0.1515040689727939 -0.1101652737879604
 0.1419231159149989 -0.2948421701763317
 0.1334572365306820 -0.3428425016502545
 0.2077109895788785 -0.2681974400973147
 0.2522239941560525 -0.1433606879058514
 0.1132481935087857 -3.236109112020211E-02
 -0.1573695981328919 3.611862993156149E-02
 -0.3527573876104430 4.503192421190898E-02
 -0.3795775686743084 -2.370259792162184E-02
 -0.3338630485537469 -0.1563260522419881
 -0.3086739518502647 -0.2772162072313307
 -0.2725841926401855 -0.2849123909764298
 -0.1840697035464930 -0.1364153828119411
 -0.1002089307624177 0.1081220917864729
 -9.256339506388142E-02 0.3322758795253230
 -0.1415866200124116 0.4538048105872767
 -0.1945769966957486 0.4686051490316167
 -0.2606564899423069 0.4201055395010267
 -0.3636978390174996 0.3497402753704931
 -0.4513353836182376 0.2870254268590076
 -0.4403379142931453 0.2659081051072247
 -0.3278760770166050 0.3114585272241429
 -0.1845144198984563 0.3919112929862991
 -5.943925118000216E-02 0.4072548970745389
 3.979097514807402E-02 0.2672988703151336
 0.1029287917963971 -3.297727250181768E-03
 0.1336864703047341 -0.2620099836517214
 0.1895631040508593 -0.3792965987703728
 0.3151170867748346 -0.3682780936339007
 0.4465358039188903 -0.3568691433033703
 0.4839377584216039 -0.4260583216713640
 0.4632669077140384 -0.5086838819847027
 0.5403064594312099 -0.4776206276367931
 0.7661429795190813 -0.3161898104189085
 0.7476639914643991 -0.3556445279340698
 0.7254773753886844 -0.4234292489175720
 0.6634625066605400 -0.5222155971826291
 0.5515700712899363 -0.6287787202686259
 0.4489349890597482 -0.7147150069131458
 0.4075986747738017 -0.7649251705790315
 0.3950893891175519 -0.7819087554186426
 0.3555224052364871 -0.7798517606149746
 0.3041937774735105 -0.7731727213119921
 0.2865731029199070 -0.7638461470622719
 0.2823693466427217 -0.7398744982760918
 0.2409049057675297 -0.6921004754760863
 0.1848642539285951 -0.6299107812822395
 0.1743926441704076 -0.5675297706482790
 0.1784143409201638 -0.4910998244584561
 0.1003172670395548 -0.3565493839081696
 -5.269814510443804E-02 -0.1402358553033042
 -0.1515040689727939 0.1101652737879604
 -0.1419231159149989 0.2948421701763317
 -0.1334572365306820 0.3428425016502545
 -0.2077109895788785 0.2681974400973147
 -0.2522239941560525 0.1433606879058514
 -0.1132481935087857 3.236109112020211E-02
 0.1573695981328919 -3.611862993156149E-02
 0.3527573876104430 -4.503192421190898E-02
 0.3795775686743084 2.370259792162184E-02
 0.3338630485537469 0.1563260522419881
 0.3086739518502647 0.2772162072313307
 0.2725841926401855 0.2849123909764298
 0.1840697035464930 0.1364153828119411
 0.1002089307624177 -0.1081220917864729
 9.256339506388142E-02 -0.3322758795253230
 0.1415866200124116 -0.4538048105872767
 0.1945769966957486 -0.4686051490316167
 0.2606564899423069 -0.4201055395010267
 0.3636978390174996 -0.3497402753704931
 0.4513353836182376 -0.2870254268590076
 0.4403379142931453 -0.2659081051072247
 0.3278760770166050 -0.3114585272241429
 0.1845144198984563 -0.3919112929862991
 5.943925118000216E-02 -0.4072548970745389
 -3.979097514807402E-02 -0.2672988703151336
 -0.1029287917963971 3.297727250181768E-03
 -0.1336864703047341 0.2620099836517214
 -0.1895631040508593 0.3792965987703728
 -0.3151170867748346 0.3682780936339007
 -0.4465358039188903 0.3568691433033703
 -0.4839377584216039 0.4260583216713640
 -0.4632669077140384 0.5086838819847027
 -0.5403064594312099 0.4776206276367931
 -0.7661429795190813 0.3161898104189085
   
   
 #BODY NUMBER  4
 -0.5054043779851796 -0.6568998980000913
 -0.4696737461360147 -0.6818291916400191
 -0.4165672124986824 -0.7294391739623153
 -0.3134675866352233 -0.7839832267428790
 -0.1632843335699737 -0.8203233807566591
 -3.143160171686604E-02 -0.8434288469826217
 2.947177838652412E-02 -0.8662439671024803
 4.879692996783890E-02 -0.8746975401927860
 8.203444575813745E-02 -0.8531326384968251
 0.1231468216907803 -0.8216841069060800
 0.1337434863611593 -0.8047967193987398
 0.1253982216954295 -0.7819347844407172
 0.1374204694470611 -0.7198290466173392
 0.1548582504872950 -0.6379508656724147
 0.1327364252394230 -0.5786915208705649
 9.103856059290538E-02 -0.5145120942351791
 9.139739025959957E-02 -0.3589394576879392
 0.1157558600444108 -9.509874066187804E-02
 7.612373561316679E-02 0.1711579602016408
 -2.451206132153482E-02 0.3263023674371388
 -5.584389367068966E-02 0.3636389341914711
 4.578427357185447E-02 0.3361212911436702
 0.1467520424301922 0.2502659947085075
 8.189526695120275E-02 8.464962375867241E-02
 -0.1182267548006521 -0.1099644501370663
 -0.2829808969373235 -0.2153774841540305
 -0.3405751161394946 -0.1692617324013426
 -0.3672969075534561 -3.154919176197973E-02
 -0.4059275874045283 8.573930187797060E-02
 -0.3785210309846856 0.1104492721184588
 -0.2276167307443028 2.610433520887186E-02
 -3.272243383309147E-02 -0.1437409435786096
 8.597568817680726E-02 -0.3340410502656905
 0.1042847955269182 -0.4637998043343756
 6.579395238521146E-02 -0.5031124617534508
 -1.568237220080436E-02 -0.4941503144496132
 -0.1401014302054074 -0.4847328827061655
 -0.2473551944106806 -0.4742390030010955
 -0.2483897674737017 -0.4504521312416158
 -0.1282197483774875 -0.4336690353097022
 3.616147149654183E-02 -0.4316623457053746
 0.1521515470334681 -0.3824127122721746
 0.1681094304771593 -0.2115921245217569
 8.749008485143397E-02 5.432031147160117E-02
 -1.522911239968104E-02 0.2937505370398955
 -2.548183565690315E-02 0.4232620421295978
 8.876035549660820E-02 0.4764967281316709
 0.2082767782413875 0.5323256458869444
 0.2060732318079307 0.6109462092719564
 0.1468589698206745 0.6721666181514481
 0.2291088058778662 0.6837848266205269
 0.5054043779851796 0.6568998980000913
 0.4696737461360147 0.6818291916400191
 0.4165672124986824 0.7294391739623153
 0.3134675866352233 0.7839832267428790
 0.1632843335699737 0.8203233807566591
 3.143160171686604E-02 0.8434288469826217
 -2.947177838652412E-02 0.8662439671024803
 -4.879692996783890E-02 0.8746975401927860
 -8.203444575813745E-02 0.8531326384968251
 -0.1231468216907803 0.8216841069060800
 -0.1337434863611593 0.8047967193987398
 -0.1253982216954295 0.7819347844407172
 -0.1374204694470611 0.7198290466173392
 -0.1548582504872950 0.6379508656724147
 -0.1327364252394230 0.5786915208705649
 -9.103856059290538E-02 0.5145120942351791
 -9.139739025959957E-02 0.3589394576879392
 -0.1157558600444108 9.509874066187804E-02
 -7.612373561316679E-02 -0.1711579602016408
 2.451206132153482E-02 -0.3263023674371388
 5.584389367068966E-02 -0.3636389341914711
 -4.578427357185447E-02 -0.3361212911436702
 -0.1467520424301922 -0.2502659947085075
 -8.189526695120275E-02 -8.464962375867241E-02
 0.1182267548006521 0.1099644501370663
 0.2829808969373235 0.2153774841540305
 0.3405751161394946 0.1692617324013426
 0.3672969075534561 3.154919176197973E-02
 0.4059275874045283 -8.573930187797060E-02
 0.3785210309846856 -0.1104492721184588
 0.2276167307443028 -2.610433520887186E-02
 3.272243383309147E-02 0.1437409435786096
 -8.597568817680726E-02 0.3340410502656905
 -0.1042847955269182 0.4637998043343756
 -6.579395238521146E-02 0.5031124617534508
 1.568237220080436E-02 0.4941503144496132
 0.1401014302054074 0.4847328827061655
 0.2473551944106806 0.4742390030010955
 0.2483897674737017 0.4504521312416158
 0.1282197483774875 0.4336690353097022
 -3.616147149654183E-02 0.4316623457053746
 -0.1521515470334681 0.3824127122721746
 -0.1681094304771593 0.2115921245217569
 -8.749008485143397E-02 -5.432031147160117E-02
 1.522911239968104E-02 -0.2937505370398955
 2.548183565690315E-02 -0.4232620421295978
 -8.876035549660820E-02 -0.4764967281316709
 -0.2082767782413875 -0.5323256458869444
 -0.2060732318079307 -0.6109462092719564
 -0.1468589698206745 -0.6721666181514481
 -0.2291088058778662 -0.6837848266205269
 -0.5054043779851796 -0.6568998980000913
   
   
 #BODY NUMBER  5
 -0.3161898104189103 0.7661429795190742
 -0.3556445279340715 0.7476639914643922
 -0.4234292489175739 0.7254773753886780
 -0.5222155971826307 0.6634625066605334
 -0.6287787202686274 0.5515700712899303
 -0.7147150069131475 0.4489349890597429
 -0.7649251705790331 0.4075986747737966
 -0.7819087554186437 0.3950893891175467
 -0.7798517606149755 0.3555224052364819
 -0.7731727213119933 0.3041937774735057
 -0.7638461470622730 0.2865731029199028
 -0.7398744982760929 0.2823693466427182
 -0.6921004754760870 0.2409049057675261
 -0.6299107812822401 0.1848642539285915
 -0.5675297706482798 0.1743926441704042
 -0.4910998244584564 0.1784143409201606
 -0.3565493839081699 0.1003172670395522
 -0.1402358553033047 -5.269814510444032E-02
 0.1101652737879598 -0.1515040689727957
 0.2948421701763311 -0.1419231159150002
 0.3428425016502542 -0.1334572365306828
 0.2681974400973145 -0.2077109895788791
 0.1433606879058511 -0.2522239941560530
 3.236109112020167E-02 -0.1132481935087862
 -3.611862993156182E-02 0.1573695981328917
 -4.503192421190908E-02 0.3527573876104433
 2.370259792162205E-02 0.3795775686743094
 0.1563260522419885 0.3338630485537479
 0.2772162072313309 0.3086739518502656
 0.2849123909764300 0.2725841926401866
 0.1364153828119413 0.1840697035464946
 -0.1081220917864727 0.1002089307624196
 -0.3322758795253224 9.256339506388311E-02
 -0.4538048105872761 0.1415866200124135
 -0.4686051490316162 0.1945769966957511
 -0.4201055395010264 0.2606564899423098
 -0.3497402753704923 0.3636978390175027
 -0.2870254268590068 0.4513353836182412
 -0.2659081051072240 0.4403379142931491
 -0.3114585272241421 0.3278760770166094
 -0.3919112929862982 0.1845144198984609
 -0.4072548970745378 5.943925118000687E-02
 -0.2672988703151324 -3.979097514806924E-02
 3.297727250182594E-03 -0.1029287917963920
 0.2620099836517225 -0.1336864703047283
 0.3792965987703744 -0.1895631040508532
 0.3682780936339026 -0.3151170867748281
 0.3568691433033720 -0.4465358039188837
 0.4260583216713656 -0.4839377584215974
 0.5086838819847043 -0.4632669077140314
 0.4776206276367949 -0.5403064594312035
 0.3161898104189103 -0.7661429795190742
 0.3556445279340715 -0.7476639914643922
 0.4234292489175739 -0.7254773753886780
 0.5222155971826307 -0.6634625066605334
 0.6287787202686274 -0.5515700712899303
 0.7147150069131475 -0.4489349890597429
 0.7649251705790331 -0.4075986747737966
 0.7819087554186437 -0.3950893891175467
 0.7798517606149755 -0.3555224052364819
 0.7731727213119933 -0.3041937774735057
 0.7638461470622730 -0.2865731029199028
 0.7398744982760929 -0.2823693466427182
 0.6921004754760870 -0.2409049057675261
 0.6299107812822401 -0.1848642539285915
 0.5675297706482798 -0.1743926441704042
 0.4910998244584564 -0.1784143409201606
 0.3565493839081699 -0.1003172670395522
 0.1402358553033047 5.269814510444032E-02
 -0.1101652737879598 0.1515040689727957
 -0.2948421701763311 0.1419231159150002
 -0.3428425016502542 0.1334572365306828
 -0.2681974400973145 0.2077109895788791
 -0.1433606879058511 0.2522239941560530
 -3.236109112020167E-02 0.1132481935087862
 3.611862993156182E-02 -0.1573695981328917
 4.503192421190908E-02 -0.3527573876104433
 -2.370259792162205E-02 -0.3795775686743094
 -0.1563260522419885 -0.3338630485537479
 -0.2772162072313309 -0.3086739518502656
 -0.2849123909764300 -0.2725841926401866
 -0.1364153828119413 -0.1840697035464946
 0.1081220917864727 -0.1002089307624196
 0.3322758795253224 -9.256339506388311E-02
 0.4538048105872761 -0.1415866200124135
 0.4686051490316162 -0.1945769966957511
 0.4201055395010264 -0.2606564899423098
 0.3497402753704923 -0.3636978390175027
 0.2870254268590068 -0.4513353836182412
 0.2659081051072240 -0.4403379142931491
 0.3114585272241421 -0.3278760770166094
 0.3919112929862982 -0.1845144198984609
 0.4072548970745378 -5.943925118000687E-02
 0.2672988703151324 3.979097514806924E-02
 -3.297727250182594E-03 0.1029287917963920
 -0.2620099836517225 0.1336864703047283
 -0.3792965987703744 0.1895631040508532
 -0.3682780936339026 0.3151170867748281
 -0.3568691433033720 0.4465358039188837
 -0.4260583216713656 0.4839377584215974
 -0.5086838819847043 0.4632669077140314
 -0.4776206276367949 0.5403064594312035
 -0.3161898104189103 0.7661429795190742
   
   
 #BODY NUMBER  6
 0.8215941884040774 -0.1092430815189811
 0.8253182740700742 -6.583479982437093E-02
 0.8399964614162446 3.961798573639315E-03
 0.8356831838178425 0.1205207200823471
 0.7920630538385904 0.2687533094667301
 0.7461466086300031 0.3944938579228799
 0.7354533921924989 0.4586452923286848
 0.7331118254507948 0.4796081510752403
 0.6978173148568290 0.4976102332603438
 0.6500258996212048 0.5174903294325754
 0.6301026607011065 0.5182236164788386
 0.6144762765806557 0.4995654377980009
 0.5546800060290190 0.4789241408498147
 0.4750525307949388 0.4530866117438248
 0.4347933454088513 0.4042988767001614
 0.4000612638655457 0.3360977533150187
 0.2651519936485654 0.2586221906483875
 2.447999525888963E-02 0.1477968857663190
 -0.1862890094011299 -1.965389122884417E-02
 -0.2703301088547992 -0.1843792515221378
 -0.2869986079795672 -0.2301816976607877
 -0.3139817136691712 -0.1284103015647908
 -0.2901127303360450 1.957999447546207E-03
 -0.1142563580714059 2.859856975011497E-02
 0.1543453847322124 -4.740514799582457E-02
 0.3280128211492317 -0.1373799034564130
 0.3168725182178728 -0.2103158362729674
 0.2109708553114690 -0.3023138567917689
 0.1287113801731989 -0.3944132537282365
 9.360864000825689E-02 -0.3830334647586453
 9.120134793236341E-02 -0.2101740387553665
 0.1408445256195669 4.353201281618967E-02
 0.2463001913485185 0.2414776552018067
 0.3495200150603617 0.3222131843219613
 0.4028111966464089 0.3085354650576985
 0.4357879117018354 0.2334938245073028
 0.4898417055759047 0.1210350436886623
 0.5343806212696928 2.290361938285397E-02
 0.5142978725809316 1.011421694846679E-02
 0.4396782756016359 0.1057929582930927
 0.3557498214897630 0.2471479258069131
 0.2551033500410768 0.3229734610921667
 9.918943983798108E-02 0.2513830996698251
 -9.078781210160776E-02 4.860848032478973E-02
 -0.2467808712520317 -0.1600640667351680
 -0.3538147631134608 -0.2336989380787455
 -0.4570384491304998 -0.1613796413568441
 -0.5651459215447477 -8.578984196806215E-02
 -0.6321315534792842 -0.1270084508503605
 -0.6555428518053671 -0.2088997104374180
 -0.7067294335146489 -0.1434783671893248
 -0.8215941884040774 0.1092430815189811
 -0.8253182740700742 6.583479982437093E-02
 -0.8399964614162446 -3.961798573639315E-03
 -0.8356831838178425 -0.1205207200823471
 -0.7920630538385904 -0.2687533094667301
 -0.7461466086300031 -0.3944938579228799
 -0.7354533921924989 -0.4586452923286848
 -0.7331118254507948 -0.4796081510752403
 -0.6978173148568290 -0.4976102332603438
 -0.6500258996212048 -0.5174903294325754
 -0.6301026607011065 -0.5182236164788386
 -0.6144762765806557 -0.4995654377980009
 -0.5546800060290190 -0.4789241408498147
 -0.4750525307949388 -0.4530866117438248
 -0.4347933454088513 -0.4042988767001614
 -0.4000612638655457 -0.3360977533150187
 -0.2651519936485654 -0.2586221906483875
 -2.447999525888963E-02 -0.1477968857663190
 0.1862890094011299 1.965389122884417E-02
 0.2703301088547992 0.1843792515221378
 0.2869986079795672 0.2301816976607877
 0.3139817136691712 0.1284103015647908
 0.2901127303360450 -1.957999447546207E-03
 0.1142563580714059 -2.859856975011497E-02
 -0.1543453847322124 4.740514799582457E-02
 -0.3280128211492317 0.1373799034564130
 -0.3168725182178728 0.2103158362729674
 -0.2109708553114690 0.3023138567917689
 -0.1287113801731989 0.3944132537282365
 -9.360864000825689E-02 0.3830334647586453
 -9.120134793236341E-02 0.2101740387553665
 -0.1408445256195669 -4.353201281618967E-02
 -0.2463001913485185 -0.2414776552018067
 -0.3495200150603617 -0.3222131843219613
 -0.4028111966464089 -0.3085354650576985
 -0.4357879117018354 -0.2334938245073028
 -0.4898417055759047 -0.1210350436886623
 -0.5343806212696928 -2.290361938285397E-02
 -0.5142978725809316 -1.011421694846679E-02
 -0.4396782756016359 -0.1057929582930927
 -0.3557498214897630 -0.2471479258069131
 -0.2551033500410768 -0.3229734610921667
 -9.918943983798108E-02 -0.2513830996698251
 9.078781210160776E-02 -4.860848032478973E-02
 0.2467808712520317 0.1600640667351680
 0.3538147631134608 0.2336989380787455
 0.4570384491304998 0.1613796413568441
 0.5651459215447477 8.578984196806215E-02
 0.6321315534792842 0.1270084508503605
 0.6555428518053671 0.2088997104374180
 0.7067294335146489 0.1434783671893248
 0.8215941884040774 -0.1092430815189811
   
   
