 # action(x) =  27.34875178032470
 # |grad_action(x)| =  6.320645946026805E-04
 # PRINTSTEPS = 50
 #
 #BODY NUMBER  1
 2.434822652723379 -0.6605071655555166
 2.395896017079047 -0.6846124468084076
 2.355941040548137 -0.7082159009177680
 2.314453776191144 -0.7309982897882529
 2.271443472139483 -0.7529015866484017
 2.227022341482870 -0.7740114000240076
 2.181140720146947 -0.7943374335612484
 2.133675697756519 -0.8137535136715323
 2.084592829883375 -0.8321595631224062
 2.033924718731147 -0.8495920575773341
 1.981657017966651 -0.8661008994523176
 1.927713279643675 -0.8816165051217716
 1.872029483175293 -0.8960523478676816
 1.814584472017973 -0.9094655578642549
 1.755349688667191 -0.9219842560767610
 1.694237790247223 -0.9336352534633465
 1.631113787331633 -0.9444050739474470
 1.565843651703299 -0.9544468499414537
 1.498301944379395 -0.9640614850745869
 1.428303874787427 -0.9734965234845816
 1.355545375562752 -0.9829864429506174
 1.279660901860579 -0.9930533016787202
 1.200332782791159 -1.004598736954161
 1.117273404686027 -1.018728635668966
 1.030192648137558 -1.036892255535907
 0.9392215222152904 -1.061426474351381
 0.8458855975718247 -1.095477758431452
 0.7537172995288587 -1.141505776490675
 0.6673669065037576 -1.199361623645804
 0.5904365212339779 -1.265900885763808
 0.5238157435894399 -1.336658964335127
 0.4659610381019707 -1.407999253613444
 0.4145583583125182 -1.477977122594750
 0.3678051766573493 -1.545844768414619
 0.3244901428467321 -1.611313502422052
 0.2835930260221658 -1.674263914596507
 0.2442494072029098 -1.734718790059538
 0.2059393172546324 -1.792775927322640
 0.1683973571234916 -1.848527668991115
 0.1313433949050739 -1.902047086920523
 9.446170897319872E-02 -1.953388836878200
 5.758704942303661E-02 -2.002588001602481
 2.070979065611700E-02 -2.049696159188795
 -1.621830751589304E-02 -2.094795213565050
 -5.333156679814866E-02 -2.137927250837783
 -9.068914241283144E-02 -2.179064150011628
 -0.1282196175906848 -2.218224000965721
 -0.1658754112410866 -2.255542220033471
 -0.2037160257405921 -2.291098172525842
 -0.2417789281788739 -2.324765721766187
 -0.2799801504788728 -2.356514974917373
 -0.3182128806779723 -2.386960540248248
 -0.3565968321091679 -2.415220003511575
 -0.3950498162868057 -2.442275508702645
 -0.4335858448948976 -2.467592491011894
 -0.4721854388979382 -2.491275540535181
 -0.5108480157724623 -2.513528231577063
 -0.5495920111121719 -2.534326280046157
 -0.5884193527149111 -2.553560379812098
 -0.6273154507111153 -2.571244621277626
 -0.6662794230295925 -2.587454814179790
 -0.7053227201957246 -2.602171480846183
 -0.7444380344128694 -2.615304669452680
 -0.7835976292405210 -2.626822206877322
 -0.8227832535250050 -2.636749479707905
 -0.8619891464865881 -2.645063882670790
 -0.9011908457874082 -2.651680337341091
 -0.9403380501041527 -2.656541201907495
 -0.9793846736533577 -2.659643927692929
 -1.018298203367425 -2.660967509834781
 -1.057028906968291 -2.660438515321481
 -1.095496277971807 -2.657994510649431
 -1.133619206957237 -2.653627476491356
 -1.171333697985787 -2.647335276804683
 -1.208564350280309 -2.639076808311302
 -1.245204189538455 -2.628813002823065
 -1.281144554845902 -2.616558350178749
 -1.316302858847548 -2.602353129255933
 -1.350598092356879 -2.586211813673279
 -1.383922878923797 -2.568142101217888
 -1.416170850584518 -2.548197879202448
 -1.447274371054021 -2.526468865421324
 -1.477183856944351 -2.503024937694483
 -1.505827864314673 -2.477913116684221
 -1.533132731309862 -2.451208101706885
 -1.559069492522619 -2.423020549541552
 -1.583638274644593 -2.393444062287057
 -1.606813894409487 -2.362532914293471
 -1.628554865025657 -2.330348334917455
 -1.648863389210004 -2.296987938845708
 -1.667780522321204 -2.262541453795178
 -1.685314623719852 -2.227048605959994
 -1.701434991733854 -2.190535889610695
 -1.716152097372208 -2.153069779362411
 -1.729533524939962 -2.114728188658459
 -1.741606844369882 -2.075533263005098
 -1.752324166737697 -2.035467478300629
 -1.761678978459913 -1.994558869002595
 -1.769769028847056 -1.952885280542829
 -1.776641144185411 -1.910462436836563
 -1.782165836451138 -1.867199878233331
 -1.786281806352205 -1.823073690063403
 -1.789427311114421 -1.778364688190504
 -1.790839779222627 -1.732600592212206
 -1.791303481832939 -1.686196840474147
 -1.790289977175178 -1.638876621172228
 -1.787753636656868 -1.590676956808923
 -1.783824705980985 -1.541652222507665
 -1.778486756714449 -1.491754556095317
 -1.771569064136654 -1.440940600858867
 -1.762967736607852 -1.389230565664693
 -1.752730664081036 -1.336634447017625
 -1.740893890149584 -1.283114869420677
 -1.727358929652945 -1.228640418823152
 -1.712018837961750 -1.173198915129416
 -1.694912512986418 -1.116743471148210
 -1.676136631985368 -1.059185294872512
 -1.655670742491593 -1.000435339674033
 -1.633435679167227 -0.9403834393185186
 -1.609497044462983 -0.8788369557589231
 -1.584052709074442 -0.8155368038348818
 -1.557224657227195 -0.7501991781473686
 -1.529063918952314 -0.6824435097445521
 -1.499839837496073 -0.6116921984016069
 -1.470174418207644 -0.5372193144153321
 -1.440881580395000 -0.4582228335963477
 -1.413071358350221 -0.3737268763111353
 -1.388833052145293 -0.2826764608438416
 -1.371654366868382 -0.1848195369768546
 -1.365431650772036 -8.198544041845889E-02
 -1.372361087653297 2.172411714561387E-02
 -1.391520586361669 0.1216174161711688
 -1.419488491105138 0.2146917413168730
 -1.452343641189757 0.3004655306366468
 -1.487244913535541 0.3799704916475626
 -1.522643428083008 0.4543937575786222
 -1.557683497981742 0.5246400442281146
 -1.591751595691238 0.5915331924269565
 -1.624435244215219 0.6558332035327593
 -1.655559154981927 0.7180392832807851
 -1.685070599506484 0.7784274452964536
 -1.712892793919898 0.8372768268531759
 -1.738915210692057 0.8948881787834173
 -1.763085607413179 0.9514221530719009
 -1.785443839224948 1.006912874779143
 -1.806036716915435 1.061443073097676
 -1.824833527269472 1.115150117089715
 -1.841780339179599 1.168071176182751
 -1.856928527325329 1.220153446579920
 -1.870419156236792 1.271423430014707
 -1.882291207101186 1.321972339712279
 -1.892416708807347 1.371769554785772
 -1.900811757437458 1.420727410328780
 -1.908062025347025 1.469060708602674
 -1.913343462714781 1.516431917271381
 -1.917547725433651 1.563260931016072
 -1.920204860956576 1.609292601906268
 -1.921415186481307 1.654562355650310
 -1.921355293788881 1.699171474920357
 -1.919994934442401 1.743123783363198
 -1.917238482657261 1.786366297435558
 -1.913105436014964 1.828893427141124
 -1.907661888709246 1.870742313452360
 -1.900885247318304 1.911913133978932
 -1.892701265175650 1.952354584071239
 -1.883095947760603 1.992026556706212
 -1.872100406079945 2.030925939215019
 -1.859697943782312 2.069036439979246
 -1.845827111959371 2.106294334780425
 -1.830463141999860 2.142627240489068
 -1.813626869576420 2.177993971307404
 -1.795316360478227 2.212355867661633
 -1.775492885990812 2.245633143629778
 -1.754142630356092 2.277724861799599
 -1.731299203343289 2.308556769688614
 -1.706992753054671 2.338072377166802
 -1.681225383395788 2.366185833606633
 -1.654016747474401 2.392784962450648
 -1.625433724316144 2.417782905506032
 -1.595552490129793 2.441128279464025
 -1.564426084030048 2.462758165120498
 -1.532114860721140 2.482583420635448
 -1.498718671966692 2.500538872306433
 -1.464349033798304 2.516610804289590
 -1.429091253877209 2.530791215021327
 -1.393021775261873 2.543041742565084
 -1.356242120385462 2.553335943541205
 -1.318862603533406 2.561704061560676
 -1.280964223155319 2.568193007391105
 -1.242606573850287 2.572808108859158
 -1.203863425192455 2.575544052027683
 -1.164818212621838 2.576451551848825
 -1.125528114941398 2.575611027164632
 -1.086023356364149 2.573049580490800
 -1.046342232437479 2.568753870534632
 -1.006537076362300 2.562766202763483
 -0.9666415710072964 2.555184063624084
 -0.9266611099770823 2.546042402131718
 -0.8866044614165467 2.535290983210558
 -0.8464991606698495 2.522938183160602
 -0.8063637492032620 2.509107578083880
 -0.7661884311836818 2.493847582691499
 -0.7259596102677062 2.477000827240094
 -0.6856872253898428 2.458502267650667
 -0.6453953416089578 2.438871853746020
 -0.6050562378564196 2.417213039020614
 -0.5646375587151983 2.394412741391915
 -0.5241637990159661 2.369874910960481
 -0.4836898354826150 2.343578543457324
 -0.4431976355018850 2.315663622531672
 -0.4026539634324989 2.286091989656566
 -0.3621066336198647 2.254694114530399
 -0.3216250932755236 2.221390128787099
 -0.2811940546501104 2.186226504594959
 -0.2407631278170667 2.149215768872994
 -0.2003543499907294 2.110256923944924
 -0.1600106452135432 2.069251262997098
 -0.1196719590315550 2.026209029012465
 -7.921305668182332E-02 1.981169550949273
 -3.856704775562991E-02 1.934070593137379
 2.321891835594170E-03 1.884788513265966
 4.365339275968327E-02 1.833283805700377
 8.575076469504717E-02 1.779598288909469
 0.1289207824397689 1.723695701631950
 0.1735185433895616 1.665429952695169
 0.2201789356354941 1.604745500080327
 0.2698416354164848 1.541818051369493
 0.3236081757089735 1.476951469265314
 0.3828787102126624 1.410619131847042
 0.4496115299300025 1.344102935195222
 0.5257687692965578 1.280297295408307
 0.6117143512431770 1.223491216909134
 0.7049941811495389 1.177637506500190
 0.8010840651276911 1.144283469592639
 0.8956727475156983 1.121967223018254
 0.9863826030877860 1.107533722976798
 1.072686555223022 1.098006630947188
 1.154838251425658 1.091451010835997
 1.233193355135009 1.086673458193937
 1.308158569669072 1.082730722169550
 1.380185837012309 1.078885586526778
 1.449619837727294 1.074736644041854
 1.516673242382992 1.070100223694662
 1.581549399014824 1.064770260067347
 1.644453501718858 1.058500658094782
 1.705498557990142 1.051165848530580
 1.764734048568831 1.042783284409652
 1.822255024431328 1.033352140467373
 1.878165094067620 1.022777133748068
 1.932469481592430 1.010992973828877
 1.985148144916014 0.9980705543858014
 2.036294567477879 0.9841187900187635
 2.086007232841778 0.9691258328135636
 2.134195636986221 0.9529961669804154
 2.180791907916331 0.9357875645885928
 2.226274906024997 0.9178998316455736
 2.269940294823949 0.8987880862401937
 2.312597541720456 0.8790145776865733
 2.353790705851473 0.8582998891056265
 2.393600625379245 0.8367131848848716
 2.432203309561343 0.8143567566567056
 2.469586945554573 0.7912024966829578
 2.505657835372172 0.7671940823765401
 2.540420886726080 0.7423511941365024
 2.573941311738839 0.7167125007274294
 2.606207967514028 0.6902583468672504
 2.637139299588520 0.6629500853814410
 2.666693577001124 0.6347956501711102
 2.694883659604950 0.6058235404928860
 2.721687090268900 0.5760274426915439
 2.747017957746779 0.5453860025606658
 2.770801192104013 0.5139139614184273
 2.793011543229778 0.4816499563855247
 2.813614563845651 0.4486116421731484
 2.832521792959104 0.4148053716917023
 2.849638908327898 0.3802696488498322
 2.864918410300526 0.3450707068027422
 2.878326451040457 0.3092628996378806
 2.889789733676097 0.2728909747046686
 2.899220937012855 0.2360280403724176
 2.906578279162046 0.1987754446727167
 2.911855348977341 0.1612248497919077
 2.915024176386927 0.1234536485527815
 2.916037739644937 8.555868058243982E-02
 2.914889522551210 4.765900689601481E-02
 2.911623404852326 9.858061131734017E-03
 2.906275110821560 -2.776627732684390E-02
 2.898849639576545 -6.512862588086282E-02
 2.889374851695324 -0.1021278418343201
 2.877932096056024 -0.1386835120191248
 2.864602497799912 -0.1747489451040473
 2.849420468259774 -0.2102751945656865
 2.832418290218111 -0.2451957171102288
 2.813681601831841 -0.2794636130031175
 2.793308637262602 -0.3130695733694536
 2.771337980084001 -0.3460009745308066
 2.747777224171334 -0.3782179809239372
 2.722689173734508 -0.4096964234010719
 2.696175095947258 -0.4404558749656240
 2.668267954346964 -0.4705091391266203
 2.638928628154243 -0.4998235049099294
 2.608178139129763 -0.5283793141580061
 2.576132778050318 -0.5562222975410512
 2.542829575369093 -0.5833851458549358
 2.508125446718844 -0.6098009490067632
 2.471969031742048 -0.6354285775872635
 2.434822652723379 -0.6605071655555166
   
   
 #BODY NUMBER  2
 -1.908062025347025 1.469060708602674
 -1.913343462714781 1.516431917271381
 -1.917547725433651 1.563260931016072
 -1.920204860956576 1.609292601906268
 -1.921415186481307 1.654562355650310
 -1.921355293788881 1.699171474920357
 -1.919994934442401 1.743123783363198
 -1.917238482657261 1.786366297435558
 -1.913105436014964 1.828893427141124
 -1.907661888709246 1.870742313452360
 -1.900885247318304 1.911913133978932
 -1.892701265175650 1.952354584071239
 -1.883095947760603 1.992026556706212
 -1.872100406079945 2.030925939215019
 -1.859697943782312 2.069036439979246
 -1.845827111959371 2.106294334780425
 -1.830463141999860 2.142627240489068
 -1.813626869576420 2.177993971307404
 -1.795316360478227 2.212355867661633
 -1.775492885990812 2.245633143629778
 -1.754142630356092 2.277724861799599
 -1.731299203343289 2.308556769688614
 -1.706992753054671 2.338072377166802
 -1.681225383395788 2.366185833606633
 -1.654016747474401 2.392784962450648
 -1.625433724316144 2.417782905506032
 -1.595552490129793 2.441128279464025
 -1.564426084030048 2.462758165120498
 -1.532114860721140 2.482583420635448
 -1.498718671966692 2.500538872306433
 -1.464349033798304 2.516610804289590
 -1.429091253877209 2.530791215021327
 -1.393021775261873 2.543041742565084
 -1.356242120385462 2.553335943541205
 -1.318862603533406 2.561704061560676
 -1.280964223155319 2.568193007391105
 -1.242606573850287 2.572808108859158
 -1.203863425192455 2.575544052027683
 -1.164818212621838 2.576451551848825
 -1.125528114941398 2.575611027164632
 -1.086023356364149 2.573049580490800
 -1.046342232437479 2.568753870534632
 -1.006537076362300 2.562766202763483
 -0.9666415710072964 2.555184063624084
 -0.9266611099770823 2.546042402131718
 -0.8866044614165467 2.535290983210558
 -0.8464991606698495 2.522938183160602
 -0.8063637492032620 2.509107578083880
 -0.7661884311836818 2.493847582691499
 -0.7259596102677062 2.477000827240094
 -0.6856872253898428 2.458502267650667
 -0.6453953416089578 2.438871853746020
 -0.6050562378564196 2.417213039020614
 -0.5646375587151983 2.394412741391915
 -0.5241637990159661 2.369874910960481
 -0.4836898354826150 2.343578543457324
 -0.4431976355018850 2.315663622531672
 -0.4026539634324989 2.286091989656566
 -0.3621066336198647 2.254694114530399
 -0.3216250932755236 2.221390128787099
 -0.2811940546501104 2.186226504594959
 -0.2407631278170667 2.149215768872994
 -0.2003543499907294 2.110256923944924
 -0.1600106452135432 2.069251262997098
 -0.1196719590315550 2.026209029012465
 -7.921305668182332E-02 1.981169550949273
 -3.856704775562991E-02 1.934070593137379
 2.321891835594170E-03 1.884788513265966
 4.365339275968327E-02 1.833283805700377
 8.575076469504717E-02 1.779598288909469
 0.1289207824397689 1.723695701631950
 0.1735185433895616 1.665429952695169
 0.2201789356354941 1.604745500080327
 0.2698416354164848 1.541818051369493
 0.3236081757089735 1.476951469265314
 0.3828787102126624 1.410619131847042
 0.4496115299300025 1.344102935195222
 0.5257687692965578 1.280297295408307
 0.6117143512431770 1.223491216909134
 0.7049941811495389 1.177637506500190
 0.8010840651276911 1.144283469592639
 0.8956727475156983 1.121967223018254
 0.9863826030877860 1.107533722976798
 1.072686555223022 1.098006630947188
 1.154838251425658 1.091451010835997
 1.233193355135009 1.086673458193937
 1.308158569669072 1.082730722169550
 1.380185837012309 1.078885586526778
 1.449619837727294 1.074736644041854
 1.516673242382992 1.070100223694662
 1.581549399014824 1.064770260067347
 1.644453501718858 1.058500658094782
 1.705498557990142 1.051165848530580
 1.764734048568831 1.042783284409652
 1.822255024431328 1.033352140467373
 1.878165094067620 1.022777133748068
 1.932469481592430 1.010992973828877
 1.985148144916014 0.9980705543858014
 2.036294567477879 0.9841187900187635
 2.086007232841778 0.9691258328135636
 2.134195636986221 0.9529961669804154
 2.180791907916331 0.9357875645885928
 2.226274906024997 0.9178998316455736
 2.269940294823949 0.8987880862401937
 2.312597541720456 0.8790145776865733
 2.353790705851473 0.8582998891056265
 2.393600625379245 0.8367131848848716
 2.432203309561343 0.8143567566567056
 2.469586945554573 0.7912024966829578
 2.505657835372172 0.7671940823765401
 2.540420886726080 0.7423511941365024
 2.573941311738839 0.7167125007274294
 2.606207967514028 0.6902583468672504
 2.637139299588520 0.6629500853814410
 2.666693577001124 0.6347956501711102
 2.694883659604950 0.6058235404928860
 2.721687090268900 0.5760274426915439
 2.747017957746779 0.5453860025606658
 2.770801192104013 0.5139139614184273
 2.793011543229778 0.4816499563855247
 2.813614563845651 0.4486116421731484
 2.832521792959104 0.4148053716917023
 2.849638908327898 0.3802696488498322
 2.864918410300526 0.3450707068027422
 2.878326451040457 0.3092628996378806
 2.889789733676097 0.2728909747046686
 2.899220937012855 0.2360280403724176
 2.906578279162046 0.1987754446727167
 2.911855348977341 0.1612248497919077
 2.915024176386927 0.1234536485527815
 2.916037739644937 8.555868058243982E-02
 2.914889522551210 4.765900689601481E-02
 2.911623404852326 9.858061131734017E-03
 2.906275110821560 -2.776627732684390E-02
 2.898849639576545 -6.512862588086282E-02
 2.889374851695324 -0.1021278418343201
 2.877932096056024 -0.1386835120191248
 2.864602497799912 -0.1747489451040473
 2.849420468259774 -0.2102751945656865
 2.832418290218111 -0.2451957171102288
 2.813681601831841 -0.2794636130031175
 2.793308637262602 -0.3130695733694536
 2.771337980084001 -0.3460009745308066
 2.747777224171334 -0.3782179809239372
 2.722689173734508 -0.4096964234010719
 2.696175095947258 -0.4404558749656240
 2.668267954346964 -0.4705091391266203
 2.638928628154243 -0.4998235049099294
 2.608178139129763 -0.5283793141580061
 2.576132778050318 -0.5562222975410512
 2.542829575369093 -0.5833851458549358
 2.508125446718844 -0.6098009490067632
 2.471969031742048 -0.6354285775872635
 2.434822652723379 -0.6605071655555166
 2.395896017079047 -0.6846124468084076
 2.355941040548137 -0.7082159009177680
 2.314453776191144 -0.7309982897882529
 2.271443472139483 -0.7529015866484017
 2.227022341482870 -0.7740114000240076
 2.181140720146947 -0.7943374335612484
 2.133675697756519 -0.8137535136715323
 2.084592829883375 -0.8321595631224062
 2.033924718731147 -0.8495920575773341
 1.981657017966651 -0.8661008994523176
 1.927713279643675 -0.8816165051217716
 1.872029483175293 -0.8960523478676816
 1.814584472017973 -0.9094655578642549
 1.755349688667191 -0.9219842560767610
 1.694237790247223 -0.9336352534633465
 1.631113787331633 -0.9444050739474470
 1.565843651703299 -0.9544468499414537
 1.498301944379395 -0.9640614850745869
 1.428303874787427 -0.9734965234845816
 1.355545375562752 -0.9829864429506174
 1.279660901860579 -0.9930533016787202
 1.200332782791159 -1.004598736954161
 1.117273404686027 -1.018728635668966
 1.030192648137558 -1.036892255535907
 0.9392215222152904 -1.061426474351381
 0.8458855975718247 -1.095477758431452
 0.7537172995288587 -1.141505776490675
 0.6673669065037576 -1.199361623645804
 0.5904365212339779 -1.265900885763808
 0.5238157435894399 -1.336658964335127
 0.4659610381019707 -1.407999253613444
 0.4145583583125182 -1.477977122594750
 0.3678051766573493 -1.545844768414619
 0.3244901428467321 -1.611313502422052
 0.2835930260221658 -1.674263914596507
 0.2442494072029098 -1.734718790059538
 0.2059393172546324 -1.792775927322640
 0.1683973571234916 -1.848527668991115
 0.1313433949050739 -1.902047086920523
 9.446170897319872E-02 -1.953388836878200
 5.758704942303661E-02 -2.002588001602481
 2.070979065611700E-02 -2.049696159188795
 -1.621830751589304E-02 -2.094795213565050
 -5.333156679814866E-02 -2.137927250837783
 -9.068914241283144E-02 -2.179064150011628
 -0.1282196175906848 -2.218224000965721
 -0.1658754112410866 -2.255542220033471
 -0.2037160257405921 -2.291098172525842
 -0.2417789281788739 -2.324765721766187
 -0.2799801504788728 -2.356514974917373
 -0.3182128806779723 -2.386960540248248
 -0.3565968321091679 -2.415220003511575
 -0.3950498162868057 -2.442275508702645
 -0.4335858448948976 -2.467592491011894
 -0.4721854388979382 -2.491275540535181
 -0.5108480157724623 -2.513528231577063
 -0.5495920111121719 -2.534326280046157
 -0.5884193527149111 -2.553560379812098
 -0.6273154507111153 -2.571244621277626
 -0.6662794230295925 -2.587454814179790
 -0.7053227201957246 -2.602171480846183
 -0.7444380344128694 -2.615304669452680
 -0.7835976292405210 -2.626822206877322
 -0.8227832535250050 -2.636749479707905
 -0.8619891464865881 -2.645063882670790
 -0.9011908457874082 -2.651680337341091
 -0.9403380501041527 -2.656541201907495
 -0.9793846736533577 -2.659643927692929
 -1.018298203367425 -2.660967509834781
 -1.057028906968291 -2.660438515321481
 -1.095496277971807 -2.657994510649431
 -1.133619206957237 -2.653627476491356
 -1.171333697985787 -2.647335276804683
 -1.208564350280309 -2.639076808311302
 -1.245204189538455 -2.628813002823065
 -1.281144554845902 -2.616558350178749
 -1.316302858847548 -2.602353129255933
 -1.350598092356879 -2.586211813673279
 -1.383922878923797 -2.568142101217888
 -1.416170850584518 -2.548197879202448
 -1.447274371054021 -2.526468865421324
 -1.477183856944351 -2.503024937694483
 -1.505827864314673 -2.477913116684221
 -1.533132731309862 -2.451208101706885
 -1.559069492522619 -2.423020549541552
 -1.583638274644593 -2.393444062287057
 -1.606813894409487 -2.362532914293471
 -1.628554865025657 -2.330348334917455
 -1.648863389210004 -2.296987938845708
 -1.667780522321204 -2.262541453795178
 -1.685314623719852 -2.227048605959994
 -1.701434991733854 -2.190535889610695
 -1.716152097372208 -2.153069779362411
 -1.729533524939962 -2.114728188658459
 -1.741606844369882 -2.075533263005098
 -1.752324166737697 -2.035467478300629
 -1.761678978459913 -1.994558869002595
 -1.769769028847056 -1.952885280542829
 -1.776641144185411 -1.910462436836563
 -1.782165836451138 -1.867199878233331
 -1.786281806352205 -1.823073690063403
 -1.789427311114421 -1.778364688190504
 -1.790839779222627 -1.732600592212206
 -1.791303481832939 -1.686196840474147
 -1.790289977175178 -1.638876621172228
 -1.787753636656868 -1.590676956808923
 -1.783824705980985 -1.541652222507665
 -1.778486756714449 -1.491754556095317
 -1.771569064136654 -1.440940600858867
 -1.762967736607852 -1.389230565664693
 -1.752730664081036 -1.336634447017625
 -1.740893890149584 -1.283114869420677
 -1.727358929652945 -1.228640418823152
 -1.712018837961750 -1.173198915129416
 -1.694912512986418 -1.116743471148210
 -1.676136631985368 -1.059185294872512
 -1.655670742491593 -1.000435339674033
 -1.633435679167227 -0.9403834393185186
 -1.609497044462983 -0.8788369557589231
 -1.584052709074442 -0.8155368038348818
 -1.557224657227195 -0.7501991781473686
 -1.529063918952314 -0.6824435097445521
 -1.499839837496073 -0.6116921984016069
 -1.470174418207644 -0.5372193144153321
 -1.440881580395000 -0.4582228335963477
 -1.413071358350221 -0.3737268763111353
 -1.388833052145293 -0.2826764608438416
 -1.371654366868382 -0.1848195369768546
 -1.365431650772036 -8.198544041845889E-02
 -1.372361087653297 2.172411714561387E-02
 -1.391520586361669 0.1216174161711688
 -1.419488491105138 0.2146917413168730
 -1.452343641189757 0.3004655306366468
 -1.487244913535541 0.3799704916475626
 -1.522643428083008 0.4543937575786222
 -1.557683497981742 0.5246400442281146
 -1.591751595691238 0.5915331924269565
 -1.624435244215219 0.6558332035327593
 -1.655559154981927 0.7180392832807851
 -1.685070599506484 0.7784274452964536
 -1.712892793919898 0.8372768268531759
 -1.738915210692057 0.8948881787834173
 -1.763085607413179 0.9514221530719009
 -1.785443839224948 1.006912874779143
 -1.806036716915435 1.061443073097676
 -1.824833527269472 1.115150117089715
 -1.841780339179599 1.168071176182751
 -1.856928527325329 1.220153446579920
 -1.870419156236792 1.271423430014707
 -1.882291207101186 1.321972339712279
 -1.892416708807347 1.371769554785772
 -1.900811757437458 1.420727410328780
 -1.908062025347025 1.469060708602674
   
   
 #BODY NUMBER  3
 -1.299377580009732 -2.609679688188299
 -1.334032065690592 -2.594159251953980
 -1.367895895736822 -2.577259335646875
 -1.400653114867763 -2.558294145734183
 -1.432334317313262 -2.537338528891081
 -1.462900401602267 -2.514712806265693
 -1.492180429916973 -2.490514524480290
 -1.520106061587711 -2.464652397964226
 -1.546734992017393 -2.437153636534071
 -1.572044870316462 -2.408228441204829
 -1.595913384605298 -2.378033532349406
 -1.618313922780709 -2.346550394680873
 -1.639340759428706 -2.313765232364778
 -1.659014711830068 -2.279822225713187
 -1.677242846234886 -2.244885601999477
 -1.694008495264487 -2.208960931874921
 -1.709425153804221 -2.171992144541061
 -1.723545659422382 -2.134056710143271
 -1.736287358453742 -2.095306190522365
 -1.747618579506051 -2.055759186422799
 -1.757652444720988 -2.015324064741501
 -1.766462277267771 -1.974013802351049
 -1.773963463502974 -1.931960252559432
 -1.780091150641201 -1.889196016811139
 -1.784941139607562 -1.845603474859117
 -1.788597463000592 -1.801133000862742
 -1.790962599763819 -1.755892087229335
 -1.791917090859243 -1.709932244700266
 -1.791514751835794 -1.663123351141720
 -1.789834236995623 -1.615362145579779
 -1.786754377449916 -1.566742080399458
 -1.782090407897122 -1.517360605681231
 -1.775857590210938 -1.467108824581161
 -1.768161370126264 -1.415846430900553
 -1.758902411834642 -1.363654521905053
 -1.747864847086037 -1.310679971309977
 -1.735055248862170 -1.256829304559016
 -1.720649520037273 -1.201888574480479
 -1.704609603083981 -1.145876836495070
 -1.686697378877044 -1.088957704336748
 -1.666916346899532 -1.031014056248312
 -1.645556741595255 -0.9716720703550233
 -1.622690335838754 -0.9107864122890266
 -1.598057007266098 -0.8484697312961541
 -1.571674540692286 -0.7844874958200285
 -1.544089056716198 -0.7180919859858081
 -1.515672974570123 -0.6487240565691313
 -1.486254263983478 -0.5763014446014058
 -1.456169630291386 -0.5002338565887674
 -1.427260939447496 -0.4187533406992589
 -1.401620406025735 -0.3305224930660590
 -1.379005325904582 -0.2372892179327639
 -1.367782480111660 -0.1355596881928064
 -1.366846442737728 -3.245968801523491E-02
 -1.380001211436520 6.993940381834574E-02
 -1.404322904520929 0.1672685608175982
 -1.434925694296275 0.2568240112677091
 -1.468668519259100 0.3391714162610370
 -1.504008260143065 0.4161429438256526
 -1.539572587495380 0.4887310375613294
 -1.574149984672745 0.5573248259936738
 -1.607354914284051 0.6227406787928103
 -1.639312529503984 0.6859935793804105
 -1.669852652204881 0.7474873676481758
 -1.698552101150260 0.8071764084682345
 -1.725331124842450 0.8653005192938239
 -1.750430005314090 0.9223638153797566
 -1.773868682005951 0.9785376295704132
 -1.795399278339072 1.033643827619922
 -1.814968709095406 1.087696349580212
 -1.832802779076719 1.140987133696971
 -1.848997051683254 1.193623117091848
 -1.863396756689944 1.245410835681567
 -1.875954645788447 1.296273127371964
 -1.886876008869428 1.346404718022844
 -1.896302319150337 1.395910917107005
 -1.904142108146207 1.444631312073736
 -1.910344848752529 1.492461638113389
 -1.915083215065118 1.539554706083274
 -1.918509608613926 1.586040671856023
 -1.920553917790174 1.631809295625608
 -1.921128588749600 1.676750843831167
 -1.920338676464060 1.720983596571136
 -1.918307151930553 1.764642782000008
 -1.914958565340439 1.807639459887483
 -1.910168498292397 1.849838772811873
 -1.903988936899705 1.891308311844463
 -1.896526929040454 1.932167426452420
 -1.887716462889317 1.972331910480835
 -1.877418142502387 2.011639196646501
 -1.865652452477480 2.050108781803089
 -1.852522164104586 2.087838179895734
 -1.837977534354913 2.124736570480519
 -1.821878936326095 2.160611508786292
 -1.804238057154324 2.195442477227335
 -1.785169468340857 2.229305085258247
 -1.764644194850943 2.262085842623734
 -1.742537069874131 2.293558824963896
 -1.718892992252111 2.323697572101249
 -1.693869213975197 2.352579036809542
 -1.667424818605602 2.380010112502499
 -1.639448783902121 2.405722096915698
 -1.610360115706453 2.430133837490525
 -1.579591780809287 2.452385284328074
 -1.548024108942388 2.473262263263996
 -1.515221163124930 2.492148252232377
 -1.481232465364081 2.509107169951067
 -1.446354972647012 2.524265314126867
 -1.410758631735566 2.537523421578229
 -1.374398557341398 2.548776664763783
 -1.337269466155435 2.558088614276419
 -1.299564573041351 2.565545014185484
 -1.261480757763180 2.571118299482496
 -1.223015291663683 2.574776165766579
 -1.184109089906749 2.576593359306923
 -1.144876607664966 2.576659998553552
 -1.105506536804027 2.574977714154867
 -1.066012035338785 2.571534857063157
 -1.026287797090690 2.566401681333108
 -0.9863744943895258 2.559662680713821
 -0.9464447104722941 2.551322055951901
 -0.9065303897523480 2.541361679189315
 -0.8664956145637607 2.529833700522950
 -0.8263149616232368 2.516808108116325
 -0.7861449260667810 2.502277551058720
 -0.7460461679662191 2.486202165912722
 -0.7058689247370488 2.468606108589654
 -0.6655282028413373 2.449537340534281
 -0.6251658539627759 2.428965152237957
 -0.5848862172309577 2.406811844509746
 -0.5445496957979392 2.383058961915232
 -0.5040275358860138 2.357722990591236
 -0.4634612540790539 2.330745721394406
 -0.4230276272731274 2.302015867920095
 -0.3826247170981442 2.271492198916668
 -0.3420782919542762 2.239195879969921
 -0.3015082520379783 2.205081432379046
 -0.2611497278428809 2.169035345613299
 -0.2209184815377525 2.131016574763678
 -0.1805412779997234 2.091070482602019
 -0.1400536484708882 2.049173638053171
 -9.971634616388528E-02 2.005201630772520
 -5.942619092010983E-02 1.959098930522705
 -1.871432627764331E-02 1.910929976767747
 2.258099745539242E-02 1.860684259456376
 6.423216198842339E-02 1.808192830636252
 0.1064511700147597 1.753353826630774
 0.1501586262403704 1.696266341814683
 0.1960249742501007 1.636973328091818
 0.2440354407292513 1.575284671393338
 0.2948695875067588 1.511196820346118
 0.3509794387585896 1.445420901740404
 0.4145693274954946 1.379100124613976
 0.4840041721783753 1.312898253153789
 0.5664931063517620 1.252314218724384
 0.6553123069487533 1.199953586490882
 0.7505699061504856 1.160146404448154
 0.8470202751829671 1.132545030022674
 0.9398789652077942 1.114270098169743
 1.028065322349155 1.102318539286337
 1.112394491030188 1.094437888872702
 1.193039787893728 1.088943452960475
 1.269732449806636 1.084591463096645
 1.342986704946564 1.080639849271342
 1.413744131328444 1.076689505602372
 1.482269375493719 1.072391133562160
 1.548311325644106 1.067401065013444
 1.612037794037543 1.061530324406631
 1.674005498307454 1.054734944458654
 1.734372786769960 1.046946526809567
 1.792861452353372 1.038039471167923
 1.849457024887766 1.027960834360365
 1.904525232711128 1.016760199958671
 1.958206467787534 1.004466859734302
 2.010255800193616 0.9910435107822385
 2.060582781441446 0.9764878159142517
 2.109458694017720 0.9608801984608948
 2.157045475209868 0.9442905230860354
 2.203158469431404 0.9267197820334032
 2.247682117156197 0.9081763499517364
 2.290835093516560 0.8887333615659330
 2.332806317569618 0.8684577225361891
 2.373465263038454 0.8473438343312176
 2.412673120949585 0.8253707398781180
 2.450584852358944 0.8025702794020941
 2.487379053782128 0.7789813348332295
 2.522940975815962 0.7545830348356815
 2.557091619306711 0.7293350586240510
 2.589915512895819 0.7032486319574399
 2.621569540192824 0.6763567862841108
 2.651947770615757 0.6486444567638362
 2.680839718795584 0.6200722066096106
 2.708272511801784 0.5906480275766935
 2.734381984833063 0.5604121652404292
 2.759064613563412 0.5293669510961814
 2.782083922481002 0.4974876870850242
 2.803427986403473 0.4647947533566575
 2.823219570789904 0.4313495670144195
 2.841345902678753 0.3971837800697869
 2.857548742429787 0.3623019570651488
 2.871827624277960 0.3267562116267524
 2.884327817275387 0.2906442515861285
 2.894861627993825 0.2540271955618609
 2.903140842325624 0.2169432466048926
 2.909737695716186 0.1795458506977738
 2.913623846499878 0.1417739676259060
 2.915920004679210 0.1039970723828794
 2.915874277992692 6.614589350180533E-02
 2.913566782677343 2.823135894001405E-02
 2.909255374249279 -9.552507861174897E-03
 2.902939061652539 -4.700889709793898E-02
 2.894504618929109 -8.412426679955720E-02
 2.884004458172829 -0.1209349777423483
 2.871609443357813 -0.1573165729806545
 2.857394142368478 -0.1930847671330906
 2.841329214444392 -0.2282257710857056
 2.823449849335455 -0.2628281269421451
 2.803891319495034 -0.2968377728403656
 2.782749383038912 -0.3300921121553899
 2.760020530603271 -0.3625739251882363
 2.735712950894912 -0.3944095367920469
 2.709920153811908 -0.4256059705705498
 2.682732068926036 -0.4560158654295359
 2.654148969258399 -0.4856024927665157
 2.624148059284748 -0.5145096357814488
 2.592777238891008 -0.5427943057652761
 2.560108389569754 -0.5703172984992882
 2.526137318607420 -0.5970061491015829
 2.490810064344611 -0.6230026337305367
 2.454125665841929 -0.6484043396715397
 2.416128453726595 -0.6730730650086222
 2.376803308090201 -0.6968795998094798
 2.336064447633734 -0.7199356107735124
 2.293861772881637 -0.7423608450114576
 2.250215631528970 -0.7640036409949480
 2.205118035170249 -0.7846552622388645
 2.158482307309082 -0.8043833743355072
 2.110239662080540 -0.8233494490693671
 2.060410663872620 -0.8414269104739924
 2.009014574928917 -0.8583553743033225
 1.955973730399922 -0.8741872702046619
 1.901190798036997 -0.8891819081215406
 1.844663251554869 -0.9032968015581009
 1.786413725040929 -0.9162439264357725
 1.726342537819642 -0.9280848742743932
 1.664271067872898 -0.9392579064127239
 1.600109338383361 -0.9498978471673498
 1.533824845277675 -0.9597230993400977
 1.465223370677526 -0.9688663308107450
 1.393930430475828 -0.9781743558288747
 1.319648000320023 -0.9882492715226866
 1.242218823254227 -0.9989832267919322
 1.161300042784627 -1.010962963757351
 1.076281500688906 -1.026667561041145
 0.9870510785302407 -1.048577631547917
 0.8950011537262066 -1.075609035221025
 0.8012893737598976 -1.116754530531578
 0.7115341357889748 -1.167493898475647
 0.6294313052860341 -1.230085808266499
 0.5573026293379624 -1.299813590840273
 0.4950467290884804 -1.371094109437452
 0.4406031969099457 -1.441489955547375
 0.3916137691128765 -1.510580832698355
 0.3465327996016523 -1.577674490521805
 0.3044175348661092 -1.641916289090319
 0.2643682093374865 -1.703380528064152
 0.2255683981755394 -1.762683084982782
 0.1875832767111621 -1.819878501210336
 0.1502407755061544 -1.874577473481678
 0.1132933308049068 -1.926830843700454
 7.642450700663590E-02 -1.977098759838410
 3.949589523599110E-02 -2.025484156379981
 2.537825985700297E-03 -2.071683298787846
 -3.448831579236000E-02 -2.115657183940577
 -7.172245363440918E-02 -2.157747333655642
 -0.1092094161042808 -2.198089976826150
 -0.1468590435036722 -2.236454346463805
 -0.1846281356529985 -2.272760943286216
 -0.2225826851482923 -2.307284916483738
 -0.2607431560595315 -2.340201440193040
 -0.2990163612851969 -2.371351094107139
 -0.3373372684036685 -2.400637988065126
 -0.3757518784514413 -2.428288067649207
 -0.4142967089556918 -2.454498394392212
 -0.4529113452482802 -2.479153129956825
 -0.4915445321999844 -2.502121583709285
 -0.5302461758948834 -2.523553875973230
 -0.5690719018515757 -2.543624116833238
 -0.6079824104755229 -2.562222494723165
 -0.6469231210143146 -2.579173831435924
 -0.6859265759961135 -2.594556943801903
 -0.7250426111523698 -2.608524212736531
 -0.7642313077264394 -2.620976367244671
 -0.8034215762931961 -2.631711403256112
 -0.8426200593243038 -2.640756809379783
 -0.8818598207284775 -2.648250345136163
 -0.9210870792084983 -2.654103521576701
 -0.9602049861549066 -2.658099195871317
 -0.9991899292491487 -2.660237230583992
 -1.038050102449047 -2.660654652272666
 -1.076701707827810 -2.659269622693521
 -1.115011672555656 -2.655860782029045
 -1.152934632025848 -2.650453783728002
 -1.190458603300191 -2.643223288395670
 -1.227436809388223 -2.634037308064360
 -1.263692058423503 -2.622665343520591
 -1.299377580009732 -2.609679688188299
   
   
 #BODY NUMBER  4
 0.4840041721783753 1.312898253153789
 0.5664931063517620 1.252314218724384
 0.6553123069487533 1.199953586490882
 0.7505699061504856 1.160146404448154
 0.8470202751829671 1.132545030022674
 0.9398789652077942 1.114270098169743
 1.028065322349155 1.102318539286337
 1.112394491030188 1.094437888872702
 1.193039787893728 1.088943452960475
 1.269732449806636 1.084591463096645
 1.342986704946564 1.080639849271342
 1.413744131328444 1.076689505602372
 1.482269375493719 1.072391133562160
 1.548311325644106 1.067401065013444
 1.612037794037543 1.061530324406631
 1.674005498307454 1.054734944458654
 1.734372786769960 1.046946526809567
 1.792861452353372 1.038039471167923
 1.849457024887766 1.027960834360365
 1.904525232711128 1.016760199958671
 1.958206467787534 1.004466859734302
 2.010255800193616 0.9910435107822385
 2.060582781441446 0.9764878159142517
 2.109458694017720 0.9608801984608948
 2.157045475209868 0.9442905230860354
 2.203158469431404 0.9267197820334032
 2.247682117156197 0.9081763499517364
 2.290835093516560 0.8887333615659330
 2.332806317569618 0.8684577225361891
 2.373465263038454 0.8473438343312176
 2.412673120949585 0.8253707398781180
 2.450584852358944 0.8025702794020941
 2.487379053782128 0.7789813348332295
 2.522940975815962 0.7545830348356815
 2.557091619306711 0.7293350586240510
 2.589915512895819 0.7032486319574399
 2.621569540192824 0.6763567862841108
 2.651947770615757 0.6486444567638362
 2.680839718795584 0.6200722066096106
 2.708272511801784 0.5906480275766935
 2.734381984833063 0.5604121652404292
 2.759064613563412 0.5293669510961814
 2.782083922481002 0.4974876870850242
 2.803427986403473 0.4647947533566575
 2.823219570789904 0.4313495670144195
 2.841345902678753 0.3971837800697869
 2.857548742429787 0.3623019570651488
 2.871827624277960 0.3267562116267524
 2.884327817275387 0.2906442515861285
 2.894861627993825 0.2540271955618609
 2.903140842325624 0.2169432466048926
 2.909737695716186 0.1795458506977738
 2.913623846499878 0.1417739676259060
 2.915920004679210 0.1039970723828794
 2.915874277992692 6.614589350180533E-02
 2.913566782677343 2.823135894001405E-02
 2.909255374249279 -9.552507861174897E-03
 2.902939061652539 -4.700889709793898E-02
 2.894504618929109 -8.412426679955720E-02
 2.884004458172829 -0.1209349777423483
 2.871609443357813 -0.1573165729806545
 2.857394142368478 -0.1930847671330906
 2.841329214444392 -0.2282257710857056
 2.823449849335455 -0.2628281269421451
 2.803891319495034 -0.2968377728403656
 2.782749383038912 -0.3300921121553899
 2.760020530603271 -0.3625739251882363
 2.735712950894912 -0.3944095367920469
 2.709920153811908 -0.4256059705705498
 2.682732068926036 -0.4560158654295359
 2.654148969258399 -0.4856024927665157
 2.624148059284748 -0.5145096357814488
 2.592777238891008 -0.5427943057652761
 2.560108389569754 -0.5703172984992882
 2.526137318607420 -0.5970061491015829
 2.490810064344611 -0.6230026337305367
 2.454125665841929 -0.6484043396715397
 2.416128453726595 -0.6730730650086222
 2.376803308090201 -0.6968795998094798
 2.336064447633734 -0.7199356107735124
 2.293861772881637 -0.7423608450114576
 2.250215631528970 -0.7640036409949480
 2.205118035170249 -0.7846552622388645
 2.158482307309082 -0.8043833743355072
 2.110239662080540 -0.8233494490693671
 2.060410663872620 -0.8414269104739924
 2.009014574928917 -0.8583553743033225
 1.955973730399922 -0.8741872702046619
 1.901190798036997 -0.8891819081215406
 1.844663251554869 -0.9032968015581009
 1.786413725040929 -0.9162439264357725
 1.726342537819642 -0.9280848742743932
 1.664271067872898 -0.9392579064127239
 1.600109338383361 -0.9498978471673498
 1.533824845277675 -0.9597230993400977
 1.465223370677526 -0.9688663308107450
 1.393930430475828 -0.9781743558288747
 1.319648000320023 -0.9882492715226866
 1.242218823254227 -0.9989832267919322
 1.161300042784627 -1.010962963757351
 1.076281500688906 -1.026667561041145
 0.9870510785302407 -1.048577631547917
 0.8950011537262066 -1.075609035221025
 0.8012893737598976 -1.116754530531578
 0.7115341357889748 -1.167493898475647
 0.6294313052860341 -1.230085808266499
 0.5573026293379624 -1.299813590840273
 0.4950467290884804 -1.371094109437452
 0.4406031969099457 -1.441489955547375
 0.3916137691128765 -1.510580832698355
 0.3465327996016523 -1.577674490521805
 0.3044175348661092 -1.641916289090319
 0.2643682093374865 -1.703380528064152
 0.2255683981755394 -1.762683084982782
 0.1875832767111621 -1.819878501210336
 0.1502407755061544 -1.874577473481678
 0.1132933308049068 -1.926830843700454
 7.642450700663590E-02 -1.977098759838410
 3.949589523599110E-02 -2.025484156379981
 2.537825985700297E-03 -2.071683298787846
 -3.448831579236000E-02 -2.115657183940577
 -7.172245363440918E-02 -2.157747333655642
 -0.1092094161042808 -2.198089976826150
 -0.1468590435036722 -2.236454346463805
 -0.1846281356529985 -2.272760943286216
 -0.2225826851482923 -2.307284916483738
 -0.2607431560595315 -2.340201440193040
 -0.2990163612851969 -2.371351094107139
 -0.3373372684036685 -2.400637988065126
 -0.3757518784514413 -2.428288067649207
 -0.4142967089556918 -2.454498394392212
 -0.4529113452482802 -2.479153129956825
 -0.4915445321999844 -2.502121583709285
 -0.5302461758948834 -2.523553875973230
 -0.5690719018515757 -2.543624116833238
 -0.6079824104755229 -2.562222494723165
 -0.6469231210143146 -2.579173831435924
 -0.6859265759961135 -2.594556943801903
 -0.7250426111523698 -2.608524212736531
 -0.7642313077264394 -2.620976367244671
 -0.8034215762931961 -2.631711403256112
 -0.8426200593243038 -2.640756809379783
 -0.8818598207284775 -2.648250345136163
 -0.9210870792084983 -2.654103521576701
 -0.9602049861549066 -2.658099195871317
 -0.9991899292491487 -2.660237230583992
 -1.038050102449047 -2.660654652272666
 -1.076701707827810 -2.659269622693521
 -1.115011672555656 -2.655860782029045
 -1.152934632025848 -2.650453783728002
 -1.190458603300191 -2.643223288395670
 -1.227436809388223 -2.634037308064360
 -1.263692058423503 -2.622665343520591
 -1.299377580009732 -2.609679688188299
 -1.334032065690592 -2.594159251953980
 -1.367895895736822 -2.577259335646875
 -1.400653114867763 -2.558294145734183
 -1.432334317313262 -2.537338528891081
 -1.462900401602267 -2.514712806265693
 -1.492180429916973 -2.490514524480290
 -1.520106061587711 -2.464652397964226
 -1.546734992017393 -2.437153636534071
 -1.572044870316462 -2.408228441204829
 -1.595913384605298 -2.378033532349406
 -1.618313922780709 -2.346550394680873
 -1.639340759428706 -2.313765232364778
 -1.659014711830068 -2.279822225713187
 -1.677242846234886 -2.244885601999477
 -1.694008495264487 -2.208960931874921
 -1.709425153804221 -2.171992144541061
 -1.723545659422382 -2.134056710143271
 -1.736287358453742 -2.095306190522365
 -1.747618579506051 -2.055759186422799
 -1.757652444720988 -2.015324064741501
 -1.766462277267771 -1.974013802351049
 -1.773963463502974 -1.931960252559432
 -1.780091150641201 -1.889196016811139
 -1.784941139607562 -1.845603474859117
 -1.788597463000592 -1.801133000862742
 -1.790962599763819 -1.755892087229335
 -1.791917090859243 -1.709932244700266
 -1.791514751835794 -1.663123351141720
 -1.789834236995623 -1.615362145579779
 -1.786754377449916 -1.566742080399458
 -1.782090407897122 -1.517360605681231
 -1.775857590210938 -1.467108824581161
 -1.768161370126264 -1.415846430900553
 -1.758902411834642 -1.363654521905053
 -1.747864847086037 -1.310679971309977
 -1.735055248862170 -1.256829304559016
 -1.720649520037273 -1.201888574480479
 -1.704609603083981 -1.145876836495070
 -1.686697378877044 -1.088957704336748
 -1.666916346899532 -1.031014056248312
 -1.645556741595255 -0.9716720703550233
 -1.622690335838754 -0.9107864122890266
 -1.598057007266098 -0.8484697312961541
 -1.571674540692286 -0.7844874958200285
 -1.544089056716198 -0.7180919859858081
 -1.515672974570123 -0.6487240565691313
 -1.486254263983478 -0.5763014446014058
 -1.456169630291386 -0.5002338565887674
 -1.427260939447496 -0.4187533406992589
 -1.401620406025735 -0.3305224930660590
 -1.379005325904582 -0.2372892179327639
 -1.367782480111660 -0.1355596881928064
 -1.366846442737728 -3.245968801523491E-02
 -1.380001211436520 6.993940381834574E-02
 -1.404322904520929 0.1672685608175982
 -1.434925694296275 0.2568240112677091
 -1.468668519259100 0.3391714162610370
 -1.504008260143065 0.4161429438256526
 -1.539572587495380 0.4887310375613294
 -1.574149984672745 0.5573248259936738
 -1.607354914284051 0.6227406787928103
 -1.639312529503984 0.6859935793804105
 -1.669852652204881 0.7474873676481758
 -1.698552101150260 0.8071764084682345
 -1.725331124842450 0.8653005192938239
 -1.750430005314090 0.9223638153797566
 -1.773868682005951 0.9785376295704132
 -1.795399278339072 1.033643827619922
 -1.814968709095406 1.087696349580212
 -1.832802779076719 1.140987133696971
 -1.848997051683254 1.193623117091848
 -1.863396756689944 1.245410835681567
 -1.875954645788447 1.296273127371964
 -1.886876008869428 1.346404718022844
 -1.896302319150337 1.395910917107005
 -1.904142108146207 1.444631312073736
 -1.910344848752529 1.492461638113389
 -1.915083215065118 1.539554706083274
 -1.918509608613926 1.586040671856023
 -1.920553917790174 1.631809295625608
 -1.921128588749600 1.676750843831167
 -1.920338676464060 1.720983596571136
 -1.918307151930553 1.764642782000008
 -1.914958565340439 1.807639459887483
 -1.910168498292397 1.849838772811873
 -1.903988936899705 1.891308311844463
 -1.896526929040454 1.932167426452420
 -1.887716462889317 1.972331910480835
 -1.877418142502387 2.011639196646501
 -1.865652452477480 2.050108781803089
 -1.852522164104586 2.087838179895734
 -1.837977534354913 2.124736570480519
 -1.821878936326095 2.160611508786292
 -1.804238057154324 2.195442477227335
 -1.785169468340857 2.229305085258247
 -1.764644194850943 2.262085842623734
 -1.742537069874131 2.293558824963896
 -1.718892992252111 2.323697572101249
 -1.693869213975197 2.352579036809542
 -1.667424818605602 2.380010112502499
 -1.639448783902121 2.405722096915698
 -1.610360115706453 2.430133837490525
 -1.579591780809287 2.452385284328074
 -1.548024108942388 2.473262263263996
 -1.515221163124930 2.492148252232377
 -1.481232465364081 2.509107169951067
 -1.446354972647012 2.524265314126867
 -1.410758631735566 2.537523421578229
 -1.374398557341398 2.548776664763783
 -1.337269466155435 2.558088614276419
 -1.299564573041351 2.565545014185484
 -1.261480757763180 2.571118299482496
 -1.223015291663683 2.574776165766579
 -1.184109089906749 2.576593359306923
 -1.144876607664966 2.576659998553552
 -1.105506536804027 2.574977714154867
 -1.066012035338785 2.571534857063157
 -1.026287797090690 2.566401681333108
 -0.9863744943895258 2.559662680713821
 -0.9464447104722941 2.551322055951901
 -0.9065303897523480 2.541361679189315
 -0.8664956145637607 2.529833700522950
 -0.8263149616232368 2.516808108116325
 -0.7861449260667810 2.502277551058720
 -0.7460461679662191 2.486202165912722
 -0.7058689247370488 2.468606108589654
 -0.6655282028413373 2.449537340534281
 -0.6251658539627759 2.428965152237957
 -0.5848862172309577 2.406811844509746
 -0.5445496957979392 2.383058961915232
 -0.5040275358860138 2.357722990591236
 -0.4634612540790539 2.330745721394406
 -0.4230276272731274 2.302015867920095
 -0.3826247170981442 2.271492198916668
 -0.3420782919542762 2.239195879969921
 -0.3015082520379783 2.205081432379046
 -0.2611497278428809 2.169035345613299
 -0.2209184815377525 2.131016574763678
 -0.1805412779997234 2.091070482602019
 -0.1400536484708882 2.049173638053171
 -9.971634616388528E-02 2.005201630772520
 -5.942619092010983E-02 1.959098930522705
 -1.871432627764331E-02 1.910929976767747
 2.258099745539242E-02 1.860684259456376
 6.423216198842339E-02 1.808192830636252
 0.1064511700147597 1.753353826630774
 0.1501586262403704 1.696266341814683
 0.1960249742501007 1.636973328091818
 0.2440354407292513 1.575284671393338
 0.2948695875067588 1.511196820346118
 0.3509794387585896 1.445420901740404
 0.4145693274954946 1.379100124613976
 0.4840041721783753 1.312898253153789
   
   
 #BODY NUMBER  5
 0.9903894640430930 1.566981970095175
 0.9282794879362429 1.619636026518102
 0.8589949390540909 1.662691204940741
 0.7821540114740868 1.691092013899539
 0.7031582970809099 1.705176444603301
 0.6268734611277085 1.708042788206516
 0.5542749544994453 1.702688989702069
 0.4845137217934049 1.691167200618306
 0.4175065178745362 1.675072760860567
 0.3535181720552339 1.655747623669207
 0.2918960871206052 1.633991502220745
 0.2316310305924498 1.610095610395007
 0.1725071022215142 1.584314757591438
 0.1147448484303231 1.557073254553122
 5.801410732373546E-02 1.528683630646442
 1.659409864637640E-03 1.499173341309433
 -5.444209300520675E-02 1.468548126331609
 -0.1100302149634477 1.437025449270187
 -0.1652450724890583 1.404848811012777
 -0.2205543465235171 1.372044700233117
 -0.2760402120318029 1.338562139485286
 -0.3314192682578941 1.304536549124149
 -0.3867071242075729 1.270204567348572
 -0.4422480052292524 1.235630228764921
 -0.4980924704018860 1.200738254424750
 -0.5539282182043513 1.165590865119275
 -0.6096725110382351 1.130402005797209
 -0.6655817624600469 1.095257495506962
 -0.7216879545600829 1.060047903289788
 -0.7776583075978791 1.024741634544058
 -0.8333440048528467 0.9895014752645616
 -0.8889573012775706 0.9544194304493359
 -0.9445379280250927 0.9193448795226987
 -0.9997456198101692 0.8841311526237585
 -1.054392744242451 0.8488600793206857
 -1.108691806898523 0.8136165865120399
 -1.162723022897234 0.7782052906552694
 -1.216148538825172 0.7423447949109163
 -1.268759179558268 0.7060128369481393
 -1.320808771394801 0.6692899705571234
 -1.372439440418727 0.6319397133286088
 -1.423281635069634 0.5935043820281456
 -1.473068160364249 0.5537980442767747
 -1.522109698913364 0.5128709438993538
 -1.570588908452850 0.4703929089197544
 -1.617929741719636 0.4255530809993266
 -1.663590628888505 0.3777829456762287
 -1.707843393207888 0.3269840268284856
 -1.750598650833243 0.2725165191250796
 -1.789915105881474 0.2125878441384665
 -1.823492169632573 0.1458930956756724
 -1.852240925396156 7.421145045418598E-02
 -1.866785687817285 -5.904394894254095E-03
 -1.869430291654685 -8.743416352726208E-02
 -1.855605649911031 -0.1681807633413048
 -1.828305267501742 -0.2436352741477769
 -1.792645175901501 -0.3111330518083855
 -1.751709397075775 -0.3713283035730512
 -1.706850618679170 -0.4259824087539186
 -1.659408823029855 -0.4759651297053534
 -1.610678590380866 -0.5217180941353325
 -1.561026194051365 -0.5642063243986525
 -1.510199216420113 -0.6044494483996716
 -1.458310378775528 -0.6427618459386489
 -1.405837418211479 -0.6791646735825062
 -1.352885912151115 -0.7141001246029893
 -1.299151903182687 -0.7481495795566497
 -1.244578937580609 -0.7814222987435088
 -1.189485437471004 -0.8138016859773016
 -1.134012222568900 -0.8455308361321141
 -1.077948392267926 -0.8770280171210003
 -1.021208711322405 -0.9083389058282268
 -0.9640521575778521 -0.9392857801770603
 -0.9066758612230990 -0.9700004770624683
 -0.8489631651797733 -1.000813121683987
 -0.7908235964266734 -1.031729860014157
 -0.7324671905101979 -1.062511341397656
 -0.6741205979901494 -1.093192885446765
 -0.6157299335643260 -1.124039462339501
 -0.5571844361973446 -1.155024053899155
 -0.4986231340318037 -1.185842667115805
 -0.4402614122348663 -1.216447815926309
 -0.3820728219958148 -1.247069321010701
 -0.3239070564932549 -1.277666280268997
 -0.2658072285443070 -1.307870680389705
 -0.2079380208289618 -1.337560941740294
 -0.1502667294105445 -1.366963562997813
 -9.258403961829920E-02 -1.396050320721675
 -3.481518134741657E-02 -1.424387926853383
 2.295453758412414E-02 -1.451784099256231
 8.078226869679250E-02 -1.478498934847772
 0.1389438748065325 -1.504537277222621
 0.1976509454410587 -1.529350243724229
 0.2569309052722979 -1.552613470519836
 0.3168955831769381 -1.574621138555334
 0.3779222453418578 -1.595366348082117
 0.4404250920556642 -1.613944798367264
 0.5046256863721217 -1.629603218953290
 0.5707452227387428 -1.642527777617690
 0.6392930969033946 -1.652321163014892
 0.7108510793810581 -1.656405874380103
 0.7853989577244007 -1.652137090341648
 0.8618514613530626 -1.641193420549361
 0.9385061998810416 -1.613731631623848
 1.010435352600594 -1.575257041413479
 1.073451638436944 -1.522911250558234
 1.125146970420832 -1.461541170455524
 1.165771714773792 -1.396909736398130
 1.197434442576330 -1.331360686129018
 1.222336896885765 -1.265184791864388
 1.241902305155319 -1.199107631155214
 1.257160418325632 -1.134029529533874
 1.269130106930759 -1.069785177822092
 1.278568185827664 -1.005646161995336
 1.285803276554013 -0.9415529116527896
 1.291092569781156 -0.8779085809706160
 1.294871804827379 -0.8145835060434530
 1.297492493318049 -0.7510237617527832
 1.299021030585816 -0.6871258275881005
 1.299515652434452 -0.6232237632928851
 1.299257295057958 -0.5593179748806633
 1.298502738791443 -0.4950166831121167
 1.297248923354208 -0.4302232336570586
 1.295471425835746 -0.3652507689470885
 1.293382985430672 -0.3002040902861037
 1.291211170409026 -0.2348171070809350
 1.288916066828560 -0.1690083944105933
 1.286395408714549 -0.1030795237216196
 1.283793109028384 -3.720912035044423E-02
 1.281311696024373 2.878196683253953E-02
 1.278872390757428 9.497615060936752E-02
 1.276281441629683 0.1611010325717476
 1.273605417087713 0.2269463406617470
 1.271030123273385 0.2926498905613650
 1.268444984518348 0.3583214007462986
 1.265552848354476 0.4237395277659464
 1.262330765071413 0.4887008624196084
 1.258958536309068 0.5533469764857726
 1.255307062515533 0.6178450300664055
 1.250963720172589 0.6820431319424666
 1.245804641974143 0.7457712623080920
 1.240026502698008 0.8092089642906489
 1.233495565612194 0.8725975638940124
 1.225630689628576 0.9358458616960834
 1.216137255091951 0.9988154262430612
 1.205214115736426 1.061750194655980
 1.192666663110992 1.124973439162363
 1.177504649663972 1.188391717367937
 1.158964942516383 1.251820273277061
 1.137098170469145 1.315543750789204
 1.111305553929848 1.379804643889813
 1.079064026500416 1.443818030241637
 1.038093211908173 1.506243994665975
 0.9903894640430930 1.566981970095175
 0.9282794879362429 1.619636026518102
 0.8589949390540909 1.662691204940741
 0.7821540114740868 1.691092013899539
 0.7031582970809099 1.705176444603301
 0.6268734611277085 1.708042788206516
 0.5542749544994453 1.702688989702069
 0.4845137217934049 1.691167200618306
 0.4175065178745362 1.675072760860567
 0.3535181720552339 1.655747623669207
 0.2918960871206052 1.633991502220745
 0.2316310305924498 1.610095610395007
 0.1725071022215142 1.584314757591438
 0.1147448484303231 1.557073254553122
 5.801410732373546E-02 1.528683630646442
 1.659409864637640E-03 1.499173341309433
 -5.444209300520675E-02 1.468548126331609
 -0.1100302149634477 1.437025449270187
 -0.1652450724890583 1.404848811012777
 -0.2205543465235171 1.372044700233117
 -0.2760402120318029 1.338562139485286
 -0.3314192682578941 1.304536549124149
 -0.3867071242075729 1.270204567348572
 -0.4422480052292524 1.235630228764921
 -0.4980924704018860 1.200738254424750
 -0.5539282182043513 1.165590865119275
 -0.6096725110382351 1.130402005797209
 -0.6655817624600469 1.095257495506962
 -0.7216879545600829 1.060047903289788
 -0.7776583075978791 1.024741634544058
 -0.8333440048528467 0.9895014752645616
 -0.8889573012775706 0.9544194304493359
 -0.9445379280250927 0.9193448795226987
 -0.9997456198101692 0.8841311526237585
 -1.054392744242451 0.8488600793206857
 -1.108691806898523 0.8136165865120399
 -1.162723022897234 0.7782052906552694
 -1.216148538825172 0.7423447949109163
 -1.268759179558268 0.7060128369481393
 -1.320808771394801 0.6692899705571234
 -1.372439440418727 0.6319397133286088
 -1.423281635069634 0.5935043820281456
 -1.473068160364249 0.5537980442767747
 -1.522109698913364 0.5128709438993538
 -1.570588908452850 0.4703929089197544
 -1.617929741719636 0.4255530809993266
 -1.663590628888505 0.3777829456762287
 -1.707843393207888 0.3269840268284856
 -1.750598650833243 0.2725165191250796
 -1.789915105881474 0.2125878441384665
 -1.823492169632573 0.1458930956756724
 -1.852240925396156 7.421145045418598E-02
 -1.866785687817285 -5.904394894254095E-03
 -1.869430291654685 -8.743416352726208E-02
 -1.855605649911031 -0.1681807633413048
 -1.828305267501742 -0.2436352741477769
 -1.792645175901501 -0.3111330518083855
 -1.751709397075775 -0.3713283035730512
 -1.706850618679170 -0.4259824087539186
 -1.659408823029855 -0.4759651297053534
 -1.610678590380866 -0.5217180941353325
 -1.561026194051365 -0.5642063243986525
 -1.510199216420113 -0.6044494483996716
 -1.458310378775528 -0.6427618459386489
 -1.405837418211479 -0.6791646735825062
 -1.352885912151115 -0.7141001246029893
 -1.299151903182687 -0.7481495795566497
 -1.244578937580609 -0.7814222987435088
 -1.189485437471004 -0.8138016859773016
 -1.134012222568900 -0.8455308361321141
 -1.077948392267926 -0.8770280171210003
 -1.021208711322405 -0.9083389058282268
 -0.9640521575778521 -0.9392857801770603
 -0.9066758612230990 -0.9700004770624683
 -0.8489631651797733 -1.000813121683987
 -0.7908235964266734 -1.031729860014157
 -0.7324671905101979 -1.062511341397656
 -0.6741205979901494 -1.093192885446765
 -0.6157299335643260 -1.124039462339501
 -0.5571844361973446 -1.155024053899155
 -0.4986231340318037 -1.185842667115805
 -0.4402614122348663 -1.216447815926309
 -0.3820728219958148 -1.247069321010701
 -0.3239070564932549 -1.277666280268997
 -0.2658072285443070 -1.307870680389705
 -0.2079380208289618 -1.337560941740294
 -0.1502667294105445 -1.366963562997813
 -9.258403961829920E-02 -1.396050320721675
 -3.481518134741657E-02 -1.424387926853383
 2.295453758412414E-02 -1.451784099256231
 8.078226869679250E-02 -1.478498934847772
 0.1389438748065325 -1.504537277222621
 0.1976509454410587 -1.529350243724229
 0.2569309052722979 -1.552613470519836
 0.3168955831769381 -1.574621138555334
 0.3779222453418578 -1.595366348082117
 0.4404250920556642 -1.613944798367264
 0.5046256863721217 -1.629603218953290
 0.5707452227387428 -1.642527777617690
 0.6392930969033946 -1.652321163014892
 0.7108510793810581 -1.656405874380103
 0.7853989577244007 -1.652137090341648
 0.8618514613530626 -1.641193420549361
 0.9385061998810416 -1.613731631623848
 1.010435352600594 -1.575257041413479
 1.073451638436944 -1.522911250558234
 1.125146970420832 -1.461541170455524
 1.165771714773792 -1.396909736398130
 1.197434442576330 -1.331360686129018
 1.222336896885765 -1.265184791864388
 1.241902305155319 -1.199107631155214
 1.257160418325632 -1.134029529533874
 1.269130106930759 -1.069785177822092
 1.278568185827664 -1.005646161995336
 1.285803276554013 -0.9415529116527896
 1.291092569781156 -0.8779085809706160
 1.294871804827379 -0.8145835060434530
 1.297492493318049 -0.7510237617527832
 1.299021030585816 -0.6871258275881005
 1.299515652434452 -0.6232237632928851
 1.299257295057958 -0.5593179748806633
 1.298502738791443 -0.4950166831121167
 1.297248923354208 -0.4302232336570586
 1.295471425835746 -0.3652507689470885
 1.293382985430672 -0.3002040902861037
 1.291211170409026 -0.2348171070809350
 1.288916066828560 -0.1690083944105933
 1.286395408714549 -0.1030795237216196
 1.283793109028384 -3.720912035044423E-02
 1.281311696024373 2.878196683253953E-02
 1.278872390757428 9.497615060936752E-02
 1.276281441629683 0.1611010325717476
 1.273605417087713 0.2269463406617470
 1.271030123273385 0.2926498905613650
 1.268444984518348 0.3583214007462986
 1.265552848354476 0.4237395277659464
 1.262330765071413 0.4887008624196084
 1.258958536309068 0.5533469764857726
 1.255307062515533 0.6178450300664055
 1.250963720172589 0.6820431319424666
 1.245804641974143 0.7457712623080920
 1.240026502698008 0.8092089642906489
 1.233495565612194 0.8725975638940124
 1.225630689628576 0.9358458616960834
 1.216137255091951 0.9988154262430612
 1.205214115736426 1.061750194655980
 1.192666663110992 1.124973439162363
 1.177504649663972 1.188391717367937
 1.158964942516383 1.251820273277061
 1.137098170469145 1.315543750789204
 1.111305553929848 1.379804643889813
 1.079064026500416 1.443818030241637
 1.038093211908173 1.506243994665975
 0.9903894640430930 1.566981970095175
   
   
 #BODY NUMBER  6
 -0.7017766835880884 -1.078754078107823
 -0.6432930829616755 -1.109610463751480
 -0.5848046653805072 -1.140430485883051
 -0.5263197179913758 -1.171238584731524
 -0.4678725406087873 -1.202043714736803
 -0.4095190724272224 -1.232760155006916
 -0.3513056326361721 -1.263279354310068
 -0.2932393663351380 -1.293565475290808
 -0.2352987076192798 -1.323596441305688
 -0.1774685815673063 -1.353260901436049
 -0.1197411781102170 -1.382410053669295
 -6.207325360820848E-02 -1.410972800265974
 -4.369253701217768E-03 -1.438914867627351
 5.347447181761211E-02 -1.466112475204143
 0.1115391999887304 -1.492380536956082
 0.1699329088045455 -1.517606435210246
 0.2288438147076972 -1.541724675141738
 0.2884976399055789 -1.564555331660791
 0.3490898221538670 -1.585797837437822
 0.4108367045218269 -1.605182333914186
 0.4740834437585961 -1.622443353327068
 0.5392640468147616 -1.637069725565230
 0.6067477765326121 -1.648205770916034
 0.6768324405624961 -1.654771608352344
 0.7498122341364223 -1.655318009566408
 0.8255794138743908 -1.647534077444588
 0.9026198862038249 -1.628336789552183
 0.9773725443039195 -1.595311001002449
 1.045144343043642 -1.548604071673900
 1.102309432287761 -1.491361309838122
 1.147958551562041 -1.428081974697684
 1.183593072590987 -1.362421065578082
 1.211479881403255 -1.296282009745099
 1.233402957848584 -1.230358931685473
 1.250575997457056 -1.164931175178308
 1.264012338221895 -1.100114339954099
 1.274565898213957 -1.035822091179984
 1.282774396184510 -0.9718688018993166
 1.288949919345010 -0.9081320899203889
 1.293418358506385 -0.8445442340411773
 1.296535449876146 -0.7809985659333261
 1.298528946115920 -0.7173651317014552
 1.299501859428183 -0.6535693626474584
 1.299598598299178 -0.5895848160188899
 1.299036555130461 -0.5253701314080790
 1.297966499586461 -0.4608717082822357
 1.296433639289376 -0.3960750283671268
 1.294509193357754 -0.3310041519042428
 1.292344920773514 -0.2656763242880967
 1.290052955781724 -0.2000968044749752
 1.287639109201399 -0.1343011419477999
 1.285116777871481 -6.837939671696713E-02
 1.282597391394651 -2.302920047881574E-03
 1.280044104715207 6.375954647034832E-02
 1.277482227265720 0.1298130460725686
 1.274936663725880 0.1958323514680251
 1.272361147222843 0.2617261574472440
 1.269684829227008 0.3274000747995455
 1.266880246227901 0.3928299970095233
 1.263917496339044 0.4580235623769006
 1.260692609375501 0.5229381507071467
 1.257072813979727 0.5875061247121224
 1.252974915883304 0.6517293856127241
 1.248321456099018 0.7156735491128418
 1.242953412423265 0.7793664886500787
 1.236669857123063 0.8427860491860744
 1.229319271436543 0.9059694335688434
 1.220750826960208 0.9690468946066737
 1.210695842891843 1.032123950920482
 1.198796301410646 1.095219572906752
 1.184710326614767 1.158386189880076
 1.168035438303154 1.221789982472089
 1.148111946698528 1.285551226671799
 1.124014180011094 1.349561873624983
 1.094658030013115 1.413539891808715
 1.058641330558191 1.477015447613711
 1.014016657730377 1.538739783978984
 0.9588710825670733 1.595860146189623
 0.8928935816529434 1.644084952829851
 0.8185582949517940 1.679423587534342
 0.7404020643971689 1.700308626111465
 0.6627759929938197 1.708202255493158
 0.5880947171461899 1.706232201396115
 0.5168732102063756 1.697313358341528
 0.4488206116884101 1.683337760442477
 0.3835719926363465 1.665496170750028
 0.3207207963568521 1.644723965574179
 0.2597652956560083 1.621717492240610
 0.2002758734980992 1.596849615369688
 0.1419905001904058 1.570329419318877
 8.468758204613780E-02 1.542405273208286
 2.809687347940315E-02 1.513331919466492
 -2.800804521533018E-02 1.483241620736549
 -8.374325852618814E-02 1.452186303853650
 -0.1392038707916559 1.420277808859181
 -0.1945343973762653 1.387683722891643
 -0.2498566425352831 1.354507816044157
 -0.3052057832741140 1.320781980128875
 -0.3605965923716796 1.286579922832438
 -0.4160900143691924 1.252041693985699
 -0.4717375619994456 1.217267034171664
 -0.5275113539166449 1.182278750448677
 -0.5833400942833928 1.147133474824790
 -0.6393043084329757 1.111913383799361
 -0.6952394393346996 1.076670939412703
 -0.7511625092743444 1.041425538658955
 -0.8070641231170926 1.006211363268778
 -0.8628420747956207 0.9710339975596722
 -0.9183791965908358 0.9358792795105229
 -0.9736408798927626 0.9007354782812850
 -1.028618788719765 0.8655728789287874
 -1.083224027808195 0.8303227507289028
 -1.137331635869510 0.7949039289571727
 -1.190901662275096 0.7592434146532494
 -1.243952202397800 0.7232413185145095
 -1.296427884240877 0.6867459865540646
 -1.348209057111793 0.6495944877700074
 -1.399252180241088 0.6116370016414023
 -1.449594641667905 0.5726777805350644
 -1.499193482797422 0.5324313807403088
 -1.547886123564513 0.4905782645310707
 -1.595547031136594 0.4467961440341095
 -1.642118882061750 0.4006533708549784
 -1.687375993513290 0.3515184988934310
 -1.730761956543706 0.2986438972910511
 -1.771490470575612 0.2412317165436291
 -1.808453564694613 0.1783025619526969
 -1.839596071604767 0.1087942934656045
 -1.861490968770898 3.247664336255990E-02
 -1.870266125956863 -4.877395182740139E-02
 -1.863702637995436 -0.1308195158604423
 -1.842711496684930 -0.2089473162733422
 -1.810734544555860 -0.2801202807954739
 -1.771687789737177 -0.3438111358180333
 -1.728353091609631 -0.4010313485964285
 -1.682223569536994 -0.4529788287570045
 -1.634147990093403 -0.5005649955717203
 -1.584733134578747 -0.5446096256200798
 -1.534331193869966 -0.5858954010606263
 -1.483050269682609 -0.6249808134703716
 -1.430940419535416 -0.6621973293984879
 -1.378105940552523 -0.6978610391671091
 -1.324632323355549 -0.7323333535331654
 -1.270520900900590 -0.7658764890350935
 -1.215758600901995 -0.7986169412061921
 -1.160394727507522 -0.8306929928402912
 -1.104502157754196 -0.8623135914835643
 -1.048109857051178 -0.8936361077619212
 -0.9912278560152622 -0.9247069517617479
 -0.9339126009860746 -0.9555757709281957
 -0.8762549064043212 -0.9863653696976021
 -0.8183153937822784 -1.017170229696688
 -0.7601277552847542 -1.047977608500877
 -0.7017766835880884 -1.078754078107823
 -0.6432930829616755 -1.109610463751480
 -0.5848046653805072 -1.140430485883051
 -0.5263197179913758 -1.171238584731524
 -0.4678725406087873 -1.202043714736803
 -0.4095190724272224 -1.232760155006916
 -0.3513056326361721 -1.263279354310068
 -0.2932393663351380 -1.293565475290808
 -0.2352987076192798 -1.323596441305688
 -0.1774685815673063 -1.353260901436049
 -0.1197411781102170 -1.382410053669295
 -6.207325360820848E-02 -1.410972800265974
 -4.369253701217768E-03 -1.438914867627351
 5.347447181761211E-02 -1.466112475204143
 0.1115391999887304 -1.492380536956082
 0.1699329088045455 -1.517606435210246
 0.2288438147076972 -1.541724675141738
 0.2884976399055789 -1.564555331660791
 0.3490898221538670 -1.585797837437822
 0.4108367045218269 -1.605182333914186
 0.4740834437585961 -1.622443353327068
 0.5392640468147616 -1.637069725565230
 0.6067477765326121 -1.648205770916034
 0.6768324405624961 -1.654771608352344
 0.7498122341364223 -1.655318009566408
 0.8255794138743908 -1.647534077444588
 0.9026198862038249 -1.628336789552183
 0.9773725443039195 -1.595311001002449
 1.045144343043642 -1.548604071673900
 1.102309432287761 -1.491361309838122
 1.147958551562041 -1.428081974697684
 1.183593072590987 -1.362421065578082
 1.211479881403255 -1.296282009745099
 1.233402957848584 -1.230358931685473
 1.250575997457056 -1.164931175178308
 1.264012338221895 -1.100114339954099
 1.274565898213957 -1.035822091179984
 1.282774396184510 -0.9718688018993166
 1.288949919345010 -0.9081320899203889
 1.293418358506385 -0.8445442340411773
 1.296535449876146 -0.7809985659333261
 1.298528946115920 -0.7173651317014552
 1.299501859428183 -0.6535693626474584
 1.299598598299178 -0.5895848160188899
 1.299036555130461 -0.5253701314080790
 1.297966499586461 -0.4608717082822357
 1.296433639289376 -0.3960750283671268
 1.294509193357754 -0.3310041519042428
 1.292344920773514 -0.2656763242880967
 1.290052955781724 -0.2000968044749752
 1.287639109201399 -0.1343011419477999
 1.285116777871481 -6.837939671696713E-02
 1.282597391394651 -2.302920047881574E-03
 1.280044104715207 6.375954647034832E-02
 1.277482227265720 0.1298130460725686
 1.274936663725880 0.1958323514680251
 1.272361147222843 0.2617261574472440
 1.269684829227008 0.3274000747995455
 1.266880246227901 0.3928299970095233
 1.263917496339044 0.4580235623769006
 1.260692609375501 0.5229381507071467
 1.257072813979727 0.5875061247121224
 1.252974915883304 0.6517293856127241
 1.248321456099018 0.7156735491128418
 1.242953412423265 0.7793664886500787
 1.236669857123063 0.8427860491860744
 1.229319271436543 0.9059694335688434
 1.220750826960208 0.9690468946066737
 1.210695842891843 1.032123950920482
 1.198796301410646 1.095219572906752
 1.184710326614767 1.158386189880076
 1.168035438303154 1.221789982472089
 1.148111946698528 1.285551226671799
 1.124014180011094 1.349561873624983
 1.094658030013115 1.413539891808715
 1.058641330558191 1.477015447613711
 1.014016657730377 1.538739783978984
 0.9588710825670733 1.595860146189623
 0.8928935816529434 1.644084952829851
 0.8185582949517940 1.679423587534342
 0.7404020643971689 1.700308626111465
 0.6627759929938197 1.708202255493158
 0.5880947171461899 1.706232201396115
 0.5168732102063756 1.697313358341528
 0.4488206116884101 1.683337760442477
 0.3835719926363465 1.665496170750028
 0.3207207963568521 1.644723965574179
 0.2597652956560083 1.621717492240610
 0.2002758734980992 1.596849615369688
 0.1419905001904058 1.570329419318877
 8.468758204613780E-02 1.542405273208286
 2.809687347940315E-02 1.513331919466492
 -2.800804521533018E-02 1.483241620736549
 -8.374325852618814E-02 1.452186303853650
 -0.1392038707916559 1.420277808859181
 -0.1945343973762653 1.387683722891643
 -0.2498566425352831 1.354507816044157
 -0.3052057832741140 1.320781980128875
 -0.3605965923716796 1.286579922832438
 -0.4160900143691924 1.252041693985699
 -0.4717375619994456 1.217267034171664
 -0.5275113539166449 1.182278750448677
 -0.5833400942833928 1.147133474824790
 -0.6393043084329757 1.111913383799361
 -0.6952394393346996 1.076670939412703
 -0.7511625092743444 1.041425538658955
 -0.8070641231170926 1.006211363268778
 -0.8628420747956207 0.9710339975596722
 -0.9183791965908358 0.9358792795105229
 -0.9736408798927626 0.9007354782812850
 -1.028618788719765 0.8655728789287874
 -1.083224027808195 0.8303227507289028
 -1.137331635869510 0.7949039289571727
 -1.190901662275096 0.7592434146532494
 -1.243952202397800 0.7232413185145095
 -1.296427884240877 0.6867459865540646
 -1.348209057111793 0.6495944877700074
 -1.399252180241088 0.6116370016414023
 -1.449594641667905 0.5726777805350644
 -1.499193482797422 0.5324313807403088
 -1.547886123564513 0.4905782645310707
 -1.595547031136594 0.4467961440341095
 -1.642118882061750 0.4006533708549784
 -1.687375993513290 0.3515184988934310
 -1.730761956543706 0.2986438972910511
 -1.771490470575612 0.2412317165436291
 -1.808453564694613 0.1783025619526969
 -1.839596071604767 0.1087942934656045
 -1.861490968770898 3.247664336255990E-02
 -1.870266125956863 -4.877395182740139E-02
 -1.863702637995436 -0.1308195158604423
 -1.842711496684930 -0.2089473162733422
 -1.810734544555860 -0.2801202807954739
 -1.771687789737177 -0.3438111358180333
 -1.728353091609631 -0.4010313485964285
 -1.682223569536994 -0.4529788287570045
 -1.634147990093403 -0.5005649955717203
 -1.584733134578747 -0.5446096256200798
 -1.534331193869966 -0.5858954010606263
 -1.483050269682609 -0.6249808134703716
 -1.430940419535416 -0.6621973293984879
 -1.378105940552523 -0.6978610391671091
 -1.324632323355549 -0.7323333535331654
 -1.270520900900590 -0.7658764890350935
 -1.215758600901995 -0.7986169412061921
 -1.160394727507522 -0.8306929928402912
 -1.104502157754196 -0.8623135914835643
 -1.048109857051178 -0.8936361077619212
 -0.9912278560152622 -0.9247069517617479
 -0.9339126009860746 -0.9555757709281957
 -0.8762549064043212 -0.9863653696976021
 -0.8183153937822784 -1.017170229696688
 -0.7601277552847542 -1.047977608500877
 -0.7017766835880884 -1.078754078107823
   
   
